x,y,region,classification
0.00966183574879227,0.3140096618357488,1,boundary
0.00993022007514761,0.3121309715512614,1,boundary
0.00993022007514761,0.3157094292359993,1,boundary
0.010198604401502952,0.310252281266774,1,boundary
0.010198604401502952,0.3174091966362498,1,boundary
0.010466988727858293,0.30837359098228667,1,boundary
0.010466988727858293,0.3191089640365003,1,boundary
0.010735373054213633,0.3064949006977993,1,boundary
0.010735373054213633,0.32080873143675076,1,boundary
0.011003757380568975,0.3046162104133119,1,boundary
0.011003757380568975,0.3225084988370013,1,boundary
0.011272141706924315,0.3027375201288245,1,boundary
0.011272141706924315,0.32420826623725174,1,boundary
0.011540526033279656,0.3008588298443371,1,boundary
0.011540526033279656,0.32590803363750226,1,boundary
0.011808910359634998,0.2989801395598497,1,boundary
0.011808910359634998,0.3276078010377527,1,boundary
0.012077294685990338,0.2971014492753623,1,boundary
0.012077294685990338,0.32930756843800324,1,boundary
0.012345679012345678,0.29522275899087497,1,boundary
0.01261406333870102,0.2933440687063876,1,boundary
0.01288244766505636,0.2914653784219002,1,boundary
0.01311249137336094,0.3306878306878307,1,boundary
0.013526570048309178,0.2898550724637681,1,boundary
0.014170692431561997,0.2882447665056361,1,boundary
0.014147688060731538,0.33206809293765815,1,boundary
0.014814814814814814,0.2866344605475041,1,boundary
0.01518288474810214,0.3334483551874856,1,boundary
0.015458937198067632,0.285024154589372,1,boundary
0.01610305958132045,0.28341384863124,1,boundary
0.01621808143547274,0.3348286174373131,1,boundary
0.017310789049919485,0.2820048309178744,1,boundary
0.01725327812284334,0.3362088796871406,1,boundary
0.01828847481021394,0.33758914193696804,1,boundary
0.018518518518518517,0.2805958132045089,1,boundary
0.01932367149758454,0.3389694041867955,1,boundary
0.01972624798711755,0.27918679549114334,1,boundary
0.020933977455716585,0.2777777777777778,1,boundary
0.020933977455716585,0.339170692431562,1,boundary
0.021068169618894256,0.2758990874932904,1,boundary
0.021336553945249595,0.2721417069243156,1,boundary
0.021202361782071927,0.274020397208803,1,boundary
0.021470746108427266,0.2702630166398282,1,boundary
0.021604938271604937,0.2683843263553408,1,boundary
0.021739130434782608,0.2665056360708534,1,boundary
0.02254428341384863,0.3393719806763285,1,boundary
0.02294685990338164,0.2652979066022544,1,boundary
0.024154589371980676,0.26409017713365535,1,boundary
0.024154589371980676,0.339573268921095,1,boundary
0.025362318840579712,0.26288244766505636,1,boundary
0.02576489533011272,0.3397745571658615,1,boundary
0.02576489533011272,0.3856682769726248,1,boundary
0.02576489533011272,0.38747987117552335,1,boundary
0.02576489533011272,0.3892914653784219,1,boundary
0.02576489533011272,0.39110305958132047,1,boundary
0.02576489533011272,0.392914653784219,1,boundary
0.026570048309178744,0.2616747181964573,1,boundary
0.026704240472356415,0.3945249597423511,1,boundary
0.027375201288244767,0.34037842190016104,1,boundary
0.027375201288244767,0.38631239935587763,1,boundary
0.027777777777777776,0.2604669887278583,1,boundary
0.02764358561460011,0.39613526570048313,1,boundary
0.028582930756843802,0.3977455716586152,1,boundary
0.028985507246376812,0.2592592592592593,1,boundary
0.02898550724637681,0.34098228663446056,1,boundary
0.028985507246376812,0.3869565217391304,1,boundary
0.029522275899087493,0.39935587761674723,1,boundary
0.030193236714975848,0.25805152979066026,1,boundary
0.030595813204508854,0.3415861513687601,1,boundary
0.030595813204508857,0.35507246376811596,1,boundary
0.030595813204508854,0.38760064412238326,1,boundary
0.030461621041331186,0.4009661835748793,1,boundary
0.031132581857219538,0.35373054213633925,1,boundary
0.03140096618357488,0.2568438003220612,1,boundary
0.03140096618357488,0.40257648953301134,1,boundary
0.03140096618357488,0.40445517981749873,1,boundary
0.03140096618357488,0.4063338701019861,1,boundary
0.03140096618357488,0.40821256038647347,1,boundary
0.03140096618357488,0.41009125067096086,1,boundary
0.03140096618357488,0.41196994095544825,1,boundary
0.03140096618357488,0.41384863123993565,1,boundary
0.03140096618357488,0.415727321524423,1,boundary
0.03140096618357488,0.4176060118089104,1,boundary
0.03140096618357488,0.4194847020933978,1,boundary
0.03166935050993022,0.35238862050456254,1,boundary
0.03172302737520129,0.35652173913043483,1,boundary
0.0321256038647343,0.25523349436392917,1,boundary
0.0322061191626409,0.3421900161030596,1,boundary
0.0322061191626409,0.34396135265700484,1,boundary
0.0322061191626409,0.3457326892109501,1,boundary
0.0322061191626409,0.34750402576489536,1,boundary
0.0322061191626409,0.3492753623188406,1,boundary
0.0322061191626409,0.35104669887278583,1,boundary
0.0322061191626409,0.38824476650563605,1,boundary
0.03285024154589372,0.2536231884057971,1,boundary
0.03285024154589372,0.35797101449275365,1,boundary
0.033011272141706925,0.4203630507978334,1,boundary
0.03357487922705314,0.25201288244766507,1,boundary
0.033816425120772944,0.3888888888888889,1,boundary
0.033977455716586155,0.3594202898550725,1,boundary
0.03429951690821256,0.25040257648953307,1,boundary
0.03462157809983897,0.4212413995022691,1,boundary
0.034889962426194306,0.3875469672571122,1,boundary
0.035024154589371984,0.24879227053140102,1,boundary
0.03510466988727858,0.36086956521739133,1,boundary
0.0357487922705314,0.24718196457326896,1,boundary
0.035963499731615674,0.3862050456253355,1,boundary
0.036231884057971016,0.3623188405797102,1,boundary
0.036231884057971016,0.4221197482067047,1,boundary
0.03647342995169082,0.2455716586151369,1,boundary
0.037037037037037035,0.36392914653784225,1,boundary
0.037037037037037035,0.38486312399355876,1,boundary
0.03719806763285024,0.24396135265700486,1,boundary
0.03784219001610306,0.3655394524959743,1,boundary
0.03784219001610306,0.4229980969111404,1,boundary
0.03792270531400966,0.24235104669887284,1,boundary
0.038110574342458396,0.38352120236178205,1,boundary
0.03864734299516908,0.24074074074074078,1,boundary
0.03864734299516908,0.3671497584541063,1,boundary
0.039184111647879764,0.3821792807300054,1,boundary
0.039452495974235106,0.36876006441223835,1,boundary
0.039452495974235106,0.423876445615576,1,boundary
0.03958668813741277,0.23939881910896407,1,boundary
0.040257648953301126,0.3703703703703704,1,boundary
0.040257648953301126,0.3808373590982287,1,boundary
0.04052603327965647,0.23805689747718736,1,boundary
0.04106280193236715,0.37198067632850246,1,boundary
0.04106280193236715,0.42475479432001173,1,boundary
0.041465378421900165,0.23671497584541062,1,boundary
0.04133118625872249,0.379495437466452,1,boundary
0.04186795491143317,0.37359098228663445,1,boundary
0.042404723564143855,0.23537305421363391,1,boundary
0.04240472356414385,0.37815351583467527,1,boundary
0.0426731078904992,0.3752012882447665,1,boundary
0.0426731078904992,0.4256331430244474,1,boundary
0.043344068706387545,0.2340311325818572,1,boundary
0.043478260869565216,0.37681159420289856,1,boundary
0.04428341384863124,0.2326892109500805,1,boundary
0.04428341384863124,0.42651149172888303,1,boundary
0.045625335480407946,0.23148148148148145,1,boundary
0.04589371980676329,0.4273898404333187,1,boundary
0.04696725711218465,0.23027375201288244,1,boundary
0.04750402576489533,0.42826818913775433,1,boundary
0.04830917874396136,0.2290660225442834,1,boundary
0.04911433172302738,0.42914653784219,1,boundary
0.04965110037573806,0.22785829307568436,1,boundary
0.05082528180354268,0.429951690821256,1,boundary
0.050993022007514766,0.22665056360708535,1,boundary
0.05233494363929147,0.22544283413848631,1,boundary
0.052536231884057975,0.43075684380032203,1,boundary
0.05410628019323672,0.2252012882447665,1,boundary
0.054247181964573274,0.43156199677938806,1,boundary
0.05475040257648953,0.19162640901771336,1,boundary
0.05555555555555555,0.19001610305958133,1,boundary
0.055823939881910895,0.19310252281266774,1,boundary
0.05587761674718197,0.2249597423510467,1,boundary
0.055958132045088566,0.43236714975845414,1,boundary
0.05636070853462158,0.18840579710144928,1,boundary
0.05689747718733226,0.19457863660762212,1,boundary
0.0571658615136876,0.18679549114331725,1,boundary
0.057648953301127216,0.2247181964573269,1,boundary
0.057669082125603864,0.43317230273752017,1,boundary
0.057971014492753624,0.1960547504025765,1,boundary
0.058891189325971934,0.18725557855992642,1,boundary
0.059044551798174985,0.19753086419753088,1,boundary
0.05942028985507247,0.2244766505636071,1,boundary
0.05938003220611916,0.4339774557165862,1,boundary
0.06011808910359635,0.19900697799248526,1,boundary
0.06061651713825627,0.18771566597653555,1,boundary
0.061191626409017714,0.20048309178743964,1,boundary
0.06119162640901772,0.22423510466988728,1,boundary
0.06109098228663446,0.4347826086956522,1,boundary
0.061996779388083734,0.2020933977455717,1,boundary
0.0623418449505406,0.1881757533931447,1,boundary
0.06280193236714976,0.20370370370370372,1,boundary
0.06280193236714976,0.43558776167471824,1,boundary
0.06296296296296297,0.22399355877616747,1,boundary
0.06360708534621579,0.20531400966183577,1,boundary
0.06406717276282493,0.18863584080975387,1,boundary
0.0644122383252818,0.2069243156199678,1,boundary
0.06441223832528181,0.4353193773483629,1,boundary
0.06473429951690822,0.22375201288244767,1,boundary
0.06521739130434782,0.20853462157809985,1,boundary
0.06553945249597423,0.2101449275362319,1,boundary
0.06579250057510927,0.18909592822636304,1,boundary
0.06586151368760064,0.21175523349436395,1,boundary
0.06602254428341385,0.43505099302200756,1,boundary
0.06618357487922706,0.21336553945249598,1,boundary
0.06650563607085347,0.21497584541062803,1,boundary
0.06650563607085347,0.22351046698872787,1,boundary
0.06682769726247988,0.21658615136876008,1,boundary
0.0675178283873936,0.18955601564297217,1,boundary
0.0676328502415459,0.21819645732689213,1,boundary
0.06763285024154589,0.4347826086956522,1,boundary
0.06827697262479872,0.22326892109500807,1,boundary
0.06843800322061191,0.2198067632850242,1,boundary
0.06924315619967794,0.19001610305958133,1,boundary
0.06924315619967794,0.2214170692431562,1,boundary
0.06924315619967794,0.4345142243692968,1,boundary
0.07004830917874397,0.22302737520128826,1,boundary
0.07045088566827698,0.18894256575415996,1,boundary
0.07085346215781,0.4342458400429415,1,boundary
0.071658615136876,0.1878690284487386,1,boundary
0.07246376811594203,0.43397745571658614,1,boundary
0.07286634460547504,0.18679549114331723,1,boundary
0.07326892109500806,0.17471819645732692,1,boundary
0.07407407407407408,0.1857219538378959,1,boundary
0.07422046552481336,0.4344898257941736,1,boundary
0.07455716586151369,0.17375201288244768,1,boundary
0.0748792270531401,0.17529330572808835,1,boundary
0.07528180354267311,0.18464841653247452,1,boundary
0.07584541062801932,0.17278582930756844,1,boundary
0.07597716293368467,0.4350021958717611,1,boundary
0.07648953301127215,0.1758684149988498,1,boundary
0.07648953301127215,0.18357487922705315,1,boundary
0.07713365539452496,0.17181964573268924,1,boundary
0.077733860342556,0.43551456594934856,1,boundary
0.07809983896940419,0.17644352426961124,1,boundary
0.07809983896940419,0.1826086956521739,1,boundary
0.0784219001610306,0.17085346215781,1,boundary
0.07949055775142733,0.43602693602693604,1,boundary
0.07971014492753623,0.16988727858293076,1,boundary
0.07971014492753624,0.17701863354037267,1,boundary
0.07971014492753624,0.18164251207729468,1,boundary
0.08096260511719448,0.1686348183932725,1,boundary
0.08124725516029864,0.4365393061045235,1,boundary
0.08132045088566828,0.1775937428111341,1,boundary
0.08132045088566828,0.18067632850241547,1,boundary
0.08221506530685274,0.16738235820361425,1,boundary
0.08293075684380033,0.17816885208189556,1,boundary
0.08293075684380033,0.17971014492753623,1,boundary
0.08300395256916997,0.43705167618211094,1,boundary
0.083467525496511,0.16612989801395597,1,boundary
0.08454106280193237,0.178743961352657,1,boundary
0.08471998568616926,0.16487743782429773,1,boundary
0.08476064997804128,0.4375640462596984,1,boundary
0.08597244587582752,0.16362497763463946,1,boundary
0.08651734738691261,0.4380764163372859,1,boundary
0.08722490606548577,0.1623725174449812,1,boundary
0.08827404479578393,0.43858878641487337,1,boundary
0.08847736625514403,0.16112005725532294,1,boundary
0.08972982644480229,0.1598675970656647,1,boundary
0.09003074220465525,0.43910115649246084,1,boundary
0.09098228663446055,0.15861513687600642,1,boundary
0.09178743961352658,0.4396135265700483,1,boundary
0.09219001610305959,0.1572732152442297,1,boundary
0.09312936124530327,0.4396135265700483,1,boundary
0.09339774557165861,0.15593129361245303,1,boundary
0.09447128287707998,0.4396135265700483,1,boundary
0.09460547504025765,0.15458937198067632,1,boundary
0.09581320450885669,0.1532474503488996,1,boundary
0.09581320450885668,0.4396135265700483,1,boundary
0.09702093397745572,0.15190552871712293,1,boundary
0.09728931830381106,0.4386741814278046,1,boundary
0.09822866344605476,0.15056360708534622,1,boundary
0.09876543209876543,0.4377348362855609,1,boundary
0.09903381642512077,0.09822866344605478,1,boundary
0.1000402576489533,0.09681964573268924,1,boundary
0.09995399125833908,0.09960892569588226,1,boundary
0.09997316156736447,0.14989264626945786,1,boundary
0.10024154589371981,0.4367954911433172,1,boundary
0.10064412238325282,0.11996779388083738,1,boundary
0.10104669887278583,0.0954106280193237,1,boundary
0.10087416609155739,0.10098918794570971,1,boundary
0.10133425350816655,0.11824246606855304,1,boundary
0.1017943409247757,0.10236945019553717,1,boundary
0.10165056360708535,0.12137681159420292,1,boundary
0.10171765968867419,0.14922168545356954,1,boundary
0.10171765968867419,0.43585614600107353,1,boundary
0.10205314009661835,0.09400161030595816,1,boundary
0.10202438463308029,0.1165171382562687,1,boundary
0.10271451575799402,0.10374971244536464,1,boundary
0.10271451575799402,0.11479181044398437,1,boundary
0.10265700483091789,0.12278582930756846,1,boundary
0.10305958132045089,0.09259259259259262,1,boundary
0.10319377348362856,0.43491680085882983,1,boundary
0.10340464688290775,0.11306648263170004,1,boundary
0.1034621578099839,0.14855072463768118,1,boundary
0.10363469059121233,0.1051299746951921,1,boundary
0.1036634460547504,0.124194847020934,1,boundary
0.10409477800782148,0.1113411548194157,1,boundary
0.10455486542443064,0.10651023694501957,1,boundary
0.10466988727858294,0.08051529790660227,1,boundary
0.1048040794417606,0.09259259259259262,1,boundary
0.10478490913273522,0.10961582700713136,1,boundary
0.10466988727858294,0.12560386473429955,1,boundary
0.10466988727858294,0.43397745571658614,1,boundary
0.10520665593129362,0.1272141706924316,1,boundary
0.10520665593129361,0.14787976382179283,1,boundary
0.10547504025764895,0.10789049919484703,1,boundary
0.10574342458400429,0.12882447665056362,1,boundary
0.10611916264090178,0.07954911433172303,1,boundary
0.10601180891035963,0.08172302737520129,1,boundary
0.10611916264090178,0.4331723027375201,1,boundary
0.10628019323671498,0.13043478260869568,1,boundary
0.10654857756307032,0.09259259259259262,1,boundary
0.10681696188942566,0.13204508856682773,1,boundary
0.10695115405260333,0.1472088030059045,1,boundary
0.10735373054213634,0.08293075684380033,1,boundary
0.10735373054213633,0.13365539452495975,1,boundary
0.10756843800322062,0.0785829307568438,1,boundary
0.10756843800322062,0.4323671497584541,1,boundary
0.10789049919484701,0.1352657004830918,1,boundary
0.10829307568438004,0.09259259259259262,1,boundary
0.10869565217391305,0.08413848631239937,1,boundary
0.10869565217391304,0.14653784219001614,1,boundary
0.10901771336553945,0.07761674718196457,1,boundary
0.10901771336553945,0.4315619967793881,1,boundary
0.10909822866344605,0.13627214170692434,1,boundary
0.10950080515297907,0.1450885668276973,1,boundary
0.11003757380568975,0.0853462157809984,1,boundary
0.11003757380568975,0.09259259259259262,1,boundary
0.11030595813204508,0.13727858293075687,1,boundary
0.11030595813204509,0.14363929146537846,1,boundary
0.11046698872785829,0.07665056360708535,1,boundary
0.11046698872785829,0.4307568438003221,1,boundary
0.1111111111111111,0.14219001610305962,1,boundary
0.11137949543746645,0.08655394524959742,1,boundary
0.11151368760064412,0.1382850241545894,1,boundary
0.11178207192699946,0.09259259259259262,1,boundary
0.11191626409017713,0.07568438003220611,1,boundary
0.11191626409017713,0.14074074074074078,1,boundary
0.11191626409017713,0.42995169082125606,1,boundary
0.11272141706924316,0.08776167471819646,1,boundary
0.11272141706924316,0.13929146537842194,1,boundary
0.1129898013955985,0.08937198067632851,1,boundary
0.11325818572195384,0.07447665056360708,1,boundary
0.11325818572195384,0.09098228663446056,1,boundary
0.11336553945249597,0.4293075684380032,1,boundary
0.11352657004830918,0.09259259259259262,1,boundary
0.11460010735373054,0.07326892109500804,1,boundary
0.11481481481481481,0.42866344605475043,1,boundary
0.11594202898550725,0.072061191626409,1,boundary
0.11626409017713366,0.4280193236714976,1,boundary
0.11728395061728396,0.07085346215780998,1,boundary
0.1177133655394525,0.4273752012882448,1,boundary
0.11862587224906065,0.06964573268921095,1,boundary
0.11916264090177134,0.42673107890499196,1,boundary
0.11996779388083736,0.06843800322061191,1,boundary
0.12077294685990339,0.06723027375201288,1,boundary
0.12093397745571659,0.4270531400966184,1,boundary
0.12157809983896942,0.06602254428341384,1,boundary
0.12238325281803543,0.0648148148148148,1,boundary
0.12270531400966184,0.4273752012882448,1,boundary
0.12318840579710146,0.06360708534621576,1,boundary
0.1244766505636071,0.4276972624798712,1,boundary
0.1246376811594203,0.06280193236714975,1,boundary
0.12608695652173912,0.06199677938808373,1,boundary
0.12624798711755233,0.42801932367149764,1,boundary
0.12753623188405797,0.061191626409017714,1,boundary
0.1280193236714976,0.42834138486312406,1,boundary
0.1289855072463768,0.060386473429951695,1,boundary
0.12898550724637683,0.42705314009661843,1,boundary
0.12995169082125604,0.42576489533011275,1,boundary
0.13043478260869565,0.05958132045088568,1,boundary
0.13091787439613528,0.4244766505636071,1,boundary
0.13195562712470923,0.058507783145464315,1,boundary
0.1318840579710145,0.42318840579710143,1,boundary
0.13285024154589373,0.4219001610305958,1,boundary
0.13347647164072285,0.05743424584004295,1,boundary
0.13446054750402578,0.4227053140096618,1,boundary
0.13499731615673644,0.05636070853462158,1,boundary
0.1360708534621578,0.42351046698872785,1,boundary
0.13651816067275005,0.05528717122920021,1,boundary
0.13768115942028986,0.4243156199677939,1,boundary
0.13803900518876364,0.05421363392377884,1,boundary
0.1392914653784219,0.4251207729468599,1,boundary
0.13955984970477725,0.05314009661835748,1,boundary
0.14090177133655396,0.425925925925926,1,boundary
0.14108069422079084,0.05206655931293611,1,boundary
0.14260153873680442,0.050993022007514745,1,boundary
0.142512077294686,0.426731078904992,1,boundary
0.14251207729468598,0.48550724637681164,1,boundary
0.1431383073895151,0.4838969404186796,1,boundary
0.14371980676328502,0.4867149758454107,1,boundary
0.14376453748434423,0.48228663446054754,1,boundary
0.14412238325281804,0.04991948470209338,1,boundary
0.14412238325281804,0.42753623188405804,1,boundary
0.14439076757917338,0.4806763285024155,1,boundary
0.1450169976740025,0.47906602254428343,1,boundary
0.14492753623188406,0.4879227053140097,1,boundary
0.14553140096618358,0.0488123993558776,1,boundary
0.14564322776883162,0.47745571658615144,1,boundary
0.1457326892109501,0.42834138486312406,1,boundary
0.1461352657004831,0.48913043478260876,1,boundary
0.14626945786366075,0.4758454106280194,1,boundary
0.1469404186795491,0.04770531400966182,1,boundary
0.14694041867954913,0.42975040257648955,1,boundary
0.1468956879584899,0.47423510466988733,1,boundary
0.1473429951690821,0.4903381642512078,1,boundary
0.14752191805331902,0.4726247987117553,1,boundary
0.14814814814814814,0.4311594202898551,1,boundary
0.14814814814814814,0.4710144927536232,1,boundary
0.14834943639291465,0.04659822866344604,1,boundary
0.14855072463768115,0.4915458937198068,1,boundary
0.14875201288244766,0.4693035426731079,1,boundary
0.14935587761674718,0.43256843800322065,1,boundary
0.14935587761674718,0.4675925925925926,1,boundary
0.1497584541062802,0.04549114331723026,1,boundary
0.1497584541062802,0.4927536231884058,1,boundary
0.1499597423510467,0.4658816425120773,1,boundary
0.15056360708534622,0.43397745571658614,1,boundary
0.15056360708534622,0.46417069243156206,1,boundary
0.15096618357487923,0.49396135265700486,1,boundary
0.15116747181964574,0.04438405797101448,1,boundary
0.15116747181964574,0.46245974235104675,1,boundary
0.1517138256268691,0.4353577179664136,1,boundary
0.15177133655394526,0.46074879227053145,1,boundary
0.15217391304347827,0.4951690821256039,1,boundary
0.15237520128824478,0.45903784219001614,1,boundary
0.15257648953301128,0.0432769726247987,1,boundary
0.152864044168392,0.4367379802162411,1,boundary
0.1529790660225443,0.45732689210950084,1,boundary
0.1536231884057971,0.4956521739130435,1,boundary
0.1539855072463768,0.042169887278582924,1,boundary
0.1540142627099149,0.43811824246606856,1,boundary
0.1548577563070317,0.4570585077831455,1,boundary
0.15507246376811595,0.4961352657004831,1,boundary
0.15516448125143778,0.439498504715896,1,boundary
0.15539452495974235,0.041062801932367145,1,boundary
0.15631469979296067,0.4408787669657235,1,boundary
0.15652173913043477,0.49661835748792277,1,boundary
0.15673644659151906,0.4567901234567901,1,boundary
0.1570048309178744,0.040418679549114336,1,boundary
0.15746491833448356,0.442259029215551,1,boundary
0.1579710144927536,0.4971014492753624,1,boundary
0.15861513687600645,0.03977455716586152,1,boundary
0.15861513687600645,0.3462157809983897,1,boundary
0.15861513687600645,0.44363929146537845,1,boundary
0.15861513687600645,0.44547964113181504,1,boundary
0.15861513687600645,0.4473199907982517,1,boundary
0.15861513687600645,0.4491603404646883,1,boundary
0.15861513687600645,0.4510006901311249,1,boundary
0.15861513687600645,0.4528410397975615,1,boundary
0.15861513687600645,0.45468138946399816,1,boundary
0.15861513687600645,0.45652173913043476,1,boundary
0.15893719806763285,0.3426731078904992,1,boundary
0.15877616747181966,0.34444444444444444,1,boundary
0.15909822866344606,0.3409017713365539,1,boundary
0.15925925925925927,0.3391304347826087,1,boundary
0.15942028985507248,0.33735909822866345,1,boundary
0.15942028985507248,0.34766505636070855,1,boundary
0.15942028985507245,0.497584541062802,1,boundary
0.15958132045088566,0.33558776167471815,1,boundary
0.15974235104669887,0.3338164251207729,1,boundary
0.1600644122383253,0.33027375201288245,1,boundary
0.15990338164251208,0.3320450885668277,1,boundary
0.16022544283413848,0.03913043478260871,1,boundary
0.16022544283413848,0.32850241545893716,1,boundary
0.1602254428341385,0.3491143317230274,1,boundary
0.1603864734299517,0.3267310789049919,1,boundary
0.1605475040257649,0.3249597423510467,1,boundary
0.1607085346215781,0.32318840579710145,1,boundary
0.1608695652173913,0.32141706924315616,1,boundary
0.1608695652173913,0.49822866344605476,1,boundary
0.1610305958132045,0.3196457326892109,1,boundary
0.1610305958132045,0.35056360708534623,1,boundary
0.16177823786519438,0.3179204048769266,1,boundary
0.16183574879227053,0.0384863123993559,1,boundary
0.16183574879227053,0.3520128824476651,1,boundary
0.16231884057971013,0.4988727858293076,1,boundary
0.16252587991718426,0.3161950770646423,1,boundary
0.16264090177133655,0.35346215780998397,1,boundary
0.16327352196917413,0.31446974925235793,1,boundary
0.16344605475040258,0.03784219001610309,1,boundary
0.1633118625872249,0.355072463768116,1,boundary
0.16376811594202897,0.4995169082125604,1,boundary
0.164021164021164,0.3127444214400736,1,boundary
0.16398282340311326,0.356682769726248,1,boundary
0.1647688060731539,0.31101909362778923,1,boundary
0.16465378421900162,0.35829307568438007,1,boundary
0.16505636070853463,0.037171229200214734,1,boundary
0.16532474503488997,0.3599033816425121,1,boundary
0.16521739130434782,0.5001610305958132,1,boundary
0.16551644812514377,0.30929376581550494,1,boundary
0.16599570585077833,0.3615136876006442,1,boundary
0.16626409017713367,0.3075684380032206,1,boundary
0.16666666666666666,0.03650026838432638,1,boundary
0.16666666666666669,0.3631239935587762,1,boundary
0.16666666666666666,0.500805152979066,1,boundary
0.16701173222912355,0.30584311019093624,1,boundary
0.167337627482555,0.3647342995169082,1,boundary
0.16775937428111343,0.30411778237865195,1,boundary
0.16800858829844337,0.3663446054750403,1,boundary
0.16805738544868978,0.5019762845849802,1,boundary
0.1682769726247987,0.027375201288244763,1,boundary
0.1682769726247987,0.035829307568438024,1,boundary
0.1685070163331033,0.3023924545663676,1,boundary
0.16867954911433172,0.3679549114331723,1,boundary
0.16924315619967795,0.0286634460547504,1,boundary
0.16925465838509318,0.30066712675408325,1,boundary
0.16935050993022008,0.3695652173913043,1,boundary
0.1694481042307129,0.5031474161908944,1,boundary
0.16961889425657542,0.02643585614600107,1,boundary
0.16988727858293076,0.03515834675254966,1,boundary
0.17000230043708306,0.2989417989417989,1,boundary
0.17002147074610843,0.3711755233494364,1,boundary
0.17020933977455716,0.02995169082125604,1,boundary
0.1706924315619968,0.37278582930756843,1,boundary
0.17074994248907294,0.2972164711295146,1,boundary
0.17083882301273606,0.5043185477968087,1,boundary
0.17096081588835213,0.025496511003757372,1,boundary
0.1711755233494364,0.031239935587761676,1,boundary
0.1712962962962963,0.37449677938808373,1,boundary
0.1714975845410628,0.034487385936661306,1,boundary
0.17149758454106281,0.29549114331723025,1,boundary
0.17190016103059583,0.37620772946859904,1,boundary
0.1721417069243156,0.032528180354267314,1,boundary
0.1723027375201288,0.02455716586151368,1,boundary
0.1722295417947592,0.5054896794027229,1,boundary
0.17250402576489535,0.37791867954911434,1,boundary
0.17310789049919484,0.03381642512077295,1,boundary
0.17310789049919484,0.37962962962962965,1,boundary
0.17320853462157812,0.2947866344605475,1,boundary
0.17364465915190552,0.023617820719269985,1,boundary
0.17371175523349436,0.3813405797101449,1,boundary
0.17362026057678231,0.5066608110086371,1,boundary
0.17431561996779388,0.3830515297906602,1,boundary
0.17498658078368223,0.022678475577026288,1,boundary
0.1749194847020934,0.2940821256038647,1,boundary
0.1749194847020934,0.3847624798711755,1,boundary
0.17501097935880544,0.5078319426145513,1,boundary
0.17552334943639292,0.3864734299516908,1,boundary
0.17632850241545894,0.021739130434782594,1,boundary
0.17640169814082857,0.5090030742204655,1,boundary
0.1766304347826087,0.29337761674718194,1,boundary
0.17681159420289855,0.38776167471819645,1,boundary
0.17713365539452497,0.020243846330802843,1,boundary
0.1777924169228517,0.5101742058263797,1,boundary
0.177938808373591,0.01874856222682309,1,boundary
0.17809983896940418,0.3890499194847021,1,boundary
0.178341384863124,0.29267310789049916,1,boundary
0.17874396135265702,0.017253278122843344,1,boundary
0.17918313570487485,0.511345337432294,1,boundary
0.17938808373590984,0.39033816425120776,1,boundary
0.17954911433172302,0.015757994018863592,1,boundary
0.1800523349436393,0.29196859903381644,1,boundary
0.18035426731078905,0.01426270991488384,1,boundary
0.18057385448689797,0.5125164690382082,1,boundary
0.18067632850241547,0.3916264090177134,1,boundary
0.18115942028985507,0.01276742581090409,1,boundary
0.1817632850241546,0.29126409017713367,1,boundary
0.1819645732689211,0.011272141706924338,1,boundary
0.1819645732689211,0.392914653784219,1,boundary
0.1819645732689211,0.5136876006441224,1,boundary
0.18265470439383483,0.3945249597423511,1,boundary
0.18334483551874856,0.39613526570048313,1,boundary
0.18334483551874856,0.5148378191856453,1,boundary
0.1834742351046699,0.010567632850241567,1,boundary
0.18347423510466987,0.2905595813204509,1,boundary
0.18403496664366228,0.3977455716586152,1,boundary
0.18472509776857604,0.3993558776167472,1,boundary
0.18472509776857604,0.5159880377271682,1,boundary
0.18498389694041867,0.009863123993558796,1,boundary
0.18518518518518517,0.2898550724637681,1,boundary
0.18541522889348977,0.40096618357487923,1,boundary
0.18585614600107353,0.28837895866881375,1,boundary
0.1861053600184035,0.4025764895330113,1,boundary
0.1861053600184035,0.517138256268691,1,boundary
0.18649355877616747,0.009158615136876025,1,boundary
0.18652710681696189,0.28690284487385936,1,boundary
0.18679549114331723,0.40418679549114334,1,boundary
0.18679549114331723,0.44685990338164255,1,boundary
0.18690284487385936,0.40606548577563073,1,boundary
0.1870101986044015,0.4079441760601181,1,boundary
0.18699677938808373,0.445048309178744,1,boundary
0.18719806763285024,0.28542673107890504,1,boundary
0.18711755233494365,0.4098228663446055,1,boundary
0.18719806763285024,0.44323671497584544,1,boundary
0.18722490606548578,0.41170155662909286,1,boundary
0.1873322597960279,0.41358024691358025,1,boundary
0.18739935587761675,0.4414251207729469,1,boundary
0.18743961352657004,0.41545893719806765,1,boundary
0.18754696725711217,0.41733762748255504,1,boundary
0.18748562226823096,0.518288474810214,1,boundary
0.18765432098765433,0.41921631776704243,1,boundary
0.18776167471819646,0.42109500805152983,1,boundary
0.18760064412238325,0.4396135265700484,1,boundary
0.1878690284487386,0.28395061728395066,1,boundary
0.1878690284487386,0.4229736983360172,1,boundary
0.18780193236714976,0.4378019323671498,1,boundary
0.18800322061191627,0.008454106280193253,1,boundary
0.18797638217928073,0.42485238862050456,1,boundary
0.18808373590982286,0.42673107890499196,1,boundary
0.18800322061191627,0.43599033816425126,1,boundary
0.18813741277509394,0.44779924852388625,1,boundary
0.18819108964036502,0.42860976918947935,1,boundary
0.18829844337090715,0.43048845947396674,1,boundary
0.18820450885668277,0.4341787439613527,1,boundary
0.18853998926462695,0.2824745034889963,1,boundary
0.18840579710144928,0.43236714975845414,1,boundary
0.1888658845180584,0.5194386933517369,1,boundary
0.1892109500805153,0.2809983896940419,1,boundary
0.18947933440687065,0.44873859366612995,1,boundary
0.18951288244766507,0.007749597423510482,1,boundary
0.1902461467678859,0.5205889118932597,1,boundary
0.19082125603864736,0.28019323671497587,1,boundary
0.19082125603864736,0.4496779388083736,1,boundary
0.19102254428341386,0.007045088566827711,1,boundary
0.19162640901771336,0.5217391304347826,1,boundary
0.19216317767042404,0.4506172839506173,1,boundary
0.19243156199677938,0.27938808373590984,1,boundary
0.19243156199677938,0.5231884057971015,1,boundary
0.19253220611916264,0.00634057971014494,1,boundary
0.1932367149758454,0.5246376811594203,1,boundary
0.19350509930220075,0.451556629092861,1,boundary
0.19404186795491143,0.005636070853462169,1,boundary
0.19404186795491143,0.2785829307568438,1,boundary
0.19404186795491143,0.5260869565217391,1,boundary
0.19484702093397746,0.4524959742351047,1,boundary
0.19484702093397746,0.527536231884058,1,boundary
0.19524959742351047,0.006642512077294688,1,boundary
0.19565217391304346,0.2777777777777778,1,boundary
0.1956521739130435,0.5289855072463768,1,boundary
0.19645732689210949,0.0076489533011272065,1,boundary
0.1964573268921095,0.4522946859903382,1,boundary
0.1972624798711755,0.27697262479871176,1,boundary
0.1972624798711755,0.5281803542673108,1,boundary
0.19766505636070852,0.008655394524959725,1,boundary
0.19806763285024154,0.45209339774557167,1,boundary
0.1982018250134192,0.5268384326355341,1,boundary
0.1985277202668507,0.2780078214860824,1,boundary
0.19887278582930756,0.009661835748792244,1,boundary
0.1991411701556629,0.5254965110037574,1,boundary
0.1996779388083736,0.45189210950080516,1,boundary
0.19979296066252586,0.27904301817345295,1,boundary
0.19999999999999998,0.011111111111111096,1,boundary
0.2000805152979066,0.5241545893719807,1,boundary
0.20105820105820105,0.28007821486082357,1,boundary
0.2010198604401503,0.522812667740204,1,boundary
0.20112721417069243,0.01256038647342995,1,boundary
0.20128824476650564,0.45169082125603865,1,boundary
0.201959205582394,0.4502147074610843,1,boundary
0.201959205582394,0.5214707461084273,1,boundary
0.20225442834138485,0.014009661835748801,1,boundary
0.20232344145387623,0.28111341154819414,1,boundary
0.20263016639828235,0.44873859366612995,1,boundary
0.2028985507246377,0.5201288244766505,1,boundary
0.2033011272141707,0.44726247987117557,1,boundary
0.2033816425120773,0.015458937198067655,1,boundary
0.20358868184955142,0.28214860823556476,1,boundary
0.20397208803005903,0.4457863660762212,1,boundary
0.20410628019323673,0.518719806763285,1,boundary
0.20450885668276972,0.016908212560386507,1,boundary
0.2046430488459474,0.44431025228126686,1,boundary
0.20485392224522658,0.2831838049229353,1,boundary
0.20531400966183574,0.4428341384863125,1,boundary
0.20531400966183577,0.5173107890499195,1,boundary
0.2060297011987833,0.01789228842368942,1,boundary
0.20611916264090177,0.28421900161030594,1,boundary
0.206566469851494,0.44158167829665423,1,boundary
0.20652173913043478,0.5159017713365539,1,boundary
0.20755054571479692,0.018876364286992336,1,boundary
0.20772946859903382,0.2848899624261943,1,boundary
0.20781893004115226,0.44032921810699593,1,boundary
0.20772946859903382,0.5144927536231885,1,boundary
0.20893719806763286,0.5130837359098229,1,boundary
0.2090713902308105,0.01986044015029525,1,boundary
0.2090713902308105,0.4390767579173377,1,boundary
0.20933977455716585,0.28556092324208265,1,boundary
0.20933977455716588,0.48550724637681164,1,boundary
0.20984299516908214,0.4838969404186796,1,boundary
0.21004428341384865,0.48721819645732695,1,boundary
0.21014492753623187,0.5116747181964574,1,boundary
0.21032385042046878,0.43782429772767945,1,boundary
0.2103462157809984,0.48228663446054754,1,boundary
0.21059223474682412,0.020844516013598165,1,boundary
0.21074879227053142,0.48892914653784225,1,boundary
0.21084943639291467,0.4806763285024155,1,boundary
0.2109500805152979,0.28623188405797106,1,boundary
0.2113526570048309,0.47906602254428343,1,boundary
0.2114533011272142,0.49064009661835756,1,boundary
0.2113526570048309,0.5102657004830918,1,boundary
0.21157631061012702,0.43657183753802115,1,boundary
0.21185587761674718,0.47745571658615144,1,boundary
0.2121130792628377,0.021828591876901077,1,boundary
0.21215780998389694,0.49235104669887286,1,boundary
0.21235909822866345,0.4758454106280194,1,boundary
0.21256038647342995,0.2342995169082126,1,boundary
0.21256038647342995,0.2869028448738594,1,boundary
0.21256038647342995,0.5088566827697263,1,boundary
0.2128287707997853,0.4353193773483629,1,boundary
0.2130204738900391,0.23613986657464922,1,boundary
0.2128623188405797,0.47423510466988733,1,boundary
0.2128623188405797,0.4940619967793881,1,boundary
0.21296296296296297,0.5072463768115942,1,boundary
0.21336553945249598,0.2327898550724638,1,boundary
0.21336553945249598,0.4726247987117553,1,boundary
0.21336553945249598,0.5056360708534622,1,boundary
0.21348056130664825,0.23798021624108584,1,boundary
0.21356682769726248,0.4957729468599034,1,boundary
0.21363392377885132,0.02281266774020399,1,boundary
0.213768115942029,0.47091384863124,1,boundary
0.213768115942029,0.5040257648953301,1,boundary
0.2139406487232574,0.23982056590752246,1,boundary
0.21408123098944354,0.43406691715870466,1,boundary
0.214170692431562,0.231280193236715,1,boundary
0.21417069243156198,0.2875738056897478,1,boundary
0.214170692431562,0.46920289855072467,1,boundary
0.21427133655394526,0.4974838969404187,1,boundary
0.214170692431562,0.5024154589371981,1,boundary
0.21440073613986657,0.2416609155739591,1,boundary
0.21457326892109502,0.46749194847020936,1,boundary
0.21457326892109502,0.500805152979066,1,boundary
0.21486082355647573,0.24350126524039573,1,boundary
0.21497584541062803,0.2297705314009662,1,boundary
0.21497584541062803,0.4657809983896941,1,boundary
0.21497584541062803,0.49919484702093403,1,boundary
0.2151547682948649,0.023796743603506906,1,boundary
0.21532091097308487,0.24534161490683234,1,boundary
0.2153336911791018,0.43281445696904636,1,boundary
0.21537842190016102,0.4640700483091788,1,boundary
0.21578099838969406,0.2282608695652174,1,boundary
0.21578099838969403,0.24718196457326896,1,boundary
0.21578099838969403,0.28824476650563613,1,boundary
0.21578099838969403,0.4623590982286635,1,boundary
0.21610305958132045,0.2489533011272142,1,boundary
0.21618357487922704,0.4606481481481482,1,boundary
0.21642512077294684,0.25072463768115943,1,boundary
0.21658615136876005,0.22675120772946863,1,boundary
0.21658615136876005,0.4315619967793881,1,boundary
0.21658615136876005,0.4589371980676329,1,boundary
0.2166756128108785,0.024780819466809823,1,boundary
0.21674718196457327,0.2524959742351047,1,boundary
0.21706924315619966,0.25426731078904996,1,boundary
0.2172571121846484,0.28904991948470216,1,boundary
0.21732936950328255,0.45732689210950084,1,boundary
0.21739130434782608,0.22524154589371984,1,boundary
0.21739130434782608,0.2560386473429952,1,boundary
0.2177133655394525,0.25780998389694043,1,boundary
0.2180354267310789,0.25958132045088567,1,boundary
0.21807258763780502,0.4557165861513688,1,boundary
0.2181964573268921,0.025764895330112735,1,boundary
0.2181964573268921,0.22373188405797104,1,boundary
0.2181964573268921,0.4305958132045089,1,boundary
0.21835748792270532,0.26135265700483096,1,boundary
0.2186795491143317,0.2631239935587762,1,boundary
0.2187332259796028,0.2898550724637682,1,boundary
0.2188158057723275,0.45410628019323673,1,boundary
0.21900161030595813,0.22222222222222224,1,boundary
0.21900161030595813,0.2648953301127214,1,boundary
0.21955902390684998,0.45249597423510474,1,boundary
0.21980676328502416,0.42962962962962964,1,boundary
0.21992178513917643,0.026224982746721887,1,boundary
0.22020933977455714,0.2906602254428342,1,boundary
0.22030224204137247,0.4508856682769727,1,boundary
0.22047772410091251,0.2658346752549651,1,boundary
0.22075830771482946,0.2225150051237008,1,boundary
0.22104546017589496,0.44927536231884063,1,boundary
0.22141706924315618,0.42866344605475043,1,boundary
0.22164711295146078,0.026685070163331038,1,boundary
0.22168545356951153,0.29146537842190023,1,boundary
0.22178867831041743,0.4476650563607086,1,boundary
0.2219538378958669,0.2667740203972088,1,boundary
0.2225150051237008,0.22280778802517934,1,boundary
0.22253189644493993,0.4460547504025765,1,boundary
0.22302737520128824,0.42769726247987117,1,boundary
0.2231615673644659,0.29227053140096626,1,boundary
0.2233724407637451,0.02714515757994019,1,boundary
0.22342995169082125,0.2677133655394525,1,boundary
0.22327511457946242,0.4444444444444445,1,boundary
0.22401833271398489,0.4428341384863125,1,boundary
0.2242717025325721,0.2231005709266579,1,boundary
0.2246376811594203,0.2930756843800323,1,boundary
0.2246376811594203,0.42673107890499196,1,boundary
0.22476155084850738,0.4412238325281804,1,boundary
0.22490606548577563,0.2686527106816962,1,boundary
0.22509776857602945,0.02760524499654934,1,boundary
0.22550476898302985,0.4396135265700484,1,boundary
0.22571121846484166,0.2945965288960459,1,boundary
0.22602839994144341,0.22339335382813644,1,boundary
0.22624798711755234,0.42592592592592593,1,boundary
0.22624798711755234,0.4380032206119163,1,boundary
0.22638217928073,0.2695920558239399,1,boundary
0.22682309638831377,0.028065332413158492,1,boundary
0.22678475577026302,0.29611737341205946,1,boundary
0.22778509735031474,0.223686136729615,1,boundary
0.2278582930756844,0.2705314009661836,1,boundary
0.2278582930756844,0.29763821792807305,1,boundary
0.22785829307568436,0.4251207729468599,1,boundary
0.2278582930756844,0.43729871175523355,1,boundary
0.22854842420059812,0.028525419829767643,1,boundary
0.22866344605475042,0.2720410628019324,1,boundary
0.22893183038110576,0.29915906244408663,1,boundary
0.22946859903381644,0.2735507246376812,1,boundary
0.22946859903381642,0.4243156199677939,1,boundary
0.22946859903381644,0.4365942028985508,1,boundary
0.22954179475918607,0.22397891963109356,1,boundary
0.2300053676865271,0.3006799069601002,1,boundary
0.23027375201288244,0.028985507246376795,1,boundary
0.23027375201288247,0.27506038647343,1,boundary
0.2310789049919485,0.27657004830917875,1,boundary
0.23107890499194847,0.2922705314009662,1,boundary
0.23107890499194847,0.3022007514761138,1,boundary
0.23107890499194847,0.4235104669887279,1,boundary
0.23107890499194847,0.435889694041868,1,boundary
0.2312984921680574,0.22427170253257211,1,boundary
0.23161567364465915,0.29066022544283415,1,boundary
0.23148148148148148,0.29408212560386476,1,boundary
0.2318840579710145,0.27807971014492755,1,boundary
0.2318840579710145,0.29589371980676327,1,boundary
0.23211410167931906,0.029445594662985956,1,boundary
0.23215244229736984,0.2890499194847021,1,boundary
0.23215244229736984,0.3037215959921274,1,boundary
0.2322866344605475,0.2977053140096618,1,boundary
0.23268921095008052,0.27958937198067635,1,boundary
0.23268921095008052,0.2874396135265701,1,boundary
0.23268921095008052,0.2995169082125604,1,boundary
0.23268921095008052,0.4227053140096619,1,boundary
0.23268921095008052,0.43518518518518523,1,boundary
0.23305518957692872,0.22456448543405066,1,boundary
0.23309178743961353,0.30132850241545894,1,boundary
0.2332259796027912,0.28582930756843805,1,boundary
0.2332259796027912,0.305242440508141,1,boundary
0.23349436392914655,0.28109903381642515,1,boundary
0.23349436392914655,0.3031400966183575,1,boundary
0.2337627482555019,0.284219001610306,1,boundary
0.23389694041867956,0.304951690821256,1,boundary
0.23395445134575568,0.029905682079595115,1,boundary
0.23429951690821257,0.28260869565217395,1,boundary
0.23429951690821257,0.30676328502415456,1,boundary
0.23429951690821255,0.42190016103059585,1,boundary
0.23429951690821257,0.43448067632850246,1,boundary
0.23481188698580002,0.22485726833552921,1,boundary
0.2357948010121923,0.030365769496204276,1,boundary
0.2359098228663446,0.42109500805152983,1,boundary
0.2359098228663446,0.4337761674718197,1,boundary
0.23656858439467135,0.22515005123700776,1,boundary
0.2371750632620198,0.4200598113641592,1,boundary
0.23763515067862895,0.030825856912813438,1,boundary
0.23752012882447665,0.4330716586151369,1,boundary
0.23832528180354268,0.22544283413848631,1,boundary
0.23844030365769495,0.41902461467678864,1,boundary
0.2391304347826087,0.22698604401502953,1,boundary
0.2391304347826087,0.43236714975845414,1,boundary
0.23947550034506557,0.031285944329422596,1,boundary
0.23970554405337013,0.417989417989418,1,boundary
0.23993558776167473,0.22852925389157275,1,boundary
0.2406675450153711,0.4314156053286488,1,boundary
0.24074074074074076,0.23007246376811594,1,boundary
0.24097078444904532,0.4169542213020474,1,boundary
0.2413158500115022,0.03174603174603176,1,boundary
0.24154589371980675,0.23161567364465915,1,boundary
0.2422360248447205,0.4159190246146768,1,boundary
0.2422046552481335,0.43046406089884354,1,boundary
0.24235104669887278,0.23315888352120237,1,boundary
0.2431561996779388,0.03220611916264092,1,boundary
0.2431561996779388,0.23470209339774556,1,boundary
0.24350126524039567,0.4148838279273062,1,boundary
0.24374176548089593,0.4295125164690382,1,boundary
0.24396135265700483,0.23624530327428878,1,boundary
0.2446323134728932,0.03327965646806228,1,boundary
0.24476650563607086,0.237788513150832,1,boundary
0.24476650563607086,0.4138486312399356,1,boundary
0.24527887571365833,0.42856097203923293,1,boundary
0.24557165861513686,0.2393317230273752,1,boundary
0.24610842726784757,0.03435319377348365,1,boundary
0.24637681159420288,0.24087493290391843,1,boundary
0.24664519592055825,0.4138486312399356,1,boundary
0.24681598594642074,0.4276094276094276,1,boundary
0.2471819645732689,0.24241814278046162,1,boundary
0.24758454106280192,0.03542673107890501,1,boundary
0.24798711755233493,0.24396135265700483,1,boundary
0.24835309617918316,0.42665788317962233,1,boundary
0.2486580783682233,0.2454374664519592,1,boundary
0.24852388620504565,0.4138486312399356,1,boundary
0.2490606548577563,0.03650026838432637,1,boundary
0.24932903918411164,0.2469135802469136,1,boundary
0.25,0.24838969404186795,1,boundary
0.24989020641194556,0.425706338749817,1,boundary
0.250402576489533,0.04991948470209338,1,boundary
0.250402576489533,0.4138486312399356,1,boundary
0.2505367686527107,0.03757380568974774,1,boundary
0.25067096081588836,0.048040794417605996,1,boundary
0.25067096081588836,0.24986580783682233,1,boundary
0.2509393451422437,0.046162104133118616,1,boundary
0.25120772946859904,0.04428341384863124,1,boundary
0.2513419216317767,0.2513419216317767,1,boundary
0.2514761137949544,0.04240472356414386,1,boundary
0.25142731664470797,0.42475479432001173,1,boundary
0.2517444981213097,0.04052603327965648,1,boundary
0.25201288244766507,0.0386473429951691,1,boundary
0.25201288244766507,0.04899930986887507,1,boundary
0.25201288244766507,0.2528180354267311,1,boundary
0.2522812667740204,0.4138486312399356,1,boundary
0.2529644268774704,0.4238032498902064,1,boundary
0.2536231884057971,0.04807913503565675,1,boundary
0.2538089929394277,0.25325157933853587,1,boundary
0.2541599570585078,0.4138486312399356,1,boundary
0.25450153711023277,0.42285170546040113,1,boundary
0.25523349436392917,0.04715896020243844,1,boundary
0.2556051034311904,0.25368512325034065,1,boundary
0.2560386473429952,0.4138486312399356,1,boundary
0.2560386473429952,0.41545893719806765,1,boundary
0.2560386473429952,0.4170692431561997,1,boundary
0.2560386473429952,0.4186795491143317,1,boundary
0.2560386473429952,0.42028985507246375,1,boundary
0.2560386473429952,0.4219001610305958,1,boundary
0.25684380032206117,0.046238785369220124,1,boundary
0.25740121392295306,0.25411866716214543,1,boundary
0.2584541062801932,0.045318610536001815,1,boundary
0.2591973244147157,0.2545522110739502,1,boundary
0.26006441223832527,0.0443984357027835,1,boundary
0.2609934349064784,0.254985754985755,1,boundary
0.2616747181964573,0.04347826086956519,1,boundary
0.26278954539824106,0.25541929889755977,1,boundary
0.2631700023004371,0.04255808603634688,1,boundary
0.2645856558900037,0.25585284280936454,1,boundary
0.26466528640441683,0.04163791120312856,1,boundary
0.2661605705083966,0.04071773636991025,1,boundary
0.26638176638176636,0.2562863867211693,1,boundary
0.26765585461237634,0.03979756153669194,1,boundary
0.26817787687352906,0.2567199306329741,1,boundary
0.2691511387163561,0.038877386703473626,1,boundary
0.2699739873652917,0.2571534745447789,1,boundary
0.27064642282033585,0.03795721187025532,1,boundary
0.27177009785705436,0.25758701845658366,1,boundary
0.2721417069243156,0.03703703703703701,1,boundary
0.27355072463768115,0.036634460547504,1,boundary
0.27356620834881706,0.25802056236838844,1,boundary
0.2749597423510467,0.036231884057970995,1,boundary
0.2753623188405797,0.2584541062801932,1,boundary
0.27636876006441224,0.03582930756843798,1,boundary
0.2770458205240814,0.25889328063241107,1,boundary
0.2777777777777778,0.035426731078904976,1,boundary
0.27872932220758306,0.25933245498462887,1,boundary
0.27938808373590984,0.03446054750402576,1,boundary
0.28041282389108474,0.2597716293368467,1,boundary
0.2809983896940419,0.033494363929146544,1,boundary
0.2820963255745864,0.2602108036890646,1,boundary
0.2826086956521739,0.03252818035426732,1,boundary
0.2837798272580881,0.26064997804128237,1,boundary
0.28421900161030594,0.031561996779388105,1,boundary
0.2854633289415898,0.2610891523935002,1,boundary
0.285829307568438,0.03059581320450889,1,boundary
0.2871468306250915,0.261528326745718,1,boundary
0.28764090177133655,0.030092592592592622,1,boundary
0.2888303323085932,0.2619675010979359,1,boundary
0.2894524959742351,0.029589371980676356,1,boundary
0.29051383399209485,0.2624066754501537,1,boundary
0.29126409017713367,0.029086151368760086,1,boundary
0.2921973356755965,0.2628458498023715,1,boundary
0.2930756843800322,0.02858293075684382,1,boundary
0.2938808373590982,0.2632850241545894,1,boundary
0.29488727858293073,0.028079710144927553,1,boundary
0.29565217391304344,0.26392914653784216,1,boundary
0.2966988727858293,0.027576489533011284,1,boundary
0.2974235104669887,0.264573268921095,1,boundary
0.29851046698872785,0.027073268921095017,1,boundary
0.29919484702093396,0.2652173913043478,1,boundary
0.3003220611916264,0.02657004830917875,1,boundary
0.30096618357487925,0.26586151368760064,1,boundary
0.30213365539452497,0.026771336553945254,1,boundary
0.3027375201288245,0.2665056360708534,1,boundary
0.30394524959742353,0.026972624798711757,1,boundary
0.3042471819645733,0.2674114331723027,1,boundary
0.30575684380032203,0.02717391304347826,1,boundary
0.3057568438003221,0.268317230273752,1,boundary
0.3072665056360709,0.26922302737520126,1,boundary
0.3075684380032206,0.027375201288244763,1,boundary
0.3087761674718197,0.27012882447665054,1,boundary
0.30917874396135264,0.026570048309178747,1,boundary
0.31028582930756843,0.2710346215780998,1,boundary
0.3107890499194847,0.025764895330112732,1,boundary
0.3117954911433172,0.2719404186795491,1,boundary
0.31239935587761675,0.02495974235104672,1,boundary
0.313305152979066,0.2728462157809984,1,boundary
0.3140096618357488,0.024154589371980704,1,boundary
0.3148148148148148,0.27375201288244766,1,boundary
0.3157206119162641,0.023752012882447687,1,boundary
0.3164251207729469,0.2742121002990568,1,boundary
0.3174315619967794,0.023349436392914674,1,boundary
0.31803542673107893,0.274672187715666,1,boundary
0.3191425120772947,0.022946859903381658,1,boundary
0.319645732689211,0.2751322751322751,1,boundary
0.32085346215780997,0.02254428341384864,1,boundary
0.321256038647343,0.2755923625488843,1,boundary
0.32256441223832527,0.022141706924315628,1,boundary
0.32286634460547503,0.27605244996549344,1,boundary
0.3242753623188406,0.02173913043478261,1,boundary
0.3244766505636071,0.27651253738210263,1,boundary
0.3259863123993559,0.0213365539452496,1,boundary
0.32608695652173914,0.27697262479871176,1,boundary
0.3276972624798712,0.020933977455716582,1,boundary
0.3278985507246377,0.2764694041867955,1,boundary
0.32920692431562,0.02204106280193236,1,boundary
0.32971014492753625,0.27596618357487923,1,boundary
0.3307165861513688,0.02314814814814814,1,boundary
0.3315217391304348,0.27546296296296297,1,boundary
0.3322262479871176,0.02425523349436392,1,boundary
0.33333333333333337,0.2749597423510467,1,boundary
0.3337359098228664,0.025362318840579698,1,boundary
0.3351449275362319,0.27445652173913043,1,boundary
0.3352455716586151,0.026469404186795477,1,boundary
0.3367552334943639,0.027576489533011252,1,boundary
0.33695652173913043,0.27395330112721417,1,boundary
0.3382648953301127,0.02868357487922703,1,boundary
0.338768115942029,0.2734500805152979,1,boundary
0.3397745571658615,0.02979066022544281,1,boundary
0.34057971014492755,0.27294685990338163,1,boundary
0.34156378600823045,0.029880121667561262,1,boundary
0.3421900161030596,0.27241009125067095,1,boundary
0.3433530148505994,0.029969583109679718,1,boundary
0.34380032206119165,0.27187332259796027,1,boundary
0.34514224369296836,0.03005904455179817,1,boundary
0.34541062801932365,0.2713365539452496,1,boundary
0.3469314725353373,0.03014850599391662,1,boundary
0.3470209339774557,0.27079978529253895,1,boundary
0.34863123993558776,0.27026301663982827,1,boundary
0.3487207013777062,0.030237967436035077,1,boundary
0.3502415458937198,0.2697262479871176,1,boundary
0.35050993022007515,0.03032742887815353,1,boundary
0.35088566827697265,0.2713902308105207,1,boundary
0.35152979066022544,0.2730542136339238,1,boundary
0.35229915906244413,0.03041689032027198,1,boundary
0.3521739130434783,0.2747181964573269,1,boundary
0.35281803542673107,0.27638217928073006,1,boundary
0.3534621578099839,0.27804616210413313,1,boundary
0.35408838790481306,0.030506351762390436,1,boundary
0.3541062801932367,0.27971014492753626,1,boundary
0.35475040257648954,0.2813741277509394,1,boundary
0.35539452495974233,0.28303811057434247,1,boundary
0.355877616747182,0.03059581320450889,1,boundary
0.3560386473429952,0.2847020933977456,1,boundary
0.35668276972624796,0.28636607622114874,1,boundary
0.3573268921095008,0.2880300590445518,1,boundary
0.35748792270531404,0.0314009661835749,1,boundary
0.3579710144927536,0.28969404186795494,1,boundary
0.35861513687600644,0.2913580246913581,1,boundary
0.3590982286634461,0.03220611916264092,1,boundary
0.3592592592592592,0.29302200751476115,1,boundary
0.35990338164251207,0.2946859903381643,1,boundary
0.36070853462157815,0.03301127214170693,1,boundary
0.36141304347826086,0.29559178743961356,1,boundary
0.36231884057971014,0.03381642512077295,1,boundary
0.36292270531400966,0.29649758454106284,1,boundary
0.3639291465378422,0.034621578099838964,1,boundary
0.36443236714975846,0.2974033816425121,1,boundary
0.36553945249597425,0.03542673107890498,1,boundary
0.3659420289855072,0.29830917874396135,1,boundary
0.3671497584541063,0.036231884057970995,1,boundary
0.367451690821256,0.2992149758454106,1,boundary
0.36876006441223835,0.037198067632850225,1,boundary
0.3689613526570048,0.3001207729468599,1,boundary
0.3703703703703704,0.038164251207729455,1,boundary
0.3704710144927536,0.3010265700483092,1,boundary
0.3719806763285024,0.039130434782608685,1,boundary
0.3719806763285024,0.30193236714975846,1,boundary
0.37359098228663445,0.040096618357487915,1,boundary
0.37359098228663445,0.3025764895330113,1,boundary
0.3752012882447665,0.041062801932367145,1,boundary
0.3752012882447665,0.3032206119162641,1,boundary
0.37681159420289856,0.04159957058507783,1,boundary
0.37681159420289856,0.30386473429951694,1,boundary
0.3784219001610306,0.04213633923778851,1,boundary
0.3784219001610306,0.3045088566827697,1,boundary
0.38003220611916266,0.0426731078904992,1,boundary
0.38003220611916266,0.30515297906602257,1,boundary
0.3812399355877617,0.3064949006977993,1,boundary
0.3816425120772947,0.04320987654320988,1,boundary
0.38244766505636074,0.307836822329576,1,boundary
0.3832528180354267,0.043746645195920565,1,boundary
0.3836553945249598,0.3091787439613527,1,boundary
0.38486312399355876,0.04428341384863125,1,boundary
0.38486312399355876,0.3105206655931294,1,boundary
0.3860708534621578,0.3118625872249061,1,boundary
0.3864734299516908,0.04482018250134193,1,boundary
0.38727858293075684,0.31320450885668283,1,boundary
0.38727858293075684,0.31491545893719813,1,boundary
0.38727858293075684,0.31662640901771344,1,boundary
0.38727858293075684,0.3183373590982287,1,boundary
0.38727858293075684,0.320048309178744,1,boundary
0.38727858293075684,0.3217592592592593,1,boundary
0.38727858293075684,0.32347020933977455,1,boundary
0.38727858293075684,0.32518115942028986,1,boundary
0.38727858293075684,0.32689210950080516,1,boundary
0.3878153515834675,0.3285024154589372,1,boundary
0.38808373590982287,0.04535695115405262,1,boundary
0.3883521202361782,0.33011272141706927,1,boundary
0.3888888888888889,0.33172302737520126,1,boundary
0.3894256575415996,0.3333333333333333,1,boundary
0.3896940418679549,0.0458937198067633,1,boundary
0.38996242619431026,0.33494363929146537,1,boundary
0.39049919484702095,0.3365539452495974,1,boundary
0.39103596349973163,0.3381642512077294,1,boundary
0.3911701556629093,0.04669887278582933,1,boundary
0.3915727321524423,0.33977455716586147,1,boundary
0.392109500805153,0.3413848631239935,1,boundary
0.3926462694578637,0.047504025764895354,1,boundary
0.39268461007591443,0.3429951690821256,1,boundary
0.39325971934667586,0.3446054750402576,1,boundary
0.3938348286174373,0.3462157809983897,1,boundary
0.394122383252818,0.04830917874396138,1,boundary
0.3944099378881988,0.34782608695652173,1,boundary
0.3949850471589602,0.3494363929146538,1,boundary
0.39556015642972164,0.35104669887278583,1,boundary
0.3955984970477724,0.049114331723027406,1,boundary
0.3961352657004831,0.3526570048309179,1,boundary
0.39707461084272677,0.04991948470209343,1,boundary
0.3974235104669887,0.35378421900161033,1,boundary
0.39855072463768115,0.05072463768115946,1,boundary
0.39871175523349434,0.3549114331723028,1,boundary
0.4,0.3560386473429952,1,boundary
0.4002952227589909,0.051261406333870135,1,boundary
0.40128824476650565,0.3571658615136876,1,boundary
0.4020397208803006,0.05179817498658081,1,boundary
0.4025764895330113,0.35829307568438007,1,boundary
0.4037842190016103,0.05233494363929149,1,boundary
0.4043657183753802,0.3581141528001432,1,boundary
0.40552871712292,0.05287171229200216,1,boundary
0.40615494721774914,0.35793522991590626,1,boundary
0.4072732152442297,0.05340848094471284,1,boundary
0.4079441760601181,0.3577563070316694,1,boundary
0.40901771336553944,0.053945249597423514,1,boundary
0.40973340490248705,0.3575773841474325,1,boundary
0.4106280193236715,0.05440533701403267,1,boundary
0.411522633744856,0.3573984612631956,1,boundary
0.41223832528180354,0.05486542443064182,1,boundary
0.4133118625872249,0.3572195383789587,1,boundary
0.4138486312399356,0.05532551184725097,1,boundary
0.4151010914295939,0.3570406154947218,1,boundary
0.4154589371980676,0.05578559926386012,1,boundary
0.4168903202719628,0.3568616926104849,1,boundary
0.41706924315619964,0.056245686680469274,1,boundary
0.4186795491143317,0.05670577409707842,1,boundary
0.41867954911433175,0.356682769726248,1,boundary
0.42012882447665056,0.35603864734299523,1,boundary
0.42028985507246375,0.05716586151368758,1,boundary
0.42157809983896943,0.3553945249597424,1,boundary
0.42181069958847733,0.058060475934872055,1,boundary
0.42302737520128825,0.3547504025764896,1,boundary
0.4233315441044909,0.058955090356056526,1,boundary
0.4244766505636071,0.35410628019323676,1,boundary
0.42485238862050456,0.059849704777241004,1,boundary
0.42592592592592593,0.35346215780998397,1,boundary
0.42637323313651815,0.060744319198425475,1,boundary
0.4274020397208803,0.35265700483091794,1,boundary
0.42789407765253173,0.061638933619609954,1,boundary
0.4288781535158347,0.3518518518518519,1,boundary
0.4294149221685453,0.06253354804079443,1,boundary
0.4303542673107891,0.35104669887278583,1,boundary
0.43093576668455896,0.0634281624619789,1,boundary
0.4318303811057434,0.3502415458937198,1,boundary
0.43245661120057255,0.06432277688316337,1,boundary
0.4333064949006978,0.3494363929146538,1,boundary
0.43397745571658614,0.06521739130434785,1,boundary
0.43478260869565216,0.34863123993558776,1,boundary
0.43528582930756843,0.06632447665056362,1,boundary
0.4361628709454796,0.34771106510236943,1,boundary
0.4365942028985507,0.06743156199677941,1,boundary
0.4375431331953071,0.34679089026915116,1,boundary
0.437902576489533,0.0685386473429952,1,boundary
0.43892339544513453,0.34587071543593284,1,boundary
0.43921095008051525,0.06964573268921097,1,boundary
0.44030365769496205,0.3449505406027145,1,boundary
0.44051932367149754,0.07075281803542674,1,boundary
0.4416839199447895,0.3440303657694962,1,boundary
0.44182769726247983,0.07185990338164253,1,boundary
0.4431360708534621,0.07296698872785831,1,boundary
0.44306418219461696,0.3431101909362779,1,boundary
0.4444444444444444,0.07407407407407408,1,boundary
0.4444444444444444,0.3421900161030596,1,boundary
0.4459205582393988,0.07501341921631778,1,boundary
0.4459742351046699,0.341304347826087,1,boundary
0.4473966720343532,0.07595276435856148,1,boundary
0.4475040257648953,0.34041867954911437,1,boundary
0.44887278582930756,0.07689210950080516,1,boundary
0.44903381642512075,0.33953301127214175,1,boundary
0.45034889962426194,0.07783145464304886,1,boundary
0.4505636070853462,0.33864734299516913,1,boundary
0.4518250134192163,0.07877079978529256,1,boundary
0.45209339774557167,0.3377616747181965,1,boundary
0.4533011272141707,0.07971014492753625,1,boundary
0.4536231884057971,0.33687600644122384,1,boundary
0.45491143317230276,0.08051529790660227,1,boundary
0.45515297906602253,0.3359903381642512,1,boundary
0.4565217391304348,0.08132045088566828,1,boundary
0.456682769726248,0.3351046698872786,1,boundary
0.4581320450885668,0.0821256038647343,1,boundary
0.4582125603864734,0.334219001610306,1,boundary
0.45974235104669886,0.08293075684380032,1,boundary
0.45974235104669886,0.33333333333333337,1,boundary
0.4613526570048309,0.08373590982286634,1,boundary
0.46149904845557016,0.3334797247840727,1,boundary
0.46296296296296297,0.08454106280193238,1,boundary
0.4632557458644415,0.3336261162348119,1,boundary
0.464573268921095,0.08534621578099841,1,boundary
0.4650124432733128,0.3337725076855512,1,boundary
0.46618357487922707,0.08615136876006443,1,boundary
0.46676914068218417,0.33391889913629047,1,boundary
0.4676328502415459,0.08695652173913045,1,boundary
0.46852583809105547,0.3340652905870298,1,boundary
0.46908212560386475,0.08776167471819646,1,boundary
0.4702825354999268,0.334211682037769,1,boundary
0.47053140096618357,0.08856682769726248,1,boundary
0.47198067632850244,0.0893719806763285,1,boundary
0.4720392329087981,0.3343580734885083,1,boundary
0.47342995169082125,0.09017713365539451,1,boundary
0.4737959303176695,0.33450446493924757,1,boundary
0.4748792270531401,0.09082125603864734,1,boundary
0.4755526277265408,0.3346508563899869,1,boundary
0.47632850241545893,0.09146537842190015,1,boundary
0.47730932513541213,0.3347972478407261,1,boundary
0.4777777777777778,0.09210950080515298,1,boundary
0.47906602254428343,0.3349436392914654,1,boundary
0.4792270531400966,0.0927536231884058,1,boundary
0.48051529790660225,0.3342995169082126,1,boundary
0.4806763285024155,0.09339774557165863,1,boundary
0.4819645732689211,0.3336553945249598,1,boundary
0.4824476650563607,0.09404186795491144,1,boundary
0.48341384863123993,0.33301127214170695,1,boundary
0.48421900161030595,0.09468599033816426,1,boundary
0.4848631239935588,0.33236714975845416,1,boundary
0.48599033816425125,0.09533011272141706,1,boundary
0.4863123993558776,0.3317230273752013,1,boundary
0.4877616747181965,0.09597423510466987,1,boundary
0.48772141706924316,0.33272946859903385,1,boundary
0.4891304347826087,0.3337359098228664,1,boundary
0.4895330112721417,0.09661835748792269,1,boundary
0.49053945249597425,0.3347423510466989,1,boundary
0.49114331723027377,0.09715512614063337,1,boundary
0.49194847020933974,0.33574879227053145,1,boundary
0.4927536231884058,0.09769189479334406,1,boundary
0.4933574879227053,0.3367552334943639,1,boundary
0.4943639291465378,0.09822866344605474,1,boundary
0.49476650563607083,0.33776167471819646,1,boundary
0.49597423510466987,0.09876543209876544,1,boundary
0.4961755233494364,0.338768115942029,1,boundary
0.4975845410628019,0.09930220075147612,1,boundary
0.4975845410628019,0.3397745571658615,1,boundary
0.499194847020934,0.09983896940418681,1,boundary
0.49935587761674716,0.33913043478260874,1,boundary
0.5010198604401503,0.10005367686527109,1,boundary
0.5011272141706924,0.3384863123993559,1,boundary
0.5028448738593666,0.10026838432635535,1,boundary
0.5028985507246377,0.3378421900161031,1,boundary
0.504669887278583,0.10048309178743962,1,boundary
0.504669887278583,0.33719806763285026,1,boundary
0.5064949006977992,0.10069779924852389,1,boundary
0.5064412238325282,0.3365539452495975,1,boundary
0.5080515297906603,0.337157809983897,1,boundary
0.5083199141170156,0.10091250670960816,1,boundary
0.5096618357487923,0.3377616747181965,1,boundary
0.5101449275362319,0.10112721417069244,1,boundary
0.5112721417069243,0.338365539452496,1,boundary
0.5119699409554482,0.1013419216317767,1,boundary
0.5128824476650563,0.3389694041867955,1,boundary
0.5137949543746645,0.10155662909286098,1,boundary
0.514224369296833,0.34004294149221687,1,boundary
0.5156199677938809,0.10177133655394524,1,boundary
0.5155662909286097,0.34111647879763823,1,boundary
0.5169082125603864,0.3421900161030596,1,boundary
0.5174449812130971,0.10198604401502952,1,boundary
0.5182501341921631,0.34326355340848097,1,boundary
0.5192699946323135,0.1022007514761138,1,boundary
0.5195920558239399,0.34433709071390234,1,boundary
0.5209339774557166,0.3454106280193237,1,boundary
0.5210950080515298,0.10241545893719806,1,boundary
0.5226593052680009,0.34610075914423744,1,boundary
0.5229200214707461,0.10263016639828233,1,boundary
0.5243846330802853,0.34679089026915116,1,boundary
0.5247450348899624,0.1028448738593666,1,boundary
0.5261099608925696,0.3474810213940649,1,boundary
0.5265700483091788,0.10305958132045087,1,boundary
0.527835288704854,0.3481711525189787,1,boundary
0.5279503105590062,0.10397975615366918,1,boundary
0.5293305728088337,0.10489993098688749,1,boundary
0.5295606165171383,0.3488612836438924,1,boundary
0.5307108350586611,0.1058201058201058,1,boundary
0.5312859443294227,0.34955141476880613,1,boundary
0.5320910973084887,0.10674028065332412,1,boundary
0.533011272141707,0.35024154589371986,1,boundary
0.5334713595583161,0.10766045548654243,1,boundary
0.5348516218081436,0.10858063031976074,1,boundary
0.5348411652759479,0.35024154589371986,1,boundary
0.5362318840579711,0.10950080515297905,1,boundary
0.5366710584101889,0.35024154589371986,1,boundary
0.5376409017713366,0.11030595813204508,1,boundary
0.5385009515444298,0.35024154589371986,1,boundary
0.539049919484702,0.11111111111111112,1,boundary
0.5403308446786708,0.35024154589371986,1,boundary
0.5404589371980676,0.11191626409017716,1,boundary
0.5418679549114331,0.11272141706924318,1,boundary
0.5421607378129117,0.35024154589371986,1,boundary
0.5428341384863123,0.11400966183574882,1,boundary
0.5438003220611916,0.11529790660225446,1,boundary
0.5439906309471527,0.35024154589371986,1,boundary
0.5447665056360709,0.11658615136876009,1,boundary
0.5457326892109501,0.11787439613526574,1,boundary
0.5458205240813937,0.35024154589371986,1,boundary
0.5466988727858293,0.11916264090177137,1,boundary
0.5476504172156347,0.35024154589371986,1,boundary
0.5484242005981136,0.11893259719346679,1,boundary
0.5494803103498755,0.35024154589371986,1,boundary
0.550149528410398,0.11870255348516219,1,boundary
0.5513102034841165,0.35024154589371986,1,boundary
0.5518748562226823,0.11847250977685761,1,boundary
0.5531400966183575,0.35024154589371986,1,boundary
0.5536001840349667,0.11824246606855303,1,boundary
0.5545893719806764,0.3510466988727859,1,boundary
0.555325511847251,0.11801242236024845,1,boundary
0.5560386473429952,0.35185185185185186,1,boundary
0.5570508396595354,0.11778237865194385,1,boundary
0.557487922705314,0.3526570048309179,1,boundary
0.5587761674718197,0.11755233494363927,1,boundary
0.5589371980676329,0.35346215780998386,1,boundary
0.5599263860133425,0.11893259719346674,1,boundary
0.5603864734299517,0.3542673107890499,1,boundary
0.5610766045548654,0.12031285944329422,1,boundary
0.5621309715512615,0.3541331186258722,1,boundary
0.5622268230963883,0.12169312169312169,1,boundary
0.5633770416379112,0.12307338394294916,1,boundary
0.5638754696725712,0.3539989264626946,1,boundary
0.5645272601794341,0.12445364619277663,1,boundary
0.5656199677938809,0.3538647342995169,1,boundary
0.565677478720957,0.12583390844260411,1,boundary
0.5668276972624798,0.12721417069243157,1,boundary
0.5673644659151905,0.35373054213633925,1,boundary
0.5676328502415459,0.12882447665056362,1,boundary
0.5684380032206119,0.13043478260869568,1,boundary
0.5691089640365002,0.35359634997316164,1,boundary
0.5692431561996779,0.1320450885668277,1,boundary
0.5700483091787439,0.13365539452495975,1,boundary
0.5702272320629809,0.13535516192521024,1,boundary
0.5704061549472177,0.13705492932546073,1,boundary
0.5705850778314546,0.13875469672571122,1,boundary
0.5707640007156916,0.14045446412596171,1,boundary
0.5709429235999284,0.1421542315262122,1,boundary
0.57085346215781,0.35346215780998397,1,boundary
0.5711218464841653,0.1438539989264627,1,boundary
0.5713007693684022,0.14555376632671319,1,boundary
0.5714796922526391,0.14725353372696368,1,boundary
0.571658615136876,0.14895330112721417,1,boundary
0.5723027375201288,0.3528180354267311,1,boundary
0.5729468599033817,0.1502415458937198,1,boundary
0.5737520128824477,0.35217391304347834,1,boundary
0.5742351046698873,0.15152979066022543,1,boundary
0.5752012882447665,0.3515297906602255,1,boundary
0.5755233494363929,0.15281803542673109,1,boundary
0.5768115942028985,0.15410628019323672,1,boundary
0.5766505636070853,0.3508856682769727,1,boundary
0.5780998389694042,0.15539452495974235,1,boundary
0.5780998389694042,0.35024154589371986,1,boundary
0.5791350356567748,0.15665976535541754,1,boundary
0.5795491143317231,0.349597423510467,1,boundary
0.5801702323441454,0.1579250057510927,1,boundary
0.5809983896940419,0.3489533011272142,1,boundary
0.5812054290315161,0.15919024614676788,1,boundary
0.5822406257188866,0.16045548654244304,1,boundary
0.5824476650563607,0.3483091787439614,1,boundary
0.5832758224062572,0.16172072693811823,1,boundary
0.5838969404186796,0.34766505636070855,1,boundary
0.5843110190936278,0.1629859673337934,1,boundary
0.5853462157809984,0.16425120772946858,1,boundary
0.5853462157809984,0.3470209339774557,1,boundary
0.5869565217391305,0.1650563607085346,1,boundary
0.5871175523349437,0.3466988727858293,1,boundary
0.5885668276972625,0.16586151368760063,1,boundary
0.5888888888888889,0.3463768115942029,1,boundary
0.5901771336553945,0.16666666666666669,1,boundary
0.5906602254428341,0.3460547504025765,1,boundary
0.5917874396135265,0.1674718196457327,1,boundary
0.5924315619967794,0.34573268921095013,1,boundary
0.5925925925925926,0.13929146537842194,1,boundary
0.5928609769189479,0.14103596349973163,1,boundary
0.5929951690821256,0.13747987117552338,1,boundary
0.5931293612453032,0.14278046162104135,1,boundary
0.5933977455716586,0.13566827697262485,1,boundary
0.5933977455716586,0.14452495974235108,1,boundary
0.5933977455716586,0.16827697262479874,1,boundary
0.5936661298980139,0.14626945786366077,1,boundary
0.5938003220611916,0.1338566827697263,1,boundary
0.5939345142243693,0.14801395598497047,1,boundary
0.5942028985507246,0.13204508856682773,1,boundary
0.5942028985507246,0.1497584541062802,1,boundary
0.5942028985507246,0.3454106280193237,1,boundary
0.5948470209339775,0.13027375201288247,1,boundary
0.594927536231884,0.15144927536231884,1,boundary
0.5950080515297906,0.16795491143317232,1,boundary
0.5954911433172303,0.1285024154589372,1,boundary
0.5956119162640902,0.3444041867954912,1,boundary
0.5956521739130435,0.15314009661835748,1,boundary
0.596135265700483,0.12673107890499197,1,boundary
0.5963768115942029,0.15483091787439615,1,boundary
0.5966183574879227,0.16763285024154592,1,boundary
0.5967793880837359,0.1249597423510467,1,boundary
0.5971014492753624,0.1565217391304348,1,boundary
0.5970209339774557,0.34339774557165864,1,boundary
0.5974235104669887,0.12318840579710144,1,boundary
0.5978260869565217,0.15821256038647344,1,boundary
0.5980676328502416,0.1215780998389694,1,boundary
0.5982286634460547,0.1673107890499195,1,boundary
0.5984299516908212,0.3423913043478261,1,boundary
0.5985507246376811,0.15990338164251208,1,boundary
0.5987117552334944,0.11996779388083735,1,boundary
0.5993558776167471,0.11835748792270531,1,boundary
0.5992753623188406,0.16159420289855073,1,boundary
0.5998389694041868,0.1669887278582931,1,boundary
0.5998389694041868,0.3413848631239936,1,boundary
0.6,0.11674718196457326,1,boundary
0.6,0.1632850241545894,1,boundary
0.6006441223832528,0.11513687600644122,1,boundary
0.6007246376811595,0.16497584541062804,1,boundary
0.6012882447665057,0.11336553945249597,1,boundary
0.6012479871175523,0.34037842190016104,1,boundary
0.6014492753623188,0.16666666666666669,1,boundary
0.6019323671497585,0.11159420289855074,1,boundary
0.6025764895330112,0.10982286634460549,1,boundary
0.6026570048309179,0.3393719806763285,1,boundary
0.6032206119162641,0.10805152979066025,1,boundary
0.6038647342995169,0.106280193236715,1,boundary
0.6040660225442834,0.338365539452496,1,boundary
0.605475040257649,0.33735909822866345,1,boundary
0.6055900621118012,0.10570508396595356,1,boundary
0.607085346215781,0.336783988957902,1,boundary
0.6073153899240856,0.1051299746951921,1,boundary
0.6086956521739131,0.3362088796871406,1,boundary
0.6090407177363699,0.10455486542443065,1,boundary
0.6103059581320451,0.33563377041637915,1,boundary
0.6107660455486542,0.10397975615366921,1,boundary
0.6119162640901771,0.33505866114561766,1,boundary
0.6124913733609385,0.10340464688290776,1,boundary
0.6135265700483091,0.33448355187485623,1,boundary
0.6142167011732229,0.1028295376121463,1,boundary
0.6151368760064412,0.3339084426040948,1,boundary
0.6159420289855072,0.10225442834138486,1,boundary
0.6167471819645732,0.33333333333333337,1,boundary
0.6175523349436393,0.10185185185185186,1,boundary
0.6185185185185185,0.33333333333333337,1,boundary
0.6191626409017713,0.10144927536231885,1,boundary
0.6202898550724637,0.33333333333333337,1,boundary
0.6207729468599034,0.10104669887278583,1,boundary
0.622061191626409,0.33333333333333337,1,boundary
0.6223832528180354,0.10064412238325283,1,boundary
0.6238325281803543,0.33333333333333337,1,boundary
0.6242236024844721,0.10018403496664367,1,boundary
0.6256038647342995,0.33333333333333337,1,boundary
0.6260639521509087,0.09972394755003451,1,boundary
0.6273752012882448,0.33333333333333337,1,boundary
0.6279043018173454,0.09926386013342535,1,boundary
0.62914653784219,0.33333333333333337,1,boundary
0.6297446514837819,0.09880377271681619,1,boundary
0.6309178743961353,0.33333333333333337,1,boundary
0.6315850011502185,0.09834368530020703,1,boundary
0.6326892109500806,0.33333333333333337,1,boundary
0.6334253508166552,0.09788359788359786,1,boundary
0.6344605475040258,0.33333333333333337,1,boundary
0.6352657004830918,0.0974235104669887,1,boundary
0.636231884057971,0.33333333333333337,1,boundary
0.6368760064412239,0.09707844490453184,1,boundary
0.6380032206119163,0.33333333333333337,1,boundary
0.6384863123993559,0.09673337934207497,1,boundary
0.6397745571658615,0.33333333333333337,1,boundary
0.640096618357488,0.09638831377961811,1,boundary
0.6415458937198067,0.33333333333333337,1,boundary
0.6417069243156199,0.09604324821716126,1,boundary
0.643317230273752,0.0956981826547044,1,boundary
0.643317230273752,0.33333333333333337,1,boundary
0.644927536231884,0.09535311709224753,1,boundary
0.6450885668276973,0.33333333333333337,1,boundary
0.6465378421900161,0.09500805152979067,1,boundary
0.6468599033816426,0.33333333333333337,1,boundary
0.6473429951690821,0.09371980676328502,1,boundary
0.6481481481481481,0.09243156199677939,1,boundary
0.6486312399355878,0.33333333333333337,1,boundary
0.6489533011272142,0.09114331723027375,1,boundary
0.6497584541062802,0.08985507246376812,1,boundary
0.650402576489533,0.33333333333333337,1,boundary
0.6505636070853462,0.08856682769726247,1,boundary
0.6520128824476651,0.08776167471819646,1,boundary
0.6521739130434783,0.33333333333333337,1,boundary
0.6524758454106281,0.33514492753623193,1,boundary
0.6527777777777778,0.3369565217391305,1,boundary
0.6530797101449275,0.33876811594202905,1,boundary
0.653462157809984,0.08695652173913045,1,boundary
0.6533816425120773,0.3405797101449276,1,boundary
0.6536835748792271,0.3423913043478261,1,boundary
0.6539855072463768,0.34420289855072467,1,boundary
0.6542874396135265,0.3460144927536232,1,boundary
0.6545893719806763,0.3478260869565218,1,boundary
0.6549114331723027,0.08615136876006443,1,boundary
0.6549472177491501,0.34952585435677225,1,boundary
0.655305063517624,0.35122562175702277,1,boundary
0.6556629092860977,0.35292538915727323,1,boundary
0.6560207550545715,0.3546251565575237,1,boundary
0.6563607085346216,0.08534621578099842,1,boundary
0.6563786008230453,0.3563249239577742,1,boundary
0.6567364465915191,0.35802469135802467,1,boundary
0.6570942923599928,0.35972445875827513,1,boundary
0.6574521381284667,0.36142422615852565,1,boundary
0.6578099838969405,0.08454106280193241,1,boundary
0.6578099838969405,0.3631239935587761,1,boundary
0.6582930756843801,0.3648953301127214,1,boundary
0.6587761674718197,0.36666666666666664,1,boundary
0.6592592592592593,0.36843800322061193,1,boundary
0.6595209339774557,0.08494363929146542,1,boundary
0.6597423510466989,0.37020933977455717,1,boundary
0.6602254428341385,0.37198067632850246,1,boundary
0.6602254428341385,0.37369162640901776,1,boundary
0.6602254428341385,0.375402576489533,1,boundary
0.6602254428341385,0.3771135265700483,1,boundary
0.6602254428341385,0.3788244766505636,1,boundary
0.6602254428341385,0.38053542673107893,1,boundary
0.6602254428341385,0.38224637681159424,1,boundary
0.6602254428341385,0.3839573268921095,1,boundary
0.6602254428341385,0.3856682769726248,1,boundary
0.6604938271604939,0.3874127750939345,1,boundary
0.6607622114868492,0.38915727321524424,1,boundary
0.6610305958132046,0.3909017713365539,1,boundary
0.6612318840579711,0.08534621578099842,1,boundary
0.6612989801395599,0.39264626945786363,1,boundary
0.6615673644659152,0.39439076757917335,1,boundary
0.6618357487922706,0.3961352657004831,1,boundary
0.6626409017713366,0.3977455716586151,1,boundary
0.6629428341384863,0.08574879227053142,1,boundary
0.6634460547504026,0.3993558776167472,1,boundary
0.6642512077294686,0.40096618357487923,1,boundary
0.6646537842190017,0.08615136876006443,1,boundary
0.6650563607085346,0.3888888888888889,1,boundary
0.6650563607085346,0.4025764895330113,1,boundary
0.6657273215244229,0.3906333870101986,1,boundary
0.6658615136876006,0.40418679549114334,1,boundary
0.6663647342995169,0.08655394524959745,1,boundary
0.6662640901771336,0.3875201288244767,1,boundary
0.6663982823403113,0.39237788513150834,1,boundary
0.6666666666666666,0.4029790660225443,1,boundary
0.6670692431561996,0.394122383252818,1,boundary
0.6674718196457327,0.38615136876006445,1,boundary
0.6674718196457327,0.40177133655394526,1,boundary
0.667740203972088,0.39586688137412773,1,boundary
0.6680756843800322,0.08695652173913045,1,boundary
0.6682769726247987,0.4005636070853462,1,boundary
0.6684111647879764,0.39761137949543746,1,boundary
0.6686795491143317,0.3847826086956522,1,boundary
0.6690821256038647,0.3993558776167472,1,boundary
0.6697866344605475,0.08735909822866345,1,boundary
0.6698872785829307,0.38341384863123995,1,boundary
0.6710950080515298,0.38204508856682773,1,boundary
0.6714975845410628,0.08776167471819646,1,boundary
0.6723027375201288,0.3806763285024155,1,boundary
0.6731078904991948,0.08776167471819646,1,boundary
0.6735104669887279,0.3793075684380033,1,boundary
0.6747181964573269,0.08776167471819646,1,boundary
0.6747181964573269,0.377938808373591,1,boundary
0.6755233494363929,0.07971014492753625,1,boundary
0.6760064412238326,0.08132045088566829,1,boundary
0.6759259259259259,0.3765700483091788,1,boundary
0.6763285024154589,0.08776167471819646,1,boundary
0.6764895330112721,0.08293075684380033,1,boundary
0.6769726247987118,0.08454106280193238,1,boundary
0.677133655394525,0.07925005751092709,1,boundary
0.677133655394525,0.37520128824476656,1,boundary
0.6774557165861513,0.08615136876006442,1,boundary
0.677938808373591,0.08776167471819646,1,boundary
0.678743961352657,0.060386473429951695,1,boundary
0.678743961352657,0.07878997009431793,1,boundary
0.678743961352657,0.3756038647342996,1,boundary
0.6798711755233494,0.058937198067632854,1,boundary
0.6803542673107891,0.06103059581320451,1,boundary
0.6803542673107891,0.07832988267770877,1,boundary
0.6803542673107891,0.3760064412238326,1,boundary
0.6809983896940419,0.05748792270531402,1,boundary
0.6819645732689211,0.06167471819645732,1,boundary
0.6819645732689211,0.0778697952610996,1,boundary
0.6819645732689211,0.37640901771336555,1,boundary
0.6821256038647343,0.05603864734299518,1,boundary
0.6832528180354268,0.05458937198067634,1,boundary
0.6835748792270532,0.062318840579710134,1,boundary
0.6835748792270532,0.07740970784449044,1,boundary
0.6835748792270532,0.37681159420289856,1,boundary
0.6843800322061192,0.0531400966183575,1,boundary
0.6846484165324745,0.054750402576489554,1,boundary
0.6849168008588299,0.0563607085346216,1,boundary
0.6851851851851852,0.05797101449275365,1,boundary
0.6851851851851852,0.06296296296296294,1,boundary
0.6851851851851852,0.07694962042788128,1,boundary
0.6851851851851852,0.37721417069243157,1,boundary
0.6867954911433173,0.05743424584004297,1,boundary
0.6867954911433173,0.06360708534621576,1,boundary
0.6867954911433173,0.07648953301127212,1,boundary
0.6867954911433173,0.3776167471819646,1,boundary
0.6878690284487387,0.07528180354267308,1,boundary
0.6880837359098229,0.06473429951690819,1,boundary
0.6884057971014493,0.056897477187332283,1,boundary
0.6884057971014493,0.37727168161950775,1,boundary
0.68894256575416,0.07407407407407406,1,boundary
0.6893719806763285,0.06586151368760063,1,boundary
0.6900161030595814,0.0563607085346216,1,boundary
0.6900161030595813,0.07286634460547503,1,boundary
0.6900161030595814,0.37692661605705086,1,boundary
0.6906602254428341,0.06698872785829306,1,boundary
0.6910896403650026,0.07165861513687599,1,boundary
0.6916264090177134,0.055823939881910915,1,boundary
0.6916264090177134,0.376581550494594,1,boundary
0.6919484702093398,0.0681159420289855,1,boundary
0.692163177670424,0.07045088566827695,1,boundary
0.6932367149758454,0.05528717122920024,1,boundary
0.6932367149758454,0.06924315619967793,1,boundary
0.6932367149758454,0.3762364849321371,1,boundary
0.6948470209339774,0.054750402576489554,1,boundary
0.6948470209339774,0.3758914193696803,1,boundary
0.6964573268921095,0.05421363392377887,1,boundary
0.6964573268921095,0.3755463538072234,1,boundary
0.6980676328502415,0.053676865271068186,1,boundary
0.6980676328502415,0.37520128824476656,1,boundary
0.6985277202668507,0.3734759604324822,1,boundary
0.6989878076834598,0.37175063262019786,1,boundary
0.699447895100069,0.37002530480791357,1,boundary
0.6996779388083736,0.0531400966183575,1,boundary
0.6999079825166782,0.3682999769956292,1,boundary
0.7003680699332874,0.36657464918334487,1,boundary
0.7008281573498965,0.3648493213710605,1,boundary
0.7012882447665056,0.3631239935587762,1,boundary
0.7014224369296833,0.05260332796564682,1,boundary
0.7017483321831148,0.3613986657464919,1,boundary
0.7022084195997239,0.3596733379342075,1,boundary
0.7026685070163331,0.3579480101219232,1,boundary
0.703166935050993,0.05206655931293613,1,boundary
0.7031285944329423,0.3562226823096388,1,boundary
0.7035886818495515,0.35449735449735453,1,boundary
0.7040487692661606,0.3527720266850702,1,boundary
0.7045088566827697,0.35104669887278583,1,boundary
0.7049114331723028,0.051529790660225436,1,boundary
0.7063204508856683,0.35144927536231885,1,boundary
0.7066559312936125,0.05099302200751475,1,boundary
0.7081320450885669,0.35185185185185186,1,boundary
0.7084004294149222,0.05045625335480407,1,boundary
0.7099436392914654,0.3522544283413849,1,boundary
0.7101449275362319,0.04991948470209338,1,boundary
0.7111111111111111,0.04863123993558774,1,boundary
0.711755233494364,0.3526570048309179,1,boundary
0.7120772946859903,0.0473429951690821,1,boundary
0.7130434782608696,0.046054750402576464,1,boundary
0.7133655394524959,0.35990338164251207,1,boundary
0.7135668276972624,0.35305958132045084,1,boundary
0.7137233852209697,0.3616031490427626,1,boundary
0.7140096618357488,0.044766505636070826,1,boundary
0.7140812309894435,0.36330291644301305,1,boundary
0.7144927536231883,0.3587761674718196,1,boundary
0.7144390767579173,0.36500268384326356,1,boundary
0.714796922526391,0.3667024512435141,1,boundary
0.714975845410628,0.04347826086956519,1,boundary
0.7151547682948649,0.36840221864376455,1,boundary
0.715378421900161,0.35346215780998386,1,boundary
0.7155126140633387,0.37010198604401506,1,boundary
0.7156199677938808,0.35764895330112717,1,boundary
0.7158704598318124,0.3718017534442656,1,boundary
0.7162283056002863,0.37350152084451604,1,boundary
0.71658615136876,0.37520128824476656,1,boundary
0.7167874396135265,0.04334406870638752,1,boundary
0.7167471819645732,0.3565217391304348,1,boundary
0.7171900161030595,0.35386473429951687,1,boundary
0.7178743961352657,0.35539452495974233,1,boundary
0.7181964573268921,0.3760064412238326,1,boundary
0.7185990338164251,0.04320987654320985,1,boundary
0.7190016103059581,0.3542673107890499,1,boundary
0.7198067632850241,0.37681159420289856,1,boundary
0.7204106280193237,0.04307568438003218,1,boundary
0.7214170692431562,0.3776167471819646,1,boundary
0.7222222222222222,0.04294149221685451,1,boundary
0.7230273752012882,0.3784219001610306,1,boundary
0.7240338164251208,0.04280730005367685,1,boundary
0.7246376811594203,0.37922705314009664,1,boundary
0.7258454106280193,0.042673107890499176,1,boundary
0.7262479871175523,0.38003220611916266,1,boundary
0.7276570048309179,0.042538915727321505,1,boundary
0.7278582930756844,0.38083735909822863,1,boundary
0.7294685990338164,0.04240472356414384,1,boundary
0.7294685990338164,0.38164251207729466,1,boundary
0.7302737520128825,0.3829307568438003,1,boundary
0.7310789049919485,0.384219001610306,1,boundary
0.731280193236715,0.04227053140096617,1,boundary
0.7318840579710145,0.3855072463768116,1,boundary
0.7326892109500805,0.3867954911433173,1,boundary
0.7330917874396136,0.0421363392377885,1,boundary
0.7334943639291466,0.3880837359098229,1,boundary
0.7349033816425121,0.042002147074610835,1,boundary
0.7352053140096618,0.38868760064412244,1,boundary
0.7367149758454107,0.041867954911433164,1,boundary
0.7369162640901772,0.38929146537842196,1,boundary
0.7385730211817169,0.04162021553325901,1,boundary
0.7386272141706924,0.3898953301127215,1,boundary
0.7403381642512077,0.390499194847021,1,boundary
0.740431066518023,0.041372476155084846,1,boundary
0.742049114331723,0.39110305958132047,1,boundary
0.7422891118543293,0.04112473677691069,1,boundary
0.7437600644122383,0.39170692431562,1,boundary
0.7441471571906355,0.04087699739873653,1,boundary
0.7454710144927537,0.3923107890499195,1,boundary
0.7460052025269417,0.04062925802056237,1,boundary
0.7471819645732689,0.392914653784219,1,boundary
0.7478632478632479,0.04038151864238821,1,boundary
0.7484262919045528,0.3941589811155029,1,boundary
0.7496706192358367,0.3954033084467867,1,boundary
0.7497212931995542,0.040133779264214055,1,boundary
0.7509149465671204,0.3966476357780706,1,boundary
0.7515793385358603,0.03988603988603989,1,boundary
0.7521592738984043,0.39789196310935443,1,boundary
0.7534373838721665,0.03963830050786574,1,boundary
0.7534036012296882,0.3991362904406383,1,boundary
0.7546479285609721,0.40038061777192213,1,boundary
0.7552954292084727,0.039390561129691574,1,boundary
0.755892255892256,0.401624945103206,1,boundary
0.757153474544779,0.03914282175151742,1,boundary
0.7571365832235398,0.40286927243448983,1,boundary
0.7583809105548236,0.4041135997657737,1,boundary
0.7590115198810852,0.03889508237334326,1,boundary
0.7596252378861075,0.40535792709705754,1,boundary
0.7608695652173914,0.0386473429951691,1,boundary
0.7608695652173914,0.4066022544283414,1,boundary
0.7626140633387011,0.40593129361245306,1,boundary
0.7627147074610843,0.038580246913580266,1,boundary
0.7643585614600108,0.4052603327965647,1,boundary
0.7645598497047773,0.03851315083199143,1,boundary
0.7661030595813205,0.40458937198067635,1,boundary
0.7664049919484702,0.03844605475040259,1,boundary
0.7678475577026301,0.40391841116478805,1,boundary
0.7682501341921633,0.03837895866881375,1,boundary
0.7695920558239399,0.4032474503488997,1,boundary
0.7700952764358562,0.03831186258722492,1,boundary
0.7713365539452496,0.40257648953301134,1,boundary
0.7719404186795491,0.038244766505636074,1,boundary
0.7729468599033816,0.4017713365539453,1,boundary
0.7737855609232421,0.03817767042404724,1,boundary
0.7745571658615137,0.4009661835748793,1,boundary
0.775630703166935,0.0381105743424584,1,boundary
0.7761674718196457,0.40016103059581326,1,boundary
0.7774758454106281,0.03804347826086957,1,boundary
0.7777777777777778,0.39935587761674723,1,boundary
0.779320987654321,0.03797638217928073,1,boundary
0.7793880837359098,0.3985507246376812,1,boundary
0.7809983896940419,0.3977455716586152,1,boundary
0.781166129898014,0.03790928609769189,1,boundary
0.782608695652174,0.39694041867954916,1,boundary
0.783011272141707,0.037842190016103054,1,boundary
0.784219001610306,0.39613526570048313,1,boundary
0.7848564143853999,0.03777509393451422,1,boundary
0.785829307568438,0.3953301127214171,1,boundary
0.7867015566290929,0.037707997852925376,1,boundary
0.7875546353807223,0.39487002530480797,1,boundary
0.7885466988727858,0.03764090177133654,1,boundary
0.7892799631930068,0.3944099378881988,1,boundary
0.7903918411164789,0.037573805689747705,1,boundary
0.791005291005291,0.39394985047158965,1,boundary
0.7922369833601718,0.03750670960815887,1,boundary
0.7927306188175753,0.39348976305498046,1,boundary
0.7940821256038648,0.037439613526570034,1,boundary
0.7944559466298596,0.3930296756383713,1,boundary
0.7959272678475577,0.03737251744498119,1,boundary
0.796181274442144,0.39256958822176213,1,boundary
0.7977724100912507,0.037305421363392356,1,boundary
0.7979066022544283,0.392109500805153,1,boundary
0.7996175523349437,0.03723832528180352,1,boundary
0.7996779388083736,0.39200214707461084,1,boundary
0.8014626945786366,0.03717122920021468,1,boundary
0.8014492753623188,0.39189479334406874,1,boundary
0.803220611916264,0.3917874396135266,1,boundary
0.8033078368223296,0.03710413311862584,1,boundary
0.8049919484702094,0.3916800858829845,1,boundary
0.8051529790660226,0.03703703703703701,1,boundary
0.8067632850241546,0.3915727321524423,1,boundary
0.806852746466273,0.037484344247629246,1,boundary
0.8085346215780999,0.39146537842190016,1,boundary
0.8085525138665235,0.037931651458221485,1,boundary
0.8102522812667741,0.03837895866881372,1,boundary
0.8103059581320451,0.39135802469135805,1,boundary
0.8119520486670245,0.038826265879405956,1,boundary
0.8120772946859903,0.3912506709608159,1,boundary
0.813651816067275,0.039273573089998196,1,boundary
0.8138486312399356,0.3911433172302738,1,boundary
0.8153515834675255,0.039720880300590435,1,boundary
0.8156199677938808,0.39103596349973163,1,boundary
0.817051350867776,0.04016818751118267,1,boundary
0.817391304347826,0.3909286097691895,1,boundary
0.8187511182680265,0.040615494721774906,1,boundary
0.8191626409017714,0.39082125603864737,1,boundary
0.820450885668277,0.041062801932367145,1,boundary
0.8209339774557166,0.3907139023081052,1,boundary
0.822061191626409,0.042028985507246375,1,boundary
0.8227053140096618,0.3906065485775631,1,boundary
0.8236714975845411,0.042995169082125605,1,boundary
0.8244766505636071,0.39049919484702095,1,boundary
0.8252818035426731,0.04396135265700484,1,boundary
0.8260869565217391,0.3899959742351047,1,boundary
0.8268921095008052,0.04492753623188407,1,boundary
0.8276972624798712,0.3894927536231884,1,boundary
0.8285024154589372,0.0458937198067633,1,boundary
0.8293075684380032,0.38898953301127215,1,boundary
0.8297101449275363,0.047235641438540005,1,boundary
0.8309178743961353,0.04857756307031671,1,boundary
0.8309178743961353,0.3884863123993559,1,boundary
0.8321256038647343,0.04991948470209341,1,boundary
0.8325281803542673,0.3879830917874396,1,boundary
0.8333333333333334,0.05126140633387011,1,boundary
0.8341384863123994,0.38747987117552335,1,boundary
0.8345410628019324,0.05260332796564681,1,boundary
0.8357487922705313,0.053945249597423514,1,boundary
0.8357487922705314,0.3869766505636071,1,boundary
0.8369565217391304,0.05528717122920022,1,boundary
0.8373590982286635,0.3864734299516908,1,boundary
0.8381642512077294,0.05662909286097692,1,boundary
0.8391706924315621,0.3862050456253355,1,boundary
0.8393719806763285,0.05797101449275362,1,boundary
0.8405797101449275,0.05931293612453033,1,boundary
0.8409822866344606,0.38593666129898013,1,boundary
0.8417874396135265,0.060654857756307023,1,boundary
0.8427938808373592,0.3856682769726248,1,boundary
0.8429951690821256,0.06199677938808373,1,boundary
0.8436392914653784,0.06360708534621577,1,boundary
0.8442834138486313,0.06521739130434781,1,boundary
0.8446054750402577,0.38539989264626945,1,boundary
0.844927536231884,0.06682769726247985,1,boundary
0.8455716586151368,0.0684380032206119,1,boundary
0.8462157809983897,0.07004830917874394,1,boundary
0.8464170692431563,0.3851315083199141,1,boundary
0.8467525496511004,0.07165861513687599,1,boundary
0.847289318303811,0.07326892109500804,1,boundary
0.8478260869565217,0.0748792270531401,1,boundary
0.8483628556092324,0.07648953301127215,1,boundary
0.8482286634460547,0.38486312399355876,1,boundary
0.8488996242619431,0.0780998389694042,1,boundary
0.8494363929146538,0.07971014492753625,1,boundary
0.8497584541062801,0.0814814814814815,1,boundary
0.8500805152979066,0.08325281803542674,1,boundary
0.8500402576489533,0.3845947396672034,1,boundary
0.850402576489533,0.08502415458937199,1,boundary
0.8507246376811595,0.08679549114331724,1,boundary
0.8510466988727858,0.08856682769726248,1,boundary
0.8513687600644122,0.09033816425120772,1,boundary
0.8516908212560387,0.09210950080515297,1,boundary
0.8518518518518519,0.3843263553408481,1,boundary
0.852012882447665,0.09388083735909822,1,boundary
0.8523349436392915,0.09565217391304345,1,boundary
0.8526570048309179,0.0974235104669887,1,boundary
0.8536231884057971,0.09903381642512075,1,boundary
0.8536634460547504,0.38405797101449274,1,boundary
0.8545893719806763,0.10064412238325281,1,boundary
0.8555555555555556,0.10225442834138487,1,boundary
0.855475040257649,0.3837895866881374,1,boundary
0.8565217391304348,0.10386473429951693,1,boundary
0.8572866344605475,0.38352120236178205,1,boundary
0.857487922705314,0.10547504025764898,1,boundary
0.8581320450885669,0.10708534621578102,1,boundary
0.8587761674718197,0.10869565217391307,1,boundary
0.8590982286634461,0.3832528180354267,1,boundary
0.8594202898550725,0.1103059581320451,1,boundary
0.8600644122383253,0.11191626409017716,1,boundary
0.8607085346215781,0.1135265700483092,1,boundary
0.8609098228663447,0.3833735909822866,1,boundary
0.8618357487922705,0.11465378421900163,1,boundary
0.8627214170692432,0.38349436392914654,1,boundary
0.8629629629629629,0.11578099838969406,1,boundary
0.8640901771336554,0.1169082125603865,1,boundary
0.8645330112721418,0.3836151368760064,1,boundary
0.8652173913043478,0.11803542673107893,1,boundary
0.8663446054750402,0.11916264090177137,1,boundary
0.8663446054750403,0.3837359098228663,1,boundary
0.8680699332873245,0.11962272831838051,1,boundary
0.8681561996779388,0.38385668276972623,1,boundary
0.8697952610996089,0.12008281573498968,1,boundary
0.8699677938808373,0.38397745571658615,1,boundary
0.8715205889118932,0.12054290315159882,1,boundary
0.8717793880837359,0.38409822866344606,1,boundary
0.8732459167241776,0.12100299056820797,1,boundary
0.8735909822866345,0.3842190016103059,1,boundary
0.8749712445364619,0.12146307798481712,1,boundary
0.875402576489533,0.38433977455716584,1,boundary
0.8766965723487463,0.12192316540142628,1,boundary
0.8772141706924316,0.38446054750402575,1,boundary
0.8784219001610306,0.12238325281803543,1,boundary
0.8790257648953301,0.38458132045088567,1,boundary
0.8799427446770443,0.12350152084451602,1,boundary
0.8808373590982287,0.3847020933977456,1,boundary
0.8814635891930578,0.1246197888709966,1,boundary
0.8826489533011272,0.38482286634460544,1,boundary
0.8829844337090714,0.1257380568974772,1,boundary
0.8844605475040258,0.38494363929146536,1,boundary
0.884505278225085,0.12685632492395776,1,boundary
0.8860261227410986,0.12797459295043837,1,boundary
0.8862721417069244,0.38506441223832527,1,boundary
0.8875469672571122,0.12909286097691894,1,boundary
0.8880837359098228,0.3851851851851852,1,boundary
0.8890678117731258,0.13021112900339954,1,boundary
0.8898953301127214,0.3853059581320451,1,boundary
0.8905886562891394,0.1313293970298801,1,boundary
0.8917069243156199,0.38542673107890496,1,boundary
0.8921095008051529,0.1324476650563607,1,boundary
0.8935185185185185,0.3855475040257649,1,boundary
0.8936303453211666,0.1335659330828413,1,boundary
0.8951511898371802,0.1346842011093219,1,boundary
0.895330112721417,0.3856682769726248,1,boundary
0.8966720343531938,0.13580246913580246,1,boundary
0.8971523010424612,0.3857954063903721,1,boundary
0.8981928788692074,0.13692073716228306,1,boundary
0.8989744893635053,0.3859225358081193,1,boundary
0.899713723385221,0.13803900518876364,1,boundary
0.9007966776845495,0.3860496652258666,1,boundary
0.9012345679012346,0.13915727321524424,1,boundary
0.9026188660055937,0.3861767946436139,1,boundary
0.9027554124172482,0.1402755412417248,1,boundary
0.9042762569332617,0.14139380926820538,1,boundary
0.9044410543266378,0.38630392406136116,1,boundary
0.9057971014492754,0.14251207729468598,1,boundary
0.906263242647682,0.3864310534791084,1,boundary
0.9069601001968152,0.14376453748434426,1,boundary
0.908123098944355,0.1450169976740025,1,boundary
0.9080854309687262,0.3865581828968557,1,boundary
0.9092860976918948,0.14626945786366077,1,boundary
0.9099076192897703,0.38668531231460296,1,boundary
0.9104490964394346,0.14752191805331902,1,boundary
0.9116120951869744,0.1487743782429773,1,boundary
0.9117298076108145,0.38681244173235024,1,boundary
0.9127750939345142,0.15002683843263553,1,boundary
0.9135519959318587,0.38693957115009747,1,boundary
0.9139380926820541,0.1512792986222938,1,boundary
0.9151010914295938,0.15253175881195205,1,boundary
0.9153741842529028,0.38706670056784476,1,boundary
0.9162640901771336,0.15378421900161032,1,boundary
0.9171963725739469,0.38719382998559204,1,boundary
0.917391304347826,0.15523349436392916,1,boundary
0.9185185185185185,0.156682769726248,1,boundary
0.9190185608949911,0.3873209594033393,1,boundary
0.9196457326892109,0.15813204508856685,1,boundary
0.9207729468599034,0.1595813204508857,1,boundary
0.9208407492160353,0.38744808882108656,1,boundary
0.9219001610305958,0.16103059581320453,1,boundary
0.9226629375370794,0.38757521823883384,1,boundary
0.9230273752012882,0.16247987117552337,1,boundary
0.9241545893719807,0.1639291465378422,1,boundary
0.9244851258581236,0.3877023476565811,1,boundary
0.9252818035426731,0.16537842190016105,1,boundary
0.9263073141791678,0.3878294770743284,1,boundary
0.9264090177133656,0.1668276972624799,1,boundary
0.927536231884058,0.16827697262479874,1,boundary
0.9282071926999463,0.16975308641975312,1,boundary
0.9281295025002119,0.38795660649207564,1,boundary
0.9288781535158347,0.17122920021470747,1,boundary
0.929549114331723,0.17270531400966183,1,boundary
0.9299516908212561,0.3880837359098229,1,boundary
0.9302200751476114,0.1741814278046162,1,boundary
0.9308910359634998,0.1756575415995706,1,boundary
0.9315619967793881,0.17713365539452494,1,boundary
0.9316961889425658,0.3880837359098229,1,boundary
0.9321658615136876,0.178743961352657,1,boundary
0.9327697262479872,0.18035426731078905,1,boundary
0.9333735909822867,0.1819645732689211,1,boundary
0.9334406870638755,0.3880837359098229,1,boundary
0.9339774557165862,0.18357487922705312,1,boundary
0.9345813204508857,0.18518518518518517,1,boundary
0.9351851851851852,0.18679549114331723,1,boundary
0.9351851851851852,0.3880837359098229,1,boundary
0.9357890499194848,0.18840579710144928,1,boundary
0.9363929146537843,0.19001610305958133,1,boundary
0.936929683306495,0.3880837359098229,1,boundary
0.9370370370370371,0.19146537842190017,1,boundary
0.9376811594202898,0.19291465378421901,1,boundary
0.9383252818035427,0.19436392914653783,1,boundary
0.9386741814278047,0.3880837359098229,1,boundary
0.9389694041867954,0.19581320450885667,1,boundary
0.9396135265700483,0.1972624798711755,1,boundary
0.9404186795491143,0.19871175523349435,1,boundary
0.9404186795491143,0.3880837359098229,1,boundary
0.9412238325281803,0.2001610305958132,1,boundary
0.9420289855072463,0.20161030595813204,1,boundary
0.942163177670424,0.3880837359098229,1,boundary
0.9428341384863124,0.20305958132045088,1,boundary
0.9436392914653784,0.20450885668276972,1,boundary
0.9436392914653784,0.3446054750402577,1,boundary
0.9438287392251586,0.3372170124088283,1,boundary
0.9437813772852136,0.3390641280666856,1,boundary
0.9437340153452685,0.340911243724543,1,boundary
0.9436866534053234,0.34275835938240035,1,boundary
0.9440181869849389,0.32982854977739895,1,boundary
0.9439708250449939,0.3316756654352563,1,boundary
0.9439234631050487,0.3335227810931136,1,boundary
0.9438761011651037,0.33536989675097095,1,boundary
0.9439076757917337,0.3880837359098229,1,boundary
0.9442076347447191,0.32244008714596956,1,boundary
0.9441602728047741,0.3242872028038269,1,boundary
0.944112910864829,0.3261343184616842,1,boundary
0.9440655489248839,0.32798143411954156,1,boundary
0.9443970825044994,0.31505162451454016,1,boundary
0.9443497205645544,0.3168987401723975,1,boundary
0.9443023586246092,0.3187458558302549,1,boundary
0.9442549966846642,0.3205929714881122,1,boundary
0.9444444444444444,0.20611916264090177,1,boundary
0.9444444444444444,0.31320450885668283,1,boundary
0.9445786366076221,0.3459473966720344,1,boundary
0.9447128287707998,0.31132581857219543,1,boundary
0.9449812130971551,0.30944712828770804,1,boundary
0.9452495974235104,0.2077294685990338,1,boundary
0.9452495974235104,0.30756843800322065,1,boundary
0.9455179817498658,0.30568974771873325,1,boundary
0.9455179817498658,0.3472893183038111,1,boundary
0.9456521739130435,0.3880837359098229,1,boundary
0.9457863660762211,0.30381105743424586,1,boundary
0.9460547504025765,0.20933977455716585,1,boundary
0.9460547504025765,0.30193236714975846,1,boundary
0.9463231347289318,0.3000536768652711,1,boundary
0.9464573268921095,0.34863123993558776,1,boundary
0.9465915190552872,0.29817498658078373,1,boundary
0.9468599033816425,0.21095008051529787,1,boundary
0.9468599033816425,0.29629629629629634,1,boundary
0.9471282877079978,0.29441760601180894,1,boundary
0.9473966720343532,0.29253891572732155,1,boundary
0.9473966720343532,0.34997316156736447,1,boundary
0.9473966720343532,0.3880837359098229,1,boundary
0.9476650563607085,0.21256038647342992,1,boundary
0.9478439792449455,0.28878153515834676,1,boundary
0.9476650563607085,0.29066022544283415,1,boundary
0.9480229021291823,0.28690284487385936,1,boundary
0.9482018250134192,0.21430488459473965,1,boundary
0.9482018250134192,0.285024154589372,1,boundary
0.9483807478976561,0.28314546430488463,1,boundary
0.9483360171765969,0.3513150831991412,1,boundary
0.948559670781893,0.28126677402039724,1,boundary
0.9487385936661299,0.21604938271604937,1,boundary
0.9487385936661299,0.27938808373590984,1,boundary
0.9489175165503668,0.27750939345142245,1,boundary
0.9490964394346036,0.27563070316693505,1,boundary
0.9491411701556629,0.3880837359098229,1,boundary
0.9492753623188406,0.2177938808373591,1,boundary
0.9492753623188406,0.27375201288244766,1,boundary
0.9492753623188406,0.3526570048309179,1,boundary
0.9494542852030775,0.2718733225979603,1,boundary
0.9495054060271452,0.35449735449735453,1,boundary
0.9496332080873143,0.2699946323134729,1,boundary
0.9497354497354498,0.3563377041637911,1,boundary
0.9498121309715513,0.21953837895866882,1,boundary
0.9498121309715513,0.26811594202898553,1,boundary
0.9499910538557882,0.26623725174449814,1,boundary
0.9499654934437544,0.35817805383022777,1,boundary
0.950169976740025,0.26435856146001074,1,boundary
0.9501955371520588,0.36001840349666436,1,boundary
0.950348899624262,0.22128287707997854,1,boundary
0.950348899624262,0.2624798711755234,1,boundary
0.9504255808603634,0.361858753163101,1,boundary
0.9505278225084989,0.260601180891036,1,boundary
0.950655624568668,0.3636991028295376,1,boundary
0.9507067453927357,0.2587224906065486,1,boundary
0.9508856682769726,0.22302737520128826,1,boundary
0.9508856682769726,0.2568438003220612,1,boundary
0.9508856682769726,0.36553945249597425,1,boundary
0.9508856682769726,0.3880837359098229,1,boundary
0.9511784511784512,0.25501390718782024,1,boundary
0.9511157119852772,0.3673798021624109,1,boundary
0.951154052603328,0.38647342995169087,1,boundary
0.9512882447665056,0.22473832528180357,1,boundary
0.9513457556935818,0.3692201518288475,1,boundary
0.9514224369296833,0.3848631239935588,1,boundary
0.9514712340799297,0.2531840140535793,1,boundary
0.9515757994018864,0.37106050149528413,1,boundary
0.9516908212560387,0.22644927536231885,1,boundary
0.9517640169814083,0.25135412091933834,1,boundary
0.9518058431101909,0.3729008511617207,1,boundary
0.9516908212560387,0.38325281803542677,1,boundary
0.951959205582394,0.3816425120772947,1,boundary
0.9520933977455717,0.22816022544283415,1,boundary
0.9520567998828868,0.24952422778509736,1,boundary
0.9520358868184955,0.3747412008281574,1,boundary
0.9523495827843654,0.2476943346508564,1,boundary
0.9522659305268001,0.37658155049459396,1,boundary
0.9522275899087493,0.38003220611916266,1,boundary
0.9524959742351047,0.22987117552334946,1,boundary
0.9524959742351047,0.3784219001610306,1,boundary
0.9526423656858439,0.24586444151661543,1,boundary
0.9528985507246377,0.23158212560386474,1,boundary
0.9529351485873225,0.24403454838237448,1,boundary
0.9533011272141707,0.23329307568438004,1,boundary
0.953227931488801,0.2422046552481335,1,boundary
0.9535207143902796,0.24037476211389255,1,boundary
0.9537037037037037,0.23500402576489532,1,boundary
0.9538134972917581,0.23854486897965158,1,boundary
0.9541062801932367,0.23671497584541062,1,boundary
0.6305893779288977,0.2815176864638871,1,interior
0.6328916860908188,0.28160736341535086,1,interior
0.6305225904104681,0.2841269473444439,1,interior
0.6359231288024649,0.28147044019579076,1,interior
0.62997407823416,0.2799058675912793,1,interior
0.6327969261557774,0.28001436100103616,1,interior
0.6344576553351071,0.2820310713668665,1,interior
0.6388360379691125,0.28230215206198067,1,interior
0.6346420213105738,0.2847985331947852,1,interior
0.6320926787664272,0.28538102324224035,1,interior
0.6373392064085326,0.2805561889308543,1,interior
0.634342189166932,0.27956062926378367,1,interior
0.6393920816770806,0.27863383145545145,1,interior
0.6335403283192043,0.28355943619141766,1,interior
0.6359125597992712,0.2797016654586356,1,interior
0.6332149652850046,0.27808594823746713,1,interior
0.6408844395028821,0.27833228359060297,1,interior
0.6403665467888584,0.2768636697124146,1,interior
0.6358379156396211,0.28371077914283055,1,interior
0.6316995248473825,0.2770213916382186,1,interior
0.6413704916352144,0.2753698701863899,1,interior
0.631673642098317,0.2789418659771116,1,interior
0.6428446916326775,0.277160103953708,1,interior
0.639394133324711,0.2846642189318863,1,interior
0.6387990987382263,0.2770036020257224,1,interior
0.6335248748354826,0.2755336605095909,1,interior
0.6344128971857134,0.28710476775279503,1,interior
0.6389655512896125,0.2752271205508162,1,interior
0.6303687617697745,0.28754128538481305,1,interior
0.6360938745008403,0.27767106294714716,1,interior
0.6409611659706015,0.28039628428417585,1,interior
0.6372976522334862,0.27668889929458673,1,interior
0.644323639808383,0.27604089321017045,1,interior
0.6320274339037745,0.2829805442731717,1,interior
0.6429815235805554,0.28038290749418454,1,interior
0.6464034954725877,0.2765458141705388,1,interior
0.6481365098817303,0.2752760204801372,1,interior
0.642644082267446,0.2826302305327328,1,interior
0.6291573314481171,0.28581390697573145,1,interior
0.6375439075851022,0.2785263118610429,1,interior
0.6294101323284258,0.28250574220137825,1,interior
0.6394323826521711,0.2734650378001116,1,interior
0.6374718799450192,0.2740111085078513,1,interior
0.6461905347509986,0.2746456948663839,1,interior
0.6372989274158831,0.28252517022030094,1,interior
0.6455759536368036,0.28319735495679615,1,interior
0.6362318786700187,0.2715880780304194,1,interior
0.6286294841077766,0.2890973851104375,1,interior
0.6344660093133448,0.27718708294397787,1,interior
0.6366171603286672,0.2852322576813414,1,interior
0.627018214214497,0.28978358448142116,1,interior
0.628659688771635,0.2841372184519413,1,interior
0.6294460409217996,0.29188855160490124,1,interior
0.6449339894736391,0.279007274207083,1,interior
0.632441938901255,0.28757071713156435,1,interior
0.6393918341041436,0.280179139640607,1,interior
0.6470902556092389,0.2787436491871322,1,interior
0.6418730942069127,0.27176038188915413,1,interior
0.6446586746890789,0.2738745733386769,1,interior
0.6484476962767157,0.2769448959466209,1,interior
0.6276999954257763,0.28219700877333065,1,interior
0.6425656808419521,0.2738868760973765,1,interior
0.6304622626193532,0.2748162022408108,1,interior
0.6474838966356414,0.2725989252217465,1,interior
0.6276208297134007,0.29129990160937846,1,interior
0.6382725806477145,0.27191082671702455,1,interior
0.6428135266069758,0.2787793467092601,1,interior
0.6446741326859986,0.27225298224516314,1,interior
0.6342338696759641,0.2732180626661689,1,interior
0.6288799400258516,0.27848553002487686,1,interior
0.6279482158808937,0.2804585273645781,1,interior
0.6352760765937558,0.274572224983502,1,interior
0.6240868809105163,0.28901554452623535,1,interior
0.6263149398664488,0.2926106307235758,1,interior
0.6303941443949275,0.27810299127445665,1,interior
0.6317995004642225,0.27196353817733965,1,interior
0.6319917646607268,0.2689816574278281,1,interior
0.6458807162156518,0.2809960446154294,1,interior
0.6409333123878775,0.27384369738748804,1,interior
0.6374851356870191,0.2699905374508872,1,interior
0.6406868317263962,0.2826167520902934,1,interior
0.6261031546454083,0.28163990723642024,1,interior
0.6276202648293159,0.29428943386711987,1,interior
0.6251677362996266,0.29035025105289247,1,interior
0.6269876742225138,0.2843256440647842,1,interior
0.6391578976537255,0.26993841815672626,1,interior
0.6252607699004968,0.2944105592025193,1,interior
0.6365392737316689,0.28690799301125586,1,interior
0.635118112786789,0.2899187147175291,1,interior
0.6263759319449975,0.2880846140317049,1,interior
0.6470960156358703,0.2820909024821582,1,interior
0.6250290101385083,0.28288061751693616,1,interior
0.6227384686707513,0.29429485818954193,1,interior
0.6443012484945534,0.28127648710334147,1,interior
0.6263925741963099,0.2969134775673006,1,interior
0.6258300484471971,0.2794918037939179,1,interior
0.648529085044333,0.2827976661366496,1,interior
0.629631752979582,0.29482753764253544,1,interior
0.6386428297844915,0.2869077764301568,1,interior
0.63665927225071,0.2886683641186537,1,interior
0.6237303188180758,0.28104964606242167,1,interior
0.6424833241003861,0.2849714389510042,1,interior
0.6280210096005576,0.28699243643325073,1,interior
0.624220138441636,0.2785290259571153,1,interior
0.6241369827302397,0.2979975985326731,1,interior
0.6445129294018603,0.28483789627861367,1,interior
0.6402959683022738,0.27109659607231557,1,interior
0.6230117242640754,0.29271895947405874,1,interior
0.6322762418954675,0.27449905858591683,1,interior
0.6385522714475581,0.28848831599087765,1,interior
0.6281535240680775,0.2967784421304797,1,interior
0.6212165106574479,0.29182247794433697,1,interior
0.6283108069090458,0.2760765305613224,1,interior
0.6491174909440512,0.2791182638479686,1,interior
0.643023406011093,0.28654424238132337,1,interior
0.6514674250495169,0.2799766419439114,1,interior
0.6309278709504799,0.27326201394635213,1,interior
0.6485549336623713,0.2807519488194987,1,interior
0.6259228513017349,0.29896359484222423,1,interior
0.6500452473581949,0.2833652537800962,1,interior
0.6333544478499099,0.2719751309600876,1,interior
0.6448896446383745,0.28756953710399713,1,interior
0.6520501405118534,0.2783334158433665,1,interior
0.6463182194303888,0.2861385468256075,1,interior
0.6411138417599838,0.2694004202708624,1,interior
0.6247538990546712,0.28688624997907114,1,interior
0.6478760411965566,0.2860390785019915,1,interior
0.6234095994979333,0.28436437211524596,1,interior
0.6266236951893932,0.28624151774787593,1,interior
0.6253538681288114,0.2846723008504678,1,interior
0.6230006712028384,0.2863940809268441,1,interior
0.6254597181765621,0.2773819264504551,1,interior
0.6224518427395035,0.276521190224343,1,interior
0.6411305189497664,0.2873018289314151,1,interior
0.6230543130090103,0.3002523251636658,1,interior
0.6268489662879961,0.27814032060113286,1,interior
0.6402947196709594,0.2897917595264914,1,interior
0.6424302833645364,0.2882531294140271,1,interior
0.6335390565767757,0.2699165392010996,1,interior
0.6441593879829504,0.28987628529856935,1,interior
0.6319238256822597,0.2897534825466089,1,interior
0.623733194394762,0.2959618317361539,1,interior
0.6427431713200126,0.29079555286651243,1,interior
0.6398427276700795,0.26790371935029395,1,interior
0.6413703627812527,0.29235408371068805,1,interior
0.6216198969819309,0.29674456966392204,1,interior
0.6305913052015446,0.27061477936212486,1,interior
0.6312573147487373,0.293892263160967,1,interior
0.6278249145024899,0.29862787960156956,1,interior
0.6307672531613623,0.2910857927147822,1,interior
0.6218265084275467,0.28027809018042243,1,interior
0.6266974854890172,0.2758599366531752,1,interior
0.6277942498931718,0.2736492377533397,1,interior
0.6487448947916128,0.2874987260888454,1,interior
0.6374708566103844,0.2905267416642913,1,interior
0.6373588167529648,0.2679548018454141,1,interior
0.6495882595258805,0.2849538333052146,1,interior
0.63505025574565,0.2694674865026467,1,interior
0.626263302242033,0.27424563957445103,1,interior
0.6225289697844885,0.2747985252360223,1,interior
0.6383026519110081,0.2659249188462632,1,interior
0.6224682986101084,0.2895298697816562,1,interior
0.6224256899992482,0.29813683641555544,1,interior
0.6202129050585854,0.29510207190071475,1,interior
0.632354815586507,0.2950138219122636,1,interior
0.6229041747986886,0.28255453860903434,1,interior
0.635384949647452,0.2919591373472065,1,interior
0.6376893079189001,0.2643353246384747,1,interior
0.6294977402623468,0.29904445629140103,1,interior
0.6488202336424643,0.2712599516878361,1,interior
0.621354185265948,0.28797867567900787,1,interior
0.6335192851885528,0.2892209172954152,1,interior
0.6436406114486425,0.27088505041252225,1,interior
0.6205644433678102,0.2858111919478955,1,interior
0.6252018478125269,0.272334711881946,1,interior
0.6391024039308132,0.2918417463924963,1,interior
0.6507910289328506,0.2769474750822174,1,interior
0.6538819321260595,0.2784969231351585,1,interior
0.6216347619880203,0.2846854970379329,1,interior
0.6236263973472277,0.2908479147002983,1,interior
0.628581988614076,0.270060770687018,1,interior
0.633734095107148,0.2930608779916069,1,interior
0.649791524654595,0.27542532514803053,1,interior
0.6368833540838404,0.2624795026211855,1,interior
0.6291302118619967,0.2725805609820352,1,interior
0.6331272941154678,0.29078207943441126,1,interior
0.6322478983736447,0.2927414583659534,1,interior
0.6211023556551201,0.2996151048723797,1,interior
0.6519061502775165,0.2756820862157045,1,interior
0.6183920760907256,0.2876654635904364,1,interior
0.6331633564323627,0.26779948334560916,1,interior
0.6214299143477203,0.2817681544550861,1,interior
0.647264544752793,0.28397789539775237,1,interior
0.6391274308248852,0.26223704653062524,1,interior
0.6511256852563385,0.2816630081243461,1,interior
0.6352536169708835,0.26769967961477464,1,interior
0.6350982201279591,0.2648566654338601,1,interior
0.6408062708961924,0.26553856061066927,1,interior
0.6189916652030043,0.2895533664465146,1,interior
0.6300848361179738,0.28965964679076633,1,interior
0.6488926764258158,0.27349179403902746,1,interior
0.6288479154837451,0.3005428560175662,1,interior
0.6540030065626361,0.28035233647720154,1,interior
0.6365503806668722,0.2662556292231378,1,interior
0.624732813417929,0.3008307744674958,1,interior
0.6190624128443796,0.28482352302646347,1,interior
0.6320542825470726,0.29676697307585337,1,interior
0.6542521615773491,0.27685646349758913,1,interior
0.6223274015752233,0.2783635224949483,1,interior
0.6195197871459537,0.27969361925393843,1,interior
0.6464443847018112,0.2884069473752436,1,interior
0.6212895072560265,0.3023560134153867,1,interior
0.640203281112463,0.29452202972242203,1,interior
0.6210081585701274,0.27517477751542485,1,interior
0.62694184031932,0.27212729149527654,1,interior
0.6209843304686556,0.29001483539248474,1,interior
0.6454483725078278,0.26966860625303474,1,interior
0.6303774472356967,0.2972231007305655,1,interior
0.6562786911933857,0.2822148195390068,1,interior
0.6460299863310692,0.29022317465830677,1,interior
0.6196573477428245,0.29725003556846624,1,interior
0.6395019623784495,0.26416003434997987,1,interior
0.6246783731219238,0.29287695290107946,1,interior
0.631141122192912,0.3003207169214108,1,interior
0.6342773632218411,0.2663735893157489,1,interior
0.6282694938572034,0.29289454749999955,1,interior
0.6506211808603626,0.2733540889664654,1,interior
0.620198719666843,0.27680106696053597,1,interior
0.6188549446649021,0.28248397849971607,1,interior
0.6315779265453805,0.26705607781563606,1,interior
0.6352149976832879,0.26313382660552254,1,interior
0.6177829263225093,0.27780506085382484,1,interior
0.6188552796521515,0.29217042749426464,1,interior
0.6201413235404023,0.29351079799460844,1,interior
0.6377949620037562,0.2606634934277774,1,interior
0.6166405366896955,0.284727568419783,1,interior
0.6242033981819335,0.273903472536826,1,interior
0.655605604997638,0.27940161714766537,1,interior
0.6511463008911166,0.2867549091546419,1,interior
0.6514772033234925,0.2719183269800973,1,interior
0.6181456983011409,0.2753063035064615,1,interior
0.6294419672703316,0.26735596643780984,1,interior
0.6171551202557076,0.29780177320574935,1,interior
0.6267803382079787,0.2697776876128849,1,interior
0.6525481732455939,0.27419184090008253,1,interior
0.6431305949228786,0.2929974078077639,1,interior
0.6188229648708812,0.29435142910871365,1,interior
0.6322349845315234,0.2984236097184498,1,interior
0.644656509705258,0.2916779470462803,1,interior
0.639367996284056,0.26010779143341206,1,interior
0.6429535076624922,0.2946137865533057,1,interior
0.6567625014946906,0.28058880599783004,1,interior
0.6483072536816197,0.28922028562194274,1,interior
0.6231048466974527,0.27279725719371734,1,interior
0.6472643267500946,0.2710529633673695,1,interior
0.6464445038493436,0.29171875692228366,1,interior
0.6530629899225219,0.2852578014294067,1,interior
0.6163467671778694,0.27679624627000904,1,interior
0.6515001983320936,0.2851618312507095,1,interior
0.6350563781243319,0.25995146001414443,1,interior
0.6547772685253872,0.28324688429079714,1,interior
0.6267524072225148,0.30153977812983745,1,interior
0.6529579087383628,0.2872032228412324,1,interior
0.6237974349308516,0.30253529991245676,1,interior
0.6525999793193121,0.283362541102125,1,interior
0.632358743727588,0.2656294251670741,1,interior
0.638124182938822,0.2931933326236888,1,interior
0.6525656087973335,0.27043502607187025,1,interior
0.6171430133261739,0.28122536753885546,1,interior
0.6150786717130475,0.2853113508101556,1,interior
0.6162623816294314,0.27995923997505007,1,interior
0.6205570410430561,0.2784670876956561,1,interior
0.6277540668541599,0.2675568049686955,1,interior
0.6413177672593571,0.26180452742501686,1,interior
0.6330045176393571,0.29992360214140895,1,interior
0.6302673079384236,0.26893297684446354,1,interior
0.6239371150188295,0.27692144607298397,1,interior
0.6260481614638763,0.3030656824233771,1,interior
0.6160772232832383,0.28233296320565016,1,interior
0.6500482267771085,0.290562759699985,1,interior
0.6498782441260456,0.2889139290815694,1,interior
0.6248729208871964,0.27531281116769074,1,interior
0.6283302856454894,0.3024816370212138,1,interior
0.6330626075595062,0.2626785609472661,1,interior
0.6149494456565171,0.2774582814697631,1,interior
0.6381335472655069,0.2582385835444315,1,interior
0.6172893293394554,0.2866025785488799,1,interior
0.6397748191949418,0.2969399176473852,1,interior
0.6235370639487627,0.27133708410897933,1,interior
0.6502085980724389,0.2703502430018584,1,interior
0.6195424973219721,0.27426492697868665,1,interior
0.6153764899508872,0.28772628137985795,1,interior
0.6148877234315524,0.2899843006738479,1,interior
0.6204095851483115,0.27270805796760045,1,interior
0.6480455458077878,0.2916371533636025,1,interior
0.6300982708391236,0.30295829215823167,1,interior
0.6543544627805987,0.27456075740248603,1,interior
0.618112295126477,0.2719695121870002,1,interior
0.6177710313432403,0.29545806286887005,1,interior
0.6271202573822641,0.3000234713314196,1,interior
0.643803110400246,0.2693728658418952,1,interior
0.6449487853045598,0.29444672669977395,1,interior
0.6536490262307921,0.28927095672120107,1,interior
0.6543296982641191,0.29188175567164465,1,interior
0.6561467194720885,0.27779662575802655,1,interior
0.6179690969384565,0.29076718136670204,1,interior
0.6134550700646201,0.2820871355974464,1,interior
0.6163557959919983,0.29150847285678333,1,interior
0.6492266538752379,0.26829311377294063,1,interior
0.6127755761252944,0.28049590341823477,1,interior
0.6366849388508347,0.2940520794858801,1,interior
0.6108100602114492,0.28273570608002724,1,interior
0.6479050255277501,0.2696458307595175,1,interior
0.6164061340416429,0.28940997067828406,1,interior
0.6576574142354638,0.2783429292159891,1,interior
0.614089905853733,0.2924551302521382,1,interior
0.6417372703407904,0.2634647854818409,1,interior
0.641259294532862,0.2590061542855405,1,interior
0.6168486467219337,0.29424469983102114,1,interior
0.6357110068239046,0.2615084513982548,1,interior
0.6516215186791952,0.2883697755135684,1,interior
0.6144519919525391,0.28063017968982856,1,interior
0.625851107815601,0.2676486984118614,1,interior
0.6559726941021814,0.284870813942179,1,interior
0.6253759657428967,0.2704787586703171,1,interior
0.6200767042235109,0.2835702342918545,1,interior
0.6156806405182669,0.2965061910772522,1,interior
0.6203262603344271,0.27097706333513677,1,interior
0.6249463544956781,0.26622122725807146,1,interior
0.6141838213762053,0.27528636477194657,1,interior
0.6515376540870871,0.29016485086093113,1,interior
0.6553493429212762,0.2876352203790392,1,interior
0.6530648350513932,0.27253193639506956,1,interior
0.6576267107071517,0.287608078248145,1,interior
0.6444096278179383,0.26243292704913307,1,interior
0.6336872074550285,0.2641114435953152,1,interior
0.6294854962968767,0.2652572796414532,1,interior
0.633899592001494,0.297508223131482,1,interior
0.6179633668492194,0.279477138783007,1,interior
0.6142400639546745,0.2973023040936254,1,interior
0.6341464675647004,0.2946161819681281,1,interior
0.6443897425386468,0.26402348524828206,1,interior
0.6133210560655497,0.28863712402309516,1,interior
0.6539414922794786,0.27117782234446036,1,interior
0.6391095862046483,0.25697010565058437,1,interior
0.6409666267028115,0.28454918622135045,1,interior
0.6170803149353624,0.27404048313203005,1,interior
0.6159351021410504,0.2724235734096939,1,interior
0.6199889622536663,0.2872443464817968,1,interior
0.6385083090828036,0.2959375311378611,1,interior
0.6189572067984738,0.29904405303888515,1,interior
0.6509861181880054,0.2674257275594489,1,interior
0.6129640385002779,0.27871725671529196,1,interior
0.6370234137645482,0.2557143308535031,1,interior
0.6411866270488534,0.25671812878674616,1,interior
0.6582052954686332,0.2811791527867411,1,interior
0.6437841197469577,0.25942856576400447,1,interior
0.6211770615117111,0.3044059591556283,1,interior
0.6354610925411582,0.29537866219742315,1,interior
0.6425483471501975,0.2541501561237027,1,interior
0.6175263558220389,0.2833303769302177,1,interior
0.6429316450826082,0.265179151422885,1,interior
0.6371203513641789,0.296686507583787,1,interior
0.6428798216596064,0.25663098517890737,1,interior
0.6278729103990733,0.3040058506925769,1,interior
0.6314272205002387,0.2644204027011887,1,interior
0.6452933534515525,0.2962676736226447,1,interior
0.6416323819346306,0.2964799493967215,1,interior
0.6116106810481852,0.29051454086873024,1,interior
0.6557701005861909,0.2904573864089555,1,interior
0.6144134811879773,0.2948517235995438,1,interior
0.6546136190091304,0.2725775389327105,1,interior
0.6086476449390255,0.29099684615752636,1,interior
0.6126546856531989,0.29479478673777015,1,interior
0.6580031251986154,0.2760017741284933,1,interior
0.6400934418525005,0.28607569808988986,1,interior
0.6293491851351317,0.3052214698925748,1,interior
0.6468370808842601,0.29349252905037093,1,interior
0.6402906858595164,0.2551633017510606,1,interior
0.6156011551977107,0.29302386105196193,1,interior
0.6217326801327986,0.2700480916291306,1,interior
0.6526548153703142,0.2815513736234865,1,interior
0.6317920728612441,0.3026710418025368,1,interior
0.621480836509439,0.2683150043564316,1,interior
0.6561371115847056,0.2759752744545216,1,interior
0.6185831530566577,0.26943059042858347,1,interior
0.6168359549102245,0.2710817762738431,1,interior
0.6163967671923241,0.26882600896227316,1,interior
0.6232117453305817,0.2676326112726835,1,interior
0.6543387279294486,0.286452886584551,1,interior
0.6413291609079136,0.2981618045302465,1,interior
0.6149024555229576,0.27378462718995344,1,interior
0.6573141390444344,0.2859615241638403,1,interior
0.6238868101303227,0.269217159725653,1,interior
0.6535961183133571,0.26916906883668895,1,interior
0.6298507471452046,0.26351555138461813,1,interior
0.630929692307221,0.30680636385779403,1,interior
0.6072889204310485,0.2933444990586383,1,interior
0.6136310214723186,0.2868111738446734,1,interior
0.6492021338441266,0.29277398808848876,1,interior
0.6272508801581228,0.26589364065273174,1,interior
0.6228055857512598,0.30457963619069733,1,interior
0.6481115417555885,0.294399786740605,1,interior
0.6596869610086366,0.2770608915630696,1,interior
0.6547684387645283,0.281727670833203,1,interior
0.6103110586856422,0.295973855309528,1,interior
0.6578533467070553,0.28959844394623985,1,interior
0.6254519103304576,0.26456191465995443,1,interior
0.6260497650565418,0.30475228667730586,1,interior
0.6108022925828013,0.28453155633114396,1,interior
0.6433811708277286,0.29648088562470826,1,interior
0.6309623639508465,0.29568803566580193,1,interior
0.6416864532095962,0.2523224587621801,1,interior
0.650681916692578,0.2949924329462517,1,interior
0.6077239357162597,0.29676073854718904,1,interior
0.6437689496356586,0.2667381044529539,1,interior
0.6126964004860443,0.29705117041627443,1,interior
0.6067134683183281,0.2915721807723586,1,interior
0.6320351646437158,0.26084646780566184,1,interior
0.6594141811773514,0.28732745584039265,1,interior
0.6108973081846071,0.2792435336554008,1,interior
0.6350216963730441,0.2580722944883011,1,interior
0.6342792801082467,0.25503666670158365,1,interior
0.6303195210290506,0.2614880171582152,1,interior
0.6526222884272613,0.2916989474912134,1,interior
0.6345151996385343,0.29933527919985403,1,interior
0.6240670489390175,0.2636818874524748,1,interior
0.6621271228171406,0.27525547355705876,1,interior
0.6434181816178096,0.25163306203581043,1,interior
0.645055476816686,0.26557627558637703,1,interior
0.6550241328507946,0.26794508306633574,1,interior
0.6594548002793664,0.27882454462002276,1,interior
0.6173867202711661,0.2927773113330045,1,interior
0.6384299355245818,0.2990362705997146,1,interior
0.6527910492701899,0.2932991128010775,1,interior
0.6413592397301209,0.2675261703474177,1,interior
0.6432761341459449,0.26116933337476755,1,interior
0.648085239137042,0.2959650830420915,1,interior
0.6140730008676211,0.28381187227038857,1,interior
0.6332090382669234,0.30178131815168613,1,interior
0.619490714666057,0.3006362025312799,1,interior
0.6271371054011194,0.30656782321088566,1,interior
0.6559657897596094,0.2699737699361808,1,interior
0.6449546874861927,0.2678460223527572,1,interior
0.6560833362592959,0.2927377101183325,1,interior
0.6291109990831562,0.25998853880564926,1,interior
0.6519593219487075,0.2687683002450614,1,interior
0.6351849161090688,0.3017396120069948,1,interior
0.6622140972355447,0.27938407530863374,1,interior
0.6359313071695386,0.3031086686391748,1,interior
0.642762868337625,0.29884008119255645,1,interior
0.6509024403039161,0.2924293393854008,1,interior
0.6419176903283541,0.2504348136286525,1,interior
0.640130851476303,0.3003000888242357,1,interior
0.6193333106949275,0.3034578307384745,1,interior
0.6464123052695492,0.2671853854435089,1,interior
0.6133444828396869,0.27344601554359077,1,interior
0.6590065318546567,0.29101355250965344,1,interior
0.6226967397543791,0.2650549562397392,1,interior
0.6165699881827266,0.29928133764866094,1,interior
0.6368946702856477,0.25916420632356024,1,interior
0.6600102981855017,0.27551500649551175,1,interior
0.6113821368994433,0.29335695528618444,1,interior
0.6135365758500098,0.29100699086437837,1,interior
0.657447284941576,0.28332605266778776,1,interior
0.613492610955858,0.27698672523835977,1,interior
0.6443437699850231,0.25465234795110203,1,interior
0.616016276553697,0.27523995944754576,1,interior
0.6527905921897368,0.2674473932589338,1,interior
0.6614622782618056,0.28873640138243506,1,interior
0.6279688536015784,0.264379962028195,1,interior
0.6220213487085883,0.26281002237570145,1,interior
0.6443435223713853,0.24907050547721557,1,interior
0.626265459743043,0.2632259749835942,1,interior
0.6133225175852923,0.2986998024283382,1,interior
0.6557843683929695,0.2739884652997641,1,interior
0.6465978154586247,0.2950188602608456,1,interior
0.6356250333006523,0.29756621269663214,1,interior
0.6495069745924624,0.26546261461377124,1,interior
0.6322945556358295,0.30519085728351625,1,interior
0.6124971777837932,0.2837515280562285,1,interior
0.6468565346222678,0.26413883608314576,1,interior
0.6421583685230458,0.3009010510532779,1,interior
0.6105455951697809,0.28942738991189476,1,interior
0.6453680396959948,0.2980531240490754,1,interior
0.6569818497351938,0.2677869723301029,1,interior
0.6274028492739212,0.26206047514404973,1,interior
0.6577901875700936,0.2693373491794768,1,interior
0.6598519752828061,0.28046410164032326,1,interior
0.6200569531190894,0.2676205317137508,1,interior
0.6145749535757553,0.2666205125062456,1,interior
0.6401631462130613,0.2516064496019211,1,interior
0.6074659158207473,0.2887507462360495,1,interior
0.6150009914049508,0.2706118459223527,1,interior
0.6455827092941329,0.25936190041134416,1,interior
0.6587050483059422,0.2850708757119573,1,interior
0.6613066935036639,0.27269421424201373,1,interior
0.6397140651747484,0.24917479572678775,1,interior
0.6580020361234493,0.2943823291222745,1,interior
0.6387218863006192,0.2548697996673335,1,interior
0.6511557762685413,0.2630873629449027,1,interior
0.6335018364323944,0.25676650585176236,1,interior
0.6594373935800185,0.2835247255043279,1,interior
0.6369432384288229,0.2995421131299587,1,interior
0.6467302758511778,0.26124246787253125,1,interior
0.6611195547981934,0.27786432413215134,1,interior
0.6091033849750371,0.29252363385969254,1,interior
0.6570488022135768,0.27113739189999514,1,interior
0.6139246928514253,0.27169798411126056,1,interior
0.6130504984545443,0.26890990069825566,1,interior
0.6333319724069819,0.2586907584687328,1,interior
0.6563450560075607,0.2888235140506234,1,interior
0.6564373617295158,0.2967964527131396,1,interior
0.6561666332925856,0.2659914572127051,1,interior
0.621702873124464,0.30602243909625754,1,interior
0.6108888357345008,0.28777250511920177,1,interior
0.6488816845497176,0.29729496252651344,1,interior
0.6567729393446613,0.27274970977127805,1,interior
0.6091065180289492,0.28762554514999206,1,interior
0.6594664771990678,0.2894878224980656,1,interior
0.647730594407685,0.266410876052441,1,interior
0.6164768494165578,0.30096515152060643,1,interior
0.617515540871814,0.26661076437581555,1,interior
0.6606874794860974,0.2910239325035442,1,interior
0.6305067162688005,0.2586655174819889,1,interior
0.6588517191691373,0.2722084242233725,1,interior
0.6612364710789677,0.28644188317949354,1,interior
0.6091707366136293,0.2790968830392725,1,interior
0.6381720595975026,0.30136030215660464,1,interior
0.6099621300593212,0.2858996301588429,1,interior
0.6452054157474011,0.25696998720171893,1,interior
0.6237442181001513,0.26178398262352925,1,interior
0.6388650512946695,0.30304613041713724,1,interior
0.6592553373726845,0.27047136557430607,1,interior
0.6235109324763465,0.3059541606990084,1,interior
0.6092279552771341,0.28181892058585584,1,interior
0.6488155692456345,0.2988771557820678,1,interior
0.6615102967344576,0.2816040661107912,1,interior
0.6106067571883862,0.29880825009396794,1,interior
0.6470150927883288,0.29914385386172065,1,interior
0.6543798030660534,0.29522882889633606,1,interior
0.6525634314244271,0.26489908216428354,1,interior
0.611883968828961,0.2856247414214333,1,interior
0.6200759343450184,0.2655310461999952,1,interior
0.6597418999816865,0.26765033585069664,1,interior
0.6609096026017988,0.28404554824029765,1,interior
0.6470966178627378,0.25917863046705103,1,interior
0.6429251807250739,0.24808167650605478,1,interior
0.6112677347345647,0.28091515956947366,1,interior
0.649318659788526,0.25890695967089566,1,interior
0.6243006513091052,0.3041055544123803,1,interior
0.6377817719188312,0.24968778260058874,1,interior
0.6488934650088413,0.26213524481946826,1,interior
0.6250000644249644,0.2607518366422509,1,interior
0.6596893224803843,0.2954915451931745,1,interior
0.6577304675085394,0.29594581899350436,1,interior
0.6578086349218818,0.2923169243251746,1,interior
0.6586079374193455,0.26655059953121524,1,interior
0.6085423350913847,0.29455051974178825,1,interior
0.6189145738705842,0.26366759724520267,1,interior
0.6331971512463394,0.3039429339726744,1,interior
0.6589462903448539,0.2635755827192809,1,interior
0.658812680247216,0.2977643093107647,1,interior
0.6643652879381184,0.27689307007377545,1,interior
0.6351315732812601,0.2563434073777392,1,interior
0.6174159671800017,0.2648651082691559,1,interior
0.6556832861240321,0.2943867546852201,1,interior
0.6449825369356766,0.24738912938162258,1,interior
0.6440642611241714,0.2531263920288482,1,interior
0.6374545963211385,0.25307485121444884,1,interior
0.6642794129274315,0.2742374354135877,1,interior
0.6543056777652996,0.2935240962259796,1,interior
0.6561040974638075,0.2636286885549144,1,interior
0.6219141617603967,0.26657435554220654,1,interior
0.6273910131644836,0.308596053903297,1,interior
0.6474993673022864,0.30212217352127246,1,interior
0.620026841721003,0.26255484428808307,1,interior
0.6458901783247164,0.25511712139565323,1,interior
0.6640964394394289,0.28025770968777797,1,interior
0.6075246844169467,0.28626525758054105,1,interior
0.6477035472111513,0.25740654082426667,1,interior
0.6598025457875397,0.2738708325821643,1,interior
0.6249708856120174,0.3065153044654362,1,interior
0.6580732632913836,0.273593258148529,1,interior
0.6607802496397486,0.27022609297795075,1,interior
0.6341440211564605,0.26130486995142016,1,interior
0.6063388879785492,0.2842791275923571,1,interior
0.6509441572541522,0.26156488039632403,1,interior
0.6147903186396702,0.26909565632877513,1,interior
0.6628516038787791,0.2856747265532256,1,interior
0.6256953298159511,0.30833783974705964,1,interior
0.6339084204328406,0.3064560515738065,1,interior
0.6519603905040084,0.2960450728878453,1,interior
0.6063680090329452,0.28198543618682737,1,interior
0.6114004347303647,0.30033553272597,1,interior
0.6126824781844148,0.2673606980327255,1,interior
0.6374626038484166,0.304157598262147,1,interior
0.6450928842007043,0.25191614188842915,1,interior
0.6512225632488999,0.2570390759515294,1,interior
0.6111735165216615,0.26635735673082056,1,interior
0.611748418418141,0.27457803319708135,1,interior
0.657787537306577,0.29988112269586,1,interior
0.6494393690179776,0.26381534305993165,1,interior
0.6485955242636239,0.25475821890294714,1,interior
0.6527323473758128,0.26327619985776834,1,interior
0.6605328252903953,0.26527286031476927,1,interior
0.6185581876063901,0.30203823379507355,1,interior
0.6120129129869287,0.27083429439720413,1,interior
0.6451112169313683,0.2608714507945693,1,interior
0.6083071520032639,0.284433496532896,1,interior
0.6634459990449504,0.2727997365276283,1,interior
0.6101804804822536,0.29445770436905466,1,interior
0.6611902836850843,0.26284677236061826,1,interior
0.662413268964355,0.28309095144671476,1,interior
0.623314171853306,0.30875829620554734,1,interior
0.6484917171841105,0.26060128587261905,1,interior
0.6217653671835034,0.25974129369487176,1,interior
0.6504301920393407,0.2966475246951644,1,interior
0.6118241801977714,0.276719294845007,1,interior
0.6575136257263823,0.26272654638546583,1,interior
0.6113984034326698,0.2683806554027719,1,interior
0.6318701504428339,0.2563096044779094,1,interior
0.6460160888360879,0.2626628853812481,1,interior
0.64292037904587,0.2680528326180318,1,interior
0.614657603113847,0.3006322115412993,1,interior
0.6632845968260955,0.2873702557504991,1,interior
0.6592298023536592,0.29336366680415155,1,interior
0.6620952492467682,0.2933273838115894,1,interior
0.6540659529829823,0.2659790755467782,1,interior
0.6351429042954562,0.3044972686958145,1,interior
0.6348109256231727,0.2525527388750011,1,interior
0.6290091438432082,0.31077575555748993,1,interior
0.6352637856104355,0.24967565794599317,1,interior
0.6630360567596929,0.2898943908428121,1,interior
0.6667310626913265,0.27491969092792484,1,interior
0.6620414816903625,0.26595225336027833,1,interior
0.6246873384899881,0.25896550672364427,1,interior
0.6079378408932907,0.2773700031943849,1,interior
0.6125326454420565,0.3015550923845624,1,interior
0.6534353302928118,0.2552542758227807,1,interior
0.6149527188340995,0.2790503858639397,1,interior
0.6358774510506108,0.2544711494921351,1,interior
0.659466692318447,0.26159152740052816,1,interior
0.639350284495871,0.2530877559534016,1,interior
0.6089115842175203,0.28929565829282167,1,interior
0.6361437983552722,0.30635680764032514,1,interior
0.6383119804416504,0.30636315107575335,1,interior
0.6087478528597103,0.2687959766655959,1,interior
0.6199378798034583,0.305563421915017,1,interior
0.6261785200800488,0.2595574425282844,1,interior
0.6185117435281559,0.30503474239012274,1,interior
0.6636123372540271,0.26350382503784736,1,interior
0.6094638056110988,0.26742799979934834,1,interior
0.6537055104573839,0.2981536911463043,1,interior
0.6633322558460732,0.2782696991064819,1,interior
0.6056727984463182,0.2859976249817789,1,interior
0.6365570137177934,0.2573277918323858,1,interior
0.6288386707759346,0.3076010826497658,1,interior
0.616708403680573,0.3067351134488035,1,interior
0.628990530790503,0.2580522882256851,1,interior
0.6106337937079855,0.27162388904007606,1,interior
0.6063176576911872,0.26778108479608403,1,interior
0.6063897080009395,0.2950578071678325,1,interior
0.6150016063270934,0.29876934767061203,1,interior
0.650908353586688,0.2984496111865476,1,interior
0.6640099482817925,0.28268551834909433,1,interior
0.6251242794553388,0.3099084354342291,1,interior
0.632586308570207,0.25494281682670683,1,interior
0.623662581470215,0.25774389681730253,1,interior
0.6372768292670485,0.2514538982716943,1,interior
0.604252727813697,0.2827967045160789,1,interior
0.6212288115174373,0.26434901050831133,1,interior
0.6636050742019882,0.29153332263183296,1,interior
0.6090311445570293,0.2650729043011888,1,interior
0.6636970426668487,0.29492303544021703,1,interior
0.6644039423568224,0.2700492230206288,1,interior
0.6158198196850324,0.3029921498321574,1,interior
0.6156248694291364,0.2631828717250479,1,interior
0.6185179989082699,0.26110694647495863,1,interior
0.6617941788377296,0.2597492937995691,1,interior
0.668722039377134,0.2737756189503706,1,interior
0.6625480604006588,0.2769527411281546,1,interior
0.6111084016026693,0.26417174612507094,1,interior
0.6035636741628053,0.28535908528312914,1,interior
0.6525432626098638,0.2609054614451138,1,interior
0.6530381326427893,0.30075878769126274,1,interior
0.6709878011675209,0.2727455188512845,1,interior
0.6555380075401301,0.2985128399186167,1,interior
0.6089780549908108,0.2711257610249203,1,interior
0.6183396654984716,0.30689887444226,1,interior
0.6137332370393759,0.2641363008780929,1,interior
0.6171630046247091,0.26266980753744257,1,interior
0.6620418968563593,0.2951263485503582,1,interior
0.6049683566806766,0.2931802240462074,1,interior
0.6101935965813595,0.2775960001338096,1,interior
0.6328887061595218,0.25338202041133784,1,interior
0.604078758951868,0.2810619658658005,1,interior
0.624333050247777,0.3127673473474464,1,interior
0.6040561777851221,0.2968324903289236,1,interior
0.6082493935151756,0.272795967841296,1,interior
0.6173824462520076,0.3030610562403302,1,interior
0.6054821929970715,0.28819214693645595,1,interior
0.6165787372612477,0.30453076138492324,1,interior
0.6140433496503964,0.3024543195508472,1,interior
0.6662117224101245,0.2717232598348186,1,interior
0.6028030162695734,0.2894743762875604,1,interior
0.6046090844413085,0.2904141177908332,1,interior
0.6331125600856214,0.2517848605887094,1,interior
0.6194556196301495,0.2595743574143232,1,interior
0.6270947499092783,0.3104033283923965,1,interior
0.6046615722012629,0.2685479108031049,1,interior
0.6089763640483667,0.29890758240179316,1,interior
0.6663516596766234,0.27845392896934473,1,interior
0.6213786651845865,0.31049030824902707,1,interior
0.6662450265597037,0.28115622179496674,1,interior
0.6508654848118309,0.2647505048673735,1,interior
0.604214473581026,0.29521187027006796,1,interior
0.6069847485093091,0.27054873315825995,1,interior
0.6540610954548829,0.25741195638301373,1,interior
0.664226346819326,0.28862074325002407,1,interior
0.6493596169333975,0.3014318405340058,1,interior
0.6101944006549866,0.2701093327875114,1,interior
0.6680336305651772,0.2775675358689826,1,interior
0.6688993535195036,0.27590398195408944,1,interior
0.6455181112811598,0.30122521770404304,1,interior
0.6205309467865876,0.26077074694058283,1,interior
0.6073852368880224,0.2661038886936603,1,interior
0.6660549651860036,0.287021192493841,1,interior
0.6209577846567305,0.2579189569922669,1,interior
0.6102610647795346,0.2732353530595264,1,interior
0.6466483866557282,0.25170574608774465,1,interior
0.6403745286439593,0.3055029337112111,1,interior
0.6606741187020342,0.29263373129378384,1,interior
0.6093930199398228,0.30158951180671295,1,interior
0.6102021105111527,0.29131047109659275,1,interior
0.6160813760200331,0.26732238016413806,1,interior
0.6646618608563865,0.2843876890275977,1,interior
0.6099458061527491,0.27579497348524934,1,interior
0.6546289975859657,0.2626810231271663,1,interior
0.6019517393788798,0.28396201647613023,1,interior
0.6639087385414076,0.26843113300455446,1,interior
0.6495222106256646,0.2531178788476748,1,interior
0.6655002857526024,0.2927724730617006,1,interior
0.6560211478268431,0.26015957562904474,1,interior
0.6635940622178031,0.2592853498196496,1,interior
0.6560681675154515,0.2560406244441323,1,interior
0.6069512221239536,0.30045160748636707,1,interior
0.6025617180661814,0.2822267655739957,1,interior
0.6528197568582799,0.25925127760348393,1,interior
0.6302164982000862,0.3084270227555087,1,interior
0.6375458682539878,0.24817737145374777,1,interior
0.6140755176372528,0.26173875173477223,1,interior
0.6619111135895288,0.2681319413089948,1,interior
0.6230783666883462,0.31133842755142965,1,interior
0.6662787353231707,0.2593501444303829,1,interior
0.6076982587645527,0.2747607095090536,1,interior
0.6251921467984006,0.25679690924843945,1,interior
0.6571806009298735,0.26477748132647305,1,interior
0.6707872389440324,0.2748775565041872,1,interior
0.6509098251860118,0.30040049839467764,1,interior
0.6151322013345405,0.2603569150077453,1,interior
0.6650868938844435,0.26651176698039647,1,interior
0.6124665748038588,0.2921054340785567,1,interior
0.6035535678121252,0.29384148326996534,1,interior
0.6349606980349919,0.30769361773578496,1,interior
0.6708223024709006,0.2765926416224886,1,interior
0.664662931134636,0.286347893229878,1,interior
0.6543000220373908,0.26085015578841153,1,interior
0.6631267284010559,0.26171539930221677,1,interior
0.6658909415657018,0.27696082250658316,1,interior
0.6561119644491794,0.3002361481480341,1,interior
0.6077216287230117,0.2795635484670227,1,interior
0.6095934667728541,0.30440679977558094,1,interior
0.6273702413448068,0.3129184873238022,1,interior
0.6168021946357953,0.3083734420765251,1,interior
0.6509177643992594,0.25861002285558343,1,interior
0.6625470072490455,0.2695476600692685,1,interior
0.6235441367851852,0.31406494402898516,1,interior
0.6658945676663055,0.2911315660259866,1,interior
0.6510658450850755,0.2532374353828717,1,interior
0.6621882553301567,0.27132697426644925,1,interior
0.6576625892464053,0.26021156270851326,1,interior
0.6505344764751982,0.2600889292093496,1,interior
0.6555225322997897,0.2585148211199561,1,interior
0.6055461305767349,0.2993854951903102,1,interior
0.6673942191017539,0.27268617518450744,1,interior
0.6671345967210327,0.2881469593322359,1,interior
0.6427839393094119,0.24652917200326754,1,interior
0.6662005726208645,0.28390155438612263,1,interior
0.6214190862093832,0.31438777140329643,1,interior
0.6065307551177846,0.30292989695607203,1,interior
0.6666431566676321,0.28561778304101526,1,interior
0.654352467494283,0.2643054871666232,1,interior
0.6058224018344178,0.2800024180932466,1,interior
0.6309752712026803,0.25508155890930195,1,interior
0.6415590808714136,0.24887793542991637,1,interior
0.6674673213722145,0.2823824426373291,1,interior
0.6396160609709338,0.24688109774233052,1,interior
0.641344560784791,0.24563312956864466,1,interior
0.6302759665948898,0.2568436914393149,1,interior
0.6165091458183622,0.259093559725572,1,interior
0.6519989690490607,0.30278209210841783,1,interior
0.6718437314419119,0.2778914980646968,1,interior
0.6108217289356146,0.30245497802102184,1,interior
0.6135153792772763,0.304427517571932,1,interior
0.6695712728463957,0.28192993277223466,1,interior
0.6255656707171838,0.3116324701829516,1,interior
0.6323593523510913,0.3073203837446611,1,interior
0.6469841484977771,0.25011269241766015,1,interior
0.663266552233924,0.25665607358705494,1,interior
0.6591088728672075,0.25922805281043154,1,interior
0.6072863293030529,0.26351536913460927,1,interior
0.6163157016823381,0.25732904479157115,1,interior
0.6333372785888538,0.24796798104034457,1,interior
0.6398789246726543,0.307436996290536,1,interior
0.6647778574952884,0.2618141351554964,1,interior
0.6198403388946733,0.3076497578703365,1,interior
0.6468452528923699,0.24818079252220257,1,interior
0.6583428485105322,0.30239467988327756,1,interior
0.6661727758319672,0.26250205146789923,1,interior
0.6333121602445889,0.30852080836036705,1,interior
0.6613790605592731,0.2612828407182277,1,interior
0.6685844845913346,0.27106970411709225,1,interior
0.6528131767883496,0.3053569302424355,1,interior
0.6049020093794304,0.3008487103447257,1,interior
0.6691132214736764,0.2786404980489992,1,interior
0.6573298554540477,0.2983882258732468,1,interior
0.6052809865160661,0.26638319016043593,1,interior
0.6500416507513707,0.3028222846382007,1,interior
0.6524325929212544,0.2513153669069685,1,interior
0.6372002047899797,0.30863337717022993,1,interior
0.6030176979223217,0.29213903848555023,1,interior
0.661417136778983,0.25808730305176325,1,interior
0.6312104093115997,0.2512878700652779,1,interior
0.6393277299841824,0.24501196399793213,1,interior
0.6547589845766939,0.254494442114568,1,interior
0.6147803708098846,0.30539132190318463,1,interior
0.6357100080450327,0.2476736544773385,1,interior
0.6634451702800916,0.26669746774563596,1,interior
0.6118584890007124,0.27253809199032814,1,interior
0.6577052108689598,0.2581048149740144,1,interior
0.6620626493492092,0.26420277377873785,1,interior
0.6186844245458211,0.31434691679316734,1,interior
0.6059154532539273,0.27476385530376685,1,interior
0.6411441069536653,0.24716674591061427,1,interior
0.668251315935122,0.2858264895153559,1,interior
0.6120276591048136,0.30409031217114363,1,interior
0.6378808576071673,0.24588491914118046,1,interior
0.6315165598298838,0.30939418230420596,1,interior
0.6129702164884538,0.25973270650302904,1,interior
0.6190289353546753,0.31151407859522284,1,interior
0.6629116181470305,0.2979274013114013,1,interior
0.6017248907531896,0.28739336082496325,1,interior
0.6293550211355632,0.2504660817902801,1,interior
0.6146100412766897,0.3079252269382142,1,interior
0.6612885139888588,0.29795453364496904,1,interior
0.6734518101020575,0.274983257912196,1,interior
0.6405122929655901,0.30234973940350646,1,interior
0.6537389122492214,0.3028600775532417,1,interior
0.6649040419226486,0.29598905335972475,1,interior
0.6487070029612745,0.3041654886992406,1,interior
0.6357739854374639,0.25119903124516807,1,interior
0.6148831083941253,0.2586930092159863,1,interior
0.6030945527235377,0.26730082165302455,1,interior
0.6164242749222268,0.3127700060219856,1,interior
0.6172899497639616,0.3100659949549404,1,interior
0.6303549852606027,0.25277732051020607,1,interior
0.6687424522294533,0.2903038430603065,1,interior
0.6683527157753911,0.2612233231514253,1,interior
0.6059159234632046,0.2969400752647276,1,interior
0.6633673168057876,0.26512766822931744,1,interior
0.6155647044196804,0.31012256015102807,1,interior
0.6559129208935895,0.2525931051561186,1,interior
0.6653420094849879,0.2644097449420016,1,interior
0.6688055661887022,0.28770459708242496,1,interior
0.6681041981046498,0.2809127431823944,1,interior
0.6257201140277808,0.3138974665969745,1,interior
0.654473020191757,0.3049374092231329,1,interior
0.6013445674389993,0.2944146417067948,1,interior
0.6211663022115155,0.31207427736923865,1,interior
0.6479680501941768,0.25320058939738527,1,interior
0.6500896932565586,0.2515809992558807,1,interior
0.614084231903699,0.31162622702220416,1,interior
0.6274852325700644,0.2560752466347838,1,interior
0.6508440570309081,0.25517007232911554,1,interior
0.6115954516185358,0.3124231462626037,1,interior
0.659974127950608,0.29909378248523844,1,interior
0.6483435364184441,0.251213837911557,1,interior
0.60645180909998,0.2721202213063353,1,interior
0.6531812374021501,0.2528272487020922,1,interior
0.6676849747536578,0.29313915379193095,1,interior
0.6638959272614594,0.2932106790363784,1,interior
0.6357312865302405,0.31046016869575954,1,interior
0.6216999511980871,0.3080811474219222,1,interior
0.6439582699942602,0.2444325297259033,1,interior
0.606108172523378,0.2777483218079642,1,interior
0.60245688848023,0.27028135435657186,1,interior
0.6713012829021501,0.28205040664816594,1,interior
0.6332376236853786,0.25007993780560495,1,interior
0.6121762694070523,0.2621084354339607,1,interior
0.6035559210930835,0.28707735208182583,1,interior
0.6731722528415869,0.27338479243642705,1,interior
0.6491387567988217,0.25636774749414437,1,interior
0.6529450421703817,0.24949968910056483,1,interior
0.6711255087696271,0.2860893575033737,1,interior
0.6052424146135502,0.27615404316599834,1,interior
0.6040886360032266,0.2779485450917347,1,interior
0.6402413749203324,0.24218994497640256,1,interior
0.6010852301834965,0.29639650775687787,1,interior
0.6462978460862905,0.25361409993340783,1,interior
0.601029911649763,0.2682802419884471,1,interior
0.6170233225911559,0.3150705220209422,1,interior
0.6435974550925739,0.3015544472886109,1,interior
0.633875090133682,0.3099628574189019,1,interior
0.6009684247619905,0.291368523265344,1,interior
0.6421038329873479,0.24407293435342103,1,interior
0.6027440702719224,0.29768858685121224,1,interior
0.6042286130292845,0.2714089365461279,1,interior
0.6713110841783468,0.2881822951193529,1,interior
0.6452426274953262,0.3028469750629843,1,interior
0.6317891279949549,0.31100635322348497,1,interior
0.6317687025672273,0.24924059842734841,1,interior
0.6597655230579502,0.3008923599096715,1,interior
0.6101543255860187,0.2591655828464297,1,interior
0.6019377910327289,0.29897517910530463,1,interior
0.6272972089692109,0.2576275712147437,1,interior
0.615454233488954,0.2647091809212359,1,interior
0.6003268643505707,0.2886576801025905,1,interior
0.6643701254845721,0.257776438051001,1,interior
0.6297778435444116,0.24883300916490392,1,interior
0.6256294724068874,0.2551951653317247,1,interior
0.6750455485866589,0.27437513745389314,1,interior
0.6121837038171659,0.30702694453596585,1,interior
0.6654770648057782,0.26800817205188343,1,interior
0.6605078629165609,0.30335945015761523,1,interior
0.6660472159421102,0.26982991785988814,1,interior
0.6690218221609753,0.28413187060093775,1,interior
0.66565523400666,0.2733380161216266,1,interior
0.6433589040511974,0.24265799357593634,1,interior
0.6708888376161876,0.28457294920101833,1,interior
0.6016320871210579,0.2855637052107235,1,interior
0.6660658247322447,0.29496667335336507,1,interior
0.656873378685534,0.30164266908953163,1,interior
0.6283146337773485,0.31415654653649955,1,interior
0.6496504666186972,0.24900332217931237,1,interior
0.6545294957818387,0.29977761970664274,1,interior
0.6621644028484633,0.3027146750329229,1,interior
0.6067849153014239,0.29824925729417634,1,interior
0.6195480244546646,0.2572524382046366,1,interior
0.618249780886652,0.25861063095794357,1,interior
0.5987056918149273,0.29391354037711,1,interior
0.6330374419451038,0.3124191662519121,1,interior
0.5992751471157001,0.29850267597865426,1,interior
0.6201196303749652,0.3092262680458463,1,interior
0.6559764741671577,0.30437838140204093,1,interior
0.6648741388538464,0.2553705502577264,1,interior
0.6088005154385284,0.2630280030063384,1,interior
0.6522020240528004,0.29949116483749433,1,interior
0.6674142510637054,0.2686099402975486,1,interior
0.6735481511227952,0.2767433019686562,1,interior
0.6380533799799589,0.3113821602762971,1,interior
0.6717868939773922,0.2709478988387703,1,interior
0.6131807427466055,0.2655833149723375,1,interior
0.6276176464255054,0.2506973039021107,1,interior
0.6408541937834195,0.3088052656691417,1,interior
0.664646984124107,0.2902118067311617,1,interior
0.6093368524053628,0.2973322684800594,1,interior
0.6445055850392446,0.2998009983433889,1,interior
0.6124213081435238,0.3096753129046746,1,interior
0.6687789171660639,0.2581770540201219,1,interior
0.6082270233837089,0.3034065663944876,1,interior
0.599912050016225,0.28695685684871824,1,interior
0.6097108630992791,0.31144340502197565,1,interior
0.6468988087152222,0.30412331776857426,1,interior
0.6733786582173572,0.2711709650859985,1,interior
0.6385717702065141,0.2434161158584337,1,interior
0.6611768133550331,0.3052065168812951,1,interior
0.6736462916171055,0.27932042847412464,1,interior
0.6315174906781115,0.24713121355808942,1,interior
0.5994491221358935,0.2915322739875903,1,interior
0.5981123081319761,0.2886984241752922,1,interior
0.6234702342372548,0.26000921927543724,1,interior
0.614052858454326,0.30953006168388325,1,interior
0.6292727205084357,0.255601870191875,1,interior
0.6554633878590577,0.2498379384512961,1,interior
0.6672072876412993,0.2898074795494643,1,interior
0.616650778183311,0.25530503340705757,1,interior
0.6578806132367332,0.251043811406867,1,interior
0.6212687053160951,0.2564118071056532,1,interior
0.6185773425366299,0.309224499167832,1,interior
0.6055180381619248,0.26469873893520923,1,interior
0.601000027383381,0.2825736396988911,1,interior
0.6238451575765678,0.25353000321090996,1,interior
0.6047968406179324,0.2842200771576248,1,interior
0.6626475060053288,0.3012487466144297,1,interior
0.6012941364260411,0.26562490336271527,1,interior
0.6633963577091979,0.29938583596073315,1,interior
0.6516851468025627,0.24843050863505306,1,interior
0.6742784709045662,0.2698524288730753,1,interior
0.6020012057003625,0.27638710686826273,1,interior
0.6511910570052937,0.30492836780674,1,interior
0.621173548024567,0.31641882133541205,1,interior
0.6012157753810902,0.2714773611675069,1,interior
0.6671495060032921,0.2969874571741993,1,interior
0.6036290257174365,0.29973035855354574,1,interior
0.6295865368490993,0.3164919686205942,1,interior
0.6569344168480205,0.3065496810929772,1,interior
0.6683229213062164,0.2958115799155469,1,interior
0.6479314043890876,0.3003642864572076,1,interior
0.6354469837448129,0.24593644073200274,1,interior
0.654814556901795,0.2968880002647479,1,interior
0.6014043577235991,0.2798673917930549,1,interior
0.5965229956271563,0.2895972287122247,1,interior
0.6188740302499741,0.3167657503950629,1,interior
0.6025783448777615,0.29558294933562373,1,interior
0.6543632863641605,0.2511408798850979,1,interior
0.659543803878697,0.2511021560841007,1,interior
0.6165741218388834,0.2612213423723027,1,interior
0.6571865724201896,0.25355681122298646,1,interior
0.669509027782283,0.29389284437503543,1,interior
0.6372302271082291,0.24438151440530334,1,interior
0.5963402795345281,0.2865455331949983,1,interior
0.6611709725059808,0.2562329891383324,1,interior
0.6686040208184724,0.2640317824669954,1,interior
0.6225246193744313,0.31553278535528084,1,interior
0.6711251345971445,0.26208067083221037,1,interior
0.5995320385016552,0.2853439005030125,1,interior
0.6514427293741573,0.30691642311798106,1,interior
0.6482651320287948,0.24691255924314223,1,interior
0.6102963080072198,0.2563823633952833,1,interior
0.6619346189508116,0.2544456812602521,1,interior
0.6727640657596877,0.29058961090485663,1,interior
0.627413358683411,0.2605247908448215,1,interior
0.6393558655235617,0.30907682448558504,1,interior
0.595818741926594,0.2936230224329984,1,interior
0.6248636254180011,0.31521990255228105,1,interior
0.610767450152808,0.26145956743534027,1,interior
0.6186203078703224,0.2556796841536389,1,interior
0.6415686032411543,0.30344404984285867,1,interior
0.6041381363835269,0.2745278307364774,1,interior
0.6033933097652155,0.27267730007691365,1,interior
0.6769244835666802,0.2729491297709352,1,interior
0.6661805266013928,0.2572982343912116,1,interior
0.6398822801012413,0.31076734286344715,1,interior
0.6294367503449951,0.3129720118228622,1,interior
0.652971586446389,0.24691597314412067,1,interior
0.6729644082868816,0.28509688239088327,1,interior
0.6728691620848415,0.2883060951841904,1,interior
0.6320528973343806,0.245223669578847,1,interior
0.6088749669727693,0.26114587712113124,1,interior
0.6043726610991776,0.2983386568991057,1,interior
0.6397212695313516,0.24003926553588753,1,interior
0.6199307667124395,0.3133050422180238,1,interior
0.6745457844835389,0.28933011218475807,1,interior
0.6435590271219974,0.30351965199596315,1,interior
0.6578960289497546,0.24939937344757745,1,interior
0.6080196693909413,0.312543798735576,1,interior
0.6757061245748242,0.27695504339308763,1,interior
0.6703321045245149,0.2901266812041635,1,interior
0.6733774396248443,0.2828648838160614,1,interior
0.6584417552394469,0.3045456836011169,1,interior
0.6416055800877926,0.31055827331683566,1,interior
0.6318688364169501,0.3149113529633108,1,interior
0.6274712006194638,0.24799208378328622,1,interior
0.5996975758123474,0.2635507141048444,1,interior
0.6247703606131174,0.2518636586175271,1,interior
0.5983598735676933,0.2866753132839646,1,interior
0.6648102386630463,0.3018165115564435,1,interior
0.6610939149923114,0.29634116040863573,1,interior
0.6541861285289426,0.24807091822345753,1,interior
0.6337774356177317,0.245452804517881,1,interior
0.6554886879781834,0.3023850859228476,1,interior
0.6019287442504915,0.3014741344422648,1,interior
0.5989969063204836,0.28173945415366736,1,interior
0.638487789812246,0.24164455201355536,1,interior
0.6577502198400219,0.24715721001406685,1,interior
0.6032445195819529,0.26417665788301326,1,interior
0.6418136818007466,0.24169009281459358,1,interior
0.6066657889747239,0.3056067849973847,1,interior
0.6710983755305899,0.2803741173641662,1,interior
0.6592434298409323,0.25646252051620716,1,interior
0.6741741210341401,0.28082929030149506,1,interior
0.6754690470923036,0.2714089754408198,1,interior
0.6427864029933669,0.30562235702518425,1,interior
0.6302961295605882,0.31166377686786384,1,interior
0.5937416926946749,0.2850772156214202,1,interior
0.6502829814176528,0.24700304882744398,1,interior
0.6643493658806889,0.3043675751448127,1,interior
0.675134013548107,0.2874883680767886,1,interior
0.6414330083812009,0.23960103719002954,1,interior
0.6071464269132991,0.2606409314170035,1,interior
0.6776363582497038,0.27568549108638746,1,interior
0.5988546279052664,0.27025505940048905,1,interior
0.6596275801109924,0.28199619826521577,1,interior
0.6702460056201612,0.27007249026911373,1,interior
0.6147792639176725,0.3130982061031707,1,interior
0.6511724018156789,0.2504313120869584,1,interior
0.66543882498764,0.2998768149337628,1,interior
0.6659970562944384,0.2979850741212752,1,interior
0.6442476989594941,0.24016380204683063,1,interior
0.6338343623398842,0.3147468364589034,1,interior
0.6288218841920988,0.24720245850196348,1,interior
0.650622929551337,0.3091266752773229,1,interior
0.635072945943756,0.2442736696727366,1,interior
0.6714815975715208,0.26734274325813245,1,interior
0.612799561055136,0.2567296264037231,1,interior
0.6756981633555281,0.2814334640841091,1,interior
0.6718437214296351,0.2932296254312433,1,interior
0.6788686363066596,0.2773634489808863,1,interior
0.6418441862138902,0.30711826675529746,1,interior
0.6618372937108723,0.29947908713215415,1,interior
0.607773981620073,0.28272172125916356,1,interior
0.6431379004147283,0.31173539395216876,1,interior
0.6034747161852361,0.3029053608432171,1,interior
0.6029662097821958,0.3051699498968688,1,interior
0.6050365589852001,0.27303566753693304,1,interior
0.6431743772356531,0.23850752395525743,1,interior
0.6360126554835602,0.24216499132105881,1,interior
0.6368142627540123,0.23914311810821967,1,interior
0.6005783148971204,0.260843924539296,1,interior
0.6310560981698329,0.3131994217158906,1,interior
0.6453220807838842,0.250342302108277,1,interior
0.6227930004363603,0.3183047360210718,1,interior
0.6690282832598314,0.2918095351260193,1,interior
0.6619764120648322,0.2523258520335053,1,interior
0.6592230749082061,0.25489304619555603,1,interior
0.672677468436967,0.26918908533545355,1,interior
0.6346634187156933,0.3128695593294696,1,interior
0.667561458216785,0.30173992223670737,1,interior
0.6002802379872789,0.26694935763640687,1,interior
0.6003229782915833,0.27313516581440545,1,interior
0.6188251252579303,0.25327623302255237,1,interior
0.6655033681952541,0.2536016038520059,1,interior
0.5991331440799561,0.2833902422692345,1,interior
0.5974520415739129,0.2840846367708868,1,interior
0.6262916063146219,0.25293111164998183,1,interior
0.6107501992793638,0.30957106107096083,1,interior
0.6754372214756343,0.2841513843588711,1,interior
0.6216016006162026,0.254822143041512,1,interior
0.6238224934918731,0.3171584231635933,1,interior
0.6736097614218743,0.2935605807469979,1,interior
0.5990617212786721,0.27566086520498684,1,interior
0.6676530903000751,0.2560508349917592,1,interior
0.6748994345003949,0.2682659262907123,1,interior
0.6208694860415876,0.3183062181902998,1,interior
0.6468129684286635,0.3058222478380445,1,interior
0.6462988322580581,0.3077819904949445,1,interior
0.6635827043913713,0.2544001868728712,1,interior
0.6451269679621505,0.31258020042070145,1,interior
0.6668989119857046,0.26514514011629764,1,interior
0.6021378854013553,0.2735897438963939,1,interior
0.6491854149340148,0.30573021987144205,1,interior
0.6766614054059724,0.2854818041273002,1,interior
0.6560725487490933,0.261892248981709,1,interior
0.6451416433189873,0.24575841941835352,1,interior
0.6665617405957527,0.2548567939233156,1,interior
0.6529808808934243,0.30817613490121604,1,interior
0.6634166873086978,0.29647150032001096,1,interior
0.6699734868498725,0.2965842860458437,1,interior
0.6404018745520769,0.23834346665499906,1,interior
0.6694858608790172,0.29859587678907773,1,interior
0.5993365964082146,0.26824791285318844,1,interior
0.6036181507292653,0.26575339033586304,1,interior
0.6755689225077737,0.2915892488184062,1,interior
0.626594839740084,0.31605101564762367,1,interior
0.6545907122999062,0.2465419556292062,1,interior
0.6545801174783089,0.3068074030521506,1,interior
0.6457006073895374,0.2395485909362129,1,interior
0.6365232541642104,0.31200833841680736,1,interior
0.6724960080627137,0.2660731556179535,1,interior
0.5975025928786989,0.27160648477513266,1,interior
0.6179618627199484,0.2506743459452921,1,interior
0.6679283456082502,0.29978195183866807,1,interior
0.6447010145625893,0.3045654835785859,1,interior
0.6341268762702991,0.23803614041331292,1,interior
0.6594302457205677,0.25337944256124173,1,interior
0.6158509628811705,0.3172136201951635,1,interior
0.6705078637151445,0.2655772980438519,1,interior
0.6332460944288317,0.24095180458330562,1,interior
0.648563350074066,0.24004528239002113,1,interior
0.6143891142762513,0.3162440089213719,1,interior
0.6152574241417534,0.31458982656236834,1,interior
0.5990671178848593,0.2720101140181921,1,interior
0.6259903003232834,0.25051107187712107,1,interior
0.6479385853608167,0.30716004461605706,1,interior
0.6428815192822496,0.3134886006482186,1,interior
0.6176101348490138,0.3194569537199388,1,interior
0.6748729131761625,0.27285599588706305,1,interior
0.6244499459736409,0.3199368966887653,1,interior
0.6257807215305671,0.31789940875417677,1,interior
0.6783223079122315,0.28415524568705086,1,interior
0.628805552752512,0.2523516156569762,1,interior
0.6563583338693979,0.24783620174999582,1,interior
0.6385916087260417,0.23789454203165014,1,interior
0.6776091856925721,0.27907489375397376,1,interior
0.6592403989563107,0.3061161885445032,1,interior
0.6497824211676958,0.3077105494148204,1,interior
0.6133528498825048,0.3145091627870156,1,interior
0.5961540007840352,0.2765289121164033,1,interior
0.6321375507241589,0.3165517542154968,1,interior
0.6123586989750436,0.3170442854087178,1,interior
0.5923267868911112,0.28564510343858307,1,interior
0.6589336391251317,0.3076495429011298,1,interior
0.6706856321581508,0.2586275236607946,1,interior
0.6268990144345655,0.31902955831065966,1,interior
0.6096420505661932,0.3077430802719909,1,interior
0.6165982036732632,0.3213594797579962,1,interior
0.6358314951972743,0.3140580466576041,1,interior
0.6792358428199278,0.2758236788895134,1,interior
0.5969063913673428,0.26953582506968554,1,interior
0.6306245543838599,0.31866178850038324,1,interior
0.6227176418264716,0.25585985189356597,1,interior
0.6007135820792696,0.2748246144063628,1,interior
0.6713225439907569,0.29483990940045535,1,interior
0.668669102839686,0.269496694900544,1,interior
0.6780270218912985,0.2870400913141206,1,interior
0.6446803583936593,0.3076753729498852,1,interior
0.5980062743165482,0.27425868240457757,1,interior
0.6408336713677129,0.3127199511163193,1,interior
0.6341389298509917,0.31668219575948997,1,interior
0.5985128916822975,0.2648719388556594,1,interior
0.6523385049784024,0.2455066678643258,1,interior
0.6350172149843661,0.23967748907644504,1,interior
0.6277234324548225,0.3207937604286221,1,interior
0.5979774402440393,0.26236698933615904,1,interior
0.6143635798876396,0.2565561707859426,1,interior
0.6304256075134393,0.24569447944332504,1,interior
0.6615567575977945,0.3079676577839902,1,interior
0.6596470478871369,0.3096544978993542,1,interior
0.6428100836948257,0.3153788975344716,1,interior
0.6218035973794649,0.32033295075207385,1,interior
0.6712601637899875,0.2642035405595504,1,interior
0.6086078277278489,0.30610394450170686,1,interior
0.5979086064010501,0.2920089676748125,1,interior
0.5943898661432401,0.2824229859757951,1,interior
0.6568609271899587,0.3086858147852855,1,interior
0.6773826469633849,0.2697840348703728,1,interior
0.5952351649251253,0.29119510147453126,1,interior
0.6481214076289281,0.3094159236936672,1,interior
0.5978230207872458,0.2677420911862426,1,interior
0.6727120273032117,0.2812446394550526,1,interior
0.610876343356545,0.30526658988574396,1,interior
0.605397050340218,0.2701955336050399,1,interior
0.6330283250901112,0.24307222238244303,1,interior
0.6083858802350187,0.2570605518582493,1,interior
0.5948583148380135,0.27238493567065447,1,interior
0.6067100467490641,0.25850552393304205,1,interior
0.6576552945839351,0.25617310824991735,1,interior
0.5997786465182189,0.29499758261557363,1,interior
0.6375717857995444,0.3134842372127508,1,interior
0.6391237556394435,0.3126086717026319,1,interior
0.6363987552064105,0.23688067806635288,1,interior
0.6657739237330004,0.3032274434848537,1,interior
0.621718465639231,0.2530443142266691,1,interior
0.6077991089752044,0.2550222814447126,1,interior
0.6403878050255556,0.2438816320413917,1,interior
0.6735899840351878,0.295354045205373,1,interior
0.6675696468309591,0.29133720190856705,1,interior
0.6451324446268837,0.3061776392993213,1,interior
0.6379479415992261,0.31617309196161714,1,interior
0.6033646105638426,0.27965996630690554,1,interior
0.6804499799816633,0.2746842714981284,1,interior
0.6375104094834882,0.3186967315129701,1,interior
0.6695332535082174,0.2628002735332024,1,interior
0.5983335153956812,0.27732628624662525,1,interior
0.6374888161249261,0.2343432304677833,1,interior
0.6685084676841098,0.26630047791502803,1,interior
0.6463574217561721,0.24282824654622165,1,interior
0.67602423059642,0.2944611637826199,1,interior
0.6597380721281803,0.2486857487732286,1,interior
0.6210365378550726,0.2507873934207926,1,interior
0.6740913755846127,0.2660358068111473,1,interior
0.6443998269192581,0.3158781747877551,1,interior
0.6036874920965479,0.2761367366263238,1,interior
0.6191064975944502,0.32021173326356583,1,interior
0.66891094481228,0.2678596964046246,1,interior
0.6059826059590278,0.307336790046195,1,interior
0.6625081384611908,0.3043682056874194,1,interior
0.6296704564984537,0.3149299875957329,1,interior
0.6146089342639725,0.3231276813522096,1,interior
0.672926211513225,0.26309562172712125,1,interior
0.6084464939394237,0.3102320956991446,1,interior
0.6014380199978903,0.2637783204847391,1,interior
0.6352033199517412,0.23274916444842922,1,interior
0.6669428396539592,0.2667294874375068,1,interior
0.6293901507561656,0.25404491142002694,1,interior
0.6463159175265666,0.30960844847295504,1,interior
0.5972367130806676,0.29446497990426695,1,interior
0.6468263958341641,0.31159108878170444,1,interior
0.6735907876073663,0.28681575398180065,1,interior
0.6472801611924546,0.24481696945524528,1,interior
0.6725898156278185,0.25712545190231784,1,interior
0.6787858153883088,0.2709922302317706,1,interior
0.6392558267196452,0.23581548885455295,1,interior
0.6008191567283355,0.26996427552191427,1,interior
0.6758517580882146,0.2697385598744004,1,interior
0.5967808610853323,0.2642019853675109,1,interior
0.6757568439116854,0.279252446738152,1,interior
0.627105360374905,0.2545203707859927,1,interior
0.6025258183546691,0.2687199539790156,1,interior
0.6706800083333129,0.29210877303293226,1,interior
0.5963597667084785,0.2663266349402571,1,interior
0.6559608688412856,0.24564414181792682,1,interior
0.6772390464204852,0.26812899709641813,1,interior
0.6051150967038087,0.30531811235322465,1,interior
0.6343561993747133,0.24214563002875727,1,interior
0.681071134441709,0.27829033000283726,1,interior
0.6286650823804792,0.2451053530288502,1,interior
0.6647875645882108,0.30664137655538987,1,interior
0.679165108698297,0.27906921946712526,1,interior
0.6234728623957881,0.24993712099150503,1,interior
0.5937684856529335,0.29051829676814034,1,interior
0.6113918172392824,0.2578727258612072,1,interior
0.6045006842461462,0.26299721119105857,1,interior
0.5941091428908455,0.2633268572901518,1,interior
0.6608792961710597,0.250354218491848,1,interior
0.6395662110574765,0.31548847719322953,1,interior
0.6487572487279443,0.24264872419818073,1,interior
0.6368167703239918,0.23259268216745974,1,interior
0.6761224179265777,0.2887090425387775,1,interior
0.6427218608049801,0.3091506923398805,1,interior
0.5949432169496808,0.267673514995914,1,interior
0.6328207597973724,0.2345346420719275,1,interior
0.6454533992729278,0.2441548752517192,1,interior
0.6594382422987268,0.24607160672637673,1,interior
0.6003071574775989,0.3008455931988311,1,interior
0.609712263755987,0.3135538571390189,1,interior
0.6378948450606187,0.23653032895204212,1,interior
0.6721312265048172,0.2961633858727755,1,interior
0.5898504471540449,0.2861012110579145,1,interior
0.6290960882887153,0.319248516260421,1,interior
0.6795699968732606,0.2812327785978038,1,interior
0.6267678995380171,0.24326919422781923,1,interior
0.6736570369591628,0.2615680881594728,1,interior
0.5954940727088289,0.2607391650302043,1,interior
0.6390886080937785,0.23341122306143378,1,interior
0.6044232003986798,0.25989056554385026,1,interior
0.6460463409478304,0.2379218937032836,1,interior
0.603011145679876,0.2623622426715526,1,interior
0.5932070155134197,0.2871698787341435,1,interior
0.6258999924423968,0.3217760661132304,1,interior
0.6677050161496948,0.30343960228830447,1,interior
0.6312264682410655,0.24391933953036488,1,interior
0.5953210344595289,0.2692738236649568,1,interior
0.6381026362892028,0.23109992095927945,1,interior
0.5922707743429256,0.26184758592212515,1,interior
0.6635612477827632,0.3056799962056426,1,interior
0.6013872653395311,0.2781201522258873,1,interior
0.641314697714185,0.3148645004195337,1,interior
0.62190411167209,0.24904385417908143,1,interior
0.6181307758524697,0.3223488811722067,1,interior
0.6794464965419911,0.27350437028853153,1,interior
0.6076729826340975,0.2531118392741937,1,interior
0.6051994628417142,0.2572619088436918,1,interior
0.5996927166389928,0.3023700427196116,1,interior
0.6704017491734809,0.26855068000055476,1,interior
0.5909155636882908,0.28755258562423147,1,interior
0.6469195229510389,0.31364673068599425,1,interior
0.5982487586097628,0.29589796768446436,1,interior
0.6542370607330957,0.24393842305551733,1,interior
0.6007229176757943,0.2979730959348434,1,interior
0.6800659504540214,0.2697697138392785,1,interior
0.6773417380701505,0.281548825290104,1,interior
0.6446287341108768,0.3103859621623529,1,interior
0.6505519863953353,0.3113208470589979,1,interior
0.6721621158011568,0.25556466765034164,1,interior
0.6489865154921035,0.3107249308931877,1,interior
0.6714516139823585,0.29861709329204267,1,interior
0.6810407204215941,0.27272702832402507,1,interior
0.6705335869209961,0.255163865153982,1,interior
0.6429942440679892,0.23692418676172586,1,interior
0.5939628325432874,0.2923589084188171,1,interior
0.6708042432040836,0.3000874194574968,1,interior
0.6172799802475689,0.2535993200311387,1,interior
0.5923895156304051,0.267194854657625,1,interior
0.6130077256650975,0.2537836417432468,1,interior
0.5995582685539015,0.2784751777958363,1,interior
0.5929459028745488,0.27135008536513294,1,interior
0.6012839514256669,0.3033875923566529,1,interior
0.6311292478104753,0.24176752106681665,1,interior
0.6645207932903419,0.29757579128413647,1,interior
0.5983498125415485,0.2795907094674241,1,interior
0.6505456496409531,0.24483257360250582,1,interior
0.669801928237814,0.30366960698569384,1,interior
0.6465629554787342,0.24124379034654264,1,interior
0.6753996511207123,0.29600018422443947,1,interior
0.6288948144182813,0.24327348728445347,1,interior
0.5972830737799905,0.29798422542283093,1,interior
0.5953940034527639,0.29513535717428496,1,interior
0.6788854023200049,0.2680828148051446,1,interior
0.5974218567078646,0.2595960572605575,1,interior
0.6555301873092511,0.24311023442251042,1,interior
0.646490543423745,0.24656272179226227,1,interior
0.6806500917760733,0.27675707737548333,1,interior
0.6283456076823097,0.31784120698328433,1,interior
0.592188621924969,0.27272239359051603,1,interior
0.6145581304825044,0.25218813062078455,1,interior
0.6662127348080615,0.3057089497701134,1,interior
0.6120879938482643,0.2550257817802379,1,interior
0.6646792691127505,0.2513450255526739,1,interior
0.6326913891442526,0.23905498645358164,1,interior
0.6100785375085767,0.3156987945368417,1,interior
0.595129166376125,0.28813656341338145,1,interior
0.6200433173225712,0.322835526128409,1,interior
0.6085418067666819,0.2587692552300363,1,interior
0.6727296005544146,0.3018141784289536,1,interior
0.6097168529045478,0.2515504571270911,1,interior
0.6752834122868759,0.26169114786523096,1,interior
0.6627889367974823,0.2509934979641065,1,interior
0.6787998237799613,0.2899387685166332,1,interior
0.6792270312930542,0.28565088440143216,1,interior
0.6625545139043038,0.3092676580217373,1,interior
0.6827432913369201,0.2735803061520012,1,interior
0.674805888200931,0.3005243407471553,1,interior
0.6700550937392712,0.25227448123250584,1,interior
0.5939694376391558,0.2610633187368229,1,interior
0.6734030010629535,0.2599460494472694,1,interior
0.6260977188695777,0.24579469304936047,1,interior
0.6728792342937177,0.25374714986770713,1,interior
0.6768266394089334,0.28317775910048354,1,interior
0.6768374886808368,0.26631541479134546,1,interior
0.5982484452884931,0.2997693423992656,1,interior
0.6826359702640039,0.27745421893045313,1,interior
0.6073236167720729,0.3091746882794747,1,interior
0.6446967656710584,0.23626913120274343,1,interior
0.6232666335236647,0.24670965955462693,1,interior
0.6811134207690319,0.2673257669897843,1,interior
0.595453992755829,0.26244014408324745,1,interior
0.5995319720595863,0.2969956023688471,1,interior
0.6848904656283403,0.2761843204719704,1,interior
0.6390813101057612,0.31822068694682665,1,interior
0.682909646233605,0.27576203124266074,1,interior
0.6524703956299193,0.24293917867114767,1,interior
0.6370092539298173,0.24099419356422708,1,interior
0.6494269311057491,0.31322485424319846,1,interior
0.6700150150743212,0.2601511614224401,1,interior
0.6702507385422908,0.25708885941114484,1,interior
0.6432554245185865,0.31693175831622455,1,interior
0.6676651090209914,0.30518338282523605,1,interior
0.6633918831470413,0.30771895266715604,1,interior
0.6348492388141558,0.23658373962283688,1,interior
0.67681518613517,0.26007773094504916,1,interior
0.6663268179432297,0.3076813893384211,1,interior
0.6077453635918824,0.3074220212207226,1,interior
0.6162671841263111,0.32404699993026775,1,interior
0.5920849917392846,0.29060178716802343,1,interior
0.5988866885411483,0.30409091419135503,1,interior
0.685418902111638,0.2724383180484055,1,interior
0.5905168012680257,0.2655360852056839,1,interior
0.596063636089081,0.28087838699342865,1,interior
0.6798850183741151,0.28363845137927346,1,interior
0.6411135234017825,0.3172222502105317,1,interior
0.6729663007729134,0.29215793573863,1,interior
0.6056015733786558,0.2614213765187818,1,interior
0.6817218686644402,0.27994021786793327,1,interior
0.6819093513125914,0.2828820503333307,1,interior
0.620055563565538,0.32560768225218945,1,interior
0.6282209392302954,0.3157963616081051,1,interior
0.6059944789635381,0.3109951296962566,1,interior
0.6186831705699521,0.31827692096723365,1,interior
0.6138423539155818,0.32126286089881456,1,interior
0.6575335034528829,0.24475398492309153,1,interior
0.6038133796888364,0.30763040288975374,1,interior
0.6859167242703821,0.2750068332332709,1,interior
0.6556272315788947,0.3100003715715101,1,interior
0.5968247723000332,0.2795066884215066,1,interior
0.611597009596815,0.31540862118985896,1,interior
0.5981930967947027,0.290272649101407,1,interior
0.6099940206701148,0.253498424599902,1,interior
0.596267266880068,0.2732223215402309,1,interior
0.6454681803358833,0.31457200893917664,1,interior
0.6334017187586437,0.2315743241088872,1,interior
0.60311622076743,0.2607419058825218,1,interior
0.5945040286001826,0.2752815943799641,1,interior
0.5961384618496957,0.2968162001380147,1,interior
0.6691532980114324,0.3010146974138507,1,interior
0.5974891687379311,0.2820224757520792,1,interior
0.6124570647266775,0.3200111468031113,1,interior
0.6641745554814832,0.3094242493730391,1,interior
0.6363878789733814,0.23017984571749997,1,interior
0.5945519185889128,0.26522761120977556,1,interior
0.6250388256702301,0.24821033357612515,1,interior
0.6104124266669781,0.3204093156402045,1,interior
0.6572643492014765,0.31103215368727766,1,interior
0.6739504910957329,0.25560297181125446,1,interior
0.6521761943877502,0.29756088989338436,1,interior
0.6473680264162288,0.3156033204033901,1,interior
0.5957223000187971,0.2709252877686578,1,interior
0.614817282726427,0.31876255322195957,1,interior
0.6065468872052083,0.3135739612014409,1,interior
0.600048343857691,0.27685621296696583,1,interior
0.6613582182637942,0.2472062906697314,1,interior
0.6841692773309209,0.2743717707296232,1,interior
0.6760818702192259,0.25583617817122256,1,interior
0.6735752012416732,0.2969563378815976,1,interior
0.5995662211838092,0.25828695654116884,1,interior
0.6757874394399379,0.2642520414796532,1,interior
0.5928846632259609,0.28881920466679256,1,interior
0.6786973738774082,0.26607317606837594,1,interior
0.5949033931737985,0.2776892990501941,1,interior
0.6121529150100092,0.32165438707035005,1,interior
0.683950694108212,0.278242491099785,1,interior
0.63143174189087,0.24019807526653728,1,interior
0.6816193190125874,0.2692787402742767,1,interior
0.6471891033946425,0.29759793518052213,1,interior
0.6807621314796156,0.26579673196150455,1,interior
0.6113803508226056,0.25287767202914735,1,interior
0.6415814828866612,0.31897718788624685,1,interior
0.6739579825789781,0.26449043641218106,1,interior
0.6491792871861335,0.2456074385487247,1,interior
0.6019278775365599,0.30944412391660525,1,interior
0.5874828257784882,0.2850440756244767,1,interior
0.6352503938475664,0.3156171732330358,1,interior
0.5927137554792388,0.2836176498164383,1,interior
0.5914281680527469,0.26424931893861053,1,interior
0.6298249585493575,0.23965038327819627,1,interior
0.5951033080077223,0.27952474224737905,1,interior
0.6293472897936964,0.24173879402128867,1,interior
0.6832285175336053,0.2719351440523414,1,interior
0.68664607572041,0.277225000650203,1,interior
0.6834369834105757,0.2800297354634627,1,interior
0.6772049453124751,0.26256135323446744,1,interior
0.6826726236617074,0.26604332748423787,1,interior
0.6716626025658303,0.3058294983079218,1,interior
0.6811027387419135,0.2850310900815425,1,interior
0.6447005362014188,0.3178668977939751,1,interior
0.6765472938575042,0.25843464218395074,1,interior
0.6039782136416596,0.3103710241000277,1,interior
0.6828236362062732,0.28445955431186737,1,interior
0.6366594496413907,0.3209752364615171,1,interior
0.6678557164998733,0.3069515714938591,1,interior
0.6852943026687078,0.2799615539238437,1,interior
0.6357051669333238,0.23430097341186967,1,interior
0.6669933809291502,0.3102534524141856,1,interior
0.6485547652819249,0.23796211646799306,1,interior
0.6008937753462569,0.2590557660519624,1,interior
0.6674316072119354,0.25138843544062867,1,interior
0.6081360315206764,0.3165311763840975,1,interior
0.6876114379672962,0.27569800832968866,1,interior
0.5897517645739535,0.2628465452217403,1,interior
0.5926068047420786,0.29314267592244153,1,interior
0.6533703612246623,0.24128174259841342,1,interior
0.6680210445117417,0.2542147365270369,1,interior
0.6098278397338055,0.31774315032360056,1,interior
0.6229113701413821,0.2515274767783208,1,interior
0.6399600961541055,0.31957614609237134,1,interior
0.6509520645783219,0.24331439039482572,1,interior
0.6574515923728976,0.24310212014097654,1,interior
0.6604112527541,0.24490203877772515,1,interior
0.6523975656049785,0.3100940038183106,1,interior
0.6114828402088632,0.31846661231860873,1,interior
0.6510293142336367,0.24072130985489798,1,interior
0.5938388405448417,0.2735566048879016,1,interior
0.5969895480024017,0.2611755971969209,1,interior
0.6003245787792924,0.30469477751236074,1,interior
0.6293728674881937,0.3208117897770181,1,interior
0.5958896853040968,0.2842056432906255,1,interior
0.6112461531735849,0.2510544267114956,1,interior
0.5923881156398637,0.2805120132763289,1,interior
0.6771777670422063,0.27138163294070494,1,interior
0.6752619585428465,0.29311162267737706,1,interior
0.6027689566396419,0.25907005169716885,1,interior
0.6333344283548772,0.3182670901591973,1,interior
0.6861405312218678,0.28227651331128295,1,interior
0.6631795993877526,0.24905121808018316,1,interior
0.6841932644017976,0.26863250667180555,1,interior
0.6447159945813931,0.23357955370625777,1,interior
0.5900937788120175,0.28361531132204876,1,interior
0.5936091605268815,0.29533309913569544,1,interior
0.652477524196217,0.31341723512101155,1,interior
0.5914595288873815,0.292133086642295,1,interior
0.6716464617544218,0.2604580031152572,1,interior
0.59582098461446,0.30148356496484774,1,interior
0.5937962182613682,0.26879223272768393,1,interior
0.6624528553218904,0.24426541803915613,1,interior
0.6308905508857572,0.2379358570057805,1,interior
0.6845513388172854,0.26678389966696986,1,interior
0.6475229975941362,0.23521629110221165,1,interior
0.6463752111486462,0.3171926365198831,1,interior
0.6077710266197609,0.3147482951312792,1,interior
0.6319104787638088,0.3207666338831424,1,interior
0.646002856874103,0.2354505680083024,1,interior
0.6876659902321455,0.2814982647236175,1,interior
0.6665221656806269,0.24962677691717627,1,interior
0.6480484085742091,0.3125631461713983,1,interior
0.6654942971382876,0.31288987486984565,1,interior
0.6355452750055145,0.3182627391340864,1,interior
0.6349182864139242,0.32074238841546565,1,interior
0.6878853623896681,0.2739544374141449,1,interior
0.6345659013614982,0.22994626310766778,1,interior
0.5934872988145939,0.2789748585392146,1,interior
0.5992957764020767,0.2598415366779716,1,interior
0.6625791742564299,0.31109799643374636,1,interior
0.5857029061843163,0.2851794599779278,1,interior
0.5969578910416499,0.27798362997267556,1,interior
0.6732932857315317,0.26743928914959375,1,interior
0.6830302900542078,0.26441196390339766,1,interior
0.6048195841261732,0.3037382279185134,1,interior
0.6722071395808481,0.27593046902872037,1,interior
0.6200675401372705,0.24782280977109056,1,interior
0.5948176149990226,0.3001236970941741,1,interior
0.5968540496346473,0.30440225608729643,1,interior
0.5928884139058003,0.277541917432156,1,interior
0.6059421888101001,0.2530800849236844,1,interior
0.6650555079678719,0.24775752739203138,1,interior
0.6067509829022538,0.256895792924273,1,interior
0.6493410348605511,0.31529973799128896,1,interior
0.6177479197145226,0.32447107263969693,1,interior
0.6747910372333391,0.2988979525149665,1,interior
0.5908845605240589,0.2812203780098251,1,interior
0.6783967040520793,0.26009697735464454,1,interior
0.6816427550676442,0.2709108737156503,1,interior
0.6632726759602725,0.2463143534116356,1,interior
0.5901507406208106,0.2893382409593262,1,interior
0.6777006716338547,0.2961913149627407,1,interior
0.5931712273282662,0.30143604724716405,1,interior
0.5923785674287023,0.27450115311229356,1,interior
0.6270715908164981,0.24089478381567217,1,interior
0.6040763733236919,0.3123504169078092,1,interior
0.6151088740124766,0.2536269890964214,1,interior
0.6158158240127999,0.31998750706535534,1,interior
0.6833552002102551,0.27024962676287745,1,interior
0.6157963175029869,0.2510645333914224,1,interior
0.6774669731462315,0.2935890646770386,1,interior
0.6011740171834973,0.2622790429203576,1,interior
0.6035974943326956,0.2523268946146127,1,interior
0.6058854874306515,0.25123174695076883,1,interior
0.589260881263145,0.2646692304216533,1,interior
0.6775316271330535,0.25479099821989754,1,interior
0.5947409327546689,0.2863417060068111,1,interior
0.622851338836611,0.32231507109618107,1,interior
0.6096876190341515,0.3226947156297412,1,interior
0.5877604730860918,0.2649209688440384,1,interior
0.669125313878241,0.30857303606164493,1,interior
0.5929755919876324,0.30377559718504493,1,interior
0.6198028638096752,0.24608205634854488,1,interior
0.614546820073932,0.2490243841806762,1,interior
0.6052145992068091,0.30939030849403787,1,interior
0.6881581907264148,0.2794319815103794,1,interior
0.5888175306339353,0.28734578385423837,1,interior
0.6056853827754345,0.3162765198993111,1,interior
0.646799290117066,0.2338190312955679,1,interior
0.5992459085916292,0.3057906099216469,1,interior
0.672345232413563,0.30004173287074176,1,interior
0.6417125916932711,0.23371937596769113,1,interior
0.6318827083144727,0.2578738441226634,1,interior
0.6795540167139027,0.25847861636614927,1,interior
0.6470810596372362,0.23202839023959154,1,interior
0.6333274052478509,0.3199751408689249,1,interior
0.6567764097906079,0.24154661129443245,1,interior
0.6539676546223655,0.3095940108354075,1,interior
0.6278137697178614,0.32298445936174075,1,interior
0.6684752337046426,0.25008775800985805,1,interior
0.6901476392053395,0.27411024246944693,1,interior
0.6138185286052518,0.3247521974476141,1,interior
0.677544741620581,0.26467807238884483,1,interior
0.5886715088024923,0.2671885868417155,1,interior
0.6201410226846183,0.2543870708540131,1,interior
0.6552117860505022,0.3115395682518191,1,interior
0.6861600014851724,0.267829718435746,1,interior
0.6893378866372344,0.2774303620642442,1,interior
0.6603844441597038,0.31112661145641124,1,interior
0.591647616612469,0.26981668133888975,1,interior
0.6087892342059898,0.3198541265856826,1,interior
0.684133381734565,0.2825180772759256,1,interior
0.6448419948140346,0.24206898546285233,1,interior
0.6322306695112042,0.23700443463404441,1,interior
0.611413643294555,0.32414607301995746,1,interior
0.65302968651321,0.23844128153734093,1,interior
0.5889907934997676,0.27006313000531335,1,interior
0.6878107385636748,0.2676573209555801,1,interior
0.6078320955536138,0.3216722080667594,1,interior
0.5910592389465632,0.27941493882622676,1,interior
0.6246858826380396,0.32373153858794507,1,interior
0.6503841352148796,0.23902091424765848,1,interior
0.6853528579243795,0.26481695083142887,1,interior
0.6716251321720379,0.3087403701697549,1,interior
0.6764775512235234,0.2977525266079039,1,interior
0.684887356567262,0.2864491485786991,1,interior
0.6049349053104677,0.3140027357193525,1,interior
0.6792952794371139,0.2614960047833924,1,interior
0.6603708785915485,0.24330420260792057,1,interior
0.5948109233894686,0.298390315343801,1,interior
0.6077368731856212,0.3180822988932337,1,interior
0.6087218776977381,0.2493727401370431,1,interior
0.604353100815101,0.25023085437718606,1,interior
0.6891908877786863,0.2757964740598962,1,interior
0.6801910827263318,0.2892705529729318,1,interior
0.6038680851674211,0.24834308177518052,1,interior
0.6822765282463561,0.26171428981963657,1,interior
0.6197404425502354,0.2493748378488316,1,interior
0.6259739529726621,0.3249436764751726,1,interior
0.5964327976889199,0.299449909030765,1,interior
0.6798934757535909,0.2979776105495572,1,interior
0.5979701739462694,0.30669172455994814,1,interior
0.6612565140004107,0.2412943790992095,1,interior
0.5904480814104839,0.27136191543242544,1,interior
0.5899755812378247,0.29086394793710385,1,interior
0.6852921690479988,0.26971326831046055,1,interior
0.6233538372440277,0.24837635652509113,1,interior
0.6180252327141735,0.2482220924430985,1,interior
0.6748012873534671,0.25327948194085936,1,interior
0.6551915632403604,0.3084093021232704,1,interior
0.5882288710711773,0.272328047972314,1,interior
0.6437619362433641,0.3192767709744452,1,interior
0.5944646375680555,0.3029891173811439,1,interior
0.6818783128543441,0.2599052680825514,1,interior
0.6306372120427232,0.23205411333893675,1,interior
0.6136589429788338,0.2508936214567886,1,interior
0.5935855293310646,0.2973289877795607,1,interior
0.620721137888273,0.24332985594694426,1,interior
0.6582362419263469,0.24059899007137558,1,interior
0.6641132812297036,0.24411918282450634,1,interior
0.6415662979463355,0.23569182527594482,1,interior
0.6217003435478834,0.24710201665745946,1,interior
0.6785198283496806,0.2633545511636924,1,interior
0.6213390978222614,0.32445455560666464,1,interior
0.6114370105414667,0.24926729024557504,1,interior
0.6350250387729303,0.22800456046652703,1,interior
0.682901275274468,0.26772974967447355,1,interior
0.5883296670190616,0.29130765710930445,1,interior
0.6485821765556439,0.23635291527259303,1,interior
0.6335136383557842,0.22761206814738716,1,interior
0.5984842729881937,0.25713095625747695,1,interior
0.6324875309541554,0.22648027945013025,1,interior
0.6739255132693125,0.2583223244408448,1,interior
0.6508309316499457,0.23750309248675616,1,interior
0.5934196339755594,0.29947385361609224,1,interior
0.6320885476858208,0.3231854898462247,1,interior
0.62547783588088,0.2443971402318663,1,interior
0.594287753556953,0.2703926247530203,1,interior
0.6382098143696961,0.32125077845124933,1,interior
0.6700190210986823,0.30672259006073666,1,interior
0.5903331866650902,0.30169558973919364,1,interior
0.622916082540301,0.32489949550456143,1,interior
0.5963114029498939,0.25814708117385265,1,interior
0.6798674134184846,0.2644576594027422,1,interior
0.6318128568861477,0.22831391424738662,1,interior
0.6435683895320087,0.2349052118925658,1,interior
0.6296276310774767,0.22728585696758385,1,interior
0.5866996641843296,0.2876144872495379,1,interior
0.6901365277380972,0.2808393207235544,1,interior
0.6727717044881268,0.3073803324491459,1,interior
0.5950116950708985,0.255653734767358,1,interior
0.6057634112635841,0.25554458415179193,1,interior
0.6014521402376013,0.30687102939865796,1,interior
0.679699119156045,0.29596443767987446,1,interior
0.6532417871272324,0.3119275143363335,1,interior
0.6881932635505026,0.28396427162980836,1,interior
0.6673282072335072,0.31201744761138595,1,interior
0.5931990565220405,0.30662425880736766,1,interior
0.5904046038043259,0.2773224115467236,1,interior
0.6635405890769079,0.2413481623469526,1,interior
0.6708384357497856,0.30206546590638933,1,interior
0.6793831184804501,0.2928056744875777,1,interior
0.6502332265039201,0.3172005894237616,1,interior
0.6524466457574422,0.23995983503102092,1,interior
0.5975701737917805,0.3023745073309886,1,interior
0.5923708576491161,0.2589714984972213,1,interior
0.6682298222097579,0.24842358510743792,1,interior
0.6777724724845121,0.2988126924665542,1,interior
0.6560022499960806,0.31320614752644566,1,interior
0.6061147762679152,0.31932406038475036,1,interior
0.6383219582412867,0.23944591684796548,1,interior
0.6641301863448174,0.31167484034996706,1,interior
0.6696104620643893,0.25395548555652714,1,interior
0.5937503881306441,0.25822946242388867,1,interior
0.6781014454093456,0.2562150504777079,1,interior
0.6699600446700049,0.24911032711837594,1,interior
0.6078703024465282,0.2510042586503562,1,interior
0.6753621208576712,0.25963274860841,1,interior
0.5961562014567999,0.2749992310369368,1,interior
0.6679913106114335,0.2595859520726007,1,interior
0.5916156204644774,0.29846798073075365,1,interior
0.6022006631989854,0.2499798590344976,1,interior
0.5912365259012066,0.296051304400448,1,interior
0.6010873337983632,0.31100912723780383,1,interior
0.6133249709106087,0.24705630228043382,1,interior
0.6694493902523311,0.30526186521960885,1,interior
0.6272187864839422,0.3258938086014341,1,interior
0.5889217745256802,0.30066142582954036,1,interior
0.6320579935426047,0.23014268895967527,1,interior
0.6905130883550743,0.28516919129453966,1,interior
0.6090417579970105,0.2474677467545936,1,interior
0.5904688740490239,0.29405537731082626,1,interior
0.595271738577326,0.30614339194031154,1,interior
0.6888421701362644,0.2824842819687556,1,interior
0.5861959440170447,0.26956955169584634,1,interior
0.6902600693883252,0.27931489483193955,1,interior
0.6770939434179287,0.3003410167729577,1,interior
0.6920190075465723,0.2774410957794828,1,interior
0.5896255717260269,0.292397266883965,1,interior
0.627935360776042,0.2380630903158329,1,interior
0.6867737645063412,0.26604022686926854,1,interior
0.6696559216574168,0.31221620210199935,1,interior
0.680111424054657,0.29432618085607526,1,interior
0.6022191869397275,0.31270095110797796,1,interior
0.6753056103439347,0.30596711836346785,1,interior
0.6717690611895875,0.24883865545035788,1,interior
0.6874731532952085,0.26965164176501416,1,interior
0.6213931331136051,0.24499185486854405,1,interior
0.6660516456009986,0.24296032428774048,1,interior
0.6899489502625271,0.26777745284363297,1,interior
0.6552837759245735,0.23931463252661556,1,interior
0.6152053223662778,0.24563876801538753,1,interior
0.6680567874763259,0.31425519896614484,1,interior
0.6115654693916865,0.2470760592917552,1,interior
0.6142172769034463,0.25493864917692466,1,interior
0.6233778105765393,0.2449703957322827,1,interior
0.6166705046406317,0.32652083041840296,1,interior
0.6827110698807752,0.2813724034498782,1,interior
0.6777624596090747,0.29173605528189234,1,interior
0.6297976339884809,0.22927660523215007,1,interior
0.6343172662315693,0.23497947532083183,1,interior
0.6769311711831633,0.2522022113308931,1,interior
0.5845197920434224,0.2839047707692861,1,interior
0.6740992679100859,0.309347388589681,1,interior
0.6076392620008596,0.324806359437165,1,interior
0.6202904267667451,0.32742900843228145,1,interior
0.5945154246743195,0.25955583819842054,1,interior
0.6275007389466247,0.2262606088336814,1,interior
0.6540338802015341,0.3142470127911671,1,interior
0.6712137792460702,0.253512748404951,1,interior
0.6761540158053541,0.3039523495498859,1,interior
0.6257664833789317,0.2373699469442712,1,interior
0.6649115188010685,0.23969782577349089,1,interior
0.6481862908788134,0.3190779732027124,1,interior
0.6734618148051527,0.24690206746554708,1,interior
0.6340780259443468,0.22458292176671504,1,interior
0.6425976304970757,0.3213675544462655,1,interior
0.5888328156812166,0.28007655677062177,1,interior
0.623526415684192,0.24342922444713186,1,interior
0.64999066169959,0.234760469223538,1,interior
0.6487977449034784,0.23366366903817412,1,interior
0.6716389983359582,0.3125791283546722,1,interior
0.680778943315351,0.26319499945249414,1,interior
0.5881473586167215,0.3026754113198277,1,interior
0.5906225527864368,0.27318816877334134,1,interior
0.5910076220729239,0.25740986291125156,1,interior
0.6046702289120263,0.254000777298678,1,interior
0.5894342554714661,0.28172406270506256,1,interior
0.665990403182287,0.2458657484156384,1,interior
0.6024022745315584,0.2556077256499239,1,interior
0.5911870698771412,0.26813318526994545,1,interior
0.6204556498071645,0.2411637456176235,1,interior
0.6324169497761541,0.23297503876462042,1,interior
0.5875393910966918,0.27449766032612094,1,interior
0.6333586551772032,0.32162451879929593,1,interior
0.586821391132126,0.2920699026504797,1,interior
0.66613944922532,0.3148172876661669,1,interior
0.6845112822402578,0.28412669432515003,1,interior
0.5872755824974889,0.2814336626132829,1,interior
0.6887791013609852,0.2861463338620934,1,interior
0.6148470532760012,0.32654618977239624,1,interior
0.6627218032429022,0.31420104373128255,1,interior
0.6819220583921883,0.2927460662565974,1,interior
0.6802192077582673,0.2535546378575286,1,interior
0.6509483427615989,0.31564320971916404,1,interior
0.6826070160620142,0.2897866277616706,1,interior
0.6882875519723591,0.2714969937845133,1,interior
0.631373397113775,0.23571033679294104,1,interior
0.681232188971343,0.2908843890244349,1,interior
0.6617478797123433,0.2457144208664523,1,interior
0.6654311530012817,0.3103530614942401,1,interior
0.6228531119239814,0.3265703830947484,1,interior
0.6569201055162757,0.23908508544786286,1,interior
0.6509491477290815,0.3138541591920198,1,interior
0.6294243194367273,0.32234348053387335,1,interior
0.682743747401194,0.291410907801249,1,interior
0.6285861058455277,0.3249050465980584,1,interior
0.5882718291312884,0.2931393857153387,1,interior
0.6431617000655931,0.23303739219631353,1,interior
0.5904950235459623,0.2750798955473339,1,interior
0.6036117482055408,0.2566597165084775,1,interior
0.6299955063890276,0.3239589307492551,1,interior
0.587962804060658,0.2688093967441973,1,interior
0.5913698253997619,0.302867014679978,1,interior
0.5885095803342806,0.27839567831457546,1,interior
0.5920284803362694,0.2550633632092714,1,interior
0.6677828977377337,0.24160975979971375,1,interior
0.661893957211305,0.31276546895267854,1,interior
0.6713676739066882,0.30419790871480357,1,interior
0.6604940387301572,0.31346060333592074,1,interior
0.6693750983635388,0.31069473641824047,1,interior
0.6412128690273806,0.320673750064702,1,interior
0.6205405939967399,0.23945543103138645,1,interior
0.6295658612292135,0.23619296648667934,1,interior
0.5898802938597404,0.30363997060766257,1,interior
0.6331517447310588,0.32596556495368634,1,interior
0.6263590911098051,0.22409463826655648,1,interior
0.5886017793099761,0.2766357550405198,1,interior
0.6225870136808435,0.24120333914133452,1,interior
0.6384015341867846,0.22946896059924024,1,interior
0.6060454727338717,0.24886471825947543,1,interior
0.6646973797752419,0.2497151170955161,1,interior
0.6859707780259353,0.2845672705336736,1,interior
0.5925279972922542,0.26546696726577984,1,interior
0.6287119925615676,0.23412853584304172,1,interior
0.678562156144037,0.2947765656406633,1,interior
0.5861973200904377,0.2803563191576309,1,interior
0.6009502569173192,0.25122513379820505,1,interior
0.6635225005079015,0.2523485813473138,1,interior
0.6914509969592354,0.28206793884271236,1,interior
0.613172244787411,0.2450077686396558,1,interior
0.62653192776688,0.2359720387988526,1,interior
0.671135816119118,0.3103387852730893,1,interior
0.6906351620774867,0.28795215836441457,1,interior
0.6790005234407192,0.30040970581676146,1,interior
0.6293724966296399,0.32624125100914547,1,interior
0.6448880954874946,0.2301292856176535,1,interior
0.5853395364382611,0.26476366942228907,1,interior
0.6772652518895265,0.2897889301374779,1,interior
0.6848357599661746,0.28919608675963393,1,interior
0.619461328095017,0.25095163455195085,1,interior
0.692044880821989,0.26849130529392584,1,interior
0.6492339806257336,0.2320715428542031,1,interior
0.5889796159809738,0.2960908817958956,1,interior
0.5875766731001705,0.2891691473987947,1,interior
0.586491264721713,0.26336394425602677,1,interior
0.6269916481279563,0.3280101872574046,1,interior
0.691380951807847,0.2837953704353935,1,interior
0.6349342206661379,0.32558183753862596,1,interior
0.5859566016700011,0.28261669912005716,1,interior
0.6579756181273094,0.31333686495670127,1,interior
0.5885122818838048,0.2829815391954696,1,interior
0.6925498955012193,0.28489688219179665,1,interior
0.69088100713143,0.2895524757944516,1,interior
0.6790830285630335,0.25197629808872624,1,interior
0.6817975309761051,0.2945097096343064,1,interior
0.6071277625328159,0.24750248403649738,1,interior
0.596144795802717,0.3084464764540631,1,interior
0.6483795853067329,0.3169734025680173,1,interior
0.65890098842059,0.31466187622795866,1,interior
0.5917494121679953,0.3006506505464789,1,interior
0.6855534453087281,0.2783651034162053,1,interior
0.6242909034271408,0.32555672622199106,1,interior
0.6112407320644212,0.24279086718535967,1,interior
0.6772674011978406,0.2775939337104619,1,interior
0.6527869659939217,0.3160300043225987,1,interior
0.6602808130169686,0.3163696461685221,1,interior
0.6748198686102829,0.3030448618289325,1,interior
0.6462331540965671,0.31903666514890067,1,interior
0.5841238479682195,0.26958729999645775,1,interior
0.6293185900123376,0.22546251326458794,1,interior
0.6739968736017888,0.30455798743485185,1,interior
0.6820698710357105,0.2546496916267168,1,interior
0.6314064008845576,0.22416602446974931,1,interior
0.6746184470110035,0.24842528020360416,1,interior
0.6620506172275125,0.24272104496316785,1,interior
0.5857748029844931,0.2899941630153005,1,interior
0.6257976617780224,0.32993734860559104,1,interior
0.5858879139453107,0.2722587891802316,1,interior
0.5901308609455056,0.29748442942785447,1,interior
0.6939523025734623,0.27968067348006403,1,interior
0.6462469254532773,0.22771417850784292,1,interior
0.625000923207307,0.24109895723170663,1,interior
0.6830231831052312,0.28736657488632134,1,interior
0.6290619038248667,0.3281948051995557,1,interior
0.6895794229462072,0.265209071543459,1,interior
0.6190159504283363,0.24375002715917315,1,interior
0.6249600437286603,0.24287289471997608,1,interior
0.6524311233571335,0.23607934820337478,1,interior
0.6593883597719254,0.31235163181309006,1,interior
0.6814736063717715,0.2865852013870335,1,interior
0.5895008167491662,0.2685907073659692,1,interior
0.6554414050933093,0.2369262308080464,1,interior
0.6304458291149563,0.23431587574248017,1,interior
0.645245265400272,0.23168266351018585,1,interior
0.6850191003260601,0.2611411293204457,1,interior
0.6759175537496922,0.25069358309046785,1,interior
0.6274890848280629,0.2290604859016013,1,interior
0.6810985430324413,0.2505755199000747,1,interior
0.6950589069100135,0.2812591332537797,1,interior
0.6466055957840245,0.22473305193977128,1,interior
0.6507458933183022,0.23252052743752818,1,interior
0.657450195598284,0.3165187956484322,1,interior
0.6921532186535938,0.2738549453878737,1,interior
0.6813590280394176,0.29663429805669933,1,interior
0.5984517824988571,0.3084345297590599,1,interior
0.6478741382332629,0.32079082369620293,1,interior
0.602517037939553,0.2536609381251693,1,interior
0.6760393967051368,0.24899010763029103,1,interior
0.6601300409344507,0.23919549684769703,1,interior
0.697623930000576,0.28040168107464103,1,interior
0.609344513558155,0.24584407900261981,1,interior
0.6797145969246926,0.29125727633611703,1,interior
0.6403468800939268,0.23214611469413587,1,interior
0.5935017839394716,0.2558834058778744,1,interior
0.6107588038168834,0.24493517563545592,1,interior
0.6566176887873258,0.3149281588423216,1,interior
0.6767377656455638,0.30229384714305485,1,interior
0.6797832556029856,0.2875572225596019,1,interior
0.6010313884073784,0.25709535554220764,1,interior
0.6279525048841357,0.2245890324694328,1,interior
0.6366223416699581,0.22777331595499642,1,interior
0.622176470690587,0.23905136116213282,1,interior
0.5991865790816812,0.2553148520567373,1,interior
0.6520443975321715,0.23436933154336995,1,interior
0.66473022030205,0.31550663528960693,1,interior
0.6728819321980907,0.311457684884766,1,interior
0.6054668781342588,0.2469733852188405,1,interior
0.6081556319382565,0.32672779402806806,1,interior
0.6316432290961912,0.3257694847482879,1,interior
0.6446114742063355,0.32082665314081354,1,interior
0.6719301582751436,0.24564190906762112,1,interior
0.5865279532520022,0.27617552092242076,1,interior
0.6942904460441447,0.2831395996214713,1,interior
0.6808966515239085,0.25709081743546375,1,interior
0.5845839177678228,0.274041746100655,1,interior
0.5985759127647153,0.3120255107608178,1,interior
0.6000879293071282,0.3092929502308006,1,interior
0.5887957952705478,0.25928617434827095,1,interior
0.6610214139002323,0.23707335351446684,1,interior
0.6033469713545344,0.24556655480266737,1,interior
0.5897361356416844,0.2993505749364793,1,interior
0.6016897716104264,0.24664537484437896,1,interior
0.6846549980574973,0.29291441226440673,1,interior
0.587002382161106,0.2711593866442637,1,interior
0.6758554246351632,0.24738909879464427,1,interior
0.6593662824491857,0.2417514416751978,1,interior
0.679712046904354,0.24988352110068454,1,interior
0.5847041019287579,0.28108165703501276,1,interior
0.6159324846326749,0.32869057518107375,1,interior
0.6116427196144064,0.3260763056054818,1,interior
0.6053120718726819,0.32193731157671346,1,interior
0.6753229931519311,0.2455583163680658,1,interior
0.6006001997946249,0.25404283834142294,1,interior
0.6550133886583801,0.24101103123329617,1,interior
0.6124162012565553,0.32898074417707446,1,interior
0.6284763314874457,0.2230355548225393,1,interior
0.6768842360889421,0.3056258780805717,1,interior
0.6777337559300474,0.3034603969224232,1,interior
0.684408609092865,0.26360501359283245,1,interior
0.6869276007735903,0.28969478754045425,1,interior
0.6917509133881784,0.28004939255730643,1,interior
0.6335722491539983,0.3238521038721311,1,interior
0.5870642825447966,0.26627935762995464,1,interior
0.6185354836668451,0.3263811454222181,1,interior
0.654401647584454,0.234667561686593,1,interior
0.6261600327658368,0.23375714624261001,1,interior
0.6731023404605707,0.2507856842204367,1,interior
0.691760382587858,0.2642284010147214,1,interior
0.6876352154264076,0.2878709249531891,1,interior
0.684203398874605,0.29082077982865745,1,interior
0.5886869677434061,0.305526013323233,1,interior
0.6714925906193092,0.2510510993301513,1,interior
0.6316006664933433,0.32729218317113534,1,interior
0.6934755826975223,0.2781804516832574,1,interior
0.6162566471707742,0.24887739668822909,1,interior
0.5875094111048923,0.29701227280899317,1,interior
0.6680362399139733,0.3164965526688289,1,interior
0.6704361135704979,0.24720404964310128,1,interior
0.6047133779354927,0.31853845860138547,1,interior
0.6069677786107538,0.24581917664348574,1,interior
0.5995944774081273,0.3137755114966865,1,interior
0.6960544875137734,0.2785280380570891,1,interior
0.6925449825080348,0.28715854846800215,1,interior
0.6677774922761783,0.24692747278732782,1,interior
0.6245302929630202,0.2393240221955389,1,interior
0.6395882661034381,0.2307301216648813,1,interior
0.6771923736090057,0.24666189226609664,1,interior
0.6472360894773226,0.2298235712857649,1,interior
0.5855306412873942,0.2681447051196237,1,interior
0.6554842537555164,0.3164876813687315,1,interior
0.6907841955875766,0.2762033886985543,1,interior
0.6002090856760859,0.31228496810181977,1,interior
0.6742563159439955,0.31301897102205195,1,interior
0.6277453135733436,0.2318801676319948,1,interior
0.6802023708575589,0.26006302019603816,1,interior
0.6556863752799841,0.23340570839333896,1,interior
0.6922040119922889,0.2754958697685892,1,interior
0.5826245974714551,0.2819417045292347,1,interior
0.5890391537456677,0.2738285265661299,1,interior
0.6839035266366615,0.2942957329148571,1,interior
0.5928895104888855,0.28210535986017915,1,interior
0.609901296237489,0.3261846652699744,1,interior
0.5825461351489967,0.2726984355868056,1,interior
0.6773161217586704,0.24483559144897762,1,interior
0.592155167935548,0.3053917609239808,1,interior
0.5838652165364792,0.26296750936103097,1,interior
0.587086597956057,0.294981329919804,1,interior
0.6084579394575773,0.2443699085239735,1,interior
0.6800761189236346,0.2554986970279898,1,interior
0.6027896680903962,0.31430979361953776,1,interior
0.6167937887512729,0.33041656812320086,1,interior
0.6926822008236474,0.2670008953326632,1,interior
0.6309327963207999,0.2258879081997051,1,interior
0.6268808062161694,0.3310999531219254,1,interior
0.599968761861616,0.30719449216813743,1,interior
0.6097368715155147,0.24301553943793766,1,interior
0.6663311294295041,0.3177292133437639,1,interior
0.6241140961466514,0.23688727222849898,1,interior
0.6937767109262402,0.2759835888833415,1,interior
0.6046947298305974,0.3252276964809417,1,interior
0.6682763251364631,0.24433030374944797,1,interior
0.6900727649914448,0.27233868914084697,1,interior
0.6247748513021197,0.22646541052600552,1,interior
0.6732797788969005,0.3149268296212544,1,interior
0.5858564923927603,0.27861877520948025,1,interior
0.6134166543519789,0.24086242393687965,1,interior
0.6697894963029793,0.24465895438166108,1,interior
0.6868016452923379,0.29133253851707297,1,interior
0.5929237149709702,0.25383519965263385,1,interior
0.5977402458176695,0.3106849623138758,1,interior
0.6793235361344261,0.24703783471827598,1,interior
0.6586231835485407,0.318752942674587,1,interior
0.6354261257649345,0.3230053191552796,1,interior
0.6921147138068385,0.29168191011431455,1,interior
0.6060647014245382,0.32776430076930313,1,interior
0.6732728893223363,0.2492036890455453,1,interior
0.6189261609662373,0.24190504209214939,1,interior
0.625542618815226,0.3322760510061409,1,boundary
0.6076458900265781,0.24212742866600395,1,interior
0.5846722255269181,0.287482643502691,1,interior
0.6249506395981376,0.3277045840971597,1,interior
0.6947994511425815,0.28604841100633666,1,interior
0.6397760271896336,0.3211643057971067,1,interior
0.6174924138797687,0.24438607672371845,1,interior
0.6877608558543334,0.26402154182878845,1,interior
0.5824087312358684,0.285761318129251,1,interior
0.690768222426459,0.26235485101940553,1,interior
0.6169214816221719,0.24669196807439644,1,interior
0.62325491374475,0.3315355896301384,1,interior
0.6004463015484324,0.24920331302994503,1,interior
0.5877939914456146,0.29963146513820477,1,interior
0.6011732885016119,0.31430946733784726,1,interior
0.586850740042452,0.3053784687170315,1,interior
0.5804403891212366,0.28586776346425385,1,interior
0.6578587621615788,0.23750900387322743,1,interior
0.5809295852136902,0.2834697958854685,1,interior
0.5944078765087091,0.31086924331288357,1,interior
0.5902273081947236,0.26042623095193673,1,interior
0.5983659157384076,0.25020017165031194,1,interior
0.6267879084243021,0.23046553980859247,1,interior
0.5969375765995847,0.2496003127477941,1,interior
0.5837222399803705,0.29042070673150244,1,interior
0.6703026806030832,0.3140880311803607,1,interior
0.6251751567591143,0.2288601718590294,1,interior
0.6885118296551646,0.26221337635233344,1,interior
0.5825417359988809,0.28352414810561155,1,interior
0.5855741680344883,0.2958890134617397,1,interior
0.6866335270825307,0.2623138133687995,1,interior
0.5972129671776196,0.2475210531575578,1,interior
0.6817056347386656,0.28838593788920636,1,interior
0.6894695412638036,0.2635363463742688,1,interior
0.5874335507060252,0.30111364711156324,1,interior
0.5839186060513267,0.28546384482643944,1,interior
0.5848803330742653,0.2614716533172246,1,interior
0.661668016570746,0.3170444744642475,1,interior
0.6910848577931914,0.26676826485869976,1,interior
0.693123226993846,0.2819337360823227,1,interior
0.6018332534264094,0.242979588935394,1,interior
0.6547027588017501,0.31807587217383004,1,interior
0.6331422781799663,0.3285129384582103,1,interior
0.584820264214679,0.3057533213554828,1,interior
0.6237229369601079,0.23442797805885018,1,interior
0.6156810065900857,0.2437229071045425,1,interior
0.6665777647589707,0.2480482426512777,1,interior
0.6818621285600105,0.2992876629121729,1,interior
0.6562966962501758,0.31871897054764037,1,interior
0.6102595389146678,0.2411671637559164,1,interior
0.5943129739262579,0.30473339119226334,1,interior
0.6281918521488095,0.3295400206531435,1,interior
0.6862618055612095,0.2871784544500565,1,interior
0.6163619090671303,0.24230208702026954,1,interior
0.610305033458182,0.3276792447192416,1,interior
0.6413518754474705,0.2307374208233148,1,interior
0.6689030759323794,0.24267772167282176,1,interior
0.6859133111933042,0.29490049231676957,1,interior
0.6428410764097181,0.23005660300738984,1,interior
0.6023070635603077,0.24818364240351667,1,interior
0.694068478784892,0.2899242731635609,1,interior
0.695748925526557,0.2836280016240047,1,interior
0.5870524692490906,0.3037850056483662,1,interior
0.60494211383823,0.24519535127025976,1,interior
0.5952897776790148,0.25398322450788435,1,interior
0.6718927686709858,0.31409186080857415,1,interior
0.6136125361841495,0.3279344075108486,1,interior
0.6289997030681574,0.23067130227394642,1,interior
0.6199577660403167,0.33024032922280466,1,interior
0.6775172410702449,0.2482669156665685,1,interior
0.6519161974829774,0.31745456704063757,1,interior
0.6313791045750453,0.32991772815163045,1,interior
0.6787021365921414,0.2421558564916627,1,interior
0.6048174362874966,0.24295385427361352,1,interior
0.6769611898700185,0.3071697123445858,1,interior
0.6346770134818447,0.3273481206577716,1,interior
0.626528246103706,0.23873560617239886,1,interior
0.6322437896274543,0.2224864469606531,1,interior
0.6526254402234865,0.31919586610759043,1,interior
0.6758808297414104,0.3095005878046054,1,interior
0.5986403383904338,0.24862738404026344,1,interior
0.6747481116713171,0.30751662100736404,1,interior
0.6676839973106207,0.23977028565377917,1,interior
0.6551152266631126,0.31979320241530096,1,interior
0.6889010837207734,0.2892020388823686,1,interior
0.6609291208454647,0.3197976861462021,1,interior
0.6232407784398047,0.33001092298619267,1,interior
0.6712290900750174,0.24368443778021795,1,interior
0.5829233698530907,0.2651921501059784,1,interior
0.69505164931806,0.27458568328230587,1,interior
0.6946962574057621,0.26925071830706643,1,interior
0.6638062381884337,0.318198240568272,1,interior
0.5999055818883361,0.28018161369261146,1,interior
0.634835492874643,0.33038269716404656,1,interior
0.6629065859024587,0.23903465311718813,1,interior
0.6176131738007301,0.2388225220364386,1,interior
0.6779710431163986,0.25782089765197896,1,interior
0.6041368307433049,0.31641844938707164,1,interior
0.6952872821158812,0.2669855797250312,1,interior
0.6716325387975108,0.24200836506504828,1,interior
0.6776698789520116,0.25019224142047936,1,interior
0.6741653961069143,0.24371603205131093,1,interior
0.5831267147263721,0.287197707204727,1,interior
0.6251413626287626,0.23536008094849042,1,interior
0.6429100725432313,0.22817860184873728,1,interior
0.6016915098195332,0.2928978908128896,1,interior
0.682121252258037,0.2488195528758395,1,interior
0.5827704346234281,0.2684891610422504,1,interior
0.607178257924393,0.3295109935002048,1,interior
0.6180279510349242,0.3292202582476742,1,interior
0.6360421221141199,0.3281619332001285,1,interior
0.694518204398111,0.28819902423005583,1,interior
0.6126653052790282,0.2434505949394889,1,interior
0.6380019213652017,0.3231116507262062,1,interior
0.64010215153306,0.32347566077608275,1,interior
0.5838486464501582,0.2769590335660702,1,interior
0.6837308145723263,0.26029266734105133,1,interior
0.5856531181710721,0.29402890967124107,1,interior
0.6690548404944314,0.24606244446224598,1,interior
0.6155872618040963,0.24751131491635045,1,interior
0.6937256522669226,0.2645791268566008,1,interior
0.665840226720209,0.24119493010669843,1,interior
0.5979866788327083,0.24531744085750276,1,interior
0.6802315436299239,0.2483456913450729,1,interior
0.6969433271556806,0.2823378398787312,1,interior
0.5968301366857031,0.25497950062906327,1,interior
0.6842456212188593,0.24905313750397456,1,interior
0.6903594128814724,0.2606347036739982,1,interior
0.5915245817500956,0.30718674784953504,1,interior
0.5902258527672918,0.30518062879124946,1,interior
0.5840713780124841,0.2927713721471819,1,interior
0.6023970851968066,0.3175132744933776,1,interior
0.5899026945185092,0.3067346703565061,1,interior
0.5985087189205637,0.2521154116046593,1,interior
0.5828854151661491,0.27912947255889037,1,interior
0.69856365632116,0.2827613016887136,1,interior
0.6355743573648323,0.2262812043422063,1,interior
0.6215062286583763,0.3286421198885097,1,interior
0.6093311947563103,0.23976423272572278,1,interior
0.5806955199599932,0.28780586721370005,1,interior
0.676460127630907,0.25370353218693426,1,interior
0.5821508394822055,0.2902876158246418,1,interior
0.5887709633174255,0.2614430588262132,1,interior
0.5925987157569933,0.3086503726546868,1,interior
0.6143261138834516,0.24250537505620234,1,interior
0.6659259835753569,0.23821097219348059,1,interior
0.6832272263658384,0.25742595416795494,1,interior
0.6378490184815523,0.32531473965782637,1,interior
0.5862209518588615,0.30760521265528384,1,interior
0.5860017932065604,0.2584023123084841,1,interior
0.5834787167863463,0.2607432420135082,1,interior
0.6249707304794467,0.22492032803302256,1,interior
0.6855494720035413,0.259478242829646,1,interior
0.6903226714689374,0.29283494799173937,1,interior
0.6704349059775714,0.24016834095111558,1,interior
0.5785563196539333,0.2837879897735645,1,interior
0.6540837174833615,0.23272485847228028,1,interior
0.6871480142031205,0.26080324233609037,1,interior
0.6002705607962429,0.24749129056074273,1,interior
0.6504539082339686,0.23061694210548409,1,interior
0.6635139133056048,0.3166497551052015,1,interior
0.6603974835384913,0.32228563439071534,1,interior
0.6871933376205371,0.28549109091066777,1,interior
0.5790783186933056,0.28830045243740576,1,interior
0.6362016913074904,0.3296894481298222,1,interior
0.6767703483788594,0.242987043300479,1,interior
0.5919702172802397,0.25237336324612064,1,interior
0.6714603707921506,0.2385555677069261,1,interior
0.6403032083217504,0.22838076111618713,1,interior
0.6756014850744988,0.24182590545653776,1,interior
0.5796835567542636,0.2808981807298677,1,interior
0.618347924008443,0.33133865658874745,1,interior
0.6965011888176176,0.2882203395169853,1,interior
0.6097613396018274,0.32923073593036045,1,interior
0.6621243302645398,0.3187334713386544,1,interior
0.6011957596421057,0.3199628074106604,1,interior
0.5846012200220103,0.2712086493907279,1,interior
0.6900903208927853,0.29096651356768005,1,interior
0.6945673823083585,0.2631013167193525,1,interior
0.5996059813364448,0.2458901398657312,1,interior
0.6735666957143767,0.24515607334718528,1,interior
0.628632313536422,0.3329234141572869,1,boundary
0.6774558365956964,0.24054105351430488,1,interior
0.6696232591220046,0.23856759035091943,1,interior
0.610166931132721,0.23815216872382566,1,interior
0.5993147263951492,0.24351336404758284,1,interior
0.675772216483589,0.3165473871196472,1,interior
0.5852027794186444,0.2996344515447829,1,interior
0.6085647352248339,0.331719304450004,1,interior
0.5897314742506592,0.2540481000352628,1,interior
0.6223654947853462,0.23527322718315194,1,interior
0.6068261621441354,0.33407773546261244,1,interior
0.6603131190801939,0.31816421113841675,1,interior
0.6188644523121222,0.24001791513463921,1,interior
0.6828831996624269,0.25317076071592437,1,interior
0.6677409123585466,0.2363558749025531,1,interior
0.6748971954070727,0.31076447900048854,1,interior
0.6781763184210234,0.2532640232374005,1,interior
0.6734746618516666,0.24186205027653393,1,interior
0.6010527498044393,0.24475712521766127,1,interior
0.6594579347109523,0.23736314036102882,1,interior
0.6580808452169745,0.30968921170719177,1,interior
0.6975772740532229,0.2903183502907589,1,interior
0.5969702938150889,0.25674184988938903,1,interior
0.620847593538493,0.3324216797725721,1,boundary
0.6573702362793494,0.23170075626345152,1,interior
0.6871794106509163,0.258582677145866,1,interior
0.5885747555517826,0.3075783459925432,1,interior
0.591331873080083,0.310055793740277,1,interior
0.6228929620244021,0.22423068592439946,1,interior
0.6232790843850354,0.3284090085275859,1,interior
0.6937383674658306,0.2736125111960837,1,interior
0.5872902641617342,0.2602298139124865,1,interior
0.5823698397381297,0.2887798676383415,1,interior
0.6950096092101763,0.27158947802863864,1,interior
0.5857502489338701,0.2979685806009173,1,interior
0.6570807151425574,0.2354132651983204,1,interior
0.611618465191839,0.33032555058561125,1,interior
0.6823219925434555,0.2978181998173151,1,interior
0.5941907382798913,0.30845909161403284,1,interior
0.698332134975222,0.27804693767272703,1,interior
0.5833543879718125,0.2666649101665477,1,interior
0.5797473086698961,0.28970514653285684,1,interior
0.580992683712015,0.292350929352451,1,interior
0.5848749840955136,0.266620674229337,1,interior
0.585956940193952,0.3015072250420328,1,interior
0.6446660857695126,0.3225466598148332,1,interior
0.6841933654731754,0.2973500159380225,1,interior
0.6231351781189641,0.22654108428898273,1,interior
0.6246384259150921,0.23187735712553278,1,interior
0.6066599844583188,0.24356025408406168,1,interior
0.6729603144350104,0.24018735049199186,1,interior
0.5796027172194583,0.29172043688994026,1,interior
0.6750074159794192,0.2570412024489307,1,interior
0.6381018733568773,0.3295006620417183,1,interior
0.6641644160426874,0.3137046359471967,1,interior
0.6078848242281952,0.23714143005388366,1,interior
0.6423012716293538,0.3247166446836546,1,interior
0.5958940028680044,0.25191780340331965,1,interior
0.6330649452446472,0.33095952686600916,1,interior
0.6147862967739479,0.33050845324712463,1,interior
0.612423891218803,0.33210084055392086,1,interior
0.639633662915789,0.32832421992645744,1,interior
0.5922897957707927,0.27611914580189273,1,interior
0.5814556720197827,0.2643803169393352,1,interior
0.6090729552718196,0.23507773122791353,1,interior
0.6263941772351934,0.22768207555056671,1,interior
0.6273509946841224,0.22188990614099774,1,interior
0.6642778670404934,0.23580197912148076,1,interior
0.6788621844344219,0.3045410409856975,1,interior
0.6030375441259508,0.3205636546004918,1,interior
0.6210286540930091,0.23730606821407746,1,interior
0.6073574068277988,0.3359285367781299,1,boundary
0.6428156178338815,0.3232378214381419,1,interior
0.5827094723153763,0.29469852051564444,1,interior
0.6780466598665704,0.30998310087322145,1,interior
0.5940684941294889,0.24990915060849556,1,interior
0.5819544387356081,0.2764895527163068,1,interior
0.5820089497567652,0.2709661541252119,1,interior
0.675941645517784,0.31456580872372253,1,interior
0.6223742704617837,0.3330369430950434,1,boundary
0.6810707145324713,0.24541388245034607,1,interior
0.6619504266739937,0.3218472862234442,1,interior
0.6982143633112923,0.288274152441525,1,interior
0.6450335460257574,0.22623161452438603,1,interior
0.5761265499371326,0.2832197988929351,1,interior
0.6045580580410517,0.32022998684856085,1,interior
0.6786232886623824,0.24561802107042424,1,interior
0.6594999678964659,0.3209533695539365,1,interior
0.6421525332474177,0.22660939448373782,1,interior
0.5810439859431886,0.2670053328674251,1,interior
0.6216086565654483,0.33069024101821637,1,interior
0.6891550193875747,0.25785642125275243,1,interior
0.6727035241650235,0.24322349452655131,1,interior
0.6774027165585506,0.31141511063856814,1,interior
0.6462872278692425,0.32189281698919986,1,interior
0.5848723311679384,0.30369990338979924,1,interior
0.6132635651342231,0.3262508246086813,1,interior
0.6862194301312665,0.2709736684226826,1,interior
0.6041848880421653,0.3282266346252237,1,interior
0.6438024332482842,0.32542332711186117,1,interior
0.6893494117115777,0.25520323881902224,1,interior
0.598811393808843,0.25372625062264714,1,interior
0.6103587513953468,0.3319415055098418,1,interior
0.6806263818504795,0.24173594541562532,1,interior
0.5825638502913904,0.2921533777843068,1,interior
0.6572019447114984,0.2332337193904257,1,interior
0.6495840025676932,0.22915636323380478,1,interior
0.6634566411214816,0.3199356748487148,1,interior
0.6253120880999921,0.22212638715374244,1,interior
0.5853272688575467,0.2914980719937081,1,interior
0.605830793059727,0.33084280481691813,1,interior
0.7000065166431356,0.27839337038921286,1,interior
0.6364268507651819,0.32629780738647635,1,interior
0.6529239618105565,0.22898309904973171,1,interior
0.5898612887636101,0.30919589949088405,1,interior
0.6964951983268238,0.27667962486482556,1,interior
0.6773542981484447,0.31333564184284474,1,interior
0.5845730050920471,0.3083461958094661,1,interior
0.5891998548373878,0.25586643036516993,1,interior
0.5971373010883779,0.2529808292535295,1,interior
0.693081015587993,0.2887537668213142,1,interior
0.6129613808065917,0.24865866336113357,1,interior
0.682844195201114,0.24678074933489055,1,interior
0.5846261547734798,0.25932046424730876,1,interior
0.6893032699070606,0.2698027206543649,1,interior
0.5976601568707408,0.2412487168766599,1,interior
0.6428520556386919,0.32793959069942036,1,interior
0.62505328168749,0.23037791954913991,1,interior
0.6744636306000428,0.2389216131679012,1,interior
0.5809317721960503,0.29530642827970727,1,interior
0.6054198213172459,0.32345940801642226,1,interior
0.6292270509474381,0.33095592310357724,1,interior
0.577110495732954,0.28671041836778277,1,interior
0.6066218694882215,0.32606967937366454,1,interior
0.5954726264441771,0.24784274751717314,1,interior
0.6005274974975202,0.3161848393293733,1,interior
0.5873678438530974,0.257540230399024,1,interior
0.617283031253814,0.24075401629049556,1,interior
0.6835866759313779,0.25481234646778106,1,interior
0.6494914096045049,0.32030452657776487,1,interior
0.6215753034968783,0.22562852739831568,1,interior
0.6914949954854545,0.2583617809524773,1,interior
0.5799053465532357,0.2964473077399265,1,interior
0.596445101760031,0.24523059806499395,1,interior
0.6033627191206596,0.2421618088626833,1,interior
0.6098077086918144,0.324381032538382,1,interior
0.585956505851615,0.3092193015001637,1,interior
0.579285132450748,0.2638448298973179,1,interior
0.6433259000980865,0.23150846241887646,1,interior
0.6302490149755754,0.3331241696970211,1,boundary
0.6318052167613757,0.33297758288023943,1,boundary
0.5950313179133474,0.2462943874568856,1,interior
0.6849997319920391,0.2566100973309682,1,interior
0.6048176343589288,0.32967271121730013,1,interior
0.6585135932126568,0.23062782514559457,1,interior
0.6740999620673302,0.23712192252668846,1,interior
0.5782860058296929,0.29411890041648875,1,interior
0.5817737171906854,0.2628929287135367,1,interior
0.5968160718090075,0.24312307131893462,1,interior
0.6374639302221751,0.3308990434013744,1,interior
0.6043002164674133,0.24078068357092927,1,interior
0.5833878044154645,0.2996763916642923,1,interior
0.6932420418741144,0.2617094985535815,1,interior
0.5874436752071222,0.25389434706904995,1,interior
0.6983956451804094,0.27583576946992117,1,interior
0.6911232376489822,0.25622163227068967,1,interior
0.6303169523310573,0.2228451804030757,1,interior
0.6804802207103435,0.310885900468215,1,interior
0.6052082351001352,0.3326258325527871,1,interior
0.6843190673336995,0.2585366543159294,1,interior
0.6400679546842071,0.32610136103878734,1,interior
0.6790780454619036,0.3069629719959652,1,interior
0.5842895604306719,0.2949684851257612,1,interior
0.5786801185397161,0.26882504334196844,1,interior
0.6072014375457376,0.3324641083800686,1,interior
0.5908292572294269,0.25126733670953266,1,interior
0.6024787363168405,0.32700695657783113,1,interior
0.6364228581955843,0.3243889445705275,1,interior
0.6346363325131842,0.2206643615325093,1,interior
0.6525089820780635,0.23234927473388875,1,interior
0.6693165661215174,0.3152998545993094,1,interior
0.6796262902103395,0.30245455672994004,1,interior
0.6000015016672081,0.24189685826136784,1,interior
0.6790039937029091,0.31198697673088216,1,interior
0.6836799654197652,0.2505989218318909,1,interior
0.6064868223870852,0.24111155994971156,1,interior
0.6611759069980616,0.31513601230414606,1,interior
0.6728953368759514,0.30338055168173805,1,interior
0.6006905551247331,0.31787930666225456,1,interior
0.5889185429926378,0.2526384427632525,1,interior
0.6972820213677468,0.28560168495283494,1,interior
0.596844217912843,0.31404035433343774,1,interior
0.5943074200813467,0.25270562825652454,1,interior
0.6763677943722333,0.23932797365085304,1,interior
0.6595767691138451,0.2346545603386186,1,interior
0.6790722382602667,0.31516242078678425,1,interior
0.636288353443183,0.33199601270386975,1,interior
0.6403036757119984,0.2254363497937776,1,interior
0.5943458556505676,0.24481390038351794,1,interior
0.6033065639815246,0.32370666007121135,1,interior
0.6850640466763563,0.25441422745683534,1,interior
0.6962962861663372,0.26520964260547497,1,interior
0.6589507538411634,0.2327417530757139,1,interior
0.6177029800155276,0.32772520619851153,1,interior
0.6151294145430003,0.3322595869797411,1,interior
0.5826237784480537,0.3040574373051733,1,interior
0.6151815879935562,0.24036679701135302,1,interior
0.6018652145449694,0.2410006913241831,1,interior
0.6862724326258663,0.2963992299249124,1,interior
0.6621763696782279,0.3241854510929319,1,interior
0.6926041845186331,0.2723491539033986,1,interior
0.6269972209480128,0.3329731350175157,1,boundary
0.6552281987372952,0.2316074185484139,1,interior
0.6757399681918148,0.3122229450019563,1,interior
0.5878371231001441,0.2509147526200538,1,interior
0.6885109178464566,0.25954893226445047,1,interior
0.6118994397442713,0.24096008156625795,1,interior
0.6872495095010287,0.255912447716669,1,interior
0.5867788843943614,0.2618281806543424,1,interior
0.6812404025289909,0.23876743186727967,1,interior
0.6912474820119403,0.2698757690773861,1,interior
0.6392538901118635,0.3313263965907219,1,interior
0.6551400082749356,0.22986350792796523,1,interior
0.5930103231561656,0.25113139458862993,1,interior
0.6928491799160788,0.2707215931798179,1,interior
0.6707715118953839,0.3163895360501015,1,interior
0.6541307208171468,0.3215880378779907,1,interior
0.5929402003029416,0.24870377469475943,1,interior
0.6421177705919767,0.3316161703385713,1,interior
0.6805530519318393,0.3002884720258108,1,interior
0.6693533569124579,0.23614045382964358,1,interior
0.69163830833578,0.25423974093905194,1,interior
0.668250449128737,0.2378667865719243,1,interior
0.6234366606135202,0.2282445478245891,1,interior
0.6226547438446794,0.23742858632068137,1,interior
0.6606275250623258,0.23321842201172835,1,interior
0.5781913034535692,0.2905900483336665,1,interior
0.6249205799944101,0.2194985919036241,1,interior
0.6219651415431655,0.23372064609917725,1,interior
0.5807641950454734,0.2607881795848207,1,interior
0.6534738463506973,0.23056048681214109,1,interior
0.5894760955886058,0.2574692667013871,1,interior
0.650172860788362,0.3188238296020058,1,interior
0.6118084751612162,0.23923378036982834,1,interior
0.5748050684617669,0.2863055161270182,1,interior
0.6447822819543738,0.22833104779850627,1,interior
0.6511718946281897,0.3212232445402714,1,interior
0.6807890578514241,0.3165330093354178,1,interior
0.6135480484413606,0.23816138122903743,1,interior
0.598870972111176,0.31586946790699905,1,interior
0.6827867681156989,0.24404630563524204,1,interior
0.6654241117755266,0.2335015488666119,1,interior
0.6202957041044308,0.2345840045835305,1,interior
0.6829528838973475,0.3010797175465212,1,interior
0.5797998108454522,0.265765191555418,1,interior
0.597796926617949,0.31748019471990985,1,interior
0.6878646368985823,0.2534611090251296,1,interior
0.6023897606560967,0.3301130062096602,1,interior
0.6137399598495054,0.33428075941975255,1,boundary
0.6386465588416784,0.22740499869583392,1,interior
0.6960550451256521,0.2634661191741027,1,interior
0.6811726535304697,0.3028797583296931,1,interior
0.6193451944608402,0.23796107934772057,1,interior
0.577532454436736,0.292261389177842,1,interior
0.5750596280693672,0.29073447426901655,1,interior
0.5892510973474004,0.2497394691143379,1,interior
0.6729725358897392,0.316942948964321,1,interior
0.5817876867197358,0.25917062308944755,1,interior
0.5854618491837551,0.310881920155669,1,interior
0.622697297734806,0.21836811887097293,1,interior
0.5804815520552825,0.2748690179333524,1,interior
0.6572828687207107,0.3204482511863635,1,interior
0.5829155533463589,0.29726602025257887,1,interior
0.5805746114135417,0.3060373849253556,1,interior
0.5876865576268355,0.30985155339322334,1,interior
0.5779739678524303,0.2665422708635874,1,interior
0.6242460929457485,0.33317271174379914,1,boundary
0.5811952997426134,0.2784471181242535,1,interior
0.6435878547399259,0.2250617967339396,1,interior
0.6968165331542239,0.2699148758173586,1,interior
0.687590867465315,0.29282061455022174,1,interior
0.6197162072255696,0.2256747232871918,1,interior
0.5899583539160204,0.3122776631001354,1,interior
0.6374503153512956,0.2261237009373933,1,interior
0.6001597323595398,0.3270347954665345,1,interior
0.619057682925211,0.2242230593077563,1,interior
0.6221204835946667,0.23004195346221687,1,interior
0.5813771445571135,0.28013482280197655,1,interior
0.6477299057709693,0.22718953565221392,1,interior
0.6790808095430226,0.3136373945457583,1,interior
0.6039398092177799,0.335163309195825,1,interior
0.6641991309017041,0.2374050257676984,1,interior
0.6578467403420963,0.3230035135517684,1,interior
0.6547452830053251,0.22822335259122484,1,interior
0.6175336508540586,0.23622894969133013,1,interior
0.5957957742075093,0.3100647074180949,1,interior
0.5972520144214687,0.315646291106243,1,interior
0.6971910491670674,0.27353671768476395,1,interior
0.6274058605465831,0.22031076538924085,1,interior
0.622289502626479,0.2318512890081615,1,interior
0.6027029503278548,0.23815191371960728,1,interior
0.6603022804128643,0.23125383496851737,1,interior
0.5770600708045813,0.2894554233670086,1,interior
0.5796428551874713,0.2730688328590241,1,interior
0.5955126004241396,0.3122770958013918,1,interior
0.6564737680644656,0.3223527529378157,1,interior
0.6786708114402604,0.3174372583082576,1,interior
0.579812680500841,0.29420210033338956,1,interior
0.6993555399649721,0.2802841885561225,1,interior
0.6982265358547024,0.26393107802343274,1,interior
0.5894217830538875,0.31080581227455745,1,interior
0.5794879600085235,0.27903647519455294,1,interior
0.5808620173413354,0.26929624203897035,1,interior
0.6206613110402288,0.23063106997518634,1,interior
0.6805459902400334,0.31266083449462356,1,interior
0.6375638559031049,0.33291580856227576,1,boundary
0.6395895166145319,0.3329129425675139,1,boundary
0.6626840968044377,0.23529157090176758,1,interior
0.5928320408482608,0.2468230894183096,1,interior
0.6695667349503379,0.31731935550462126,1,interior
0.6479716540275553,0.322936515187828,1,interior
0.6417071417955643,0.32982965567299505,1,interior
0.6165774122239239,0.33328914690765105,1,boundary
0.6782831640257633,0.23721237744031673,1,interior
0.6566605697348089,0.23025313220306765,1,interior
0.6001745921136374,0.24017954552710766,1,interior
0.6458455601242454,0.3240530541102609,1,interior
0.6796833604887971,0.3192841376735903,1,interior
0.5911542083445116,0.24853586362281688,1,interior
0.5963671386195664,0.3180658541695284,1,interior
0.6965189810518155,0.27193751747255895,1,interior
0.577668046405425,0.281033700614532,1,interior
0.6210248044662556,0.22820588013353238,1,interior
0.579480578729002,0.25946289934161715,1,interior
0.6851572111977127,0.2523864533900914,1,interior
0.5782420581491124,0.29599177373673863,1,interior
0.6658836072810504,0.23645022954281592,1,interior
0.6003906222418509,0.33014611413409206,1,interior
0.643520596181483,0.3293086556325677,1,interior
0.6974512073725045,0.2668133441813864,1,interior
0.6884030526781588,0.29133821331117754,1,interior
0.600371229724988,0.33220509286338873,1,interior
0.6118508490029804,0.23747416973550267,1,interior
0.583022016857703,0.3077581365779085,1,interior
0.6899073716050015,0.25243596431146353,1,interior
0.6844737904040744,0.24734051427859138,1,interior
0.6832266471903649,0.30261975460692336,1,interior
0.598584293062163,0.3299089803701371,1,interior
0.6084184747887765,0.3335045052023658,1,interior
0.6821728574393742,0.3115700970493897,1,interior
0.5765896629207081,0.2852528527760199,1,interior
0.6859675396233484,0.24576091575811593,1,interior
0.6412493551234704,0.32782161173708496,1,interior
0.6106483275079861,0.3352643486323154,1,boundary
0.6987925185547741,0.2859742993230972,1,interior
0.6766351339298975,0.3191989022384053,1,interior
0.6828684075558892,0.3099385171054521,1,interior
0.6287914447937539,0.21968106126218734,1,interior
0.6862246555848014,0.24747562390135994,1,interior
0.5939493905574144,0.24333310765000993,1,interior
0.634831652768087,0.33279130574632565,1,boundary
0.5917549594154209,0.31158770602823266,1,interior
0.6164207890523378,0.23783322799879789,1,interior
0.6019517288412009,0.32860513080767323,1,interior
0.5828863623025614,0.3061181161275174,1,interior
0.6846748670481784,0.3131286794768518,1,interior
0.6211563655163617,0.22293605642254127,1,interior
0.6974269040781415,0.261785732964837,1,interior
0.6782549043252102,0.3202604030991241,1,interior
0.6808328844935744,0.3058788586032195,1,interior
0.6524757202646674,0.22673200638551458,1,interior
0.6372252445150133,0.22387474143608177,1,interior
0.7014540893974942,0.27988010977293054,1,interior
0.6037864777453796,0.33083628587140806,1,interior
0.6195520955995162,0.22718860152335285,1,interior
0.6459135987983002,0.32602800875399934,1,interior
0.6602568910888267,0.3247970614299303,1,interior
0.6918406901972015,0.2932124678964055,1,interior
0.6011479041590636,0.3224142447963964,1,interior
0.6920222035562595,0.2607833457382865,1,interior
0.6852934327965073,0.250518419919633,1,interior
0.6297151762091082,0.2213891886652576,1,interior
0.663887312796572,0.32325777590872745,1,interior
0.6417530222467207,0.3261917800956528,1,interior
0.6815110938992516,0.2521561076034293,1,interior
0.57457496352079,0.2844169561212645,1,interior
0.5797795583261047,0.28244364688141954,1,interior
0.5987364380252858,0.318868687490812,1,interior
0.6127733994485735,0.2355330719859186,1,interior
0.5775451509516905,0.2639408600287334,1,interior
0.5760930671719556,0.280274877366872,1,interior
0.6149321969057665,0.23728533831746004,1,interior
0.5933731508456486,0.3124162713426194,1,interior
0.5775588233470196,0.27552204497282473,1,interior
0.6994331319078589,0.29056078424383763,1,interior
0.5950154869411954,0.25729546776085105,1,interior
0.5757314039548782,0.2922742003419549,1,interior
0.5875167573900962,0.31186112389181997,1,interior
0.6684563743962927,0.23461877625786984,1,interior
0.5856296163876487,0.2565348430730196,1,interior
0.6511401149872728,0.22913198352436226,1,interior
0.6593542489945781,0.22912879167114242,1,interior
0.6281451268417856,0.2276396284719785,1,interior
0.5837719998027263,0.3098219158679885,1,interior
0.6956257036876603,0.2903248865848271,1,interior
0.5926520325071133,0.24434976910868797,1,interior
0.6381282571872533,0.3271636725040129,1,interior
0.5837168944813026,0.25775895324227177,1,interior
0.657435963489757,0.2288413464608249,1,interior
0.6112511904749636,0.2358249699432085,1,interior
0.615372245259195,0.23531725697699377,1,interior
0.6650728097807939,0.3208043664620559,1,interior
0.6956273462795104,0.29188516396473096,1,interior
0.6868436239364493,0.24941747661929342,1,interior
0.6421456434572819,0.22458375047844148,1,interior
0.6662792785334388,0.31937633745051364,1,interior
0.5748446291243096,0.28843698422257213,1,interior
0.6443778496265692,0.3271911351813673,1,interior
0.6772880737971178,0.31587726772723634,1,interior
0.6935104459151766,0.2599909775276383,1,interior
0.6437795961445828,0.3319509619487719,1,interior
0.6968850122420117,0.26829621798393066,1,interior
0.6788016375230026,0.24386547237750558,1,interior
0.5950150113095531,0.2419040779481286,1,interior
0.6495485639266654,0.22644997160663824,1,interior
0.6637088051130762,0.233210961676392,1,interior
0.6233175083193951,0.22260860803437865,1,interior
0.5882380512241309,0.24827296142563046,1,interior
0.6621408943581921,0.228744867723442,1,interior
0.6608250678758539,0.22978439047936383,1,interior
0.6017912789173662,0.3372020866583804,1,interior
0.5876203227226737,0.25557198316943686,1,interior
0.5943084712909571,0.3140550153799416,1,interior
0.6676189013553041,0.32018877879881674,1,interior
0.5981760039472912,0.33199250075914827,1,interior
0.6279329723142065,0.217952703294431,1,interior
0.6018207712570972,0.32417470801770004,1,interior
0.6852887324075844,0.2995649266435625,1,interior
0.6411659891111613,0.3329029228690941,1,boundary
0.6680027567095477,0.31832358818158735,1,interior
0.7008358987616742,0.265195464881045,1,interior
0.6974964256008176,0.28384451318999465,1,interior
0.6817347890866277,0.3205477346949161,1,interior
0.6036206627071217,0.33281584940007625,1,interior
0.6822443769192127,0.24114511199303826,1,interior
0.6110460202137585,0.23383782050657423,1,interior
0.59167188416839,0.3145148254954114,1,interior
0.6999845113071748,0.27662882618521867,1,interior
0.6952142551457886,0.2614008694951732,1,interior
0.6953745307524901,0.25956054897777,1,interior
0.6847446271977039,0.30106642678637807,1,interior
0.618645189995322,0.3331572150654147,1,boundary
0.6180778901337485,0.23361743733625934,1,interior
0.6311119079446958,0.22037164209552043,1,interior
0.647983440417952,0.22565447508844264,1,interior
0.5918544123641408,0.24564786191937216,1,interior
0.6451887200378718,0.3287403581662363,1,interior
0.6832981809324121,0.29580896292053704,1,interior
0.5806087494946922,0.2716351368705308,1,interior
0.6540432139401503,0.22579867271257245,1,interior
0.645650829133215,0.2233299793164745,1,interior
0.6809920401998291,0.3181875943383226,1,interior
0.5900458902574702,0.2463702960824231,1,interior
0.6984697222596192,0.2655924133421322,1,interior
0.5839072318511827,0.3018642002754284,1,interior
0.6056281045664529,0.3350805585476186,1,interior
0.6684091257522224,0.23296642811031226,1,interior
0.6265564326672959,0.218907419551905,1,interior
0.5749411601083632,0.2818431515408384,1,interior
0.633653556318441,0.2184007940550792,1,interior
0.6969907908734395,0.2590568025377806,1,interior
0.5793354884321769,0.27604659618280264,1,interior
0.7006732332895242,0.2669141142231585,1,interior
0.6833013581506945,0.3166941239058875,1,interior
0.6988278731747787,0.2681918683968715,1,interior
0.6011510193685995,0.33883942447000953,1,interior
0.6642974810152584,0.23157031398160177,1,interior
0.6703486398314003,0.3195281416861942,1,interior
0.6834579010618982,0.2988371887597693,1,interior
0.6837665485437063,0.24102323682157398,1,interior
0.6810625490490332,0.24701814921993495,1,interior
0.599846646237812,0.23825617671994392,1,interior
0.6348198420970725,0.22259397241768972,1,interior
0.6127123654647112,0.2336691319388586,1,interior
0.5796462449321974,0.27021876441057985,1,interior
0.5862666029831396,0.3136488513636633,1,interior
0.6719335294251385,0.23561620350485632,1,interior
0.6811301536955549,0.2813795182839329,1,interior
0.6023793503799509,0.3344312652137865,1,interior
0.7035573726028955,0.26683296583855254,1,interior
0.6701783105471201,0.23440629935678362,1,interior
0.686800033469165,0.299121527916974,1,interior
0.6069957716436817,0.3230813478140697,1,interior
0.6625725626927202,0.23706300623409082,1,interior
0.6148554056072852,0.23385912423018138,1,interior
0.5735599824247176,0.29027439614841927,1,interior
0.6880312302293778,0.25076349494431566,1,interior
0.6984750396631862,0.2569850298146814,1,interior
0.6816564640120735,0.3078372564353981,1,interior
0.6866551794950206,0.25187386983868015,1,interior
0.619087652345232,0.22988866848894499,1,interior
0.5963971759862354,0.3304683159799239,1,interior
0.5936261873286025,0.3169756800274527,1,interior
0.6747995230416859,0.32075429007975426,1,interior
0.5719548516903881,0.2870300403358521,1,interior
0.6754031640694959,0.23627779794257656,1,interior
0.6997684286611238,0.2637641319507453,1,interior
0.616254808665408,0.23315234841511354,1,interior
0.6029402465960938,0.32532718305492064,1,interior
0.6242253179767498,0.21778887654801932,1,interior
0.6610986303043548,0.23542794279293114,1,interior
0.6175048482689197,0.23207005668685998,1,interior
0.661842426117962,0.23147449988100685,1,interior
0.588291466480338,0.26333710812658173,1,interior
0.6717899899222483,0.3187545885936855,1,interior
0.6788760102785151,0.23568519121366133,1,interior
0.7000541725723702,0.28893670524348974,1,interior
0.7003646229416828,0.2834156634008093,1,interior
0.6810768815492433,0.3146628883028726,1,interior
0.6266719349547638,0.21679387317650195,1,interior
0.5776850841162026,0.27163820853345416,1,interior
0.6990345815350277,0.27054303601431456,1,interior
0.5883512430083181,0.31452132494022694,1,interior
0.6000980761091681,0.3358009752423052,1,interior
0.683029778871704,0.23860294381731292,1,interior
0.5857796564774779,0.2486396545966337,1,interior
0.6836423501634084,0.3045240857251541,1,interior
0.5762659238031077,0.26736992471524085,1,interior
0.6194024964341309,0.23582812015366553,1,interior
0.6846791559536318,0.3104804612755392,1,interior
0.577172760430747,0.2698449452613671,1,interior
0.6744027398632817,0.3185357740213781,1,interior
0.6321056489338815,0.21740777197763242,1,interior
0.5780014276506807,0.2785822565359825,1,interior
0.5816550215123105,0.30047514303709977,1,interior
0.6634412645781232,0.2265916238365849,1,interior
0.5785155406911139,0.29898483549954125,1,interior
0.6172529743004397,0.22623687153355146,1,interior
0.6867620002478829,0.3099571006037745,1,interior
0.6583451351106587,0.2266685508122993,1,interior
0.5762450465600878,0.29479586036702377,1,interior
0.5809837889301296,0.3079512976252056,1,interior
0.6602195846481763,0.2265319148289287,1,interior
0.6973334261612422,0.29394806649292926,1,interior
0.6880424590283584,0.3081160964838905,1,interior
0.6365321310683126,0.22036896180246288,1,interior
0.6105835055220863,0.33354839424627675,1,interior
0.6402295138878235,0.22389041971340798,1,interior
0.685776108861384,0.30345382229484863,1,interior
0.6007175175869763,0.325444587626207,1,interior
0.5780629539069486,0.3082901190513538,1,interior
0.6145973616907511,0.23189443579765184,1,interior
0.6823449321760613,0.30532026664983186,1,interior
0.578195713383354,0.30532287827924237,1,interior
0.6218337047447087,0.21659279647602286,1,interior
0.661255961456098,0.22450487873382077,1,interior
0.585080805384159,0.25378246335778837,1,interior
0.6231472310467681,0.2199412491576289,1,interior
0.6560890828731145,0.2258040438419179,1,interior
0.6496004274686356,0.32200508151785456,1,interior
0.5825272976580617,0.2744135838081594,1,interior
0.6805861518364134,0.3093069813264271,1,interior
0.6841293562039028,0.3193657295312359,1,interior
0.6877277494872372,0.3012202530488147,1,interior
0.6888288320631006,0.29721045099065574,1,interior
0.6949079926268678,0.2771578614237239,1,interior
0.6879742638380424,0.2950260084777346,1,interior
0.6617412228334686,0.3259809372927177,1,interior
0.6667691055005317,0.3218762922386253,1,interior
0.5719869656548848,0.2853393681701797,1,interior
0.6169148699992582,0.23466347345503835,1,interior
0.6834239988798502,0.3147881160951428,1,interior
0.6056524206182257,0.33675322421721116,1,boundary
0.6205763189685547,0.2326947416295532,1,interior
0.5816188752017414,0.25640564386373643,1,interior
0.6847907283508515,0.3088249028033033,1,interior
0.5972928748472374,0.3201375617364773,1,interior
0.7006468753591144,0.28117393028127413,1,interior
0.5867343067055905,0.25253509801679014,1,interior
0.5786445342512783,0.3097157497539392,1,interior
0.6025059445864734,0.31583730190513487,1,interior
0.6558867329214104,0.3243874228979815,1,interior
0.5803797402090998,0.3118585293332562,1,interior
0.603982303264259,0.33735227912037014,1,boundary
0.7023453434531594,0.2682359282833967,1,interior
0.6654981959537648,0.32359199426856333,1,interior
0.6794217739943051,0.23998778403145155,1,interior
0.5810347595533286,0.30256117820257666,1,interior
0.685508109503207,0.24081682920258726,1,interior
0.6849313679998341,0.31590727705511157,1,interior
0.6493820141116846,0.22484540543350617,1,interior
0.6192851055441674,0.22077658476839354,1,interior
0.6796695639269082,0.3217471183634111,1,interior
0.5744994625547076,0.29336387771793954,1,interior
0.6809078957117355,0.243240405338651,1,interior
0.6771574644015126,0.23599951301301764,1,interior
0.6130800164632174,0.2317496418248293,1,interior
0.699139243349654,0.2593814429238304,1,interior
0.6466844925578079,0.3284447583460333,1,interior
0.6876714975101641,0.24260403714319267,1,interior
0.616933535072423,0.23036512862108208,1,interior
0.5985968027929814,0.34024930741391624,1,interior
0.5819701924367312,0.30953657636585213,1,interior
0.6213605001649071,0.2210264616060229,1,interior
0.6863449785083288,0.3118303046513906,1,interior
0.682514713990516,0.3134712037522882,1,interior
0.634123988511556,0.2168801779985227,1,interior
0.6940213597042377,0.2565307360320173,1,interior
0.6477321579067312,0.3251972035485367,1,interior
0.6461765967928618,0.3324644226234356,1,boundary
0.5837443231881329,0.25533817540081577,1,interior
0.597524755558905,0.3345516687961393,1,interior
0.5803874140079684,0.31000830081876096,1,interior
0.5821180961939992,0.25436580284869403,1,interior
0.6984199028652645,0.27221504699566096,1,interior
0.6506422587507097,0.32444559549435203,1,interior
0.5913501550110143,0.24168321972372012,1,interior
0.7002257295006423,0.2733836160048114,1,interior
0.6401748256566242,0.3298942953563125,1,interior
0.6889590075934239,0.3064352944241095,1,interior
0.6093776154325543,0.2368524564180696,1,interior
0.630273780729853,0.21866274419168802,1,interior
0.6076592135108795,0.2388202434794193,1,interior
0.7052196877039357,0.26525487788143465,1,interior
0.6940340938194026,0.2927996377851701,1,interior
0.6990045652848927,0.2621294657039558,1,interior
0.6631025693050874,0.23033044129119876,1,interior
0.7021468639915066,0.2820044795951354,1,interior
0.658547506338111,0.2240216380920615,1,interior
0.6837968075065507,0.30751670124319674,1,interior
0.5745253640290213,0.2962581923578446,1,interior
0.5772098481525941,0.277097256671581,1,interior
0.5798779444669591,0.3148377374565861,1,interior
0.5790816628653829,0.306730616566255,1,interior
0.6542846763612352,0.3236028944120234,1,interior
0.594754737902925,0.3182511828735365,1,interior
0.5804755628384308,0.27708123014037467,1,interior
0.6863423105070762,0.244142436391337,1,interior
0.5790181260366445,0.28647563163836215,1,interior
0.6582378502174508,0.3245408750736649,1,interior
0.6843880248459957,0.24569891168312472,1,interior
0.6708357328972429,0.23677523714574222,1,interior
0.5997142602738319,0.3378976383554106,1,interior
0.5767364053273261,0.29950762825868865,1,interior
0.6482995377386332,0.22367925905355657,1,interior
0.6858146220926776,0.3145054026244359,1,interior
0.6563704693097249,0.2242624923001172,1,interior
0.6167279341468307,0.22859908171775092,1,interior
0.69697664690136,0.25617923340766396,1,interior
0.6724265002080756,0.2373138233942726,1,interior
0.5993416902181087,0.33394821764533306,1,interior
0.7021717579819543,0.2754959780110247,1,interior
0.6971442210484214,0.2920160727675232,1,interior
0.5907264844902038,0.31742616201077556,1,interior
0.578409560360504,0.2613885116251971,1,interior
0.6236188183062744,0.2158049456487454,1,interior
0.5788322576638879,0.2746020548148553,1,interior
0.6153558946352135,0.22782415441863196,1,interior
0.6958219804018361,0.25716720035001883,1,interior
0.6352326977529598,0.21882358529332235,1,interior
0.6666950063231861,0.23467628578791974,1,interior
0.6337971039848996,0.2150486202631827,1,interior
0.58603825055531,0.2550142721549716,1,interior
0.644582561586981,0.33058964078826875,1,interior
0.6515886913169624,0.2247271814210584,1,interior
0.6167314036084559,0.22399567412939697,1,interior
0.5745973692831969,0.3007862195076653,1,interior
0.5817336405233484,0.31271560681555666,1,interior
0.6366177325421675,0.216072269543761,1,interior
0.694100558281849,0.25812945351935834,1,interior
0.6028611797903353,0.3222051825975556,1,interior
0.5735266044087661,0.2827622708734033,1,interior
0.6480807403157518,0.22216982257832688,1,interior
0.5733132168487145,0.2885608067775766,1,interior
0.5760991387256665,0.2787068510417665,1,interior
0.6477885571461472,0.33206450270160587,1,interior
0.6862172754045152,0.3049101699563675,1,interior
0.6849180312574352,0.3057548027416087,1,interior
0.6146630241702488,0.22961118488210377,1,interior
0.5692436804007228,0.285481162534081,1,interior
0.6510020053871616,0.22760831308575824,1,interior
0.5931996214098182,0.31932429217810854,1,interior
0.617611160933804,0.22132486776241914,1,interior
0.5842209188674545,0.25115636538399044,1,interior
0.5729543453013656,0.300586667732788,1,interior
0.6951720264244746,0.2947191990394094,1,interior
0.6895864160682578,0.31022169298256297,1,interior
0.6384900033961791,0.22252335191827458,1,interior
0.5749242821844193,0.2715965731397438,1,interior
0.7013795082141898,0.25768065598207385,1,interior
0.5772238023129774,0.2733256849296701,1,interior
0.5833699389783494,0.24962272242575473,1,interior
0.6201530679409047,0.21769851425296483,1,interior
0.6763950429077236,0.2336847306922437,1,interior
0.7003333544387621,0.2689233003191301,1,interior
0.6519703333512593,0.32297342972562865,1,interior
0.6466944324887476,0.3302636101927703,1,interior
0.6921038815744941,0.2527036423990584,1,interior
0.5747976642588357,0.274448419691396,1,interior
0.6564744619511097,0.22739948268879762,1,interior
0.657346516735782,0.32680428206592865,1,interior
0.5812620677555199,0.2517449342003526,1,interior
0.6786831251232328,0.3084561081114385,1,interior
0.596002913046832,0.32111057370434193,1,interior
0.6765195613601335,0.3215973826677886,1,interior
0.6118311545269831,0.22973911558477822,1,interior
0.5811406143006783,0.27345833543070075,1,interior
0.6708946436413299,0.23284087786019197,1,interior
0.6705767456058759,0.3210853067973062,1,interior
0.5835506625859739,0.311622417171465,1,interior
0.5812854903462413,0.24935198264111222,1,interior
0.6427270300717655,0.3333297578625991,1,boundary
0.6495949414806697,0.21966748072691575,1,interior
0.5952725505868579,0.33157001859931906,1,interior
0.6204778134664152,0.2192391919131129,1,interior
0.7036710201470365,0.2639565610661098,1,interior
0.6326846506312428,0.22064101472702183,1,interior
0.5778328746947176,0.3142908728988872,1,interior
0.574780601471197,0.27612291242805376,1,interior
0.5797215859234867,0.3034394925418899,1,interior
0.6294298258172699,0.21728945954443712,1,interior
0.575356107760374,0.2700582673401234,1,interior
0.6721462542006376,0.23189589583465833,1,interior
0.68197254092252,0.3221881675390012,1,interior
0.5768982009984518,0.30710305254456194,1,interior
0.6490800834694826,0.3244633098160547,1,interior
0.6781678529362525,0.23408054584702004,1,interior
0.5720236368990236,0.29029721827767563,1,interior
0.5727963198763625,0.2920188071499862,1,interior
0.6857053154007439,0.30742855025786975,1,interior
0.6666711898151996,0.231207393722003,1,interior
0.5954175784997454,0.31526467046318296,1,interior
0.7018852543664815,0.2619699384639146,1,interior
0.6879848433739828,0.3111945134133002,1,interior
0.6054503298698705,0.23776799632299475,1,interior
0.6730824282661024,0.23447145079116938,1,interior
0.6312175595598856,0.33155045069274014,1,interior
0.7017141238911515,0.27774152884358694,1,interior
0.62602248122071,0.21438268382497414,1,interior
0.5791915367539077,0.30054060965067114,1,interior
0.5902103802116441,0.24317296975870925,1,interior
0.6990375819246818,0.28439048314491233,1,interior
0.6042318995195408,0.238988673308799,1,interior
0.6896330650109,0.2495356421349068,1,interior
0.6686304585952854,0.23144916412453043,1,interior
0.6373397466019249,0.21818572278994044,1,interior
0.5702537571975339,0.2871426420835488,1,interior
0.586390888451386,0.24600911050663016,1,interior
0.7035866614010128,0.27743934798612013,1,interior
0.6073217189021497,0.23552064145271698,1,interior
0.5986488159241868,0.23599512392767213,1,interior
0.6950054648376852,0.2542207328548353,1,interior
0.6486487289137589,0.32951988192617965,1,interior
0.6136279260887095,0.22687046813506917,1,interior
0.6380539844284997,0.21956174084086702,1,interior
0.6493256419181983,0.32674326727834785,1,interior
0.5971998845611977,0.3282089303322862,1,interior
0.7001494590217988,0.28704796487851314,1,interior
0.6910886543417231,0.25044112706778643,1,interior
0.6566399158126823,0.32923360909526767,1,interior
0.6384517329203131,0.2248473334176607,1,interior
0.7016604715900148,0.2637284396531439,1,interior
0.5806264680566054,0.25785848662451033,1,interior
0.625273805807712,0.21594949634168265,1,interior
0.7007249610097505,0.2609012721932195,1,interior
0.6595942235642237,0.32645794342369056,1,interior
0.5993079558864153,0.3247569367848226,1,interior
0.5736383820454232,0.27979667283542664,1,interior
0.5981936806179902,0.23791222068308485,1,interior
0.5979550911829508,0.325614801827637,1,interior
0.5935124322693252,0.24061259973434493,1,interior
0.6962842561470123,0.29653385061787263,1,interior
0.6436012698403741,0.22191051479698487,1,interior
0.6764256581191931,0.2374629003123794,1,interior
0.7010033352706788,0.2904280962320119,1,interior
0.6551852706890569,0.33145748177313233,1,interior
0.6366248227530398,0.2222788352095294,1,interior
0.7020996946534726,0.2870274515395523,1,interior
0.6873281541475829,0.30676369410759,1,interior
0.5963125348598827,0.3334556686537111,1,interior
0.5793559984333038,0.31331996588942584,1,interior
0.7037589609860997,0.26936345447098636,1,interior
0.6988180846939753,0.27427758907795863,1,interior
0.690965721168308,0.2948810963531433,1,interior
0.5758063299795358,0.29742181486797054,1,interior
0.6936136022796134,0.2536092805426723,1,interior
0.5973778756452689,0.32392813270607107,1,interior
0.6399333484121564,0.21726602513398915,1,interior
0.6690334928438564,0.32245248383826086,1,interior
0.6892330409468488,0.3001427470486481,1,interior
0.587064261630595,0.3164824322281713,1,interior
0.5726183139794045,0.29358658078653194,1,interior
0.5718400208467529,0.28348661220071103,1,interior
0.63975431313042,0.2207945337315634,1,interior
0.6996214290207179,0.25551273447903283,1,interior
0.6472891227275945,0.3268712294113413,1,interior
0.6383122515843405,0.21599165147953794,1,interior
0.58180616991883,0.31528762070014554,1,interior
0.6799448466224127,0.2369379637178336,1,interior
0.5969942526668818,0.3223283472102839,1,interior
0.5992255926700294,0.32152286259104323,1,interior
0.6781642116781753,0.3230769595145874,1,interior
0.5957774726728255,0.31955090289715193,1,interior
0.5677890318650344,0.2840573684644512,1,interior
0.6919357386241802,0.2486817048610157,1,interior
0.6544856777626783,0.32574050763449425,1,interior
0.6031618241130838,0.24394744069120403,1,interior
0.6889877061168104,0.2480196834830995,1,interior
0.6527489349127055,0.3253000269912341,1,interior
0.6999862800417284,0.2925765007465379,1,interior
0.673667645065974,0.23265678019326677,1,interior
0.5762446356858025,0.26209404883946763,1,interior
0.6727510079783758,0.3202145386464279,1,interior
0.5773087550322351,0.3026334614180283,1,interior
0.5752208334934533,0.26564028822606184,1,interior
0.571769366615043,0.28872602946858106,1,interior
0.6837599368861774,0.24259572183465694,1,interior
0.593757068196603,0.3208360966654003,1,interior
0.6814452914287361,0.2357157202556952,1,interior
0.589745363965188,0.24100227667301014,1,interior
0.5964815205978202,0.32685702344026807,1,interior
0.6321071439826685,0.21910397171789803,1,interior
0.6643319248447703,0.2291750382953333,1,interior
0.663453193196483,0.3254489867928095,1,interior
0.5984969109693987,0.3364493687576834,1,interior
0.703696304814063,0.28941157818819724,1,interior
0.6409245993681707,0.22224670477476025,1,interior
0.6901230154508213,0.298273553157139,1,interior
0.6832240495239911,0.32368382837918414,1,interior
0.5938006772675453,0.3263936609593229,1,interior
0.6544936396227006,0.22211101696524857,1,interior
0.7066106589923484,0.28882921649577975,1,interior
0.6926445858374451,0.29491413404623723,1,interior
0.5750707976344973,0.2605239956360789,1,interior
0.5953968332861542,0.3288723391058728,1,interior
0.5917543673416669,0.31855176261876816,1,interior
0.7031900321300474,0.28044374465796634,1,interior
0.6872761940035935,0.2976180144709744,1,interior
0.6719671189406572,0.3217331820883328,1,interior
0.6396084126414221,0.21921604838433206,1,interior
0.6781309629977235,0.23875282837361575,1,interior
0.5737404200051734,0.2687660509721651,1,interior
0.6797568420521979,0.23392190426013812,1,interior
0.5768823554962719,0.3093563450918531,1,interior
0.5775311548658253,0.3126710794570003,1,interior
0.6963124649828227,0.2994540874376409,1,interior
0.5991515210892324,0.32820396493833537,1,interior
0.6883069403656928,0.29874611327470246,1,interior
0.5745737482764174,0.2783087158813193,1,interior
0.7006816369423526,0.27175299147020315,1,interior
0.6653606777792656,0.23041102879456707,1,interior
0.680877258673386,0.23218178199053816,1,interior
0.5752088209428512,0.30875754036206005,1,interior
0.5948272767716245,0.32436210657128606,1,interior
0.5760257508680279,0.2636463811122315,1,interior
0.6732650333302795,0.23016530256618378,1,interior
0.6547094135549311,0.22417177575439648,1,interior
0.5775263719809836,0.29782975985037435,1,interior
0.580366252668465,0.29927293957617024,1,interior
0.6681144527284774,0.2292016357770989,1,interior
0.5694439633520834,0.2824203620768851,1,interior
0.6189158418240369,0.21922404575653298,1,interior
0.5882845002634949,0.24620120658526473,1,interior
0.62763850357264,0.2123379384698317,1,interior
0.58401606718763,0.3132537456203785,1,interior
0.572122457370974,0.2727038155546357,1,interior
0.6745709946169901,0.22773654748789524,1,interior
0.6711954016208977,0.2304444779962203,1,interior
0.6416571278015012,0.22048428506178355,1,interior
0.5896043576187667,0.24478009141659524,1,interior
0.6803261289732686,0.32331152106568667,1,interior
0.6901054185056582,0.30391738791418926,1,interior
0.5920121441417389,0.2393497293230889,1,interior
0.7032595734521175,0.2601427106164777,1,interior
0.5852098171604768,0.24346124221655602,1,interior
0.6657438956933134,0.22701769409736455,1,interior
0.6440852532150522,0.22337918388777972,1,interior
0.6714827399439708,0.32322952472058203,1,interior
0.6546684023934416,0.32755899139720795,1,interior
0.6041114118716882,0.23552241866226456,1,interior
0.7050295715812619,0.2784379122832245,1,interior
0.5753853904752128,0.30636996158605956,1,interior
0.5731849293368876,0.26131826014988696,1,interior
0.7017077750166933,0.28534354674379603,1,interior
0.5870241433204612,0.24961716856733385,1,interior
0.6605525465211122,0.2280815656470555,1,interior
0.6659375075613335,0.3253997097002011,1,interior
0.5741461552132228,0.3051847499275482,1,interior
0.5829647629890947,0.24779471836256736,1,interior
0.5825415468579592,0.2528206804698179,1,interior
0.682362130607446,0.3189122551161664,1,interior
0.677017037983488,0.3244478480402104,1,interior
0.7024259880033129,0.26520196355180353,1,interior
0.5734948347875135,0.25915322684297765,1,interior
0.7086017938609795,0.2892576987321645,1,interior
0.5703664622930013,0.29234860186866507,1,interior
0.6500258000624106,0.2231528934748977,1,interior
0.6732049479056111,0.22609003251198764,1,interior
0.6459845396757347,0.22183910259235062,1,interior
0.5807520368472399,0.24696215727877863,1,interior
0.6823976091554084,0.2372085079338684,1,interior
0.5742810312347658,0.26418506833401334,1,interior
0.6183287921147947,0.2285631676811802,1,interior
0.7024329273207762,0.2722603628151389,1,interior
0.5650718300929988,0.2852767992522258,1,interior
0.5847416688767199,0.24051881184029825,1,interior
0.704498700407293,0.2908218270227707,1,interior
0.6322891745354332,0.21447639156857884,1,interior
0.629192944960554,0.21325724691568412,1,interior
0.5699244377043482,0.29071192468958174,1,interior
0.582623543219057,0.2509778511085335,1,interior
0.5729893920315203,0.2755871682951849,1,interior
0.6102429130156781,0.22885777516613773,1,interior
0.5747107919788181,0.30335147026428105,1,interior
0.7024707064459991,0.27040195923260524,1,interior
0.6862182522586286,0.31678442201856344,1,interior
0.6145703899595869,0.22518731440403436,1,interior
0.6519825989513025,0.3271260872243114,1,interior
0.5978012713453894,0.23955947152827842,1,interior
0.6907091263619536,0.2966225346641999,1,interior
0.580714391899537,0.2977813953005113,1,interior
0.7072787845742807,0.2914181614185998,1,interior
0.6893270105702293,0.29432775312445153,1,interior
0.574955312078508,0.2993002153504466,1,interior
0.6497046970688259,0.3283092681410992,1,interior
0.5925792041411837,0.3222077268787016,1,interior
0.57251231165703,0.2648407242880053,1,interior
0.6505984972225806,0.32978234744409,1,interior
0.6929986254940219,0.29672569072526306,1,interior
0.5771111952981195,0.2587782918688848,1,interior
0.5768603963269521,0.3011713753686642,1,interior
0.579555820062975,0.25056317048414267,1,interior
0.690053888260283,0.3129403459844773,1,interior
0.6901838106203367,0.30798816771487486,1,interior
0.5668950701568933,0.28610342419239304,1,interior
0.6894489531029693,0.24183188426220953,1,interior
0.6612641424438634,0.22213263974717548,1,interior
0.6659529562687855,0.22887445424326738,1,interior
0.7046310887341666,0.2737943495291702,1,interior
0.6521689100919482,0.22294560619236375,1,interior
0.6697385066547646,0.22957018401844603,1,interior
0.6877976300433541,0.3052487090100121,1,interior
0.6629231441152029,0.32750870056275283,1,interior
0.6933441074378563,0.2512131836951316,1,interior
0.6882254362692006,0.30327640299932385,1,interior
0.700700690168137,0.2751061512679673,1,interior
0.5738051593242086,0.26710420328079326,1,interior
0.5728213215062519,0.2629446822410535,1,interior
0.6748621310345921,0.3240492736947318,1,interior
0.7039690276250768,0.2719610076819361,1,interior
0.6587898119247891,0.3280121688122519,1,interior
0.7056559192279283,0.2713045138956215,1,interior
0.6849936478015265,0.2393624507618134,1,interior
0.594109187358303,0.3278942801340934,1,interior
0.6878750153734169,0.24540126739658186,1,interior
0.6864368040150008,0.2379938530962226,1,interior
0.6845944171441919,0.23775588486773325,1,interior
0.5959862296971389,0.23977580702377008,1,interior
0.5729126788511589,0.27056174934324617,1,interior
0.6877745968800726,0.3153989872171343,1,interior
0.6788934421727136,0.3246813716555455,1,interior
0.5966654481237047,0.33594602175698135,1,interior
0.644073279222504,0.2203590871263859,1,interior
0.5694265575824443,0.28856923664181616,1,interior
0.6921939141891164,0.2991612916260523,1,interior
0.591749052923069,0.25000344451732276,1,interior
0.5939350382726198,0.3335772619214615,1,interior
0.7038375761487167,0.2846096884333305,1,interior
0.6771235689993104,0.22809211589635497,1,interior
0.5766950869270627,0.2606365871437623,1,interior
0.5929903951366994,0.3237979022078056,1,interior
0.6673993373545055,0.3242548147692876,1,interior
0.5722250456188015,0.30544749950233324,1,interior
0.6018132477539567,0.23366739440963108,1,interior
0.6636265256874226,0.3217268037162856,1,interior
0.5743554028861927,0.3105635779326287,1,interior
0.674589911127434,0.2406820432186189,1,interior
0.5703016670228662,0.2837943568133023,1,interior
0.6021500855149269,0.33243195939443754,1,interior
0.5937662045068751,0.23805991710300897,1,interior
0.6004540202894176,0.3403288712837469,1,boundary
0.5859186862199928,0.25107920354102464,1,interior
0.630390212386109,0.21579600214548714,1,interior
0.5755222971616798,0.2589642724130077,1,interior
0.5799264505807379,0.25643261296381353,1,interior
0.6556305091495402,0.33393109362631573,1,interior
0.6280335561669733,0.21523526519827502,1,interior
0.5800222030248976,0.31644620590492695,1,interior
0.6829673284472132,0.2340038802463097,1,interior
0.5677828659803869,0.2930496218380854,1,interior
0.5820576940392924,0.2987333592172347,1,interior
0.5810519000164649,0.317973470845942,1,interior
0.572050104386478,0.2786498412103099,1,interior
0.5893727130119241,0.239488945036115,1,interior
0.7075449190921674,0.2931155640576669,1,interior
0.603240904599303,0.3389342580878975,1,boundary
0.6054817877721658,0.23430899545997155,1,interior
0.6668683311487297,0.23279332242774145,1,interior
0.6610266641698572,0.32765994123351366,1,interior
0.5718178871930768,0.3026062404340055,1,interior
0.6805650968024701,0.3257155802579473,1,interior
0.5770096483787219,0.3162399462182127,1,interior
0.6754642379768281,0.23234855359783793,1,interior
0.6116036619921104,0.23232266188166367,1,interior
0.5776712413764943,0.31107835505074816,1,interior
0.6917806284600398,0.3056040015406648,1,interior
0.5722152446555527,0.2685168104743663,1,interior
0.6747815570140463,0.23393911139333012,1,interior
0.5759054381543528,0.31314030866775944,1,interior
0.5859355286049213,0.31529433350233727,1,interior
0.7063849483916231,0.26851082899574075,1,interior
0.5731248422964698,0.29503330758474267,1,interior
0.7001757387964745,0.29461253638233603,1,interior
0.5924900936904062,0.3282258247457355,1,interior
0.7048323223350739,0.28122877407208907,1,interior
0.5952300745887361,0.3227492223805993,1,interior
0.5796408654883531,0.25341525997090525,1,interior
0.5764642636301996,0.3041046392593837,1,interior
0.6813954080463586,0.32776918714316033,1,interior
0.6507210873199953,0.2208559917059548,1,interior
0.5989243798127544,0.32325829134649525,1,interior
0.671880670657445,0.22696038820109007,1,interior
0.6953012258533929,0.29823833126885346,1,interior
0.6475123472069337,0.22021457105852682,1,interior
0.6246648204428678,0.21314302991959852,1,interior
0.6090621514289364,0.23354061366507728,1,interior
0.5798568566443186,0.26207059993524945,1,interior
0.6735527655366977,0.32302185353070756,1,interior
0.601224688530408,0.23095702418102576,1,interior
0.5810842443336217,0.30457096473862216,1,interior
0.6682380605861298,0.3259102319523231,1,interior
0.5969693190124069,0.23606377559582853,1,interior
0.5933733529474811,0.3311017878606265,1,interior
0.5715408691472607,0.2998334640997845,1,interior
0.570373248963057,0.30153807694867,1,interior
0.6311650822791706,0.21111816884121903,1,interior
0.6697467381938168,0.2248340187915067,1,interior
0.7052389927688141,0.27645045090214015,1,interior
0.67311125283273,0.3250237360230348,1,interior
0.5789393478116265,0.25763837575796567,1,interior
0.5902118088984846,0.315032642657851,1,interior
0.7046746072445984,0.2829072779712192,1,interior
0.6911314476689934,0.2407817396358056,1,interior
0.6131518808180255,0.2288462392371102,1,interior
0.6035915363764834,0.2330792938624158,1,interior
0.6336362284200058,0.21260741312146725,1,interior
0.6882500192882817,0.31283593948667643,1,interior
0.679138742490946,0.2308038109816864,1,interior
0.6813129634688762,0.2338941048444014,1,interior
0.576607216120989,0.25615960150686773,1,interior
0.7023477106753515,0.27390803941273434,1,interior
0.6980815663350103,0.2992641022381973,1,interior
0.612085571264007,0.22717090945264423,1,interior
0.5735492071427517,0.29808990196566915,1,interior
0.5761318185818454,0.3149511725539727,1,interior
0.678483882788631,0.23253822356967313,1,interior
0.5728373861645116,0.30898127630688754,1,interior
0.7044633621010629,0.28786275086512186,1,interior
0.5706755647521965,0.281042170335055,1,interior
0.7014471013055507,0.2930450901234799,1,interior
0.5676380188253275,0.2895644483010697,1,interior
0.5632354959588103,0.28720591770801773,1,interior
0.685994001781086,0.24235731688871254,1,interior
0.5840280387688026,0.3151514414353949,1,interior
0.5759250756968503,0.31161318178825265,1,interior
0.6596902339985653,0.22507028679468039,1,interior
0.694392963520485,0.24959936040636466,1,interior
0.5904489862130526,0.3197176894114302,1,interior
0.6901143075783884,0.24478864090014527,1,interior
0.6102996329323751,0.23152108466208624,1,interior
0.5848416414362468,0.24701976836663278,1,interior
0.6843866973519397,0.3209578829000458,1,interior
0.7021191099771854,0.28889808655169263,1,interior
0.5709602839883124,0.29657842916755184,1,interior
0.6074316342903896,0.2311432199342356,1,interior
0.6071853718214035,0.23348936122081518,1,interior
0.5659018887355403,0.29044313233557795,1,interior
0.7070873656882074,0.274124152572074,1,interior
0.6312911941772315,0.2131122184230653,1,interior
0.6358533607643326,0.21288630974969583,1,interior
0.6013488628126874,0.23549633034178588,1,interior
0.6617679359936595,0.22669783661581683,1,interior
0.6061324945803505,0.22997356029220262,1,interior
0.5940369272153664,0.32964734592550515,1,interior
0.6170548522532862,0.21982111758871295,1,interior
0.5785751650067326,0.2521088401221387,1,interior
0.6651567759004569,0.22519669438630183,1,interior
0.6795129034356105,0.3300864848960532,1,interior
0.6154319423434542,0.2179017331731641,1,interior
0.6202246397293817,0.21541089819408318,1,interior
0.6350108272366337,0.21154742951581107,1,interior
0.578390006720342,0.2561460225691493,1,interior
0.5897667697494767,0.3223347587743207,1,interior
0.649874222537671,0.33156570017372705,1,interior
0.6628752540136355,0.224889766910338,1,interior
0.7037863149765349,0.27589175466924215,1,interior
0.7086203163967606,0.26952028994996474,1,interior
0.6560955790437009,0.22148364151039612,1,interior
0.5720544662695629,0.29767782562436834,1,interior
0.6847292176209788,0.31771978746154816,1,interior
0.6526804133020496,0.32860762680713257,1,interior
0.5852977468476717,0.3124180506768264,1,interior
0.5640658948918693,0.2906407920173365,1,interior
0.5714826292586201,0.2607742173408049,1,interior
0.5911912715211306,0.3259224004561495,1,interior
0.7008757821083997,0.25918343183733356,1,interior
0.6686456332467186,0.2260110562738775,1,interior
0.7006663596160859,0.29952036410978305,1,interior
0.7020507797554424,0.28385009875035483,1,interior
0.6190705730871903,0.23147091982524634,1,interior
0.5912051370369691,0.3329033859614533,1,interior
0.6356734329411827,0.22409298995235816,1,interior
0.6629453656128474,0.22329904204755358,1,interior
0.568586808435973,0.29700978953370044,1,interior
0.6861974889926,0.3018422122619667,1,interior
0.6861851723155548,0.3184875022754228,1,interior
0.687575945132948,0.23986287759390568,1,interior
0.6987132165145812,0.2964258737865401,1,interior
0.5831178283872492,0.2450120948671891,1,interior
0.5769136867220787,0.2653333962833514,1,interior
0.7032702951091355,0.25807886734588376,1,interior
0.674881996292053,0.23063032628196578,1,interior
0.7066488530355619,0.2637088625428506,1,interior
0.6754810652421573,0.32617550568745013,1,interior
0.6231110497174589,0.21414115982260984,1,interior
0.6693025725693003,0.22783750290301086,1,interior
0.6765216795551598,0.22646113148030153,1,interior
0.6899639995364296,0.2383092699479507,1,interior
0.6198109752690147,0.21247255684642818,1,interior
0.7059917961693634,0.2905073864569314,1,interior
0.5812053418611814,0.2432968645605401,1,interior
0.5953101026807109,0.23813127371588802,1,interior
0.6294392793979257,0.21135868945500225,1,interior
0.6002712673311237,0.23429837372247186,1,interior
0.5657182481974423,0.28808863078948416,1,interior
0.5904855935657941,0.23800377091638877,1,interior
0.5785266528053393,0.31687674834993057,1,interior
0.5659830522085589,0.2923305790134125,1,interior
0.6585925533914312,0.22215756700506392,1,interior
0.5705372367904431,0.2621163829299123,1,interior
0.6865942005925717,0.23563288619495662,1,interior
0.702608039585759,0.2948562407512302,1,interior
0.5705146963749799,0.27701936347877026,1,interior
0.6212891691055106,0.2141878952660915,1,interior
0.5845571625139491,0.3170453281542379,1,interior
0.6729638249831007,0.22850228573368925,1,interior
0.6134931827796589,0.30620518869815566,1,interior
0.6675095712532484,0.22711746716328057,1,interior
0.6572367128090482,0.2229363615292432,1,interior
0.6159608614850461,0.2225452977642226,1,interior
0.5775944667292539,0.25404768365496216,1,interior
0.5645710719406295,0.28252761461876624,1,interior
0.694727096716398,0.29636683767480754,1,interior
0.5837309814547529,0.31922870676610493,1,interior
0.6849699362903735,0.2339789990029935,1,interior
0.7078951049069563,0.2773280978023467,1,interior
0.6671230074550958,0.22396740577365004,1,interior
0.5681012877518471,0.28782235773240333,1,interior
0.6762488305890809,0.22946203853073924,1,interior
0.5628788770658639,0.2921905471052002,1,interior
0.7000884696016105,0.2979603416249774,1,interior
0.6188775865933163,0.2224013383848779,1,interior
0.7072066866320844,0.27078339099184734,1,interior
0.6137045116519662,0.22390247308581457,1,interior
0.6041737056741854,0.23154868817394417,1,interior
0.7011466496500537,0.29601293700308723,1,interior
0.6907445378662774,0.24748595779351582,1,interior
0.6792462752745505,0.32650460301106365,1,interior
0.6765295125757843,0.23099553828077857,1,interior
0.706747850937222,0.278583642704106,1,interior
0.6091312317633537,0.22999764240148177,1,interior
0.5697471910222349,0.29862581832038865,1,interior
0.5697801650777706,0.29530910899975726,1,interior
0.5886479680675086,0.236656954639331,1,interior
0.6893673108399061,0.3177551096314609,1,interior
0.5636879423308288,0.2935267658735357,1,interior
0.5917883723294313,0.3309010365654038,1,interior
0.5742933869268128,0.2564545787827739,1,interior
0.6747971645814957,0.22572615289216644,1,interior
0.679534946060855,0.2272007581109208,1,interior
0.5765310022625718,0.2504118247382899,1,interior
0.6884428099225716,0.23855924008498222,1,interior
0.5638281044724973,0.2841123818088258,1,interior
0.5783736001748119,0.31885799539445325,1,interior
0.5878190925963075,0.24190936878929986,1,interior
0.5877554744355141,0.23901760441872696,1,interior
0.6190596418948113,0.21410969012023745,1,interior
0.5711028088176863,0.29388066405381535,1,interior
0.5758535070303514,0.2545358028946392,1,interior
0.5795286243403533,0.24849496946973582,1,interior
0.6800129306155217,0.32863104556186756,1,interior
0.5984967781323279,0.23342515351889273,1,interior
0.5701907264103392,0.3077368817981148,1,interior
0.7044872243221926,0.28628853661783177,1,interior
0.5927274285231359,0.3325536343749304,1,interior
0.6747267477622748,0.328374281336983,1,interior
0.5683157981234985,0.2948397339432982,1,interior
0.6772599243240922,0.3260854773471324,1,interior
0.6419316599756959,0.21819644732935675,1,interior
0.6936888251483567,0.29959009146422716,1,interior
0.662602919122793,0.32983848824777595,1,interior
0.5712587302630951,0.27494752216575874,1,interior
0.690466258407301,0.3014378589486275,1,interior
0.5813550737261625,0.24101329993859358,1,interior
0.5963726768839662,0.3253243355863532,1,interior
0.5865014135292458,0.24022795173896302,1,interior
0.6961746408862173,0.2507139223891327,1,interior
0.6472073576787024,0.2172512617751614,1,interior
0.6001905145610141,0.2326641866311103,1,interior
0.5627398436958209,0.2888583920947907,1,interior
0.7019466684755175,0.29814041367057786,1,interior
0.573490884125582,0.30707039153283966,1,interior
0.7032646142129074,0.2931132897976137,1,interior
0.5946359830882134,0.3357629705609655,1,interior
0.5740575725288863,0.31223238674642445,1,interior
0.686186208074944,0.32100263010269914,1,interior
0.5723666755819041,0.28125858374703916,1,interior
0.5699699701863246,0.2740779512950565,1,interior
0.6924426890494256,0.3017186883669703,1,interior
0.5812762708702844,0.24526773879016944,1,interior
0.7035992239543416,0.2559590644649695,1,interior
0.6980791530845786,0.30135551729918164,1,interior
0.573869615511194,0.31479197050118585,1,interior
0.5822888316837196,0.316741196490965,1,interior
0.6657874301412137,0.2224974111066118,1,interior
0.6773989354378986,0.32861669369765906,1,interior
0.5731066658081982,0.27752291376160976,1,interior
0.583435816917197,0.23961746730260589,1,interior
0.6950009521253648,0.24662717972167816,1,interior
0.6949521417529585,0.2520021139990536,1,interior
0.5934204994062484,0.23567507796551115,1,interior
0.691892881708388,0.24276615062278056,1,interior
0.5868622555708793,0.24404629807197786,1,interior
0.7038799613666613,0.300419689767046,1,interior
0.7064112793385665,0.2866838823304165,1,interior
0.6058143598971307,0.23188212901640487,1,interior
0.5612648930591743,0.28332266453025406,1,interior
0.6527441325429144,0.33029825523219014,1,interior
0.6486599177561408,0.21535257726341098,1,interior
0.56267398721735,0.28274801750630973,1,interior
0.5699290305902575,0.27910660812970495,1,interior
0.6599505954089413,0.22339361605047367,1,interior
0.6655531079233798,0.327286686208457,1,interior
0.7081497421545936,0.2725526484008213,1,interior
0.5670103722238925,0.299543889850603,1,interior
0.6414924658853282,0.21579271885658555,1,interior
0.6921101962962891,0.3165290744573603,1,interior
0.5620019488011557,0.2803794657182166,1,interior
0.7085990851834888,0.26763525219447587,1,interior
0.6940527532607851,0.3015132303778025,1,interior
0.7088763885903633,0.2871942894221199,1,interior
0.576934209753668,0.25223994898410107,1,interior
0.6677709138252163,0.221136189178672,1,interior
0.5790991817347944,0.24577277827454214,1,interior
0.5748468986876569,0.2521342897698714,1,interior
0.664546210715594,0.32855751483267526,1,interior
0.6811764999078346,0.3296144377587628,1,interior
0.6851164925306932,0.23208984078260717,1,interior
0.673900745825738,0.22334307277041632,1,interior
0.5913641652611478,0.3234325718874671,1,interior
0.6644984244803659,0.22344275567206334,1,interior
0.5888095951208016,0.3172517819986806,1,interior
0.6535837076421008,0.3326478349452268,1,interior
0.6484388027683747,0.21363014170858882,1,interior
0.6151372024436413,0.22082029084205554,1,interior
0.5855085113609456,0.3191947311982442,1,interior
0.6996096640309386,0.3015694786056622,1,interior
0.5760856531532321,0.31773128650784604,1,interior
0.6719073316931651,0.22428299592590809,1,interior
0.6936497459355939,0.3033021526106821,1,interior
0.601619808328211,0.23699390861321915,1,interior
0.7081148579572506,0.27533768286672816,1,interior
0.5681098208253821,0.30640532709171026,1,interior
0.5923128805721584,0.23703114448536383,1,interior
0.6456064599048287,0.22016105545095283,1,interior
0.5736893539642582,0.3166434020174135,1,interior
0.6401424507729709,0.21428977702600352,1,interior
0.5690566793509324,0.27632421545695457,1,interior
0.6326803898152019,0.2102302968726844,1,interior
0.7052225546599147,0.26978605002207773,1,interior
0.5766175731893262,0.24870721478689065,1,interior
0.6577944557524164,0.2207871326034635,1,interior
0.6180804928549675,0.21673240053113427,1,interior
0.6837175717926741,0.2361316173135734,1,interior
0.6919221350235165,0.30336378746185266,1,interior
0.61637375310944,0.21432691741202603,1,interior
0.6448744488827328,0.21877075130620938,1,interior
0.5703044274491992,0.26387603549814237,1,interior
0.7065350339629025,0.28343789552699594,1,interior
0.6849652671208416,0.32282063733491884,1,interior
0.7067470071899273,0.2762736686444228,1,interior
0.6099870166167491,0.22659847430307709,1,interior
0.7093972051912422,0.290614134161572,1,interior
0.6944146393495886,0.24286340568251755,1,interior
0.5684114530708189,0.2777818186923353,1,interior
0.5896974722286357,0.3344108520178407,1,interior
0.6960226830854999,0.30164572285229446,1,interior
0.622540276403317,0.21145238600131536,1,interior
0.5825201467144597,0.24234207067779426,1,interior
0.671003238408381,0.22861928611471174,1,interior
0.6432099831750541,0.2190207142148824,1,interior
0.7090453216727439,0.27986101467562324,1,interior
0.67947887054965,0.22519236916972002,1,interior
0.565579239094149,0.29496934615775994,1,interior
0.6001180605606484,0.2294669604876784,1,interior
0.7007674864020556,0.303960422012628,1,interior
0.686742362603091,0.23308577098104474,1,interior
0.569028370676303,0.25992928432650575,1,interior
0.5735899853336758,0.27327849455366754,1,interior
0.5921046932341907,0.23402381750676726,1,interior
0.5896939214836417,0.32971752319544145,1,interior
0.6298191901727785,0.2091381676643286,1,interior
0.6835854548291291,0.23251210844056214,1,interior
0.6878286872991477,0.31775145871399085,1,interior
0.6379835154494067,0.21117058164854935,1,interior
0.5725101324225308,0.3126867673485098,1,interior
0.6595310729172257,0.2205928115822393,1,interior
0.7031103319705566,0.2543706952419098,1,interior
0.6927946738816435,0.3138766105193248,1,interior
0.5819022577057439,0.2385384477275707,1,interior
0.5685525098391203,0.30038108480628695,1,interior
0.6382641984821642,0.21273815295905166,1,interior
0.707443181184614,0.2661184187864741,1,interior
0.570090409796345,0.305483254453417,1,interior
0.6486348269125997,0.21814551013174205,1,interior
0.5706858785059437,0.2707458129023173,1,interior
0.5699131745332893,0.3034116484748674,1,interior
0.6022573790679131,0.2321187344027116,1,interior
0.689632379572771,0.31456823233334846,1,interior
0.7014212179814284,0.2553837072243409,1,interior
0.6109935002402044,0.22545020851575065,1,interior
0.6433256431175074,0.21666672072481438,1,interior
0.5978651632439732,0.3384415867986651,1,interior
0.6205815858911267,0.2107217251551098,1,interior
0.6760541439677222,0.33052808630116326,1,interior
0.6755567943599329,0.2240127886982982,1,interior
0.6777795853112175,0.22947802210737628,1,interior
0.5747213007084554,0.2624690300893965,1,interior
0.5685353312240362,0.291633267170049,1,interior
0.6814853042563871,0.3244783029599255,1,interior
0.7048002591618985,0.25887207168999954,1,interior
0.6966650943918643,0.3031586012442245,1,interior
0.5678141940055893,0.2627016785183125,1,interior
0.6453366420402403,0.21728828870582353,1,interior
0.612617355859473,0.2250356592992269,1,interior
0.6514557889172263,0.33316329812119283,1,boundary
0.7068145960273314,0.2814345217146221,1,interior
0.6105691660210337,0.22361099449903654,1,interior
0.6927614340837629,0.25544974810244325,1,interior
0.7034070143956556,0.26205616312710095,1,interior
0.6891598240325401,0.2434493486717849,1,interior
0.6058369825137192,0.23613064608951864,1,interior
0.707204946189663,0.25798994089833893,1,interior
0.5604365411558594,0.28814001422789126,1,interior
0.6926391719504046,0.24499252290039905,1,interior
0.6422059147438964,0.21388016016376812,1,interior
0.5729665323933837,0.3039157026659233,1,interior
0.5787164219180951,0.2433235506763534,1,interior
0.7104056848394763,0.2765015999958211,1,interior
0.5726831617640161,0.3108179125955041,1,interior
0.5681212733005829,0.2576042186688756,1,interior
0.7040427163669966,0.2954113902431304,1,interior
0.6917629309276354,0.31833637056860187,1,interior
0.5869247608038042,0.3231492979782048,1,interior
0.5589275306247878,0.28179854631680684,1,interior
0.5802633357151055,0.25491347185335633,1,interior
0.6701459283949919,0.22655890272700746,1,interior
0.5960956194893748,0.3377557321298215,1,interior
0.7052689585061247,0.2976303018543659,1,interior
0.7024620752652719,0.29150086359691985,1,interior
0.5743407873968044,0.2538526567856847,1,interior
0.6749643034057514,0.22195687968328265,1,interior
0.6089443640367702,0.2233402146991027,1,interior
0.5686998724608012,0.3090837774400468,1,interior
0.7051119468376033,0.2623679813808486,1,interior
0.5682816132862605,0.2810064271590672,1,interior
0.5960642873838012,0.34035509172137424,1,interior
0.6156974759848698,0.22624657154564876,1,interior
0.6956795063195325,0.3047534599644267,1,interior
0.6401628576582017,0.21224298217783757,1,interior
0.63758961157135,0.21440643915000063,1,interior
0.7060058259538884,0.30053419294004174,1,interior
0.5887441178128245,0.3317741098579181,1,interior
0.6922747335306044,0.3109403774438093,1,interior
0.7055239725163535,0.2670317550674712,1,interior
0.7088558245631694,0.271144282010344,1,interior
0.5971483972702798,0.3420641552538985,1,boundary
0.6543345106379149,0.32997989917766857,1,interior
0.6986825427788605,0.254170710361517,1,interior
0.5701754554648967,0.31128774936438025,1,interior
0.5924718091906133,0.33501243952788573,1,interior
0.591186550340651,0.32935105812442855,1,interior
0.6947631268578213,0.31828490122666864,1,interior
0.5872840835376333,0.33395278755948415,1,interior
0.5717801364365797,0.314164369096035,1,interior
0.6667817728031988,0.22546101702269694,1,interior
0.689664607198239,0.31619693765780743,1,interior
0.6873645592696491,0.3195283076195627,1,interior
0.6607612117187677,0.32928007750557053,1,interior
0.6137207234669603,0.22224789539200043,1,interior
0.5982406856439775,0.2307297465156477,1,interior
0.587012492131399,0.31803155064942823,1,interior
0.6942119484633534,0.3199048452150563,1,interior
0.6921844619226827,0.3083460903474068,1,interior
0.6165103861031396,0.21662845179976495,1,interior
0.6703493891380728,0.3246148554030821,1,interior
0.5884394874804144,0.3215441047564796,1,interior
0.6882076561006721,0.2341463493044702,1,interior
0.7109236363103734,0.2889017703296862,1,interior
0.5942712334493696,0.3372884798039509,1,interior
0.6944125184168737,0.31198242904079915,1,interior
0.7024195623255302,0.30177877584056284,1,interior
0.5866583309216481,0.3209445220653924,1,interior
0.679853489216578,0.3326168928578812,1,interior
0.5727464101840847,0.3194868321363011,1,interior
0.7100556497031282,0.26881917460018695,1,interior
0.6231199385961633,0.2099654798512464,1,interior
0.7096243390756759,0.25935868043036664,1,interior
0.641019197077222,0.21084007309951247,1,interior
0.6973791713859553,0.2528209617308538,1,interior
0.6593228111165466,0.32341547753816824,1,interior
0.6911880074011678,0.31499420988170834,1,interior
0.6732149941928082,0.32716094117650973,1,interior
0.6670806333409339,0.3272688491552625,1,interior
0.5714758531230746,0.25709146516063724,1,interior
0.6217785579451827,0.20886484955674445,1,interior
0.5683931507999069,0.3119871824159964,1,interior
0.5585701056415017,0.2801888340524633,1,interior
0.5856605213008069,0.2419386543439909,1,interior
0.5919159668537597,0.3161051457661133,1,interior
0.6035906395311678,0.22959581054135197,1,interior
0.588560365270112,0.24349637316833656,1,interior
0.6596132580949085,0.3307754291243927,1,interior
0.6891588140955498,0.24636048132911623,1,interior
0.5731172751201526,0.25122565993172824,1,interior
0.5903824512743839,0.3316160444553555,1,interior
0.6357056043445983,0.21735053531526002,1,interior
0.5846595483919478,0.24538299777328418,1,interior
0.5693098283496227,0.2936523988384071,1,interior
0.5667912438661508,0.27800454922753287,1,interior
0.6780091235575105,0.2231983279739574,1,interior
0.5707821752556145,0.3092289323160859,1,interior
0.5785400140191332,0.24731805455773456,1,interior
0.6778458000519857,0.2247282132813806,1,interior
0.6126665434330818,0.2173703112441213,1,interior
0.5671553005148042,0.2963800102567066,1,interior
0.6140863828839322,0.21607865704168938,1,interior
0.6766430570406198,0.22173936570800692,1,interior
0.6525403140807158,0.33447732158720883,1,boundary
0.6938079019988753,0.3048557558652086,1,interior
0.6894197592960871,0.23561189083157064,1,interior
0.5715866993622727,0.2663940803811317,1,interior
0.6935341689064934,0.3159913019134586,1,interior
0.5662201000800132,0.265051981989734,1,interior
0.6283354253098482,0.20999597681419538,1,interior
0.6990055939770417,0.30324908139832624,1,interior
0.6995605350788932,0.25127515745789086,1,interior
0.5618444094288209,0.29026580833706334,1,interior
0.6965467111422533,0.254719297363591,1,interior
0.6835332604152002,0.33084303025491224,1,interior
0.6936267917081574,0.24757238099765164,1,interior
0.6665071567834691,0.3288897444904681,1,interior
0.7054827128063729,0.256614552150882,1,interior
0.6689364720278039,0.21976234305781076,1,interior
0.5618040407134686,0.28502406447180323,1,interior
0.5719980971422145,0.31739963237699603,1,interior
0.695234555098785,0.3144598551505837,1,interior
0.5730383102094629,0.32180091957588913,1,interior
0.662842886040974,0.2215408370293344,1,interior
0.6199660577589386,0.20780948083937698,1,interior
0.5715183537495623,0.30683196093789417,1,interior
0.6444593202389528,0.21546505022421825,1,interior
0.7058876558424303,0.27987947725546325,1,interior
0.7092051159239597,0.2856204896593751,1,interior
0.6822190758140915,0.3259600106972172,1,interior
0.5707379819423706,0.31632968433305425,1,interior
0.6947497873794488,0.3102643797844293,1,interior
0.6018228897897981,0.22800912426538794,1,interior
0.5793881698418318,0.3202105064893689,1,interior
0.5859616565602422,0.23644047482847483,1,interior
0.6090448367906055,0.22786134659073795,1,interior
0.6727844741241519,0.22083204695082498,1,interior
0.5746012662588399,0.3184069745681627,1,interior
0.6837684394640015,0.32841998036214237,1,interior
0.6810134165290581,0.23039797204652215,1,interior
0.6180610113518882,0.21230434889117888,1,interior
0.6934028629784458,0.30645535895808906,1,interior
0.5725243107913914,0.255439495079891,1,interior
0.6883633072169818,0.2367713337184808,1,interior
0.6766552486575093,0.2199588612443622,1,interior
0.5672377140818389,0.2751363452783433,1,interior
0.6808532632551386,0.2241135186303549,1,interior
0.559103028842609,0.2904028159541637,1,interior
0.5691686423390062,0.2655377640964331,1,interior
0.7108712110691278,0.2722333376157173,1,interior
0.5921633011855498,0.32072145558359494,1,interior
0.6847605187711634,0.32648517446980146,1,interior
0.6646504653265479,0.3309464840080724,1,interior
0.6343725722857111,0.20914694487639113,1,interior
0.5683712371678754,0.27159222228270713,1,interior
0.7060514259540149,0.27289976316495623,1,interior
0.70863278468618,0.26484669646321124,1,interior
0.6468356814125427,0.21527055138122542,1,interior
0.5877648884993146,0.3286688549035496,1,interior
0.7093899923584669,0.26619123381064785,1,interior
0.7064605113832702,0.2850837910217978,1,interior
0.6644685916751734,0.22120692150374818,1,interior
0.690401221091233,0.3191738233819075,1,interior
0.7107460358899523,0.2873113670669928,1,interior
0.6673934051550633,0.21717037984899676,1,interior
0.5703226516855139,0.25602366779109736,1,interior
0.5688510268615304,0.3022458476790639,1,interior
0.6245301618437147,0.21119814263096628,1,interior
0.6069896354881991,0.22613226744479553,1,interior
0.7033629523991982,0.3051370659317174,1,interior
0.5888995530176262,0.31881820664699895,1,interior
0.6108060605098845,0.21617847071759033,1,interior
0.6844527075944019,0.24410586552093644,1,interior
0.7100477303319199,0.278372808439607,1,interior
0.6933305170339369,0.31759078445501987,1,interior
0.6657217271582827,0.33287912533177394,1,interior
0.7055012882571511,0.30344823821657185,1,interior
0.5874176720217197,0.33096444105427264,1,interior
0.6969475084238738,0.29807274924948673,1,interior
0.6100057554663237,0.21466441433396438,1,interior
0.5762534338043865,0.2449312325273288,1,interior
0.5711062713890707,0.25455203128800336,1,interior
0.5705731181747854,0.26920351859565617,1,interior
0.5896925569819698,0.3268631386275,1,interior
0.6669635616665534,0.3308937116831482,1,interior
0.6619582687398278,0.33125807060387663,1,interior
0.5912640411273993,0.23557617500722583,1,interior
0.6684870779688911,0.32973152828283536,1,interior
0.6572202788457795,0.3322607469320388,1,interior
0.5719119993954019,0.2524863364263931,1,interior
0.7029611916592181,0.2788544268346622,1,interior
0.6970698482432092,0.3093715486268957,1,interior
0.6851390849794345,0.3244003587392156,1,interior
0.7069784225239042,0.29859716166576883,1,interior
0.5657231977505748,0.27922831131136067,1,interior
0.671243671463335,0.22288884840710227,1,interior
0.7120157357771083,0.29112035315459045,1,interior
0.6854673280809774,0.2301939564466398,1,interior
0.6072229902352332,0.22154891384372008,1,interior
0.5704070087992745,0.2724175719689915,1,interior
0.6877237943715382,0.24704003870146338,1,interior
0.6122202413150823,0.2214209314405405,1,interior
0.7116549251061273,0.2694819229184165,1,interior
0.5707543272554303,0.258500355513828,1,interior
0.6881603989915053,0.3229136336711611,1,interior
0.7070833229978408,0.2608316099849472,1,interior
0.5661258598437062,0.28274085501641066,1,interior
0.6095698788887991,0.22488851676068616,1,interior
0.6990312967196843,0.3054203528267655,1,interior
0.570509137453029,0.3221036028151089,1,interior
0.5683074740148393,0.2736795575970759,1,interior
0.5683910737319793,0.25435237963935287,1,interior
0.7122736097009386,0.2669391747178853,1,interior
0.6791449026232702,0.22867687563782044,1,interior
0.6808890332631719,0.22879425697658093,1,interior
0.6520887778062624,0.21972947053732603,1,interior
0.6709413442324453,0.22133562721654187,1,interior
0.6959565493143793,0.24897857408889543,1,interior
0.6367570831118501,0.21014484232757383,1,interior
0.6600412600352644,0.33332052128154915,1,interior
0.6584184909177828,0.21897913092214558,1,interior
0.5674116436102588,0.30165782608374725,1,interior
0.5935053345256586,0.23242276293711328,1,interior
0.5901709980759299,0.3245371767539595,1,interior
0.702302103331696,0.30019316785421796,1,interior
0.5964522312258461,0.2336251763741239,1,interior
0.6719630545546298,0.3260735777918904,1,interior
0.707632909106693,0.30289505992282023,1,interior
0.5635709998942963,0.285667234215708,1,interior
0.6537807270819773,0.22002788967424158,1,interior
0.5682266498790046,0.25225936135298016,1,interior
0.6797443732990167,0.2213525287910837,1,interior
0.7014539730935002,0.30579236436316215,1,interior
0.6912373884997588,0.2459806389506034,1,interior
0.6833166740690738,0.22853714187022367,1,interior
0.6835819826887225,0.23025658373414787,1,interior
0.7127650527844906,0.2755428201982595,1,interior
0.7085881256655184,0.30079057126204,1,interior
0.5883928419572781,0.3240232875170006,1,interior
0.6265061394533736,0.21047719535832946,1,interior
0.5745339784874013,0.24862575985738708,1,interior
0.695063037364671,0.307152444414332,1,interior
0.6585270805849985,0.21721954230558158,1,interior
0.7008787232991706,0.2535099513439985,1,interior
0.6500070142430159,0.2170835698223208,1,interior
0.5756718549941233,0.32112582069516155,1,interior
0.584067971410294,0.32240105969858435,1,interior
0.5888487099873886,0.23422184219389192,1,interior
0.5776770816635414,0.32119965445002874,1,interior
0.6962319203248329,0.3115797225286276,1,interior
0.5927520389105911,0.23004986300111055,1,interior
0.6923165354959478,0.32103074498466827,1,interior
0.557361390478234,0.28435229105677595,1,interior
0.5785098936992116,0.2409949871554842,1,interior
0.7134392831140912,0.277287455160739,1,interior
0.6236092972159498,0.20707673978888452,1,interior
0.6314060833597961,0.2091304109470984,1,interior
0.6661141509614237,0.22083904481544975,1,interior
0.6970847045288404,0.24393427217737093,1,interior
0.678628116180085,0.21985114942564268,1,interior
0.5656888291893477,0.2671879931651669,1,interior
0.6858308972491748,0.32796085416551857,1,interior
0.6101511042776205,0.22101646876787048,1,interior
0.6552799284194589,0.2193819950337932,1,interior
0.6804585933273013,0.21979658612869218,1,interior
0.5669995774639456,0.30375855667253304,1,interior
0.5670182989982145,0.3126586305926569,1,interior
0.6134746720461097,0.2192843828044741,1,interior
0.7065416098023464,0.2960981937991531,1,interior
0.632929884535693,0.2076033755802603,1,interior
0.6960472848639382,0.31710452057633914,1,interior
0.6930664440071251,0.24045903332743232,1,interior
0.59458794652902,0.33887280453033236,1,interior
0.6393250705301369,0.20967440285675523,1,interior
0.6693920284337814,0.2217073960716751,1,interior
0.5685548214346869,0.2494702845985506,1,interior
0.6190177730149291,0.21072617231122084,1,interior
0.7107224720609442,0.29381367325275975,1,interior
0.6888763946380849,0.32055340268623006,1,interior
0.5764160072545479,0.3195995287373019,1,interior
0.6353471157906934,0.21495793957287765,1,interior
0.6952373596376232,0.244562376900431,1,interior
0.5724300240472161,0.2489085187496098,1,interior
0.6153614342233313,0.21281291185613888,1,interior
0.6821800791320454,0.22614837564153048,1,interior
0.6639118990956002,0.3336330125557222,1,interior
0.6354601659464338,0.206150891171357,1,interior
0.5860276934779157,0.3321302884216426,1,interior
0.5708761186193095,0.2501146119116497,1,interior
0.5567503299929509,0.2798332066841177,1,interior
0.5742253704057322,0.24712461699092836,1,interior
0.589194356307221,0.23241578837169952,1,interior
0.5700229904759792,0.253077786621059,1,interior
0.5612169421527964,0.2935922790651191,1,interior
0.6762361671188525,0.3275234409444842,1,interior
0.6444694033407968,0.21372263754953907,1,interior
0.5726814706322553,0.24589891374388118,1,interior
0.6705123191201993,0.32826776958847553,1,interior
0.7010470299061955,0.30106356483883717,1,interior
0.5704654597903644,0.24859354909052703,1,interior
0.5747302546555643,0.32278132069923393,1,interior
0.6623628557297649,0.33285839767109127,1,interior
0.7096692808831857,0.274959482969627,1,interior
0.6962257638391225,0.2419633036241698,1,interior
0.5650893377976475,0.28091275840147256,1,interior
0.7105274694485925,0.30255807674167917,1,interior
0.5912845441142317,0.33772353063771515,1,interior
0.7036274888083501,0.3069804665706835,1,interior
0.6385542378656266,0.20815538110749568,1,interior
0.5779684073851051,0.2494071609398331,1,interior
0.5607381055203069,0.2864783135761024,1,interior
0.5697770825491032,0.3131982995302474,1,interior
0.5801230618098315,0.2399166679609438,1,interior
0.5859005063754784,0.23850866073217367,1,interior
0.6817989680237552,0.22177321685025314,1,interior
0.5662090379107311,0.26256711631081253,1,interior
0.5721611109967598,0.32339202368161296,1,interior
0.5663010751952682,0.2725571691874853,1,interior
0.567645536937463,0.261040000171356,1,interior
0.5941255588655401,0.34046826352400483,1,interior
0.6416368741963732,0.20874471746992324,1,interior
0.66122099140846,0.2199846925955634,1,interior
0.5694268496717644,0.3150171313386719,1,interior
0.5642872853073015,0.2781175430951955,1,interior
0.5756447109548488,0.32519871129169875,1,interior
0.6921044482278348,0.23862236532457332,1,interior
0.7055810720786329,0.2923972978079299,1,interior
0.6861950461645097,0.32585606206487727,1,interior
0.585311928862226,0.3278557975678249,1,interior
0.695403184906643,0.2401385462652569,1,interior
0.7054458033423808,0.26060750772175917,1,interior
0.6547010276014514,0.3354186831100059,1,interior
0.5769105346740909,0.24695479923318367,1,interior
0.7026395325898819,0.2964870948063261,1,interior
0.5937548225061987,0.34231375364982713,1,interior
0.5694949816167997,0.26723458355080787,1,interior
0.6997230599994732,0.3080002987198443,1,interior
0.7053255233641615,0.30739829102185573,1,interior
0.6956014101603166,0.3222921345008376,1,interior
0.6176164584443963,0.2183738827296349,1,interior
0.5657560456862131,0.2608525518094919,1,interior
0.5667915982353918,0.25845808280955457,1,interior
0.7030167735407735,0.25144056759364536,1,interior
0.5603418432198003,0.29575046554314355,1,interior
0.5842258742639653,0.23519653758695597,1,interior
0.6515143437578153,0.21803363155050484,1,interior
0.6244294313335411,0.20844844931136364,1,interior
0.6516870161597066,0.21562504510502903,1,interior
0.5579204437817831,0.28645005889077324,1,interior
0.6074206751016296,0.2242563027563293,1,interior
0.5633528342560803,0.2625014774330892,1,interior
0.6969063535147733,0.30723569598883343,1,interior
0.5649109336796829,0.27585259392637246,1,interior
0.7112053930277916,0.2746310912088132,1,interior
0.5660906390955439,0.29782696279488446,1,interior
0.5673024266343146,0.3107257892241744,1,interior
0.7080877726050813,0.2840233743139785,1,interior
0.7055438076873058,0.25425107879009035,1,interior
0.5924649167669191,0.3365783938638429,1,interior
0.5745609861098824,0.2501850543389867,1,interior
0.7090318468503747,0.2935502718151803,1,interior
0.6050398953217953,0.22888625445087693,1,interior
0.5694322884047176,0.25124866238386967,1,interior
0.6544824455778125,0.21789719417196773,1,interior
0.703295263144689,0.29891698458464644,1,interior
0.6869944966043237,0.2314895563469704,1,interior
0.5656304159429729,0.3011792552453568,1,interior
0.6851143716719535,0.3310736567108775,1,interior
0.6978754123779427,0.31720817661848183,1,interior
0.6310170166260064,0.20639755211447536,1,interior
0.691443733652092,0.32329822116964546,1,interior
0.581783661543961,0.32194346460620266,1,interior
0.5681538501214577,0.26830774305189936,1,interior
0.609884690059018,0.21221024389817725,1,interior
0.6686828350751144,0.22350855479190326,1,interior
0.5717805435012234,0.24753394682058594,1,interior
0.6782032859072697,0.33243344070955366,1,interior
0.5668589145485692,0.256000035060463,1,interior
0.7113886950470287,0.2856044394428979,1,interior
0.5592933097329464,0.2850948827393859,1,interior
0.7108537975035211,0.29573843404927735,1,interior
0.6868852917278282,0.22844263253655453,1,interior
0.6796940063579132,0.21768375803267218,1,interior
0.6114367719621293,0.21849684629461688,1,interior
0.7121126377013285,0.2732983894089597,1,interior
0.6779623129047293,0.21665705469349947,1,interior
0.6576111599566499,0.33378875950121556,1,interior
0.7104530916281173,0.28119203193811915,1,interior
0.5659292029650398,0.3060093867515902,1,interior
0.6001300175614365,0.236543261154752,1,interior
0.5948568987394703,0.2363498844699271,1,interior
0.5872757661438374,0.23402883220744974,1,interior
0.5689785721339408,0.3166000059409184,1,interior
0.571954684653351,0.2441564384925423,1,interior
0.7116227269767514,0.2641641569537779,1,interior
0.7081766152470488,0.2560626210986057,1,interior
0.70987460712153,0.27340956368778885,1,interior
0.616652342653062,0.2106209392012533,1,interior
0.5657972873978674,0.25725882604892636,1,interior
0.5605570678950129,0.2817237709260158,1,interior
0.6928539449017064,0.23679505887331775,1,interior
0.5687998862973069,0.2559959509924197,1,interior
0.690624507163917,0.32073531352369516,1,interior
0.5664264452573198,0.30874748865796176,1,interior
0.6857073041854229,0.2257713142791353,1,interior
0.583993312142209,0.23811558609970576,1,interior
0.6904761427827244,0.3064963386978119,1,interior
0.6131454048210929,0.21392405817063023,1,interior
0.6276792361974484,0.2074195329131861,1,interior
0.6883701818023757,0.23037147886344214,1,interior
0.5581692114466705,0.2887292565412259,1,interior
0.5683284841135551,0.26419827050750655,1,interior
0.7090118187036413,0.2631985581660092,1,interior
0.6743989880627927,0.33017281384133673,1,interior
0.5967292800965595,0.23162138946377764,1,interior
0.5687467451775037,0.30454175529509914,1,interior
0.5853821947122698,0.33013458475481794,1,interior
0.5704987940245178,0.2466161746610754,1,interior
0.7047911100980667,0.2524404742349786,1,interior
0.6975896456939924,0.24544504579819199,1,interior
0.7098766314589685,0.2577612972766921,1,interior
0.590854753390268,0.23219479634299706,1,interior
0.5865835307430729,0.32606841023321814,1,interior
0.5706715636002093,0.31995125132162994,1,interior
0.6744517082766769,0.33177157153002046,1,interior
0.587405742187877,0.23216272007070332,1,interior
0.5688983357659883,0.2699255965887046,1,interior
0.5645285329493547,0.25964680674583873,1,interior
0.5645784218373667,0.3032836189466611,1,interior
0.6940205449631296,0.30879936679043724,1,interior
0.7031130156334916,0.30333666396793557,1,interior
0.6808718196784541,0.3314048344309171,1,interior
0.5871543188510835,0.23745990871817288,1,interior
0.563515474752471,0.2970904862592838,1,interior
0.5683343966715301,0.24681560182818574,1,interior
0.6116217996102336,0.21126625157321544,1,interior
0.7144020600686354,0.27469949364957413,1,interior
0.7147898082779971,0.27278400708871925,1,interior
0.594722742509757,0.23438535132260319,1,interior
0.6529993360585266,0.21694139022972236,1,interior
0.6083737140130069,0.2196920385369993,1,interior
0.6426357950220525,0.21187138050601179,1,interior
0.7016273728985771,0.3097600497177351,1,interior
0.6122499928301972,0.21552657889680266,1,interior
0.5629513416833077,0.294998184258529,1,interior
0.6985630823351932,0.24184845371237118,1,interior
0.6663038592617119,0.21885034350817775,1,interior
0.5691904321296469,0.2439763586774679,1,interior
0.6375244599008737,0.20460265103618427,1,interior
0.5637102536603275,0.2998495837339698,1,interior
0.5642793953116242,0.28860324166794865,1,interior
0.7077330731529015,0.3084716441898257,1,interior
0.5632597146291576,0.2587456945619773,1,interior
0.5635718391352786,0.2806620145285157,1,interior
0.5737984819635767,0.24480682709918963,1,interior
0.7069755777617561,0.2525775786865507,1,interior
0.6778732326786464,0.3302031153900656,1,interior
0.5704468346414225,0.32423260584588176,1,interior
0.58288270159977,0.23681982413795652,1,interior
0.7125497765002292,0.2865999502273121,1,interior
0.5647347136638421,0.26384313655569186,1,interior
0.5908261048663095,0.23059568115654036,1,interior
0.7075850861646324,0.29475111526338293,1,interior
0.6810211591825894,0.21670751541826588,1,interior
0.645688051761015,0.2127728356030288,1,interior
0.5654638475665342,0.26908013959277166,1,interior
0.6902256688803872,0.3223854135443059,1,interior
0.7086937110216612,0.2822762753352,1,interior
0.5794157269061523,0.32351097009800783,1,interior
0.5726472615207361,0.3252327066090946,1,interior
0.6059789243286342,0.22321897174394173,1,interior
0.5558734580882769,0.2780873989338562,1,interior
0.5856459933184535,0.2323203635436628,1,interior
0.7157750697011522,0.2767398801257957,1,interior
0.6741538157618275,0.2196174585393015,1,interior
0.7143391071288347,0.2688758253100912,1,interior
0.6971071527579329,0.31360549365475787,1,interior
0.6932650987932757,0.32248127048812086,1,interior
0.7055305992793556,0.3050228742757802,1,interior
0.708241471963908,0.2502100703379504,1,interior
0.7090458618563268,0.29660950778762224,1,interior
0.6090435275241946,0.21807089717088576,1,interior
0.6054824801006706,0.221755484051269,1,interior
0.5706401091965027,0.3181708020784396,1,interior
0.6738274293429137,0.3342444575307578,1,interior
0.6936546453088911,0.23883245691098326,1,interior
0.6841685899287984,0.2262371120020656,1,interior
0.5926440261025819,0.33976796123396746,1,interior
0.6850762936413064,0.2281192525610743,1,interior
0.6069525541319972,0.22827088743839652,1,interior
0.6781235739602807,0.22633364792716631,1,interior
0.5903914412305865,0.23430536971163796,1,interior
0.6880213106142031,0.22382516591184115,1,interior
0.7105544879265727,0.2671671934360087,1,interior
0.5950826188440377,0.23220337710594732,1,interior
0.6338048028261162,0.20577967555195495,1,interior
0.6612977722624578,0.218078444789436,1,interior
0.621764519940296,0.20710541157052684,1,interior
0.6822816389253658,0.22002692564772158,1,interior
0.5839319998745358,0.23243124265578205,1,interior
0.6051647200834016,0.2273631886892508,1,interior
0.7114281367459603,0.28321104627399973,1,interior
0.5566101502066922,0.28276458128502086,1,interior
0.6280261862952073,0.20487350615708802,1,interior
0.7133966645509048,0.29266785284737434,1,interior
0.5651409203661931,0.3076676663954907,1,interior
0.6402376164076726,0.20679804208599759,1,interior
0.7080312875213991,0.25378150308284525,1,interior
0.564530414722337,0.3127923201063887,1,interior
0.6841473588780388,0.22387021592273465,1,interior
0.7065600884134277,0.2508536456165242,1,interior
0.5822732728830065,0.234962216238428,1,interior
0.5946560431117361,0.23039725343921466,1,interior
0.6690845436559056,0.21702375702559673,1,interior
0.643554336538748,0.20826655221790485,1,interior
0.5661447529229634,0.270581118750459,1,interior
0.6615059641778106,0.33413892161169,1,interior
0.6439955225251767,0.21025724353943567,1,interior
0.7127384212206127,0.2896033649423087,1,interior
0.5593729519935448,0.2834056425439532,1,interior
0.6185846893756706,0.20863602990235885,1,interior
0.6980182658605599,0.3105973758537787,1,interior
0.6998457475801648,0.3100011688385153,1,interior
0.6299431814352451,0.20474466660427917,1,interior
0.6983906744065328,0.24707133520080965,1,interior
0.696742086097055,0.24740610095141896,1,interior
0.709852939582897,0.2839045932112726,1,interior
0.6763518585854448,0.33348463555514557,1,interior
0.695552754465014,0.23707559442273018,1,interior
0.5649097694599423,0.2988174167921598,1,interior
0.6195581998542171,0.20573527274670558,1,interior
0.5625973100233378,0.2787145200261589,1,interior
0.5886000952253825,0.32554270540675445,1,interior
0.6041918646464611,0.22557259632190216,1,interior
0.6769698811559397,0.21790090036116658,1,interior
0.5639796483971824,0.3103442655499463,1,interior
0.6170038489314066,0.20879437841670923,1,interior
0.7035316949921067,0.3085882309907719,1,interior
0.5650010240766771,0.29651699791373637,1,interior
0.5674719850854852,0.26624596085982805,1,interior
0.7102428180491933,0.25550899014050976,1,interior
0.6705850278478823,0.21897830787265737,1,interior
0.6260696933133459,0.20693803628569823,1,interior
0.6956167005713114,0.32072700225173706,1,interior
0.6508555640045548,0.21416491830482107,1,interior
0.7127846245228716,0.2958337401668251,1,interior
0.5814657424303332,0.3238133296850823,1,interior
0.570366705340736,0.32631115171160385,1,interior
0.6769415222873157,0.3357428262125649,1,interior
0.5794562773363802,0.2374459915876554,1,interior
0.5678438400272542,0.31432705793380133,1,interior
0.5684117345862715,0.2416865419075865,1,interior
0.7098804227480473,0.26101390221999826,1,interior
0.6677845395581337,0.33343832483721614,1,interior
0.6801767198993164,0.33433945899681267,1,interior
0.6975614650268243,0.24895680503525294,1,interior
0.691405520664924,0.23620385348187306,1,interior
0.6676669047745734,0.21497363647490894,1,interior
0.5755851524237918,0.24266247435149346,1,interior
0.5677520891416468,0.3187555763297374,1,interior
0.6805544658973642,0.2151000595051803,1,interior
0.7060342470565114,0.24860744958678285,1,interior
0.5594132887927308,0.292511394242589,1,interior
0.6175101938130413,0.2055177076985701,1,interior
0.6839856391224194,0.2220018702326577,1,interior
0.710571843332435,0.3050425333189595,1,interior
0.5554876529239569,0.28414766738963865,1,interior
0.668601060324865,0.3312567410561733,1,interior
0.713489387327825,0.2853665588541946,1,interior
0.6353844924422029,0.20432294047649777,1,interior
0.6893505845724833,0.23280669384189034,1,interior
0.5801647354163454,0.24205051910425424,1,interior
0.5687846558225772,0.32625076158295263,1,interior
0.5620845217348521,0.2976688571136854,1,interior
0.6482345470801646,0.21118529527838079,1,interior
0.6543184396679409,0.2153882063744519,1,interior
0.713572670277318,0.2881724380534598,1,interior
0.5769998880059666,0.3232980037167429,1,interior
0.5915249267238303,0.3412222894919428,1,interior
0.6940101789860483,0.3247777494553062,1,interior
0.565754570422707,0.2740819996760982,1,interior
0.712441326465299,0.2608543967057279,1,interior
0.6732585346058142,0.3289786244954117,1,interior
0.5961988776927748,0.22859490429047272,1,interior
0.7081609341506481,0.2619298124270434,1,interior
0.5577247779656648,0.2769881280540206,1,interior
0.6634229932913238,0.33514526125096256,1,interior
0.6824069254072068,0.33385621555943507,1,interior
0.7016553502560534,0.30783503069447266,1,interior
0.6567331162737876,0.21803484908691845,1,interior
0.5949292238524608,0.34379070680859647,1,boundary
0.6891019419395475,0.2403233333707981,1,interior
0.5634382364268216,0.2696855049151604,1,interior
0.5786970915260559,0.23882180268650227,1,interior
0.6724039089731009,0.21929609890109142,1,interior
0.5954239297950077,0.342323748071259,1,interior
0.7103064339825857,0.29851321293188005,1,interior
0.6562443651990977,0.335416233883965,1,interior
0.5829106906745037,0.3246008044328827,1,interior
0.6100905264924539,0.2193868565149735,1,interior
0.6463197343326457,0.2088990730704319,1,interior
0.6578441619365664,0.3304974662285703,1,interior
0.7154211735834435,0.29458017839800266,1,interior
0.6889556186226241,0.22828888449481946,1,interior
0.5579340010639126,0.27880570221285794,1,interior
0.6394752494250998,0.20369442229318083,1,interior
0.5656902613433091,0.3107096557698748,1,interior
0.7140857480978001,0.29674500840918727,1,interior
0.5783078459109088,0.234675149869707,1,interior
0.6985262774030314,0.3127520811629301,1,interior
0.6824220822666184,0.22427238072610262,1,interior
0.646333353573709,0.2105391398267877,1,interior
0.5615859751200792,0.2999326492637808,1,interior
0.607000489123033,0.21858023385418474,1,interior
0.615443896541458,0.20341644069123085,1,interior
0.6650763599825291,0.3359176736182869,1,interior
0.5641066936058076,0.30175912217884343,1,interior
0.7101782157082664,0.27038395895308365,1,interior
0.6508196645821352,0.21246631849119887,1,interior
0.6583595395205556,0.33568113223905793,1,interior
0.7110439566758411,0.25875976770545206,1,interior
0.6884371397950494,0.22638218972944474,1,interior
0.6359448584184526,0.20831907791478638,1,interior
0.6707593401381994,0.2169721009671783,1,interior
0.5635955146780217,0.3083249274329873,1,interior
0.7085875022392737,0.2981722068837779,1,interior
0.7092326193530326,0.2521359531374991,1,interior
0.5535747344671347,0.28393934884113287,1,interior
0.5721582445385849,0.31576785876216884,1,interior
0.6170339511166602,0.2071244195512344,1,interior
0.5741732672952465,0.32051584058621696,1,interior
0.5810768726633874,0.23715907749223997,1,interior
0.5859675690064297,0.2348061877077347,1,interior
0.5812965149016927,0.23221394305077903,1,interior
0.5659030356813638,0.31373490598554243,1,interior
0.574021910411579,0.24253955042122766,1,interior
0.7103894290539503,0.2920733829873413,1,interior
0.5687914610377688,0.3202652118602037,1,interior
0.6316800839922602,0.2045848859181893,1,interior
0.6814421901859818,0.33610873354136733,1,interior
0.6243731493750216,0.2056518067919261,1,interior
0.5647250895886406,0.286843943020614,1,interior
0.5633759058241516,0.3052020632746657,1,interior
0.5568985177409789,0.29162682201732465,1,interior
0.6266393033899403,0.20887684151386415,1,interior
0.6968292539861128,0.31887967863179106,1,interior
0.5577443486673522,0.2971227353876002,1,interior
0.6113617193359644,0.21320126937043626,1,interior
0.6933180594249048,0.3267908678589034,1,interior
0.6369425236352332,0.20689384258288931,1,interior
0.6632768552578344,0.33683564524414894,1,interior
0.5949037922301881,0.22732956871902968,1,interior
0.687848645404886,0.3272446345185429,1,interior
0.5666373068731658,0.2538810395590788,1,interior
0.7141105080339263,0.2711546895396681,1,interior
0.7161851324670993,0.2694013463217264,1,interior
0.5937024529246876,0.22848076886579669,1,interior
0.5758981791824881,0.24011974716633241,1,interior
0.555536142113986,0.281573345020481,1,interior
0.70793717130951,0.25937755327340384,1,interior
0.5560919224256975,0.28808436119246483,1,interior
0.5652429817935205,0.3173515597529264,1,interior
0.6369860601924864,0.20203048924548786,1,interior
0.5888826963711509,0.2294668571827166,1,interior
0.6147200646161234,0.2112122513400192,1,interior
0.6917818582341796,0.3126909117897351,1,interior
0.5812689850342825,0.320062428674904,1,interior
0.5742105178023891,0.3243294696117218,1,interior
0.7124638948683408,0.29413344368096983,1,interior
0.642415972951704,0.2052022399615579,1,interior
0.5779304891628847,0.325642622029765,1,interior
0.6328281085498171,0.20339880006759053,1,interior
0.614748505390642,0.20708877138514478,1,interior
0.6701274458523083,0.33079362961212966,1,interior
0.6638777139529988,0.21878932793667058,1,interior
0.5646269532133524,0.27144508603776046,1,interior
0.7101654926707732,0.30097643967348403,1,interior
0.6489201755236808,0.20973977019061882,1,interior
0.5666297757534282,0.31596342599471927,1,interior
0.7083966505101982,0.24790124742839667,1,interior
0.5628183693641561,0.27227624957719754,1,interior
0.5771417032661086,0.2385807872955786,1,interior
0.6737946119120725,0.21808392119957742,1,interior
0.5681797121052387,0.3225261738582069,1,interior
0.7122680729340929,0.2982302493076171,1,interior
0.5678245518629254,0.32489407415920424,1,interior
0.6393336529470589,0.2052380353296855,1,interior
0.7012042319909807,0.2422623066007822,1,interior
0.6257564726989164,0.20444818994967018,1,interior
0.6978970890179633,0.2512678143887753,1,interior
0.5754627297566114,0.23647940572962864,1,interior
0.5735367256444838,0.30225756990497055,1,interior
0.6900475010959543,0.32611071262413394,1,interior
0.6593343888377186,0.3371181122601379,1,interior
0.7158285742206446,0.28496073282623047,1,interior
0.6970618457045593,0.23976659102324388,1,interior
0.5794644783141661,0.3250456155004981,1,interior
0.6443898415242045,0.21183959969395896,1,interior
0.6819949071687359,0.21829565177466442,1,interior
0.6979545247549026,0.3156227264453434,1,interior
0.6726782894213237,0.21670021361408015,1,interior
0.5802104649157908,0.23574941170240696,1,interior
0.7008683627301313,0.24622264810007113,1,interior
0.5590766555086115,0.29978115852893916,1,interior
0.6219870997129788,0.20449728815274504,1,interior
0.5560053976741235,0.29022473742616667,1,interior
0.563157790170336,0.26057241057740516,1,interior
0.6293169861167142,0.20685516946264004,1,interior
0.7146016470430355,0.2982520066377301,1,interior
0.6316049008308807,0.20200573211925885,1,interior
0.5773667074411549,0.23620693989377664,1,interior
0.5665135614265117,0.24790049577588139,1,interior
0.5837719392777113,0.3319796521071657,1,interior
0.7107580736109307,0.26549437401825215,1,interior
0.6272102998348492,0.20300559858777142,1,interior
0.5570141275222196,0.27423296539290687,1,interior
0.7134001535712666,0.2823087827288016,1,interior
0.6722949216852346,0.3309433324066828,1,interior
0.6884368474585093,0.325764025048941,1,interior
0.6698847439716618,0.21545305921830016,1,interior
0.5849616609188502,0.32489460259384484,1,interior
0.5852887199500566,0.32334073322782986,1,interior
0.7099442158536706,0.24605394412919906,1,interior
0.6675022974579473,0.2129170748820618,1,interior
0.6722797023660082,0.21462817269199913,1,interior
0.5640153349898289,0.26672569827583176,1,interior
0.5879707003916198,0.33689124177107366,1,interior
0.6857573802580492,0.22295598480659037,1,interior
0.6986200706136733,0.3069135616862605,1,interior
0.7126355149942308,0.25673285431169085,1,interior
0.6896404338691434,0.3295105018379517,1,interior
0.7138359359944221,0.2597180095162306,1,interior
0.6997004503128688,0.2443554273596518,1,interior
0.7032879278144416,0.24982764532079174,1,interior
0.6301937155802863,0.2031331091406511,1,interior
0.7171474886061252,0.2726283576009535,1,interior
0.577154529475276,0.24260110573794003,1,interior
0.6937119850745209,0.2349017188607942,1,interior
0.7109923069189534,0.2625436653684498,1,interior
0.7148270705486055,0.28662297569873046,1,interior
0.6134118338459496,0.20995396631457555,1,interior
0.5900598250110418,0.3389955460884779,1,interior
0.5604150441844679,0.2974756085655506,1,interior
0.665132122086362,0.3380794400039256,1,interior
0.5537243078033345,0.28239309500553017,1,interior
0.6418513535320043,0.20682299680832442,1,interior
0.6552983150305141,0.33750000725803153,1,interior
0.6307150425257095,0.20075359603913476,1,interior
0.6690760287639009,0.3274108179403976,1,interior
0.6861764633287698,0.3327581292678813,1,interior
0.5652520942003004,0.2549830923725623,1,interior
0.607709951517298,0.216984697561345,1,interior
0.7108380588979515,0.253871138453399,1,interior
0.5830428006048235,0.32660032386087506,1,interior
0.5622051150470421,0.3096899923494585,1,interior
0.7136340298468428,0.265672316291577,1,interior
0.5876721114415074,0.22782237596680147,1,interior
0.5889083802579608,0.3406214656664683,1,interior
0.6331955070956812,0.20108133791100502,1,interior
0.6912227306025758,0.32490132229595015,1,interior
0.6522673373189906,0.2214135054686582,1,interior
0.6824347073843683,0.21604852166567112,1,interior
0.6248159875853564,0.20197771787300747,1,interior
0.7127913886048606,0.2839261178419545,1,interior
0.7069582127085571,0.3057829831356785,1,interior
0.7123458981632723,0.2713367048555219,1,interior
0.5604333692817005,0.2785049570806931,1,interior
0.671850077879972,0.33246777651237425,1,interior
0.6676532239772354,0.3364345522099063,1,interior
0.6241523491020856,0.2036043170603893,1,interior
0.6896453777864648,0.22316767746940305,1,interior
0.6417816088184355,0.2022555339507605,1,interior
0.5618621070499707,0.30256172624490124,1,interior
0.5628827206029756,0.2680619104648627,1,interior
0.6530418283656906,0.2185284606034299,1,interior
0.6115566533059511,0.22001679791648204,1,interior
0.6212807391994636,0.20177420084387518,1,interior
0.6792225449303076,0.3357239749685781,1,interior
0.7033905835514322,0.24321529661088007,1,interior
0.5715999748394462,0.24226954309181065,1,interior
0.7144941170570502,0.25636592237706196,1,interior
0.7148557791930981,0.2671921753737091,1,interior
0.6433496428057965,0.20194640053604523,1,interior
0.5539660621927928,0.28898690421674395,1,interior
0.6559367661761363,0.3395742648658816,1,interior
0.6132104479769289,0.20832464364665562,1,interior
0.5670044717701145,0.2800483333036259,1,interior
0.5830391089301448,0.22991928235155915,1,interior
0.5641967452508954,0.2571073214302163,1,interior
0.7059810278363319,0.2945951192815583,1,interior
0.5871102961340982,0.23033584168976037,1,interior
0.691310861182191,0.3277795091642568,1,interior
0.5709698617204809,0.3285267418985822,1,interior
0.5555111476038023,0.2728964940230292,1,interior
0.7118438304019596,0.2440311608899262,1,interior
0.5635701751474878,0.3151172793802171,1,interior
0.5909414648532931,0.33602049156627206,1,interior
0.5930198909325081,0.33820727181392585,1,interior
0.6870940886313092,0.3240747532430618,1,interior
0.5612891618254162,0.2586195073869021,1,interior
0.5671822833443354,0.24568948863834927,1,interior
0.6231870956504072,0.20122375464546355,1,interior
0.5542045356768057,0.2740983777703198,1,interior
0.5627930856946999,0.30672949476890227,1,interior
0.5848545017819382,0.23377152444184462,1,interior
0.6974869129219395,0.23651076215686348,1,interior
0.6122252388514963,0.2229584749237753,1,interior
0.6031597528730875,0.22724401985349277,1,interior
0.7005963489551208,0.24997532582254287,1,interior
0.6110569312892373,0.20866384073668,1,interior
0.713380591772495,0.2637171030044187,1,interior
0.5811806820478058,0.32545024426284896,1,interior
0.5920717953908032,0.22628436140922487,1,interior
0.6320948345361653,0.1995937532893888,1,interior
0.5931877352275738,0.3442969551141039,1,interior
0.6844417017426143,0.33472930701596487,1,interior
0.6830476733669549,0.3360222337657348,1,interior
0.5605087246153051,0.28005541630891423,1,interior
0.5578376894783542,0.29882663921199293,1,interior
0.5587634622738453,0.29401762819483224,1,interior
0.7161252889225208,0.261021333731871,1,interior
0.5619784588268408,0.3118450372141963,1,interior
0.7033083848775934,0.2473395154050524,1,interior
0.5880152043718062,0.33859478759047645,1,interior
0.6442579738456322,0.20571632187146574,1,interior
0.6071185800198997,0.21456352039947996,1,interior
0.5806639778193369,0.22959551318956864,1,interior
0.5796739122338798,0.3267546338142205,1,interior
0.6838009032258608,0.333071062075824,1,interior
0.5622549415047753,0.3143473780815648,1,interior
0.6640890165654328,0.21697017980396388,1,interior
0.5633656881985035,0.2557218893634838,1,interior
0.6152648989245291,0.20926026587379115,1,interior
0.7117236725629323,0.27824513772861303,1,interior
0.6582244951740899,0.3394017384684756,1,interior
0.5876873706656242,0.32711301182692676,1,interior
0.6751206640245988,0.3357196663969602,1,interior
0.5844779137074471,0.3340048292098955,1,interior
0.6887522236920892,0.33238428414607557,1,interior
0.6844659443583676,0.21435883815942786,1,interior
0.5845482434481958,0.2303182538208818,1,interior
0.5745910893345153,0.24102675185544462,1,interior
0.6981835285511218,0.23837849776189768,1,interior
0.5611476888420445,0.30663424760395525,1,interior
0.7172123711779966,0.2774215569350743,1,interior
0.5576841648565605,0.30246173713284813,1,interior
0.5795090421555322,0.3217397419465553,1,interior
0.6565722588950226,0.21590319522642246,1,interior
0.6522123501436476,0.21326015341131146,1,interior
0.7159290616157482,0.26371165940493013,1,interior
0.7145411975122022,0.2902005797814551,1,interior
0.6668954135632436,0.33787015298890904,1,interior
0.5585951165410954,0.274287938048802,1,interior
0.6299948066108477,0.1979637194520958,1,interior
0.5964628040622382,0.34365180977822973,1,boundary
0.5534685445643245,0.2791343248805224,1,interior
0.5903219826630761,0.22896319954052788,1,interior
0.5559008993160414,0.29753673939689856,1,interior
0.5722598904770124,0.24062196815285958,1,interior
0.6956659058082992,0.30867348051919813,1,interior
0.5652493621497703,0.32289168499578313,1,interior
0.6140393808734814,0.20197850446916168,1,interior
0.6638889320929695,0.34077134979302687,1,interior
0.597386598191435,0.22761992162158043,1,interior
0.6859793337150597,0.21492825601210996,1,interior
0.6520485270424857,0.3316775477575857,1,interior
0.6788691860173538,0.3377974188757544,1,interior
0.5730840822135256,0.23902575295547018,1,interior
0.6629798864527277,0.21437013029426433,1,interior
0.5666405543423255,0.3219856531229391,1,interior
0.6597292981483891,0.33916691487121364,1,interior
0.5965444081426977,0.22616844471844574,1,interior
0.5832152310396792,0.22808701968391115,1,interior
0.6844749143850275,0.2187663553938047,1,interior
0.6744116484251469,0.21507204792498932,1,interior
0.5634429269827654,0.31667472247345574,1,interior
0.6959581888693,0.32605979053743517,1,interior
0.6128062919393942,0.21234449553445234,1,interior
0.585259263481194,0.2286669736149768,1,interior
0.7000363471268319,0.24011815366900713,1,interior
0.6865476285356471,0.21825519501761373,1,interior
0.6724307476292413,0.21296142982187766,1,interior
0.5672628931498849,0.2503290224566208,1,interior
0.6905450123908776,0.3320341896073076,1,interior
0.698030491090898,0.32041658260881073,1,interior
0.6152332207916031,0.2051600035567681,1,interior
0.6652420088712353,0.21524498159709446,1,interior
0.7062999069462419,0.2470868556129279,1,interior
0.6689687886580037,0.2114242036597243,1,interior
0.5599812314833911,0.3011702087272244,1,interior
0.7025039240004545,0.23888166282049936,1,interior
0.5668049287915773,0.32354216883346565,1,interior
0.6837942703254066,0.21682978207493298,1,interior
0.7135227900480318,0.24421620387548393,1,interior
0.5829423341695499,0.3207176530582358,1,interior
0.6049940124317881,0.22025189013436022,1,interior
0.5646949874338287,0.32068228898730405,1,interior
0.5561228543372457,0.275861178102437,1,interior
0.6925496093230861,0.3288773981288622,1,interior
0.6177301244926793,0.2152484543319778,1,interior
0.5784137943187723,0.32766871325196933,1,interior
0.7123444259354894,0.27970551963878415,1,interior
0.7118732398986466,0.24750938949291126,1,interior
0.5520378219854447,0.2832008477856227,1,interior
0.5577215414344596,0.27129473930881276,1,interior
0.712468506392992,0.24545364106168094,1,interior
0.5817103643038458,0.23074341543360652,1,interior
0.6824219454403344,0.3319734764182029,1,interior
0.5628534152280682,0.27592298090167044,1,interior
0.5944382319935898,0.2257933097000738,1,interior
0.6609248349498152,0.2162441593163853,1,interior
0.7107690784847399,0.24964997448139223,1,interior
0.7009420249516173,0.31205154089934434,1,interior
0.6278020603457177,0.20094749195130882,1,interior
0.561268947745543,0.30484299416304694,1,interior
0.6658270252053108,0.21666399927732755,1,interior
0.6609749221082741,0.3403065210211135,1,interior
0.5549594623434572,0.26995721579893006,1,interior
0.6699496057394074,0.33414383581216256,1,interior
0.5660845955993009,0.31947935024073626,1,interior
0.5660170258991948,0.3254842756759824,1,interior
0.6995223356347912,0.314432804501185,1,interior
0.6873216293543538,0.32978555179992786,1,interior
0.6816679397073447,0.2136008940476563,1,interior
0.5921460083864721,0.2282982690226656,1,interior
0.5592462250612624,0.27230329213282867,1,interior
0.6872792300573932,0.22533251897819112,1,interior
0.7177003173495936,0.26788839946491916,1,interior
0.5586154761043741,0.30613515111634265,1,interior
0.5605459067939551,0.27660558791984863,1,interior
0.6634402898451194,0.2116012181859843,1,interior
0.675374333699157,0.2174764581352179,1,interior
0.6857107630817716,0.3296447045578882,1,interior
0.5599607260612994,0.30314089026364893,1,interior
0.6060402104498926,0.21712196502349657,1,interior
0.699429458199679,0.31601168396234597,1,interior
0.6857176065957493,0.22000659758948418,1,interior
0.7031680180196813,0.31197277742244367,1,interior
0.697186265956668,0.30525460149516254,1,interior
0.6039130086875811,0.22195028115588164,1,interior
0.7025127508343484,0.24080121156665554,1,interior
0.5528427045016957,0.28670276389626037,1,interior
0.7039432387658956,0.24516832774457792,1,interior
0.5727483354894435,0.3297024425398549,1,interior
0.7044517364412842,0.30233240687230584,1,interior
0.625224183752046,0.20046816246277294,1,interior
0.5700339698284921,0.2389341109464823,1,interior
0.5613566574481409,0.3083926964023208,1,interior
0.7181797505802036,0.2858021273122296,1,interior
0.6761857913143144,0.21447434865400639,1,interior
0.6908382914326255,0.22934555097865333,1,interior
0.56431299562559,0.3246175368469057,1,interior
0.6532464908017716,0.3379363463037822,1,boundary
0.7152133281882767,0.2824608479742118,1,interior
0.5545770098756135,0.276699737378049,1,interior
0.6694668000479603,0.33633367841920525,1,interior
0.5670100186502041,0.2397351652153969,1,interior
0.560287607767642,0.31147388720777053,1,interior
0.5893689710573666,0.22751688781017457,1,interior
0.5557523243060147,0.30441031507234906,1,interior
0.5632227784038987,0.31886816721914174,1,interior
0.6886075982172934,0.33396571258676255,1,interior
0.5616183133786352,0.3166197123767241,1,interior
0.6720619851470483,0.3354114162778124,1,interior
0.6055298721818221,0.2247425185944158,1,interior
0.6450464005821943,0.2078109372771837,1,interior
0.6196142578673414,0.20085387265049973,1,interior
0.6033501650087777,0.21993001625650727,1,interior
0.6948045233484754,0.32823978781829,1,interior
0.5985918930558315,0.22629878953236263,1,interior
0.5847129002998717,0.22683016821442198,1,interior
0.5684046394318015,0.23779621799423722,1,interior
0.7000070670473024,0.23732338556689656,1,interior
0.6884055842673557,0.21920958265745719,1,interior
0.7012707250617033,0.2443492441188897,1,interior
0.5531968763953931,0.2727235006395022,1,interior
0.5756983238618208,0.32793084402663913,1,interior
0.5598722437291728,0.3096824922005578,1,interior
0.7160441231967413,0.2897389588338387,1,interior
0.5628302555687448,0.32424869048756727,1,interior
0.7165657694949151,0.29571609111770997,1,interior
0.7095374122951706,0.30644961139372634,1,interior
0.7159928122692413,0.2921591595695869,1,interior
0.5569028075656492,0.2950209467546427,1,interior
0.5618435770440522,0.2621659069305762,1,interior
0.6752148412143008,0.337810874175135,1,interior
0.5601776190280762,0.3175079482446464,1,interior
0.565896008584594,0.24314969778862197,1,interior
0.6611528443404249,0.3358416490429276,1,interior
0.715379051321129,0.28809435442584436,1,interior
0.5616529967842618,0.2651639408406507,1,interior
0.5694974020892365,0.24059665124822685,1,interior
0.6091633130129748,0.21036070460417716,1,interior
0.6749527939699561,0.21229828647179091,1,interior
0.6577967136219571,0.33772624730073036,1,interior
0.6907002448503449,0.23198452856369672,1,interior
0.7123114537109976,0.2493454008684555,1,interior
0.7167923913396038,0.2755308937966486,1,interior
0.680591042484957,0.2114527951153593,1,interior
0.5561416571096709,0.28564442823149067,1,interior
0.6014747976943828,0.2223555385400369,1,interior
0.6652351601687427,0.2132360803197742,1,interior
0.5921690390879921,0.34260546739769365,1,interior
0.6901303791479889,0.2199861200665518,1,interior
0.7018172717895538,0.31509672391284416,1,interior
0.7181914614474173,0.2741928784563461,1,interior
0.6121889001605473,0.20700003675598028,1,interior
0.6705470038815704,0.21197301924798376,1,interior
0.6894367427144489,0.32414656216210264,1,interior
0.5891739364279022,0.3424332764905482,1,interior
0.6904173537490988,0.2342565709481836,1,interior
0.6464395771181403,0.20457305154212627,1,interior
0.6791046047501164,0.21268049689323476,1,interior
0.5542342762548587,0.2974699369218865,1,interior
0.5787131360544859,0.23068226249524051,1,interior
0.6042603531214185,0.2176218089640336,1,interior
0.5893921742680279,0.3359969367012918,1,interior
0.6725972843521608,0.3371640035165942,1,interior
0.7165792872008616,0.2710973475942705,1,interior
0.6767642429496828,0.33901039996224747,1,interior
0.5709643272210132,0.3302893932344117,1,interior
0.6906655663173186,0.22635813311598885,1,interior
0.6699308942161822,0.3325479096675869,1,interior
0.5981944666229148,0.22397848246577465,1,interior
0.7157944002576198,0.26596937435367335,1,interior
0.5732802568102098,0.3267567271473254,1,interior
0.5946979890304291,0.2233570493973442,1,interior
0.7190075419209692,0.2699147356484578,1,interior
0.6612396803925215,0.3378049135784355,1,interior
0.6789214061782635,0.2148279660716876,1,interior
0.6772432959508649,0.21303122947224165,1,interior
0.7173818204338382,0.28735151835515943,1,interior
0.5585843463936775,0.2957584265566611,1,interior
0.6442120851154342,0.20373448679592415,1,interior
0.5846157896096982,0.3205224924362273,1,interior
0.6993416300893758,0.24911658479344326,1,interior
0.6992868170911565,0.3178163133992839,1,interior
0.565507897981479,0.252750294873277,1,interior
0.56159225793471,0.27368039483484413,1,interior
0.6466382167312832,0.20624902011687854,1,interior
0.7142350990760825,0.26173960598042795,1,interior
0.7179129282384534,0.2980737097493373,1,interior
0.6349616263736719,0.20153479655136017,1,interior
0.5846224103476753,0.32641344755065654,1,interior
0.5583304107090133,0.31082578033737207,1,interior
0.5570342301801295,0.26935828899195147,1,interior
0.7143385101195614,0.284099471411446,1,interior
0.5633576805903059,0.26479428044232883,1,interior
0.6954040419062826,0.3298314954462413,1,interior
0.7160837036494535,0.2974969403462164,1,interior
0.7127552191330513,0.25502841796251735,1,interior
0.5545547568402981,0.2909766543501586,1,interior
0.7180276759730841,0.293776634918299,1,interior
0.5566490916519614,0.31041077756717617,1,interior
0.6573503074398629,0.2145923711388443,1,interior
0.7180740338824012,0.28917163849826344,1,interior
0.5968626216290729,0.23008438799129857,1,interior
0.6560071832732945,0.2130712612059937,1,interior
0.6493854667764236,0.2072857169768454,1,interior
0.681195024167752,0.33761353619403295,1,interior
0.7051637390396248,0.250159033949068,1,interior
0.6736101682928687,0.33602082027811025,1,interior
0.7100028608233143,0.2478175993574028,1,interior
0.568951401612962,0.3301118918579806,1,interior
0.565158889056903,0.25032023739013526,1,interior
0.7098156507839634,0.3098795696980978,1,interior
0.7090513531444836,0.3038530397921928,1,interior
0.6585728066012229,0.3410609063786793,1,interior
0.5630240810283822,0.25248842376995784,1,interior
0.7116513318254098,0.30365376132943467,1,interior
0.7161929556304868,0.27382334566888317,1,interior
0.6663791959557717,0.3345998576264233,1,interior
0.6689949116112358,0.21381248479090628,1,interior
0.6816733302389636,0.3394551782006909,1,interior
0.5996999495837362,0.2278626063436228,1,interior
0.6472477077982326,0.21234289812271884,1,interior
0.5573416460236998,0.29313993826630946,1,interior
0.6477583111406185,0.2080084462646885,1,interior
0.6703191804861045,0.33905749902783666,1,interior
0.6739594342897753,0.3389807527139284,1,interior
0.7209413630717649,0.28975900848318625,1,interior
0.5929730731924089,0.22498621532456953,1,interior
0.5634721700343304,0.25084381554906765,1,interior
0.5491148484539282,0.2830962743519432,1,interior
0.7147960768375866,0.30088718270221865,1,interior
0.7189870549171161,0.2772516893486216,1,interior
0.6426122983946349,0.2036599029796797,1,interior
0.6934390815904954,0.3302873090279796,1,interior
0.5601974749604305,0.31912055010929713,1,interior
0.7132204324081991,0.30242474486339044,1,interior
0.5836610200558102,0.3284687251004536,1,interior
0.6834859112467327,0.21283534545581514,1,interior
0.5638346172120209,0.25388181427790435,1,interior
0.7200853195246373,0.2985844237060714,1,interior
0.5806227154238967,0.32940685990807933,1,interior
0.6957340023435947,0.23862426284496546,1,interior
0.6161438484908444,0.20153837453771523,1,interior
0.5546355983223547,0.2860082415471348,1,interior
0.5558381174992433,0.3003280473690681,1,interior
0.5730124918361572,0.2575777484029313,1,interior
0.5640675797670764,0.2738526573911497,1,interior
0.648603086074533,0.20541516430307585,1,interior
0.701141054502585,0.2485479131612907,1,interior
0.6557491143441708,0.3421307062572341,1,interior
0.7045111505967341,0.24874580952543618,1,interior
0.5558058316226074,0.29269318886767876,1,interior
0.5970851779418822,0.22235113014872168,1,interior
0.714983814801376,0.24481508585675807,1,interior
0.6393893563836084,0.20139363602328575,1,interior
0.6539424167438597,0.21311797504475488,1,interior
0.5531314698482794,0.26998648349361454,1,interior
0.6050770504151171,0.21587699026152304,1,interior
0.6883907093933233,0.2221838531056615,1,interior
0.6503916408595173,0.21016234263822117,1,interior
0.5782220097135653,0.330288188897272,1,interior
0.7012001920508902,0.25168359108324134,1,interior
0.7194910285938593,0.2961803820680365,1,interior
0.6929122227621983,0.23082214989933503,1,interior
0.658893466520743,0.21399576738359247,1,interior
0.6136338793744442,0.20544810633522376,1,interior
0.5828279967830621,0.23351907613613193,1,interior
0.6708320273188567,0.33709080549905085,1,interior
0.573958370208845,0.33065193342908344,1,interior
0.5584665044075533,0.2683941093711797,1,interior
0.6688457923878164,0.2098700033077267,1,interior
0.5983546280642065,0.22890002829797496,1,interior
0.6624681044834313,0.21612896768076167,1,interior
0.5674617985163705,0.24359675440337045,1,interior
0.6232238637173033,0.19967506614904051,1,interior
0.5813310547545921,0.3276419490475417,1,interior
0.5842571295237237,0.3358599546120409,1,interior
0.7006033651201156,0.32156906164292903,1,interior
0.5650517929260132,0.3156728521875619,1,interior
0.5754259222863419,0.23856024235042733,1,interior
0.5515929629812534,0.2701157448824156,1,interior
0.6974090146027391,0.3267445290095788,1,interior
0.5671288178482443,0.32788746418029,1,interior
0.5949559802892089,0.22079466624336705,1,interior
0.6351179519386153,0.19921246748571395,1,interior
0.6792617760966596,0.3398724058470149,1,interior
0.6958788481838403,0.32407573728033434,1,interior
0.5819870331143878,0.3305294080441328,1,interior
0.5623105733450074,0.26368473120597563,1,interior
0.6893917630201976,0.3276853372864925,1,interior
0.5799119253181964,0.33130149125984437,1,interior
0.5509403921458121,0.27170426216150423,1,interior
0.7080035103051606,0.24639685539790043,1,interior
0.7119817800966968,0.2528158348694714,1,interior
0.6619382281285252,0.21278288134362006,1,interior
0.5579199607704164,0.3044130022757225,1,interior
0.5560014947280422,0.3069081061516227,1,interior
0.5751245971578147,0.23441758346602085,1,interior
0.557910915664929,0.3082182408066408,1,interior
0.5630438154478867,0.24936509806177257,1,interior
0.6873188906238552,0.2156673460022508,1,interior
0.6851871610027611,0.21157306712381085,1,interior
0.5907227513700554,0.34351704099899216,1,interior
0.7151842251471041,0.2581432061950659,1,interior
0.5647083678251007,0.2441486010415227,1,interior
0.5547861307647928,0.2801024871997795,1,interior
0.7170794784969645,0.2624236032693472,1,interior
0.6839570615876437,0.22019427219123305,1,interior
0.633638591512786,0.19792186595373218,1,interior
0.6528215775536137,0.3359722202105863,1,boundary
0.5520464064510054,0.27996474527340093,1,interior
0.6764505409424209,0.2161509120412996,1,interior
0.6599892823144933,0.21214068379001796,1,interior
0.560434157837187,0.2527746752855006,1,interior
0.6535352990671827,0.3398478597656266,1,boundary
0.6216572814530887,0.20000907256752762,1,interior
0.5659086514056776,0.2374018228194608,1,interior
0.6706641610318254,0.21004076976336913,1,interior
0.6994258167683606,0.3196919164671249,1,interior
0.7042886663204725,0.23886612076754726,1,interior
0.5997285236079394,0.22351169641015017,1,interior
0.6541729502079349,0.34248027692558797,1,boundary
0.5771841232141146,0.23352701655619312,1,interior
0.6503339035607537,0.2030506677632278,1,interior
0.6538833369192597,0.21024477787560855,1,interior
0.5510638596431212,0.28812514692023733,1,interior
0.5743600174631,0.3288512961533046,1,interior
0.5683780189511742,0.23574303182555528,1,interior
0.7172877485141862,0.26552505343095584,1,interior
0.6763637935298784,0.2117148782520256,1,interior
0.5701879176177685,0.245124040124186,1,interior
0.6457615917567785,0.20277988905777436,1,interior
0.6721876342135578,0.211375613108672,1,interior
0.5620621177198319,0.2705445372931866,1,interior
0.6607092749459504,0.3420006995161751,1,interior
0.5512119640820773,0.2847498860622784,1,interior
0.5550294144251089,0.26766273074290087,1,interior
0.6984054429536338,0.23510569776762485,1,interior
0.5611196594711007,0.267301439087951,1,interior
0.703461571561694,0.31434482849734474,1,interior
0.6020144177145973,0.21641404287253024,1,interior
0.7205287163626578,0.3010212613886411,1,interior
0.6041555038969244,0.22400070488094379,1,interior
0.6744669540218164,0.21080738828933637,1,interior
0.6870820004314901,0.33453014060309,1,interior
0.5716675034744313,0.23823081541255406,1,interior
0.56260798604512,0.3216415177089947,1,interior
0.699861386547643,0.2474494370690099,1,interior
0.5518467807048306,0.2897346374568265,1,interior
0.5504962079445019,0.28199151856413235,1,interior
0.6628200289663527,0.3396187504333192,1,interior
0.6627910195723288,0.2092691971455862,1,interior
0.6920846509823291,0.33231330940180825,1,interior
0.7147745104881243,0.24860729602170592,1,interior
0.6189810483911283,0.20329994712268107,1,interior
0.6759692612540393,0.2090885833719581,1,interior
0.7069182731787266,0.3100746793539074,1,interior
0.5530620917765583,0.2770468712499231,1,interior
0.5837591606683858,0.225419729126995,1,interior
0.6849490613213925,0.33627440858144236,1,interior
0.573635196857536,0.23288652221607803,1,interior
0.6564943871255755,0.34350895429216993,1,interior
0.7144861417603103,0.279813473767297,1,interior
0.6706392837571068,0.21410514443013653,1,interior
0.6645713475721746,0.2091653407323328,1,interior
0.706801439906974,0.2552214158058567,1,interior
0.5499139874236143,0.2677344724865152,1,interior
0.5827887844499231,0.3346664714289667,1,interior
0.5591082485834798,0.27595631400667797,1,interior
0.7077089416848485,0.2445695774746685,1,interior
0.6609786691351072,0.21456909887469033,1,interior
0.6744990561895029,0.34063674304219493,1,interior
0.617131903298644,0.2027764174434401,1,interior
0.704695535372156,0.29370236352292795,1,interior
0.7185033095065891,0.2757823830215942,1,interior
0.6614996344453361,0.21063239376287032,1,interior
0.6794684396672691,0.20913344450854657,1,interior
0.6925028856201707,0.22623265347006216,1,interior
0.5583248196641885,0.3127375554438368,1,interior
0.5511760810652394,0.27869280059132123,1,interior
0.6860657621717705,0.2165813918997053,1,interior
0.6527028183273103,0.20862334606559169,1,interior
0.5847819415416022,0.337501041105208,1,interior
0.6945798428427332,0.33229632975292084,1,interior
0.5655044589862196,0.23532404972835316,1,interior
0.7166633377475112,0.24496486954511845,1,interior
0.6476717802802774,0.2035832991160128,1,interior
0.5900711738330897,0.2248206792020849,1,interior
0.5766073040478908,0.32925824203578696,1,interior
0.5598100080973989,0.3134667112218179,1,interior
0.7112842636640495,0.2513798540494973,1,interior
0.6440605754137534,0.1998676554414754,1,interior
0.5595584089297203,0.3080527665919912,1,interior
0.5619720100909842,0.25671445068157633,1,interior
0.5931251473115092,0.2222087422483728,1,interior
0.5614299961534673,0.27521443042527505,1,interior
0.658948104546863,0.3441669270540632,1,interior
0.5591710287652634,0.2656649868996657,1,interior
0.6070363794683429,0.2124001587143698,1,interior
0.6923313087438526,0.2280714702639851,1,interior
0.5652847048006551,0.32903469562002885,1,interior
0.7172281240809192,0.279015207984197,1,interior
0.6410193132165791,0.20367645718724248,1,interior
0.6592821827801363,0.20923459060735938,1,interior
0.559715138725391,0.3049795271440205,1,interior
0.6874413452921923,0.21286386509680985,1,interior
0.6521932520881084,0.21083646764780126,1,interior
0.5619488684865815,0.326127667504629,1,interior
0.6617567924038408,0.2077616850532109,1,interior
0.7166586567944758,0.2589760785559798,1,interior
0.5793352787027423,0.23225355735561276,1,interior
0.6610964058964325,0.3449426021796029,1,interior
0.6007516983485017,0.2260397099540168,1,interior
0.5966590962319788,0.2246055500703723,1,interior
0.6725271354065894,0.2094065375488516,1,interior
0.702938175732122,0.23663860883138663,1,interior
0.6974041249371692,0.32327011102236797,1,interior
0.6896860702538028,0.2248230274906829,1,interior
0.7196186131000384,0.2728365204457731,1,interior
0.5612721126071842,0.25125728509080475,1,interior
0.5647970668883489,0.24717727966320466,1,interior
0.6630762716246784,0.342193655106216,1,interior
0.6921075541230757,0.23393572933543802,1,interior
0.6973844068202274,0.3307496143992032,1,interior
0.6073280354735622,0.21074756055980262,1,interior
0.6750801657864989,0.3433025122272122,1,interior
0.5491752113867912,0.27988392160110676,1,interior
0.5618333921821743,0.3196223464092887,1,interior
0.557977428965138,0.2529416415627158,1,interior
0.7192572396442675,0.2790031744297672,1,interior
0.5521796961437718,0.26833091655522784,1,interior
0.6717120920063745,0.32948179451444337,1,interior
0.7058249959816492,0.23970526306638254,1,interior
0.5694745190459459,0.3282119547987837,1,interior
0.6096956303767319,0.20745929474075714,1,interior
0.7017323449501506,0.3177572472537863,1,interior
0.6918981244254584,0.3302979798654928,1,interior
0.6868759048145798,0.3360563347718078,1,interior
0.6971462355957926,0.32865451591216593,1,interior
0.6913284227446571,0.2225658708222378,1,interior
0.6848042379559527,0.33839709480077346,1,interior
0.5599539625796911,0.32114828056790345,1,interior
0.6508464360020422,0.20610567792877435,1,interior
0.7147465953446763,0.3045497039220095,1,interior
0.5617958793406878,0.24356231985262217,1,interior
0.6934892918246779,0.23318967249877415,1,interior
0.61815977533265,0.20158121426272546,1,interior
0.7188389232576493,0.2911450005490911,1,interior
0.5499418420236183,0.2698106870856456,1,interior
0.6902602320222737,0.33407570471244535,1,interior
0.7011768502350986,0.3197259145962295,1,interior
0.5534648554710468,0.2670757167892268,1,interior
0.7209863770916164,0.2764346075642005,1,interior
0.7224058619770904,0.2995313869779921,1,interior
0.5989496497312878,0.22102046605872086,1,interior
0.7189129114484395,0.26151424391990113,1,interior
0.5588554355232795,0.2548656047884067,1,interior
0.5481782316092061,0.28593323817090305,1,interior
0.5760428982302024,0.3313090979948171,1,interior
0.5802750804607952,0.22763053582410042,1,interior
0.7134425536692942,0.25115202296016204,1,interior
0.6366713537140433,0.19958090051616828,1,interior
0.698683381030821,0.3244509074834035,1,interior
0.6087690714919037,0.2156345548798634,1,interior
0.5738128591018723,0.23695130455633395,1,interior
0.5521143548195641,0.2815079184064877,1,interior
0.5544797985161821,0.3034972086889911,1,interior
0.5484740323026032,0.2710542389785817,1,interior
0.5775250682333161,0.33192678839961814,1,interior
0.557501225278061,0.26374741677777935,1,interior
0.7149502339500166,0.25067345633449134,1,interior
0.587990990411235,0.3200806616370579,1,interior
0.6785556032925635,0.21048142726502864,1,interior
0.7049341146773799,0.31223031767895726,1,interior
0.6734657824159871,0.2076378818452644,1,interior
0.7039011461151243,0.31047624996885487,1,interior
0.5562114941623802,0.2710704692608519,1,interior
0.5872750375074476,0.23564934685719574,1,interior
0.6810139551036521,0.2091155565794813,1,interior
0.6280021294806309,0.19941037224031224,1,interior
0.5580351393417571,0.31945189712969957,1,interior
0.6314918517794343,0.19684663854375556,1,interior
0.7195801968250752,0.26687429918122746,1,interior
0.5538436398480051,0.30576442496053413,1,interior
0.7140069372811391,0.24668988153651364,1,interior
0.5601632710126044,0.26284412623414105,1,interior
0.6912837816707048,0.2243806247618536,1,interior
0.7045427427383406,0.24059152016890206,1,interior
0.7183386130743005,0.3014773289136067,1,interior
0.6797461036901176,0.34163458263915847,1,interior
0.5595243592345996,0.2704591760290101,1,interior
0.7159848661363076,0.29923514719190275,1,interior
0.5731363112040855,0.235256061758215,1,interior
0.5630788349275822,0.2470451583321026,1,interior
0.6151362528244192,0.20014241711045785,1,interior
0.7191061722937085,0.2636741099916789,1,interior
0.6121545253553525,0.20380856347385262,1,interior
0.6549440968543961,0.2119235873967551,1,interior
0.7230810061914578,0.2980963369355558,1,interior
0.5595962572375247,0.3152442241030675,1,interior
0.6984941067892819,0.3220707360223471,1,interior
0.7046550626899101,0.24657911774262975,1,interior
0.5514185417629396,0.2770264262712772,1,interior
0.6684184583014401,0.3348895943645691,1,interior
0.7060475149007777,0.313620036559935,1,interior
0.7212389374104659,0.2667522826571627,1,interior
0.7157502840676111,0.24722782894042689,1,interior
0.6923074328292973,0.33405235038930364,1,interior
0.6779030797828661,0.20854116076641752,1,interior
0.6654616123973645,0.3396139757403095,1,interior
0.6987400875331462,0.3285791884572355,1,interior
0.7203347026900003,0.2708671824630031,1,interior
0.571936093657842,0.2324821767460623,1,interior
0.5814255665898046,0.3332448474381873,1,interior
0.683288907643267,0.21027897637378581,1,interior
0.7074165417684332,0.31225944824697804,1,interior
0.6937904422614982,0.2244247415982545,1,interior
0.7167579020460836,0.2571907691559699,1,interior
0.5907658960980425,0.22189864995219571,1,interior
0.721902215627598,0.2951051198544875,1,interior
0.5700966338167053,0.23389759162119766,1,interior
0.6226672344308499,0.20305718743804835,1,interior
0.6926495710154678,0.33705797996477643,1,interior
0.5652397486390484,0.2412888973261312,1,interior
0.662406171762178,0.34372618278937855,1,interior
0.6297836738162874,0.19610451475310936,1,interior
0.703583188870546,0.31667789266113383,1,interior
0.6583040941684063,0.21213864129532206,1,interior
0.7054137274352233,0.23738939643411083,1,interior
0.550952262055769,0.2915755913133226,1,interior
0.7000806463582813,0.32651054067688107,1,interior
0.6449775726117994,0.20122873353162746,1,interior
0.7206488428457444,0.29334800767707325,1,interior
0.5510020184330091,0.2659125525397817,1,interior
0.6961723568528716,0.33318441377126434,1,interior
0.5609161565723093,0.26905049938475195,1,interior
0.5573877780397968,0.2657079378504972,1,interior
0.5634259379392424,0.23656915245123658,1,interior
0.6686941285677318,0.33781590227254754,1,interior
0.6588274462619247,0.21560174986280178,1,interior
0.5864647471864445,0.33540887090873583,1,interior
0.5913596657834364,0.22391560509454292,1,interior
0.7228805291897842,0.26611453182266187,1,interior
0.5577915851139603,0.2729271708477987,1,interior
0.7196853330366617,0.28875590078935776,1,interior
0.6849334389922802,0.2091132150627564,1,interior
0.6471339052476434,0.20178435342287207,1,interior
0.560165919912863,0.274245024841892,1,interior
0.58325855698403,0.33703739996159604,1,interior
0.710034940707119,0.3137191015602886,1,interior
0.7125330848978856,0.3007648072581339,1,interior
0.5568210009314389,0.3182578342085978,1,interior
0.6166127495811489,0.19799916109339413,1,interior
0.5467771419795346,0.27298265839322544,1,interior
0.7087247339133541,0.31127747916245574,1,interior
0.5614877950744199,0.2604110225234448,1,interior
0.7196392012421703,0.28702517193626853,1,interior
0.6864993890200616,0.2213829549531816,1,interior
0.6943190122992707,0.22677191549254297,1,interior
0.7181408204483006,0.2600375969384618,1,interior
0.5592660449740441,0.323176404403449,1,interior
0.7150183436420603,0.27821508538190526,1,interior
0.5495034585400764,0.2775040738850313,1,interior
0.6837100125256221,0.34146387551974766,1,interior
0.5699558992137213,0.3329297492963636,1,interior
0.5806420043018999,0.23415598878313718,1,interior
0.5795692656141922,0.3343088162783434,1,interior
0.718926684838841,0.27146577404333144,1,interior
0.6086003456512328,0.20860764334053777,1,interior
0.5610553140124921,0.3230284744285457,1,interior
0.705452110118338,0.24200888221121,1,interior
0.6779918126553156,0.3408452902257952,1,interior
0.5863366937518893,0.33751778336032995,1,interior
0.5801655779342596,0.3360005471537948,1,interior
0.6716401477933238,0.33986095883974327,1,interior
0.7128370889043175,0.304804779849455,1,interior
0.6956768829106348,0.234753635496123,1,interior
0.5711164335275479,0.2364528617095963,1,interior
0.6301707577460888,0.19388327071204833,1,interior
0.7238683855792442,0.2999720074758751,1,interior
0.5480995891880636,0.28109825137760397,1,interior
0.5633278018462343,0.24502437425331824,1,interior
0.7048327171354836,0.24390677418402026,1,interior
0.6766681858660357,0.3372884832445064,1,interior
0.5820893929269267,0.3289744544900226,1,interior
0.7173039938354373,0.3000750325577918,1,interior
0.6765446275030115,0.20733199344442443,1,interior
0.5501218902850994,0.27602525495625096,1,interior
0.7156794237517426,0.3025644611175645,1,interior
0.5474803919004803,0.26908577997248145,1,interior
0.7079319717940898,0.2417946761427907,1,interior
0.7070319007806213,0.23560003140068028,1,interior
0.6880362630763897,0.21701462750888928,1,interior
0.7175418396754549,0.24839122942969852,1,interior
0.6905503382823222,0.2166892314371562,1,interior
0.7054661601760442,0.3093244371171395,1,interior
0.5592639565967967,0.24434017946655076,1,interior
0.6635856314659977,0.20796810986988568,1,interior
0.6563149925185162,0.34555056436258336,1,interior
0.7202053577209654,0.274399271717657,1,interior
0.5457447592052884,0.2697250145703028,1,interior
0.7119081453027659,0.30627145352001856,1,interior
0.5544147549185408,0.2657617183564831,1,interior
0.6872411835876768,0.33766066912524795,1,interior
0.7045004913037193,0.2359847999695671,1,interior
0.6111277907951678,0.20126297397527396,1,interior
0.6834441837670214,0.3399622309463544,1,interior
0.7088941787496906,0.24355063944329175,1,interior
0.550591829711454,0.2866622926079341,1,interior
0.7076693436303066,0.2390744611806045,1,interior
0.6886355790238751,0.33079084149237714,1,interior
0.7217435774588976,0.2911032484782938,1,interior
0.5747850599883647,0.326538062695985,1,interior
0.5565574147946318,0.3220558660507145,1,interior
0.5620034246300109,0.25502741168010523,1,interior
0.5684338012840403,0.233696161954282,1,interior
0.6963610191389856,0.22886516161515208,1,interior
0.5769925693546537,0.3270098674752918,1,interior
0.7211717079952012,0.2787166800380761,1,interior
0.7164146103368604,0.24941375961410034,1,interior
0.6023031435578107,0.22505809913194685,1,interior
0.5636277317789872,0.3260775574154299,1,interior
0.5608388701042761,0.32507625501129134,1,interior
0.7207375095628283,0.2606262832209169,1,interior
0.6171618898202801,0.2003352416399233,1,interior
0.6656118618808715,0.21105212978942417,1,interior
0.5683145618767098,0.33173253010959347,1,interior
0.5885484093210942,0.22603204460844967,1,interior
0.5873007719776209,0.2242675586305246,1,interior
0.7151274134249358,0.2541818586128344,1,interior
0.7201000593548761,0.2478623514551873,1,interior
0.583799875734823,0.3303660500058941,1,interior
0.7197995639671605,0.2591307550725584,1,interior
0.6656833643325765,0.34263279519116546,1,interior
0.5792149122293103,0.22913142131266606,1,interior
0.6945148060009475,0.22890515654956625,1,interior
0.6997368226260465,0.3299943626427667,1,interior
0.7029422902775374,0.3199551848806321,1,interior
0.640773748213539,0.20058008951088985,1,interior
0.5654827298052083,0.2456428854094765,1,interior
0.5886482116635436,0.3456135094249206,1,boundary
0.7047273818872942,0.3156149085743544,1,interior
0.6832794921936263,0.3384284098084274,1,interior
0.6816656765159004,0.34127838649539455,1,interior
0.6949762699682562,0.2327388482502586,1,interior
0.6639230456184539,0.3442051129808081,1,interior
0.6016597210364174,0.22065092740600403,1,interior
0.7224831438728506,0.2641615075061423,1,interior
0.5484761501822526,0.27402616520039075,1,interior
0.6569486811139472,0.21132236804222915,1,interior
0.6999095345994193,0.2355747500691735,1,interior
0.6901813412820926,0.21839276522476347,1,interior
0.5756113882739838,0.23168387133254484,1,interior
0.7168407465715293,0.2816936216106316,1,interior
0.6926690622919739,0.22070162638410842,1,interior
0.6890243830668451,0.215066487412825,1,interior
0.65137957834878,0.20141767879421993,1,interior
0.6127798696935656,0.2002604811284077,1,interior
0.6329677882367694,0.1927822978562207,1,interior
0.6816061944766522,0.2075114470849796,1,interior
0.5662006440764321,0.23394516161362078,1,interior
0.6027851437521367,0.21841603948544225,1,interior
0.6003942333476884,0.21871614671757075,1,interior
0.7175647111062974,0.2639156116285462,1,interior
0.692140604362042,0.21788845121470207,1,interior
0.6876008864040639,0.20942668313205048,1,interior
0.6330631846092615,0.19449902711363462,1,interior
0.5570372166352223,0.2678316357961761,1,interior
0.6085252800590393,0.2137115157433687,1,interior
0.5513624973863713,0.2749694130036709,1,interior
0.7229761062473483,0.3015343555723026,1,interior
0.677656147658537,0.20618885907969847,1,interior
0.5581696736300602,0.2622721515620481,1,interior
0.5545221311957971,0.2991460040603565,1,interior
0.7078335022396249,0.23275583420132176,1,interior
0.714091101015894,0.25267516437600457,1,interior
0.7004201389587253,0.23360504994215844,1,interior
0.6962078212058168,0.23179300135824188,1,interior
0.7137776295286932,0.30661624788295516,1,interior
0.6382463560198192,0.1989085352071961,1,interior
0.5561433687623595,0.3088884736710188,1,interior
0.6568780545932968,0.34082035996162907,1,interior
0.6284413787195197,0.19705902719655463,1,interior
0.647192306621569,0.20024992991732715,1,interior
0.6944319708644027,0.23097936302091138,1,interior
0.6376835606734175,0.19705044558885437,1,interior
0.5661607754308734,0.33085044491677223,1,interior
0.6860915758820765,0.34063752071434666,1,interior
0.6509926559214334,0.208048854721842,1,interior
0.7099275892843618,0.24015505832122153,1,interior
0.6757671285972552,0.3459862776783344,1,interior
0.5677872955012582,0.33354944776399204,1,interior
0.5695897053859065,0.23678306662337195,1,interior
0.5880865227909728,0.22240996919428951,1,interior
0.5612022741010047,0.29196268773532397,1,interior
0.5965980925129308,0.21879794832635688,1,interior
0.6972790800452877,0.23351178162603983,1,interior
0.5644610171699065,0.2338029016504645,1,interior
0.6209349905264672,0.20332975893685395,1,interior
0.7078916016033511,0.3139409628433213,1,interior
0.667168128164003,0.3393643533134734,1,interior
0.5714830527416221,0.2348399128969959,1,interior
0.7236107346750518,0.2899914060657183,1,interior
0.560860399124548,0.2453380527785551,1,interior
0.5493913700909736,0.28993258176503267,1,interior
0.5585008348170865,0.3175304436563442,1,interior
0.6830425463982641,0.34381490995921304,1,interior
0.5890334332892833,0.34398154119659996,1,interior
0.5810633235892854,0.22594743718251392,1,interior
0.5509235152934739,0.2732576981527303,1,interior
0.6892163819693891,0.33567592221926873,1,interior
0.721407797155542,0.29750641371978126,1,interior
0.5539129335051804,0.2952691157183622,1,interior
0.5549894782602578,0.32337715118925175,1,interior
0.5632653567365896,0.24184300610134804,1,interior
0.6672361448284989,0.21053587173194815,1,interior
0.7021456988925672,0.31357724967514755,1,interior
0.5653087472212786,0.2389545779096881,1,interior
0.6761379949367695,0.3416104223136387,1,interior
0.5637222033384401,0.2401540471563949,1,interior
0.6607218772971004,0.20601245181199127,1,interior
0.7187595986931278,0.25054176856669697,1,interior
0.6556611078673447,0.21463471378166765,1,interior
0.6929419321970967,0.2228005196356766,1,interior
0.5673492618444601,0.3296904047529109,1,interior
0.7218762686955543,0.2744454549778162,1,interior
0.7181633313112548,0.2467301138953825,1,interior
0.6594509180850688,0.34671407184790104,1,interior
0.7101556558905626,0.24206969125589403,1,interior
0.5610388080363836,0.27199061751784015,1,interior
0.5967370284494061,0.22057948074672648,1,interior
0.5544799160270738,0.29383868001359664,1,interior
0.7009011528415,0.32445082565740485,1,interior
0.6676355590049929,0.20880345637122993,1,interior
0.655981969968136,0.2101342926912436,1,interior
0.7234626966114904,0.27401006276265094,1,interior
0.5603048874600146,0.25610888089464146,1,interior
0.6811292143289193,0.34277994602729334,1,interior
0.7195304057731436,0.2574118145762688,1,interior
0.5697607916960445,0.3347364953959798,1,interior
0.657958858577501,0.34251514894409685,1,interior
0.7130297558695338,0.24169791828088097,1,interior
0.5591429491820611,0.3269414081611852,1,interior
0.5904412239070839,0.34532705253747153,1,boundary
0.5611474151648043,0.2493892833502072,1,interior
0.6368537008804649,0.19483954210194757,1,interior
0.6767769425856586,0.3434673319583931,1,interior
0.6795962021057261,0.2231910496790785,1,interior
0.6692702318935804,0.20718571563304033,1,interior
0.5661599693127108,0.3328150344576062,1,interior
0.7092386887522567,0.23876316362372466,1,interior
0.7096504094509404,0.2338887829139165,1,interior
0.5636178563011942,0.32862296388394924,1,interior
0.5547423034487553,0.32114583235420885,1,interior
0.6042174424492839,0.2131681165377039,1,interior
0.556131814302223,0.30224039399918506,1,interior
0.6335285378481088,0.19609322348808475,1,interior
0.6626009546975323,0.20574383312362512,1,interior
0.7115469268872455,0.24096803709821255,1,interior
0.5859397616234188,0.33970852488799147,1,interior
0.7122432924235825,0.23848569286079224,1,interior
0.6527687259697982,0.20698860496856183,1,interior
0.5575990901965665,0.3162653766648738,1,interior
0.5558259906114807,0.26316798456232326,1,interior
0.5907004759366924,0.2197516266700583,1,interior
0.6186448336958845,0.19760178377068907,1,interior
0.6981579042468512,0.22763239891612783,1,interior
0.5605430615486552,0.24186951243048677,1,interior
0.5619522768821685,0.24060291555694258,1,interior
0.5843012755933338,0.338944247823011,1,interior
0.6984101834754582,0.33252225997857693,1,interior
0.6921255843315768,0.21558729173990007,1,interior
0.6753422217136222,0.34768054034938956,1,interior
0.6670325607844093,0.34495992992989827,1,interior
0.6582055229068867,0.20718121401079995,1,interior
0.5919612905643759,0.21861748770189726,1,interior
0.6401486435992993,0.1988636902300798,1,interior
0.598327237901876,0.2173265664286075,1,interior
0.5525539700503281,0.29822516891263595,1,interior
0.558812858194009,0.2570226978761183,1,interior
0.6715122895191364,0.20814987000582702,1,interior
0.5863983034142105,0.222791673953019,1,interior
0.713252853537598,0.23571907606235978,1,interior
0.6488472084936827,0.20255963481036607,1,interior
0.553867461309289,0.32467087562382796,1,interior
0.6567029696618272,0.20489894590869187,1,interior
0.6730652137293808,0.3420216745884747,1,interior
0.6893899425004655,0.3378683955940611,1,interior
0.6546397777294447,0.34401039719496856,1,boundary
0.5568744532015176,0.3119997342122235,1,interior
0.5583676788974044,0.25887399437993797,1,interior
0.5563896848136459,0.3253271178123317,1,interior
0.6751974129432967,0.205859873874182,1,interior
0.680345043792562,0.34517479049282773,1,interior
0.7252016970717875,0.30209947653144886,1,interior
0.7129319999744771,0.3138210072105698,1,interior
0.7056832249410105,0.2317514107873164,1,interior
0.7180306266233374,0.25817111732975845,1,interior
0.6982556646723124,0.23182968557576958,1,interior
0.6026213391630293,0.22345079001688814,1,interior
0.5721129005386958,0.3338103443940028,1,interior
0.5593257075423839,0.2604409613084724,1,interior
0.7025085873856196,0.23483337221188597,1,interior
0.6314343404649397,0.19245855051211117,1,interior
0.6091306670071956,0.20263554646421889,1,interior
0.563623172633423,0.23821813807531617,1,interior
0.5717097400064665,0.32708613529433,1,interior
0.7120593086885159,0.31099979163939767,1,interior
0.6820724009317648,0.3455688170048292,1,interior
0.7058292358105908,0.23419030907431157,1,interior
0.7246507339853618,0.29606774410446723,1,interior
0.5545609194378042,0.3074485250187129,1,interior
0.5984460441429781,0.21912512609422796,1,interior
0.5844263243671471,0.22063336079516763,1,interior
0.7212848965891705,0.2685132706266842,1,interior
0.7162700076662308,0.25533196074810754,1,interior
0.6250308283058305,0.19807291840142088,1,interior
0.6202217591154848,0.19935929071572628,1,interior
0.622893741489725,0.1975312279929852,1,interior
0.6664060300710553,0.3410805448358178,1,interior
0.620481294467437,0.19711565337492654,1,interior
0.6951656951345349,0.2231263925551913,1,interior
0.6797349357491511,0.3467188529524417,1,interior
0.5891663975702529,0.2186934942361973,1,interior
0.6718085995725599,0.3447469059779034,1,interior
0.7229299724887286,0.29633591389033703,1,interior
0.6791938580548054,0.2059097037837302,1,interior
0.7186792049664241,0.28168732300806254,1,interior
0.5777592982729102,0.3336692784179591,1,interior
0.6696878125039156,0.3410554550466708,1,interior
0.7213009391474154,0.26230863266453497,1,interior
0.7225996589546965,0.2700640215702995,1,interior
0.5691443974108108,0.231391420361054,1,interior
0.6594623481665434,0.2042512704152562,1,interior
0.5626708706418173,0.30111547030999297,1,interior
0.6900501697170218,0.21135920083679544,1,interior
0.552834673681785,0.27551991482226024,1,interior
0.5923131849199275,0.22085466429021577,1,interior
0.7072354184083484,0.23755454807557477,1,interior
0.6795022551484661,0.34323406096271025,1,interior
0.605473245066132,0.2108680739492231,1,interior
0.7198377953598184,0.2650253206486395,1,interior
0.7136074922849274,0.24014937013677362,1,interior
0.7036277566313528,0.31827681093694826,1,interior
0.6913074580549454,0.21417346515587055,1,interior
0.6585335189353844,0.21057671798303076,1,interior
0.6529322366685617,0.2021035201081719,1,interior
0.5540066952206355,0.30067397111713146,1,interior
0.5810632509088803,0.22440864382426498,1,interior
0.56610478981958,0.2315433832823146,1,interior
0.6909225718991497,0.3354879228864945,1,interior
0.5512386210002054,0.2965613899017926,1,interior
0.6806549066207103,0.34850208982687375,1,interior
0.6996432717583002,0.2279638059398445,1,interior
0.6286895580693443,0.19504825497064687,1,interior
0.6266106925360612,0.19868918221127857,1,interior
0.555539509776347,0.2614506477924263,1,interior
0.7103424964891298,0.23765399011237157,1,interior
0.5581339517353491,0.32128280498090955,1,interior
0.6256900506380071,0.19607856872931365,1,interior
0.7150324814465774,0.23858530982791443,1,interior
0.7173741527424438,0.2520808287310889,1,interior
0.6551117168077136,0.20755166837889932,1,interior
0.6678447865434042,0.2055889926756504,1,interior
0.5475452087731574,0.27732436874945965,1,interior
0.6713222217664151,0.34173605453084954,1,interior
0.5869390823524675,0.3409995723766798,1,interior
0.5773980128608026,0.2317739115464118,1,interior
0.6428584729322192,0.19873000866519058,1,interior
0.7186769615239205,0.2560649061694907,1,interior
0.6566483701512023,0.3478306712164666,1,interior
0.550809845641264,0.2988330620375704,1,interior
0.5784862021352147,0.2255783543755986,1,interior
0.7172405530579721,0.2841217871381227,1,interior
0.6077177949573366,0.20109913299121743,1,interior
0.7226358293436842,0.2759138907324043,1,interior
0.6740238263153672,0.34615606278341776,1,interior
0.710793539035087,0.30838676975453044,1,interior
0.7230447432488823,0.27866987193963044,1,interior
0.656787148544177,0.20835612294652076,1,interior
0.6995857398404886,0.22601310172550512,1,interior
0.6855610779540897,0.3425079299373714,1,interior
0.6632430031695876,0.3463373244489015,1,interior
0.7125065480242931,0.3080464055115636,1,interior
0.7218888100853177,0.2812207175285994,1,interior
0.5674736103907116,0.23246448683239945,1,interior
0.6679257114085695,0.34365339430646774,1,interior
0.5568471124480359,0.26048280870084106,1,interior
0.7158498742063172,0.25192531094451975,1,interior
0.7234539898088299,0.2616874667770191,1,interior
0.5614668654490874,0.23873930714276514,1,interior
0.5599565478461721,0.24031470861784648,1,interior
0.7021900006378434,0.32620209845279485,1,interior
0.6300340739161169,0.19165412195073384,1,interior
0.6272219287252776,0.19314716560509576,1,interior
0.5688253008198283,0.22980718197284838,1,interior
0.5840387985282933,0.3411989672676804,1,interior
0.719704250957725,0.28404110061898363,1,interior
0.689680613167789,0.21291022629233716,1,interior
0.6857346138393253,0.21306722749328824,1,interior
0.7099231264870943,0.23611350352775537,1,interior
0.609729043729123,0.19882213200130955,1,interior
0.7213510964567973,0.2722648673119389,1,interior
0.5603806441285567,0.24705026289887286,1,interior
0.7188435714814085,0.2528109417516928,1,interior
0.6825386317154812,0.3475704443265726,1,interior
0.5517897978486354,0.304365571503069,1,interior
0.5527576323112987,0.3072485169431728,1,interior
0.5581743455847282,0.32440483396496606,1,interior
0.6611221449820927,0.347844308881169,1,interior
0.7207735376486263,0.25617391417999313,1,interior
0.6688018459710451,0.3393474727565094,1,interior
0.7081000057355779,0.231216810674552,1,interior
0.5464200275142256,0.267528269369404,1,interior
0.5617477913698137,0.32848564482117804,1,interior
0.7146404740113287,0.24163055012646337,1,interior
0.5674511586082597,0.33522401329695434,1,interior
0.7215266027430574,0.2585850830886328,1,interior
0.5511411081384724,0.30155245232046096,1,interior
0.5940426631455739,0.21945610162598822,1,interior
0.7036015652701536,0.32513172185352296,1,interior
0.5773065863089033,0.2293278653066209,1,interior
0.6911754715344445,0.33825457549409516,1,interior
0.7219270459743693,0.2871197647536379,1,interior
0.6414171869013418,0.19798346709500628,1,interior
0.6218954839253678,0.19501479536852287,1,interior
0.5530401910216267,0.3099268718011617,1,interior
0.5493647784549949,0.27229826591383094,1,interior
0.5575356609912628,0.24514368637376474,1,interior
0.5565921083946065,0.25213737104853273,1,interior
0.670234735809064,0.34449634246058175,1,interior
0.6821431521842503,0.21143444271072206,1,interior
0.5866629135449068,0.34675695165184284,1,boundary
0.7224812650174337,0.25994008048846257,1,interior
0.5565194192232017,0.3202605328080373,1,interior
0.6181582576486424,0.19587477289199287,1,interior
0.5596492834002117,0.23873384010105822,1,interior
0.5461282273096807,0.2752977820105593,1,interior
0.5791735389321531,0.2232732428538243,1,interior
0.6547647670660589,0.3458807935006985,1,boundary
0.5860950983049751,0.22562741394304495,1,interior
0.5442451001423421,0.2717634073208637,1,interior
0.6649944233595311,0.34695568946382316,1,interior
0.557833583886285,0.2429381815642938,1,interior
0.5548997656698061,0.250859617718087,1,interior
0.7018489626995229,0.22960560675277822,1,interior
0.5507058580612441,0.3060361465162523,1,interior
0.5641613173548152,0.3306723283879384,1,interior
0.6547143755757268,0.3479605648641899,1,boundary
0.5858560026244523,0.3448667603865311,1,interior
0.7072309844490119,0.3153697431593185,1,interior
0.5891618159919334,0.22130266667456408,1,interior
0.6271933127799502,0.19539118637235908,1,interior
0.7240477349366069,0.2633652647030005,1,interior
0.714274545326836,0.30812589363139825,1,interior
0.5707570221779685,0.22882156846410234,1,interior
0.5874766664400395,0.34343843287100645,1,interior
0.558308985573528,0.31429688208130624,1,interior
0.5581507865945812,0.250294134767213,1,interior
0.700594584316724,0.3281984098212295,1,interior
0.5437267973359812,0.2743333498316557,1,interior
0.5742954506395407,0.23092000684362748,1,interior
0.568691563737333,0.3371994678276695,1,interior
0.6355393765381852,0.19333747616368144,1,interior
0.5619790396962008,0.33051775671757283,1,interior
0.70846956889774,0.31671681719520617,1,interior
0.5485783791047429,0.2762056533461602,1,interior
0.7002275763862043,0.23137908527062853,1,interior
0.6158587357312998,0.19596099287879967,1,interior
0.6501482222712914,0.20047964177115235,1,interior
0.6999972094031853,0.3230545119995851,1,interior
0.5725698946326199,0.3323350702454232,1,interior
0.5503452199779292,0.2944096207864394,1,interior
0.724882456814516,0.29879779478560703,1,interior
0.5439706874472345,0.2673660568572798,1,interior
0.6936256158931006,0.3383301028811757,1,interior
0.5717895532266372,0.2260005892099891,1,interior
0.6661056195900823,0.3497130644974933,1,interior
0.5959270101490264,0.21690745415010562,1,interior
0.7131553427105741,0.2698870200711984,1,interior
0.5603235966137179,0.3307958196236239,1,interior
0.6555357114233018,0.2059987946707001,1,interior
0.5742510115700377,0.33310924530903235,1,interior
0.7223442518095392,0.288586138852117,1,interior
0.5804144519310389,0.33835993016350296,1,interior
0.5708906431920231,0.22418726260745536,1,interior
0.7158468984583134,0.30726626026239906,1,interior
0.7058392291345343,0.3171850290563899,1,interior
0.7104803563546646,0.3120501116493546,1,interior
0.5649843021499193,0.33564470127434975,1,interior
0.7215739812141614,0.24856159561188312,1,interior
0.6108086730318977,0.2062056155326578,1,interior
0.5665036297377793,0.3376761837031154,1,interior
0.6846522059869475,0.3482533516894935,1,interior
0.7247176856053759,0.28878851836871394,1,interior
0.6112454578462795,0.19773919026047318,1,interior
0.6650935087605432,0.2075276479220786,1,interior
0.7252737561413938,0.27009413733120596,1,interior
0.5698117020773903,0.3313933944177484,1,interior
0.6112420079435029,0.19936027247133997,1,interior
0.6235803160393976,0.19535517008654582,1,interior
0.5789047230653358,0.22148810498618654,1,interior
0.5785675916810904,0.33603548514453313,1,interior
0.6570446635334055,0.34989122323331145,1,interior
0.6295771098782057,0.1994298417708902,1,interior
0.5714140766852197,0.33564625119350266,1,interior
0.699675841375167,0.22304909041458465,1,interior
0.6693639469247196,0.34256569909101936,1,interior
0.7016504772676819,0.23228706054378562,1,interior
0.5787101542425147,0.22768282829469644,1,interior
0.6196343743347105,0.19484613676652446,1,interior
0.7231957999286013,0.2556192835944988,1,interior
0.676150357364317,0.3495256004840124,1,interior
0.5596917357386554,0.2503308307556188,1,interior
0.5604742566473272,0.25450564963579375,1,interior
0.6863412920883051,0.3488093177149972,1,interior
0.5824677010483309,0.22365129071998724,1,interior
0.7189180669651822,0.24395763589799593,1,interior
0.6605882685883929,0.20322128258969413,1,interior
0.5466828263966992,0.26500974559649154,1,interior
0.5849414077838123,0.34303425083613176,1,interior
0.5557787105378462,0.314228494998822,1,interior
0.6137074231636317,0.2036784271648861,1,interior
0.7237513231956466,0.26893400737412726,1,interior
0.6954054895599582,0.22137717270963497,1,interior
0.5467429253685023,0.2787410633327477,1,interior
0.7135188245635452,0.2994936592694263,1,interior
0.7109508699520676,0.31496382151516117,1,interior
0.5568545352181272,0.32360886503870284,1,interior
0.5561319134685718,0.2570885462741602,1,interior
0.694841029674363,0.33736871350328,1,interior
0.6578448395343207,0.34689358903255746,1,interior
0.5618397558882553,0.24794348568078978,1,interior
0.7023990372471718,0.2454378807143277,1,interior
0.5555177804900653,0.3170863278877371,1,interior
0.6880277208418102,0.2113655583339452,1,interior
0.7167680404240514,0.24320495844677095,1,interior
0.6985852466606034,0.33421151348408973,1,interior
0.558900946957678,0.24649066220862487,1,interior
0.5581503726377514,0.3319348527311872,1,interior
0.6941053819914198,0.21929841388334376,1,interior
0.6888011951911404,0.3395049469563469,1,interior
0.6922263468879223,0.21213886382890235,1,interior
0.6734547613577189,0.34391184128473523,1,interior
0.7229588542277045,0.28566388587770203,1,interior
0.5529110334823328,0.29222073934570225,1,interior
0.6287211623367426,0.20263433602853076,1,interior
0.7225983090406228,0.29346894518645456,1,interior
0.6089202571357559,0.19682318816721414,1,interior
0.5481640834527762,0.26551357869149383,1,interior
0.5575734169805372,0.32696836111293887,1,interior
0.5450028649880956,0.2770594539101686,1,interior
0.665604399325391,0.34440761707239403,1,interior
0.5995501667127356,0.22506279178969746,1,interior
0.7104673576515689,0.23133534777178785,1,interior
0.6363591760205484,0.19802657817304084,1,interior
0.7084046019439014,0.23629350796408916,1,interior
0.662021082883744,0.20420260287406364,1,interior
0.580853979323772,0.2220613149663312,1,interior
0.6359501762600487,0.1961505258912049,1,interior
0.5937929772219047,0.21774676107251817,1,interior
0.5529611160978456,0.30304758673544435,1,interior
0.6680749289536769,0.2038054807536744,1,interior
0.6837552931451487,0.20666831248544157,1,interior
0.6980828876212472,0.3366168433936826,1,interior
0.5616190924706208,0.23674260997040708,1,interior
0.7114807544022654,0.29957872839915645,1,interior
0.5535181564054917,0.3153590381367607,1,interior
0.5495396881218745,0.29766685408725835,1,interior
0.7238958706677341,0.2804890852959394,1,interior
0.7023756600091005,0.3239886861614652,1,interior
0.5646577491668876,0.332431831606368,1,interior
0.7227082340365059,0.2571064612767342,1,interior
0.5502242180109308,0.3038998464540574,1,interior
0.5574538957928808,0.30080227975536533,1,interior
0.6080450065537298,0.19866892810054046,1,interior
0.7006121810936022,0.3319460528315178,1,interior
0.5669282244188792,0.24131221073961326,1,interior
0.7168342875370609,0.25359936584393344,1,interior
0.5517343542238382,0.3084273493692521,1,interior
0.5645795572336391,0.23200466946026407,1,interior
0.6958139546312888,0.22560719511622532,1,interior
0.6967402663583547,0.22693199686081086,1,interior
0.6186698423702243,0.19912923985958939,1,interior
0.6782996562538914,0.3449395530942894,1,interior
0.7139133830903562,0.3096248608052252,1,interior
0.7180430248643098,0.25458933969766834,1,interior
0.5792156246686849,0.3326942526062382,1,interior
0.701404062880654,0.3295369636328918,1,interior
0.6090645640366199,0.20544928952474364,1,interior
0.559638567084182,0.32911319919780474,1,interior
0.7245856508459954,0.2658463734971756,1,interior
0.5928224390150394,0.21550620558883368,1,interior
0.6144255822003307,0.19851827431006072,1,interior
0.5522915330875517,0.29474274266377193,1,interior
0.7197664293886684,0.3031704323803339,1,interior
0.6978895449205793,0.22426941390298252,1,interior
0.7131170002463035,0.315505081427474,1,interior
0.5621894391575156,0.3324819827578103,1,interior
0.6941727063127913,0.33399979586128553,1,interior
0.703425032310843,0.2324911514914476,1,interior
0.7028318407313084,0.3225165433376346,1,interior
0.6876334806158607,0.34056614726634105,1,interior
0.5874662460257654,0.2177730333077001,1,interior
0.5548351194363232,0.31947889229899784,1,interior
0.7164717584764745,0.30865840963425034,1,interior
0.710787106590769,0.31720310089179876,1,interior
0.6076131242189813,0.19568380263961185,1,interior
0.5561030579246568,0.24053857729318284,1,interior
0.7204205263935228,0.28030260643806076,1,interior
0.5482437044254207,0.2676305796921222,1,interior
0.5949713929440434,0.21434329716463724,1,interior
0.6600708157068774,0.20789468658915586,1,interior
0.6391968880491176,0.19543009460550476,1,interior
0.6975365894235646,0.22255685570387015,1,interior
0.7267618099863813,0.30212809699795556,1,interior
0.5708428064330133,0.2303692040252424,1,interior
0.6381812064259221,0.19353122083275637,1,interior
0.6061297047291926,0.20615451331959725,1,interior
0.5568377280953365,0.25871802866406607,1,interior
0.6787056502257783,0.34872666138304464,1,interior
0.6984145522947368,0.2292448598870328,1,interior
0.5542235099553153,0.253218118125998,1,interior
0.668872396479289,0.3452560592729114,1,interior
0.711994487051357,0.23026495240173572,1,interior
0.5534706969767712,0.26184946976191187,1,interior
0.5554978903601124,0.2595608386318928,1,interior
0.5545523941564837,0.31135375349452954,1,interior
0.5466419828504017,0.27112195298326935,1,interior
0.7012848968893846,0.22560598957667086,1,interior
0.7174545367762302,0.24181345737860097,1,interior
0.725349214973981,0.26426908171417024,1,interior
0.5603140856497923,0.26442263661838034,1,interior
0.557881680922159,0.24864374119701219,1,interior
0.7118068111601372,0.23324709413027664,1,interior
0.6332196528852392,0.19016686683202252,1,interior
0.7131935898071318,0.23395405809640155,1,interior
0.5860109033103961,0.21596093340289624,1,interior
0.5966809692314222,0.215561738214451,1,interior
0.5851301029039122,0.346625410263997,1,boundary
0.691430068462929,0.3400150426700107,1,interior
0.6865670394334632,0.3390298192651851,1,interior
0.7082261890521773,0.23441812677721446,1,interior
0.5568533694140431,0.3298322859508908,1,interior
0.6529212772229851,0.19889310876457672,1,interior
0.7255164710484652,0.26191565244803616,1,interior
0.5693789849215288,0.22775367685477876,1,interior
0.6989013236589743,0.22049403960142117,1,interior
0.5700229669771342,0.2256347456563916,1,interior
0.6846040216650372,0.3449784400375545,1,interior
0.7258666709051796,0.30464259991244963,1,interior
0.701198738464185,0.2281680200691608,1,interior
0.5674707823938904,0.23065133834243018,1,interior
0.5493776672353062,0.29168908614834044,1,interior
0.5681090442511333,0.2258074921594467,1,interior
0.673497635536463,0.34895262286849726,1,interior
0.6633966324863697,0.2030046735310481,1,interior
0.7254537922230164,0.25594361405378674,1,interior
0.6394220934043954,0.19744507233759784,1,interior
0.5623890506129748,0.23521733013256463,1,interior
0.704265482407152,0.2308279484800467,1,interior
0.7246989581059584,0.27604269876409193,1,interior
0.6109640730460131,0.19611861569962571,1,interior
0.5654082323195669,0.33417477506378573,1,interior
0.6578908774125357,0.3516840533857694,1,interior
0.7017866858047633,0.22403462932363205,1,interior
0.6456883088861678,0.19873781860809267,1,interior
0.6776000278840113,0.34644220596623443,1,interior
0.7029184745944493,0.33170915368730153,1,interior
0.7236394616311743,0.28739615239441885,1,interior
0.6249066951962609,0.1936618018798373,1,interior
0.7189046710464957,0.2409283899635915,1,interior
0.5632453131422344,0.3366779149108438,1,interior
0.6523311164140576,0.20493737691106495,1,interior
0.651342676837634,0.1992214664179036,1,interior
0.7212382096595916,0.30265171733528967,1,interior
0.6540353359213794,0.20571236855531705,1,interior
0.5440959171397419,0.2698739695654037,1,interior
0.5815025350931329,0.22009441062224486,1,interior
0.5793254379591907,0.21980542313439375,1,interior
0.5577013371978761,0.24111209452626794,1,interior
0.6779112604352346,0.3423953238496811,1,interior
0.711187202336023,0.23485948945069413,1,interior
0.7180518720063667,0.30355665807799936,1,interior
0.6060467954633678,0.196513551217953,1,interior
0.69155698346321,0.21934166025824406,1,interior
0.6343474723832155,0.19129471868767975,1,interior
0.5946804148725324,0.2120575468124387,1,interior
0.5841713572681537,0.21418902908202314,1,interior
0.5448310110443487,0.27326300180940055,1,interior
0.6490834281209823,0.19775176077087328,1,interior
0.6899712105464293,0.34155716530698776,1,interior
0.7240955530144579,0.2946250089929496,1,interior
0.5989869566408862,0.21565844633414327,1,interior
0.6970925652801279,0.22086054388012052,1,interior
0.585276625046964,0.22433216469563722,1,interior
0.6592450176119066,0.20155105279361996,1,interior
0.7261541074072145,0.29693110646397497,1,interior
0.5570900681826176,0.25516103948999375,1,interior
0.7199386737610723,0.24957549733051723,1,interior
0.6526310996610442,0.2005578238949728,1,interior
0.7254777880553812,0.28706375904994075,1,interior
0.5821150256009048,0.3404357138507683,1,interior
0.723779257591961,0.258893836252443,1,interior
0.6938035763618707,0.21274884901180913,1,interior
0.7237892595091487,0.271154444857488,1,interior
0.6316321125882148,0.19084463673373978,1,interior
0.7180838514234226,0.3076931325943028,1,interior
0.5506702665491751,0.26293335381306043,1,interior
0.6057812538390857,0.19994741763099447,1,interior
0.5837642703690171,0.34745998145846085,1,boundary
0.612867460771412,0.19780799749952876,1,interior
0.6679089086978705,0.3418962735111797,1,interior
0.5601683469426145,0.33338969846714195,1,interior
0.7145120740957157,0.3122756895204926,1,interior
0.7231881097747808,0.2838561114593331,1,interior
0.5916266177190848,0.21661005703415429,1,interior
0.7121411874438444,0.23681765295005633,1,interior
0.6724222755631715,0.346529963681891,1,interior
0.5552157615966055,0.25515351467306113,1,interior
0.5761378872793533,0.3351646153246574,1,interior
0.604632702751923,0.20699472936939237,1,interior
0.6670128159393457,0.34700623949645304,1,interior
0.6783072385101381,0.350634547033156,1,interior
0.5561305782974117,0.25385284287302257,1,interior
0.6709203953448002,0.34838379028319727,1,interior
0.5706212097940062,0.33740204751892755,1,interior
0.7043061707996936,0.23445055164175932,1,interior
0.6701971874944133,0.20559984237338266,1,interior
0.7248582142716882,0.28491890433195016,1,interior
0.724902397014404,0.2776956887657056,1,interior
0.5552335070075872,0.24205349142616367,1,interior
0.6547673559653979,0.203848128715033,1,interior
0.5421390561664657,0.2727227867683931,1,interior
0.7020672735545206,0.32772582667668665,1,interior
0.6816822178555907,0.2045679976386752,1,interior
0.6936523802197562,0.21019358423430595,1,interior
0.7137219481176594,0.23204440433229853,1,interior
0.5832125920599236,0.34442825144156614,1,interior
0.7034363904281602,0.3288482727779349,1,interior
0.6803485168210864,0.3513908787402289,1,interior
0.5870614832217447,0.2145069366266699,1,interior
0.6708098982087624,0.3462826145561556,1,interior
0.7205092465454844,0.25246913016604017,1,interior
0.6939057288057802,0.21741749250012932,1,interior
0.7007193214195258,0.33432096694022767,1,interior
0.7077650365799424,0.31939167507277205,1,interior
0.7069856505858373,0.24301942836643342,1,interior
0.6866869655940245,0.2063689850437868,1,interior
0.5600357696823105,0.23638037328020745,1,interior
0.7246047104950013,0.29198718497301496,1,interior
0.6346466481699699,0.19492951286912139,1,interior
0.6210504985766029,0.1937072695991507,1,interior
0.5757473818794071,0.22598516338701058,1,interior
0.551463215495927,0.2933754327527741,1,interior
0.5782765033976431,0.2170130371858504,1,interior
0.5861171468591664,0.22052632542561795,1,interior
0.6972454347653,0.230410975495223,1,interior
0.685693885751324,0.2075448169411774,1,interior
0.5971702358932685,0.21064397094203643,1,interior
0.6588725408825599,0.3484247244636902,1,interior
0.6293633404915066,0.18950004117471256,1,interior
0.554749395202006,0.23951629772978444,1,interior
0.7252030304488842,0.2744532664284245,1,interior
0.6916409464401742,0.3431157666682943,1,interior
0.6313817569035535,0.18794598080020417,1,interior
0.552303125772138,0.2998896024570828,1,interior
0.622941942836484,0.1925870241666528,1,interior
0.6631192174837361,0.3488922662676835,1,interior
0.7253128044631859,0.27239223359325665,1,interior
0.6766521083362655,0.20371724579726472,1,interior
0.6354665185564987,0.19008308968282012,1,interior
0.5976828289443384,0.2086905676935206,1,interior
0.5612077397870859,0.3345047276214027,1,interior
0.5765350031959473,0.22790904203469697,1,interior
0.5826562979847149,0.34220572621165046,1,interior
0.726860570464021,0.26737493854390715,1,interior
0.5500938328605932,0.3107180008752408,1,interior
0.7028137389326709,0.2263734646045161,1,interior
0.6656233761932635,0.20436788925016328,1,interior
0.6933182746482653,0.3353869013189383,1,interior
0.5478008273091891,0.2630022737461713,1,interior
0.693641941233347,0.2142886369359332,1,interior
0.7258625938713914,0.290026083382183,1,interior
0.7159711701494488,0.2322790413293288,1,interior
0.5593077207134122,0.2343587181401884,1,interior
0.5466126872408722,0.2816661240494385,1,interior
0.7161074533119219,0.30547958611319453,1,interior
0.6662025572911358,0.2021416076745246,1,interior
0.5503180849145157,0.26144808564559463,1,interior
0.5773879477041026,0.22244939889704643,1,interior
0.7196586402553916,0.2542705355520349,1,interior
0.6376699018243115,0.1903081255499421,1,interior
0.5564856746834309,0.33380211461369946,1,interior
0.5486747608251258,0.26175515484588036,1,interior
0.6832492287430787,0.20476420546566823,1,interior
0.6315699234976211,0.19521075488555922,1,interior
0.7204171772290786,0.24199696694231346,1,interior
0.55298902899498,0.264274304617141,1,interior
0.5877089888295267,0.22007125263713817,1,interior
0.666754952435911,0.2068493184133631,1,interior
0.7117594657769477,0.22870286487492725,1,interior
0.7212073177737125,0.28551292703789105,1,interior
0.554289770203601,0.2576219302280409,1,interior
0.6446725365059008,0.1975268181868179,1,interior
0.696960032714259,0.2188712689990168,1,interior
0.7252369723927191,0.26796632970209133,1,interior
0.6089020105563566,0.19381384663753395,1,interior
0.7270725866431499,0.2635510410291618,1,interior
0.714912142480621,0.2308391164317784,1,interior
0.7187951033803327,0.3049171938445505,1,interior
0.5540904646786192,0.3131010144360845,1,interior
0.7267680557128348,0.28865650338901633,1,interior
0.56285307481273,0.23368178891365426,1,interior
0.5613068509703785,0.23410263605502735,1,interior
0.5746085474058447,0.3351673303398581,1,interior
0.7039309566235066,0.22806954456910367,1,interior
0.6820157583133595,0.35165854877302305,1,interior
0.5660578229789286,0.2259693913910075,1,interior
0.5898103290546721,0.22323794850039078,1,interior
0.7147615972915078,0.23681117292339712,1,interior
0.687825324632217,0.3483105415077814,1,interior
0.5487319957569007,0.2599912061238373,1,interior
0.709262531777029,0.318240450579334,1,interior
0.7055472811002637,0.31888717874318484,1,interior
0.6844322812218492,0.34674763975785156,1,interior
0.7192984649323478,0.300085194454239,1,interior
0.7255354810879073,0.2936698642026855,1,interior
0.6429459162189564,0.1963183666356721,1,interior
0.6802537844424716,0.20363679363409787,1,interior
0.6059230709161677,0.2027041137301968,1,interior
0.7003134980764872,0.22968831049582422,1,interior
0.6692679209091931,0.34685566924454336,1,interior
0.6826403165517854,0.2087512938982048,1,interior
0.5730021965970818,0.3350749105311624,1,interior
0.7162899164659322,0.311023540608444,1,interior
0.6850824475652258,0.2053929455470227,1,interior
0.610566693057988,0.20458754576621585,1,interior
0.5864266564125217,0.2118085283791141,1,interior
0.7264394088033459,0.29975921822664336,1,interior
0.6169295711930511,0.193971233705911,1,interior
0.7273708806797319,0.27182797018627414,1,interior
0.5676590875045425,0.2280670787735312,1,interior
0.6639925661840608,0.20496478914966001,1,interior
0.5525667091269958,0.31250465683948275,1,interior
0.6783797102304449,0.2023418397784923,1,interior
0.7246397563636495,0.2543929743241281,1,interior
0.64537643333255,0.1959639035610393,1,interior
0.5464180744347487,0.2620802491725924,1,interior
0.5472948966967002,0.25775431764764756,1,interior
0.7206484803103275,0.282207815459602,1,interior
0.7059753642496932,0.22872055373733183,1,interior
0.5990831477471547,0.20660334986078885,1,interior
0.7046782668256216,0.22600419773426236,1,interior
0.6958161502286708,0.2146355058325345,1,interior
0.6646798664248599,0.20194370726572664,1,interior
0.727949884161942,0.29928098562762245,1,interior
0.6775691924804426,0.3522129512564509,1,interior
0.7057636531479905,0.22716194785788293,1,interior
0.5844824634296399,0.2182997955618702,1,interior
0.5560169035917804,0.24633976518906214,1,interior
0.5543579699573886,0.3089590919363024,1,interior
0.555241922930278,0.33000869010999734,1,interior
0.6039041943633529,0.2004390153343513,1,interior
0.7268335934578052,0.2809477160809715,1,interior
0.6716629402983093,0.2061986833044052,1,interior
0.6391295204928038,0.1883392370246082,1,interior
0.5482531003951505,0.3103975608758995,1,interior
0.6019876443070797,0.21271507310435617,1,interior
0.5652243753755078,0.22895526027359173,1,interior
0.5636656812777713,0.227476656543616,1,interior
0.7068112364634154,0.2302234913563807,1,interior
0.5688088200022658,0.3399488801968902,1,interior
0.640159225020628,0.19034117583623983,1,interior
0.6960280235811286,0.33147165458439526,1,interior
0.7090533851930224,0.3150543837730023,1,interior
0.5636547388662186,0.2300482049314378,1,interior
0.6661453976974405,0.19970461550284382,1,interior
0.7272565039910269,0.27638765007183436,1,interior
0.5738305296219883,0.3373214172483188,1,interior
0.7210782325344716,0.3051720820061566,1,interior
0.5557730125167752,0.3270631275850124,1,interior
0.58127417585447,0.34292480974639816,1,interior
0.6598162737214647,0.3502782894658768,1,interior
0.693462903832184,0.3400599181459965,1,interior
0.5581755813978452,0.23765771538323005,1,interior
0.6514307210827286,0.19692979087466603,1,interior
0.7150818646646051,0.2341781230392706,1,interior
0.7026400054117736,0.23097752608938404,1,interior
0.567079010978897,0.33918208623749924,1,interior
0.6472782824505653,0.196968751949592,1,interior
0.7205872902491519,0.24591971673906546,1,interior
0.6260274228981493,0.19144576326373122,1,interior
0.5986283087505232,0.21205181908087709,1,interior
0.6635506718315398,0.19820145256206445,1,interior
0.607377350659904,0.20353992054130535,1,interior
0.714971220034514,0.31511291241777767,1,interior
0.6614505445904403,0.35047805545297656,1,interior
0.5527637991482668,0.29632661910507396,1,interior
0.725432499073563,0.2598651049621108,1,interior
0.7063669082175078,0.22457475155474554,1,interior
0.6542320627143529,0.20040674054382926,1,interior
0.5762877528305226,0.33282743984795715,1,interior
0.726566053418482,0.2778835014271164,1,interior
0.5838582045112908,0.2164624509285968,1,interior
0.5529644378411661,0.3182187209445795,1,interior
0.6576888029600034,0.20277696884312577,1,interior
0.5792237085331952,0.3400240658284341,1,interior
0.6990878750764492,0.2177781712730799,1,interior
0.6068066835318623,0.2077080488743872,1,interior
0.6634367805344912,0.20036131144105795,1,interior
0.6061952051000875,0.1947807104996183,1,interior
0.7268734726600992,0.26919617769633875,1,interior
0.6684184767203244,0.2019555581505571,1,interior
0.6092306597126659,0.20031964376614766,1,interior
0.7289708885271368,0.2701497752059165,1,interior
0.7061096459460532,0.24484036958742084,1,interior
0.5901766663036537,0.21731872699376198,1,interior
0.5639001863170887,0.3339086755697383,1,interior
0.722304975946571,0.25061053803516875,1,interior
0.6729142510718731,0.20481691492397933,1,interior
0.5941919333172024,0.2162763837726793,1,interior
0.5643281086560337,0.3377595236515903,1,interior
0.7025035157095938,0.2529423338975724,1,interior
0.6553715494471415,0.2022862842652124,1,interior
0.553244168056572,0.259697255890091,1,interior
0.6078505836684768,0.19227681641747715,1,interior
0.6689196335091799,0.34849235112693466,1,interior
0.6563581405264324,0.20081409269643294,1,interior
0.5484584165645395,0.30155484778082575,1,interior
0.5737405443835678,0.22515684487116358,1,interior
0.545163183899932,0.26308475813094506,1,interior
0.5997448039784253,0.20865677218967366,1,interior
0.6040445889177153,0.2147409043690418,1,interior
0.5802604758315439,0.21773746488391565,1,interior
0.6194308722842792,0.19141619811070582,1,interior
0.7273587152019415,0.25984121879305516,1,interior
0.5487015965288606,0.29369016224759076,1,interior
0.6787004336326673,0.3532690307384538,1,interior
0.7008682031386059,0.2205824440202722,1,interior
0.6278253897688625,0.19157003736366013,1,interior
0.5779319317557805,0.21888281374450996,1,interior
0.6714220149658591,0.20419977036004608,1,interior
0.5556251582243706,0.2488309612153127,1,interior
0.7102388230451182,0.3206694812723013,1,interior
0.5492455031722319,0.308196082696069,1,interior
0.7056335024628477,0.32078893219822174,1,interior
0.6869516065357401,0.3448184769841874,1,interior
0.6336192599495614,0.18653264837582567,1,interior
0.5574564070400561,0.2360993152652069,1,interior
0.5624875671863829,0.3393433055622468,1,interior
0.6287826582266921,0.19304576350845015,1,interior
0.6143097725822424,0.19328675710591484,1,interior
0.7225339665150298,0.2473705523851795,1,interior
0.5439433602756893,0.28188689991065136,1,interior
0.5488213567315013,0.25563560009990355,1,interior
0.674001306993719,0.3512200009340525,1,interior
0.5526533680643629,0.255994633749213,1,interior
0.5655969098379057,0.32713844431470745,1,interior
0.5617005693783155,0.23128322959817704,1,interior
0.5768651869905179,0.3374015935197754,1,interior
0.5555288028053117,0.26468137180785334,1,interior
0.7129678436636044,0.3122947324535182,1,interior
0.674892403031825,0.20360109209144198,1,interior
0.6923344637290104,0.3416791327884452,1,interior
0.7287142009170742,0.2677912958330261,1,interior
0.7188583193949026,0.30977297311571955,1,interior
0.6004533389860173,0.21131093769577558,1,interior
0.6004361844615583,0.21348594109251864,1,interior
0.5770337274307802,0.3394982416365746,1,interior
0.7296496209172982,0.2719741619344746,1,interior
0.6409125599535201,0.1961058158482876,1,interior
0.5474302476259489,0.283256633322986,1,interior
0.6862522794916197,0.21041149416648655,1,interior
0.5753837016620341,0.22969856442703915,1,interior
0.5498220629450832,0.3128279932409474,1,interior
0.6212143011823473,0.19160571543234206,1,interior
0.7117300981915947,0.3194677782262022,1,interior
0.5826415344715745,0.22111437147103064,1,interior
0.5750889076072893,0.33933258570548835,1,interior
0.6891664332360711,0.20887144854777992,1,interior
0.5562549776816207,0.24326976360162758,1,interior
0.5546693997528092,0.24460742765471444,1,interior
0.6556197614355038,0.19934584960038434,1,interior
0.5427058786661202,0.27573097404056085,1,interior
0.5979710962208098,0.2139789393830633,1,interior
0.5517679092517921,0.3141920356117009,1,interior
0.5860034405391176,0.21830562845350354,1,interior
0.7228362400333834,0.25363115281343884,1,interior
0.6908195822951749,0.34824426350047927,1,interior
0.7213797463681242,0.28368899204165926,1,interior
0.553996752288536,0.2492304616102845,1,interior
0.6236167176851304,0.19018899528042868,1,interior
0.69197303828434,0.20997975452011255,1,interior
0.6327126732726637,0.18869439771838115,1,interior
0.6002333952873431,0.20548896030691147,1,interior
0.5790080637914015,0.3429707508658027,1,interior
0.6952160097423781,0.34117815642234817,1,interior
0.6046743049128389,0.20852609936389413,1,interior
0.5890829641135452,0.2161333123835479,1,interior
0.7071738920981956,0.32115884268570055,1,interior
0.5763568890792224,0.22116630421547062,1,interior
0.7239859377308926,0.2484445284625029,1,interior
0.687054830942427,0.34330147784488535,1,interior
0.6185962668186574,0.19323576634785983,1,interior
0.6887247300910925,0.3501057537523574,1,interior
0.5518400309624027,0.31597183104676396,1,interior
0.6349218963049541,0.18842859196105918,1,interior
0.6045037496288681,0.20479948113114102,1,interior
0.7188509441996664,0.31156578679707353,1,interior
0.6824635145572078,0.34918373835925115,1,interior
0.6821159635187548,0.2029148280867034,1,interior
0.5614973032368276,0.33807126096734763,1,interior
0.572520836908702,0.2306412264405744,1,interior
0.7218050745530574,0.24056721510060167,1,interior
0.5539835447040894,0.24646354261453085,1,interior
0.5489753982981543,0.28800855417600996,1,interior
0.6272549143326958,0.18850084406127782,1,interior
0.6782469304843043,0.204660649264636,1,interior
0.5473065148911639,0.2560442457393493,1,interior
0.7036100787241378,0.2204358138640844,1,interior
0.5555498719408165,0.3315279356310314,1,interior
0.5475526682624268,0.29041371014582984,1,interior
0.6133768562939579,0.19599926561229727,1,interior
0.5602901836335967,0.2323536663595034,1,interior
0.5816403055647142,0.33713996239986604,1,interior
0.5575640874012013,0.23417724294282102,1,interior
0.6880706780500985,0.20707321032390597,1,interior
0.5848681034302711,0.22277828656035947,1,interior
0.6801156213160644,0.20199847376767802,1,interior
0.6223522427238913,0.18846300256461992,1,interior
0.6838239778356245,0.35017081086333757,1,interior
0.5455505391811744,0.2804728152319948,1,interior
0.5612787280393609,0.22918204238454362,1,interior
0.5782443885530528,0.3383410258591534,1,interior
0.5480579564081319,0.30550871422876164,1,interior
0.5495829476365608,0.2645669676364872,1,interior
0.7161778721828982,0.3160771481183887,1,interior
0.5449789785008455,0.2544128295195813,1,interior
0.5475709084891438,0.29508433375382,1,interior
0.6032977996410451,0.2025650702585174,1,interior
0.7263716168142015,0.2657159454781742,1,interior
0.7288973024734395,0.27752468175343387,1,interior
0.5464111508052361,0.30907475866627643,1,interior
0.5827332092983125,0.33904039319417706,1,interior
0.6288808355901293,0.18792987324625898,1,interior
0.54347150642108,0.2786627156219095,1,interior
0.7179841477849865,0.23303940444811375,1,interior
0.5920920697861799,0.21372099544364218,1,interior
0.576277517893127,0.2238707677295838,1,interior
0.5480255375766709,0.2987225145406512,1,interior
0.5448561701752406,0.25650352910016244,1,interior
0.695120359577917,0.33538156152207693,1,interior
0.7143192426680748,0.31662332214107913,1,interior
0.70811380365592,0.22758322181513047,1,interior
0.6318809928000669,0.1861989529127651,1,interior
0.579648333479914,0.3443557561028975,1,interior
0.6963314193105284,0.21621982403944986,1,interior
0.7243624402682992,0.28223143856344296,1,interior
0.6790020246496896,0.2007276594777231,1,interior
0.6954584567345823,0.21860216786406184,1,interior
0.5417568209126167,0.2696192340121914,1,interior
0.7281221174179139,0.287836113362988,1,interior
0.6696298566167717,0.20398812397204838,1,interior
0.6734528856578883,0.20250000783177147,1,interior
0.5467106032791953,0.28486194224802736,1,interior
0.661872657757819,0.20210952183480987,1,interior
0.7165082409379293,0.23053106826955708,1,interior
0.70808777724111,0.22546028244340208,1,interior
0.6361216026933604,0.19159514666821742,1,interior
0.7037562716748581,0.22411737382248276,1,interior
0.555532664963016,0.23789092226595013,1,interior
0.582246416706345,0.3460563814556016,1,interior
0.6022553850832882,0.20674412917274856,1,interior
0.6505429909409546,0.2045923404779697,1,interior
0.6998712228692434,0.33598567241130095,1,interior
0.553573767154841,0.23757946661092177,1,interior
0.6807448351408099,0.35428189853876874,1,interior
0.7270441913150227,0.2925567367873202,1,interior
0.6064341439785893,0.19847091074180856,1,interior
0.6715054366555772,0.35016075019200027,1,interior
0.7276392544936543,0.28506516107942476,1,interior
0.5701875161623191,0.3391222792900832,1,interior
0.6952948390770554,0.34323607334394274,1,interior
0.5829766808031738,0.2188706364529878,1,interior
0.6957836981918004,0.3393945266994323,1,interior
0.6037764386509124,0.20975929469885934,1,interior
0.7215639695141945,0.2548394190580073,1,interior
0.670469665017425,0.3525112608855523,1,interior
0.7048014617448553,0.22218193415365026,1,interior
0.6352805849449291,0.18668090160184167,1,interior
0.5750018578602714,0.34132843879934344,1,interior
0.6596406646212516,0.353503680464131,1,interior
0.6315935394299852,0.1845602150307386,1,interior
0.7283925747144988,0.26556120960621926,1,interior
0.5749580474731758,0.22256412537004902,1,interior
0.7096436291765016,0.22912237028255344,1,interior
0.5400902613682284,0.2723416145329791,1,interior
0.6968892535424313,0.3347090740104218,1,interior
0.6104247625009518,0.19322608293773197,1,interior
0.7155210501373799,0.3180811795257202,1,interior
0.5578554122683258,0.23204601206079253,1,interior
0.604440924493078,0.19651279026532223,1,interior
0.7147553644309094,0.24327917258121357,1,interior
0.7306959712138581,0.27958146667202116,1,interior
0.6991088317456621,0.33809465904588765,1,interior
0.6030052657001197,0.2081837362977215,1,interior
0.5480201963698216,0.3031308224676564,1,interior
0.6889222350406984,0.3430622698215237,1,interior
0.601342913369668,0.20896953863141052,1,interior
0.603587505258566,0.21623067726198963,1,interior
0.7269699395900585,0.28363929723635406,1,interior
0.602437577336232,0.21469019183231525,1,interior
0.5524573297512451,0.24728057657525054,1,interior
0.5875534080641095,0.21595179781344276,1,interior
0.5469502240616558,0.2603831222058498,1,interior
0.5901146420192782,0.21234561761812734,1,interior
0.7305614029012308,0.2687619306990399,1,interior
0.7283498918695096,0.29073440500545317,1,interior
0.5403304141606531,0.2751351466197021,1,interior
0.7042044184376279,0.21835469731070875,1,interior
0.5496627630156726,0.3161840207366819,1,interior
0.6949654972401531,0.21166644744140364,1,interior
0.5522243260657133,0.3229532688362144,1,interior
0.6878845487409758,0.3462917535961127,1,interior
0.6923001417322703,0.3458058668757407,1,interior
0.7023840258135948,0.22181480359279884,1,interior
0.5461668869865409,0.30011998830989206,1,interior
0.58990220080542,0.21477493559788705,1,interior
0.6853199163941965,0.35135291049123446,1,interior
0.5451781729497334,0.301723483667611,1,interior
0.5498187739833369,0.300371719222956,1,interior
0.722735976108379,0.3031306372837148,1,interior
0.7280600888161745,0.2970427605732289,1,interior
0.6060910335372964,0.2094071531571576,1,interior
0.6893758333985885,0.3458345962352798,1,interior
0.5602956670128234,0.33687581070514216,1,interior
0.7021528919775526,0.21886182298109877,1,interior
0.5459156689320493,0.2592495505782292,1,interior
0.5997842254476282,0.2036511722514389,1,interior
0.6242636240044477,0.1885670266930604,1,interior
0.6263571280469633,0.20148968766405614,1,interior
0.5564510907527495,0.25040687568732745,1,interior
0.6297964931692801,0.1865453880304857,1,interior
0.5964444181183647,0.21215116007637694,1,interior
0.6637785052043403,0.19643154013700315,1,interior
0.6113135505331097,0.1946160882273879,1,interior
0.5428595258947506,0.26856070495647033,1,interior
0.693855646120479,0.3424672468068725,1,interior
0.6894701944980482,0.3474805440144304,1,interior
0.5727391530387989,0.2288966256045081,1,interior
0.6620241717734854,0.19826632419628204,1,interior
0.6121629299878878,0.19235711132546185,1,interior
0.7122830961764468,0.31765430398714667,1,interior
0.5746654775309098,0.2278358239203887,1,interior
0.5535949404251607,0.2433725917011612,1,interior
0.5596407015233463,0.22951689720785498,1,interior
0.6476678588190593,0.19864515685593054,1,interior
0.7172100941970345,0.31384354669020625,1,interior
0.5460584954860719,0.29247948567768844,1,interior
0.6842965741625052,0.20316140134762226,1,interior
0.6097050414728344,0.1951637810015159,1,interior
0.7288062522106475,0.2956515073906064,1,interior
0.7264300196162478,0.24913495592397647,1,interior
0.5916542976014185,0.2110401390899056,1,interior
0.5880407233063497,0.21301616495997167,1,interior
0.7293882788487486,0.2937083669774726,1,interior
0.6131003307806479,0.19445902881531407,1,interior
0.7069606250870901,0.22292987798418343,1,interior
0.6244742889580912,0.186832465928322,1,interior
0.6759491561039088,0.35126643714728256,1,interior
0.5724649344651133,0.3380678419085399,1,interior
0.7315085803080226,0.27049508372832015,1,interior
0.7061541561440675,0.32292510492752097,1,interior
0.5487078648663487,0.253387848769592,1,interior
0.5733977376957364,0.33957059091917274,1,interior
0.6019407461119162,0.19894663293141174,1,interior
0.7265593856282117,0.2948788533229618,1,interior
0.5893000560429691,0.3376384720290317,1,interior
0.6819279281973305,0.20048867414689497,1,interior
0.5466662261862617,0.28704305399382596,1,interior
0.7043450990171725,0.32727508595800914,1,interior
0.5391089414577485,0.27610246903035157,1,interior
0.732144700407473,0.28087822210720337,1,interior
0.6259482193285257,0.18987848909038488,1,interior
0.5771263897176215,0.34140277541420566,1,interior
0.5521577858216642,0.24537342801353643,1,interior
0.5825577031952572,0.22651008467707504,1,interior
0.6860148647512956,0.3472778996173335,1,interior
0.6451546271165972,0.1944527266222764,1,interior
0.7163606341714975,0.24059974817139235,1,interior
0.5753992291264735,0.2195604207927957,1,interior
0.7288210115030618,0.2634707615686044,1,interior
0.706088991483374,0.2197759435169044,1,interior
0.71609806260342,0.3126753755640709,1,interior
0.7301537774881367,0.26457613945120406,1,interior
0.6621562618781701,0.19674941700220205,1,interior
0.7271326107017576,0.24631398599951965,1,interior
0.5718523386150048,0.3403599103033092,1,interior
0.7103528762238823,0.32310498685626504,1,interior
0.6557559211183124,0.19756446880649228,1,interior
0.5586289043443545,0.33034167776387374,1,interior
0.5680974650246836,0.22298324420082918,1,interior
0.6571611035452203,0.1988897398874486,1,interior
0.6042895372984364,0.19402127034202585,1,interior
0.6902066066873743,0.20752819783575896,1,interior
0.6978392965414739,0.21370547069060397,1,interior
0.6943169858240579,0.2157712409808727,1,interior
0.5573442428063612,0.2391346431658524,1,interior
0.6846092767086847,0.20134641633520928,1,interior
0.576356368679916,0.21641572705178566,1,interior
0.6017992446399207,0.2019855234528454,1,interior
0.69283933413119,0.34424521061714397,1,interior
0.545127773226475,0.28491925633373205,1,interior
0.6021462582719698,0.21116351787847465,1,interior
0.6025489411351426,0.19203502524601715,1,interior
0.6951582573493846,0.3448268968699802,1,interior
0.7277941121588891,0.2939080572490142,1,interior
0.7181848389724549,0.29528813879476357,1,interior
0.7282437769229687,0.30164315448580353,1,interior
0.5650353913214483,0.3398129099799881,1,interior
0.715534723068843,0.22907905000681145,1,interior
0.7171797828390425,0.3189515787838693,1,interior
0.63350505983867,0.18350979907699233,1,interior
0.544988348238868,0.26580490782244254,1,interior
0.5814282014980178,0.216635281714326,1,interior
0.7292401817997568,0.2807440850274292,1,interior
0.5620838727519737,0.22767774634131108,1,interior
0.6029698216351498,0.1950858569707937,1,interior
0.6195906962509177,0.18978394161565548,1,interior
0.6057485491000109,0.21372555706720647,1,interior
0.6811041283512852,0.19793086584412492,1,interior
0.5811766711519945,0.3447379030813761,1,interior
0.7315195827833424,0.2935628760461129,1,interior
0.5507048869590492,0.3181146429638069,1,interior
0.5800663037570272,0.215824145209331,1,interior
0.7304525279729881,0.2965424860286821,1,interior
0.5505257784457273,0.25852461448407504,1,interior
0.6945627498498849,0.20897108580989454,1,interior
0.7077782175820184,0.22160451730739208,1,interior
0.679268483772981,0.20749184215633384,1,interior
0.6618952670987143,0.20052303858633252,1,interior
0.5532791972196327,0.32990946925687126,1,interior
0.7209942747263247,0.3068633215016342,1,interior
0.7300136788490346,0.3037707553090069,1,interior
0.7298823379968605,0.2903335836953086,1,interior
0.5533684538346412,0.3280434586771375,1,interior
0.6421515653004067,0.1945633215287203,1,interior
0.5740153126593368,0.2209453172916893,1,interior
0.7295575578426927,0.28862959349924894,1,interior
0.6029366611595738,0.20534628360177165,1,interior
0.6934267397906928,0.2075061379390344,1,interior
0.5683932607516318,0.22112176534657782,1,interior
0.6019418845606004,0.20376527411406348,1,interior
0.6804838443126471,0.19941983509552785,1,interior
0.6557160615861088,0.3512863683652,1,boundary
0.6896329052267705,0.2050141160855005,1,interior
0.7003913582433252,0.2186413643828309,1,interior
0.7321462760367482,0.2685950505439245,1,interior
0.5436346107337193,0.2583386424451372,1,interior
0.6221030088521774,0.18520215001173218,1,interior
0.6279328072435334,0.18642037073297407,1,interior
0.7307186048404615,0.29175804562808133,1,interior
0.6986309841907525,0.21530212089627979,1,interior
0.6401100963331631,0.19207629649919708,1,interior
0.7209612633673129,0.3086839547179714,1,interior
0.600289878761717,0.20122066360444218,1,interior
0.6275695987730886,0.1900353768206672,1,interior
0.7091794053477111,0.22402166657261244,1,interior
0.690853595417596,0.35164019672856656,1,interior
0.7182320240716541,0.2280418304353388,1,interior
0.6158432829088663,0.19082862504415712,1,interior
0.5597909448774737,0.33529108621675247,1,interior
0.732859856106282,0.3046127476977795,1,interior
0.5440889161588247,0.28627698062300866,1,interior
0.5512812202871553,0.328631231600855,1,interior
0.547239819692984,0.30743187094698116,1,interior
0.7295705770222852,0.30021513620137213,1,interior
0.7061755526383136,0.32640906832733624,1,interior
0.5537343786310418,0.3263829175281452,1,interior
0.7228646196270073,0.3060977197143972,1,interior
0.702644025887009,0.21720295369320317,1,interior
0.7062251402817649,0.22158730446995364,1,interior
0.7208138956625476,0.2509040536732035,1,interior
0.7038728941296164,0.3212043494388953,1,interior
0.5452245097003019,0.3102077804250053,1,interior
0.7328357172269266,0.26591872081166823,1,interior
0.5775096942792992,0.34569940687414147,1,interior
0.6541494527336432,0.19722561721129747,1,interior
0.552047199240943,0.32036624726731355,1,interior
0.655307542084453,0.34959504990660867,1,boundary
0.6350515172703088,0.18413687510800725,1,interior
0.7321504528597618,0.29004549909678656,1,interior
0.7189621562984155,0.22533210455433658,1,interior
0.5434217282338174,0.28396450029558395,1,interior
0.6023633800413434,0.19728358929462456,1,interior
0.5405711580187765,0.27701501003768064,1,interior
0.6214625708174963,0.1897521984924442,1,interior
0.7276496925858973,0.30391549176552596,1,interior
0.5522902061087419,0.2489013471780321,1,interior
0.7140620619109974,0.31943484250735155,1,interior
0.6480742624235739,0.19497068734763032,1,interior
0.6170596506748522,0.19214877621470458,1,interior
0.6671784082300449,0.3508275001426166,1,interior
0.6795404350888632,0.19776529302179202,1,interior
0.7179431338604059,0.31557430579205104,1,interior
0.7078689274247574,0.3248485049750787,1,interior
0.6722788364266858,0.3515164784667896,1,interior
0.5742876688442261,0.21778420163061948,1,interior
0.5457045510425476,0.28303696988279864,1,interior
0.7280560603871581,0.28224360525939735,1,interior
0.5478733117832986,0.2921676916070778,1,interior
0.5815110644889231,0.21484681241679068,1,interior
0.5413458286828053,0.2866537552740525,1,interior
0.5538025991249268,0.24083439298859877,1,interior
0.5520538272261538,0.23928677844998406,1,interior
0.704569726048323,0.32394474135787094,1,interior
0.6037569308334346,0.2115688790363732,1,interior
0.6044181220387821,0.19876942300397352,1,interior
0.6966778368826793,0.34479470321290223,1,interior
0.7195795981095545,0.2946493037548191,1,interior
0.5796661829229339,0.21345522499198583,1,interior
0.6916782327240983,0.20585835926630372,1,interior
0.5454408804505968,0.2889031720724048,1,interior
0.6818840280669292,0.35324172651826646,1,interior
0.5488565891514545,0.31847513315819553,1,interior
0.6978266537191024,0.33931530236072494,1,interior
0.7085273769617216,0.32226229814742774,1,interior
0.6174579460765329,0.18957626035508748,1,interior
0.6829853990582733,0.20165676090656867,1,interior
0.7251461822412568,0.24709171797806567,1,interior
0.6650715409190933,0.19840371858467454,1,interior
0.6654251266557554,0.1964127697837989,1,interior
0.6775141113862411,0.1992026719361484,1,interior
0.5816647108186714,0.34794493997611936,1,boundary
0.5522939498540936,0.2513494891163522,1,interior
0.6850852506198877,0.19985973350199193,1,interior
0.718758450931271,0.23148564620519,1,interior
0.566674755274006,0.22189508759816068,1,interior
0.713453846485276,0.22893611228841587,1,interior
0.6376599520524778,0.18755544103401373,1,interior
0.5490179280744092,0.2957425168512313,1,interior
0.7124494434003317,0.322306407880722,1,interior
0.709700175561154,0.324817486438702,1,interior
0.7278344834143013,0.27978890035981296,1,interior
0.6000712291236439,0.21712047401838355,1,interior
0.7169686027124637,0.31740042738692303,1,interior
0.7169773520266296,0.2360629393031499,1,interior
0.5842599343237798,0.2117711448588809,1,interior
0.6264192853190955,0.18566107810994226,1,interior
0.7310084157385801,0.2619693426958516,1,interior
0.5449294456657068,0.2903969053052712,1,interior
0.6964609882260144,0.33758104653686494,1,interior
0.7306715112434474,0.26664938913217967,1,interior
0.728170859072283,0.26151928521070483,1,interior
0.696514598219618,0.21198298005995145,1,interior
0.5422663923127617,0.28995480699803455,1,interior
0.6052889560097744,0.19258648331088943,1,interior
0.5433546756121733,0.2918072926337778,1,interior
0.6699814583378143,0.20134384151507065,1,interior
0.6700045134856627,0.19974451034713547,1,interior
0.6388447545542814,0.18604419485157764,1,interior
0.6961187515452375,0.20981365472571786,1,interior
0.7014413552919275,0.33650561218995756,1,interior
0.5931065043339485,0.21216450530686787,1,interior
0.5643744937120115,0.22556032800813688,1,interior
0.6405545252486807,0.19378372988796694,1,interior
0.66169859419191,0.35448622537974933,1,interior
0.7241955297346786,0.25267858196307524,1,interior
0.596429523049621,0.20557337475885604,1,interior
0.7249709911467277,0.25757328910222704,1,interior
0.7274614313315635,0.25621686486046125,1,interior
0.724305199149348,0.251119247627515,1,interior
0.6817848848102209,0.35626386856919307,1,interior
0.7330251443094471,0.2642258148721143,1,interior
0.5417308846101069,0.28185413913388757,1,interior
0.7072668784244749,0.3275890012925821,1,interior
0.6748936552271205,0.20125953302159927,1,interior
0.7161292855458364,0.22588093466901943,1,interior
0.7275621437962506,0.2536176175504623,1,interior
0.7007125532161778,0.2166672588600972,1,interior
0.6673406900227049,0.19654949989096873,1,interior
0.6831211239249306,0.3550450739858461,1,interior
0.6556874382194301,0.19592775079182417,1,interior
0.7303219074599532,0.2856479632688537,1,interior
0.7105122158992377,0.22617985918686964,1,interior
0.5734396045247467,0.3419268660253814,1,interior
0.7202953807444785,0.2918598326969749,1,interior
0.5529717613360641,0.3328871418046006,1,interior
0.6599355137426772,0.19963130982784275,1,interior
0.5797930877646543,0.34159320307905194,1,interior
0.5514991148413991,0.3114113475154665,1,interior
0.5883867126038895,0.21058739879890556,1,interior
0.7067254701420536,0.21798010538067936,1,interior
0.7295702059095512,0.28249060593777964,1,interior
0.5456167477267874,0.2960825879421835,1,interior
0.538714358940917,0.2715358254524865,1,interior
0.5764938030914398,0.21802596221813625,1,interior
0.7167040781694017,0.23791825818736856,1,interior
0.6989007912778398,0.23354380950906323,1,interior
0.6830496466323002,0.19813558755325064,1,interior
0.5656357578741285,0.22413254542434452,1,interior
0.541320880082487,0.2803688031560277,1,interior
0.7197356343979445,0.31447477327622,1,interior
0.7263146036221221,0.2524687178632975,1,interior
0.7049768724636026,0.33115915323557193,1,interior
0.6724127328326348,0.19911304599808985,1,interior
0.6848377884283013,0.19723729898579448,1,interior
0.5516176930190508,0.2366657895066245,1,interior
0.5708063543646617,0.34274303859886734,1,interior
0.7307882628208401,0.2949348308978721,1,interior
0.5414364231622287,0.26701004571027814,1,interior
0.5393275497210184,0.2796496016784312,1,interior
0.5627382795473929,0.22625794978623465,1,interior
0.5548615409790261,0.33369316516480935,1,interior
0.6869071820490429,0.20267867738596276,1,interior
0.6695111878706105,0.3506862248938458,1,interior
0.5504738353705307,0.24919306097918464,1,interior
0.5758779455911713,0.3432722757818672,1,interior
0.5802080380991299,0.3465450863940341,1,interior
0.7281847662417237,0.3053611151785744,1,interior
0.5460241923295923,0.2945088263869721,1,interior
0.5456912263284719,0.3033651596959845,1,interior
0.6581325733339256,0.2054928479661015,1,interior
0.7076843066672062,0.2193006272994637,1,interior
0.7302111572915867,0.2983025491117442,1,interior
0.6426861666176205,0.19165523788536945,1,interior
0.5493555886679972,0.25041643367954036,1,interior
0.600904385927114,0.19030811420606114,1,interior
0.6007489796740982,0.21504869775925017,1,interior
0.6993848023252006,0.21256555163831692,1,interior
0.7093315965413765,0.23237153394949286,1,interior
0.5502429478272094,0.31436115497828865,1,interior
0.7005995202779434,0.21391606392702733,1,interior
0.5524815105371018,0.254266212990334,1,interior
0.5441920348413909,0.29345320532168406,1,interior
0.6927445738486717,0.20437168980576864,1,interior
0.5441154333521216,0.3005653287377278,1,interior
0.7084146515831978,0.21567910664152556,1,interior
0.5978858030921208,0.20379117856178766,1,interior
0.5472055620645183,0.3146388203756293,1,interior
0.6975620409356386,0.21732799707909745,1,interior
0.6751051298955192,0.35308089783030544,1,interior
0.7176731327535274,0.30596169300470555,1,interior
0.668076727031023,0.19992719209400212,1,interior
0.5732148648905031,0.22331374328647893,1,interior
0.7332921455370267,0.29444642643979396,1,interior
0.6933254323199018,0.20245625232096232,1,interior
0.600476512759761,0.2072762482961154,1,interior
0.5953637365998828,0.21047273554109697,1,interior
0.7022475629978475,0.33482515316533934,1,interior
0.6875371162585104,0.20489569258168597,1,interior
0.7100595853080692,0.22119840726618709,1,interior
0.5439457665751755,0.2611654459307942,1,interior
0.545001981815744,0.25221665649876385,1,interior
0.5508459572137154,0.24145846913814656,1,interior
0.5513173482069129,0.2529535379233001,1,interior
0.5438090172961061,0.3033798871228118,1,interior
0.5488476730029747,0.24852820968964315,1,interior
0.6906727871444266,0.2090700380885937,1,interior
0.7317260268357546,0.2978093159926938,1,interior
0.7033933000530815,0.33365367261979506,1,interior
0.7347120944058655,0.26726933887648713,1,interior
0.7105352709997171,0.3269607880344916,1,interior
0.7160605397508168,0.22764181573581393,1,interior
0.7313800456506129,0.2883024641393632,1,interior
0.7199395790637192,0.3175133531305749,1,interior
0.6980240458731698,0.21176941348302478,1,interior
0.7154211648259999,0.32185482936922477,1,interior
0.7323159526974302,0.27920168568555603,1,interior
0.5664079226723407,0.34160898476821655,1,interior
0.7287753653243467,0.2838994958204713,1,interior
0.5501316691431807,0.32225418223823693,1,interior
0.6759047971001747,0.1994536898011443,1,interior
0.6423746376054783,0.2003944675966203,1,interior
0.5776724492682687,0.21406268527613057,1,interior
0.68101206359986,0.1951424800430558,1,interior
0.56977831299944,0.2221131165894134,1,interior
0.7280067966239692,0.27387659814133186,1,interior
0.5438357046219765,0.2887010804129063,1,interior
0.6486250824873618,0.20075851281412282,1,interior
0.683014037759157,0.19595667732142438,1,interior
0.5977806121984877,0.20188367524786704,1,interior
0.6584353234325103,0.19784783209803375,1,interior
0.5411324910530975,0.27849065194515626,1,interior
0.7303296849058931,0.2871969877566198,1,interior
0.5462477914753772,0.31898211447495467,1,interior
0.659963519373301,0.19526535522563637,1,interior
0.580956484819085,0.21107247441539492,1,interior
0.6773644641895626,0.35508148055436234,1,interior
0.6570120123496638,0.35331993158585184,1,interior
0.5455004285777791,0.2608552209296714,1,interior
0.5958738433391603,0.20379156771756113,1,interior
0.7241951838068126,0.3036237512550619,1,interior
0.5820509963860871,0.21260837240600658,1,interior
0.543107235128099,0.2527557598798937,1,interior
0.7258819820300513,0.2452107203526619,1,interior
0.705417494101645,0.3339400435852804,1,interior
0.717871001490953,0.2395063811070228,1,interior
0.700634228433544,0.21122364384763892,1,interior
0.665521758220471,0.35193022278504554,1,interior
0.5466294745952383,0.25456809119057516,1,interior
0.732189706745394,0.29583542564556714,1,interior
0.7176066046449445,0.2921478097740297,1,interior
0.5607698849735829,0.34049909276390733,1,interior
0.6867582304244377,0.20002478664452644,1,interior
0.6256299448538866,0.1878862873650208,1,interior
0.6577202710109022,0.19617225997089427,1,interior
0.7269345005097431,0.3071975069498504,1,interior
0.5714666127176465,0.22244176464739832,1,interior
0.5440161677643931,0.2958287128751713,1,interior
0.5757918628847636,0.21359923457460914,1,interior
0.7228724313606415,0.3076977772488963,1,interior
0.6986092406223414,0.34443059808353566,1,interior
0.7333345917012477,0.28836836950368905,1,interior
0.6993073650048232,0.21046916871287044,1,interior
0.5383899654441979,0.27370123444242384,1,interior
0.7272450168427228,0.2580364958244461,1,interior
0.5503100803022883,0.33132491350446075,1,interior
0.5474444790865978,0.2972313003495165,1,interior
0.7312097543064435,0.30040419339097024,1,interior
0.5500247302519634,0.3264857805544272,1,interior
0.5591493765167281,0.33921547227763305,1,interior
0.733301710225581,0.27722238656340314,1,interior
0.7023512880967424,0.21339621537703868,1,interior
0.5736276947275029,0.2267000232699241,1,interior
0.5364458027152408,0.2787461046114331,1,interior
0.5923413451037852,0.20967786120420723,1,interior
0.5409504227877957,0.2887591183409391,1,interior
0.6608948133708724,0.35208601771660336,1,interior
0.730369686080485,0.28404294899509086,1,interior
0.5424404892197902,0.2773502433261437,1,interior
0.7119003808846778,0.22263276749789265,1,interior
0.6899854317018431,0.22158542901227546,1,interior
0.5465880600583414,0.25267766987557455,1,interior
0.5502395685903089,0.2458349823310216,1,interior
0.5705193442703017,0.22021237689885412,1,interior
0.7253829778483094,0.30648505206611215,1,interior
0.6949548030077353,0.2070631178669747,1,interior
0.5951456553214994,0.20101447144403436,1,interior
0.6008140892064567,0.19673995689835067,1,interior
0.731254101543287,0.30212969884414964,1,interior
0.728856543762177,0.2758836558601261,1,interior
0.5689598215290382,0.34175426052437946,1,interior
0.7305420276140131,0.2601704336793926,1,interior
0.5431233255503665,0.2598339722581762,1,interior
0.6984389695117926,0.3407344023022843,1,interior
0.6431442864102354,0.19011157370848647,1,interior
0.5730757278189942,0.21904231876966593,1,interior
0.5425139947133105,0.26533159333200584,1,interior
0.6293065751409735,0.18380269814533745,1,interior
0.7297117249999527,0.3065804378495023,1,interior
0.6914075370034851,0.34997366228305765,1,interior
0.5568808746893403,0.22978608702669728,1,interior
0.7323842695203677,0.28496660743266194,1,interior
0.5684876801411489,0.21867725550685346,1,interior
0.7097118512291966,0.21713818532184248,1,interior
0.6687656302537278,0.35261398372336433,1,interior
0.577864531868202,0.34837967814579757,1,interior
0.6449853233071371,0.19021299676769746,1,interior
0.672959447990635,0.35442885997253176,1,interior
0.6887555973042268,0.2022665198591636,1,interior
0.5844443249214327,0.20986142256251192,1,interior
0.5434067530484487,0.25056384366066414,1,interior
0.5501310086551638,0.2475452680566403,1,interior
0.6431925625481139,0.19325028065515024,1,interior
0.6081293527059451,0.1903716215485824,1,interior
0.7117680409321101,0.3256524080254254,1,interior
0.5493291689578966,0.2846620842646286,1,interior
0.6449326234648577,0.19194932384592311,1,interior
0.7286237605552378,0.24684273639260806,1,interior
0.6924497323834492,0.34792454309843635,1,interior
0.5519293989505035,0.26091000784398904,1,interior
0.7219789029400092,0.24451766348919038,1,interior
0.6869068287987171,0.3509395196015606,1,interior
0.7059711524486157,0.33593934518113816,1,interior
0.54224619480994,0.28524714033601484,1,interior
0.7158582663289199,0.3198623962914896,1,interior
0.5519113236770475,0.3267215378591825,1,interior
0.5695045973920955,0.3440988733123579,1,interior
0.7292543844311558,0.24862135996494364,1,interior
0.7033605879973858,0.21506764791430205,1,interior
0.563383097250748,0.22362642112027617,1,interior
0.5624781309249742,0.34183318947410557,1,interior
0.6772796538690681,0.34817522227025505,1,interior
0.5507923528708665,0.255699259213785,1,interior
0.7121406125233148,0.22515708892331945,1,interior
0.7055386862178155,0.32838775998301256,1,interior
0.7337914662019324,0.2721503619665858,1,interior
0.6861044383541752,0.20405496358847197,1,interior
0.543766147566892,0.2984750730039711,1,interior
0.5712374085823326,0.21876824789298072,1,interior
0.6714455315011991,0.19763316928385474,1,interior
0.5411698223051798,0.25947176940005195,1,interior
0.7143386559889299,0.22385622474170472,1,interior
0.733392479137866,0.29761574340216473,1,interior
0.6471170578557233,0.19258778043270375,1,interior
0.7201045651073168,0.22833630619796194,1,interior
0.7201419617551622,0.23989949509056638,1,interior
0.5540381847756343,0.3363838570556186,1,interior
0.6989726460147556,0.34258274448448167,1,interior
0.5375148050358354,0.2763351673204377,1,interior
0.6079268789959337,0.2066661362635918,1,interior
0.735078578829599,0.29042983527800037,1,interior
0.7254104320893036,0.2800659931579126,1,interior
0.5606082922873383,0.22609425353726104,1,interior
0.7220055985878133,0.23836361260429467,1,interior
0.5506121124295218,0.3344379065956443,1,interior
0.7312624441274499,0.28234490256651923,1,interior
0.5432736962061514,0.2563504929788353,1,interior
0.6988937537132132,0.20892341955466331,1,interior
0.6901059584950323,0.34414284693969516,1,interior
0.713789961656271,0.32373328271890156,1,interior
0.5994151136391214,0.21020302135731725,1,interior
0.7002205210939346,0.34025770049449133,1,interior
0.7319585386542322,0.3084017567411802,1,interior
0.7134899920165881,0.3208931689686002,1,interior
0.5490111599828017,0.23996771734407876,1,interior
0.7235832169811194,0.2396467492557833,1,interior
0.7332179568511007,0.29203687966653535,1,interior
0.5497307530885301,0.3289608239629975,1,interior
0.6855638300669566,0.3534646625710062,1,interior
0.7258365311267121,0.250634167489578,1,interior
0.5804144434288975,0.34889877392031526,1,boundary
0.5481482936804284,0.3132182220913499,1,interior
0.6384260415326308,0.19198599598247032,1,interior
0.7188935377125744,0.23528994447215018,1,interior
0.5653617754914234,0.22743044833497994,1,interior
0.598444266876043,0.19952993101804814,1,interior
0.5455943435894653,0.29818026742851855,1,interior
0.7185936476597714,0.3199451729806346,1,interior
0.6709132950568995,0.19492074465086515,1,interior
0.5486247709853427,0.24343828622996744,1,interior
0.7326059311547748,0.28697329144283856,1,interior
0.7345928945721842,0.2832020654688708,1,interior
0.5474873376966425,0.2504951230184251,1,interior
0.7288162848477026,0.2593537438326386,1,interior
0.559269385533198,0.2312004379415824,1,interior
0.5851981309953506,0.20706407191539783,1,interior
0.7334511749951319,0.26975257259307006,1,interior
0.5515955476789072,0.2438863046459269,1,interior
0.5906681843752318,0.2088716882278119,1,interior
0.6919196827941264,0.35418887598925397,1,interior
0.5522587337507411,0.32465206186709256,1,interior
0.7128514591270603,0.32822193775795194,1,interior
0.6992114960890922,0.3462098721973315,1,interior
0.6321722339378971,0.18168801589507727,1,interior
0.5468907321952889,0.31749972422744893,1,interior
0.6012471374519103,0.19464117304379594,1,interior
0.5498281696349008,0.23776774553995547,1,interior
0.5931542320809968,0.20074313855785889,1,interior
0.6797514768134686,0.19626004704278674,1,interior
0.6883811944419377,0.35323190705533725,1,interior
0.6667722450582247,0.3532953322401415,1,interior
0.7244311059278962,0.23779694662044695,1,interior
0.6667126279514407,0.19817472214791845,1,interior
0.6816570862611503,0.19359568208445047,1,interior
0.5413944618259292,0.261083430244276,1,interior
0.7122146188780131,0.3239669037882773,1,interior
0.5584212860485218,0.33657356497930685,1,interior
0.6701660576367805,0.35400594792815615,1,interior
0.650408218496788,0.19528037452603839,1,interior
0.6580501233081067,0.3554080408023443,1,interior
0.5581901009595304,0.22842302997263667,1,interior
0.673286977148477,0.35278515747059175,1,interior
0.5568211554007189,0.33543367347975284,1,interior
0.6921794267428931,0.208435036109333,1,interior
0.6638918408387343,0.3516785197216965,1,interior
0.7345661213408136,0.28513883165749176,1,interior
0.6973115223683352,0.20810366134393088,1,interior
0.6708515982506852,0.20263928640482026,1,interior
0.549233624813252,0.31995949385414296,1,interior
0.6947013160395348,0.3477610651096241,1,interior
0.7069826580205583,0.329123252106584,1,interior
0.5720688158495102,0.22069259947652922,1,interior
0.704641661404975,0.21647512640465408,1,interior
0.5979453546803288,0.20531561693115918,1,interior
0.5544017583591905,0.23564303898790342,1,interior
0.7131006698595573,0.32648277550560123,1,interior
0.5966442266465152,0.20031108986339352,1,interior
0.5934296684160216,0.20512290395257626,1,interior
0.6323979251721343,0.17897898712458649,1,interior
0.5429263892906773,0.3058931511884608,1,interior
0.719565031167425,0.2373060645863453,1,interior
0.7041062449877111,0.3352775159579374,1,interior
0.541841141050073,0.30398340056727347,1,interior
0.6075277093394479,0.20509779203571601,1,interior
0.5367251368972908,0.27283895215201137,1,interior
0.5468784913588964,0.30171188230821383,1,interior
0.5439083145660575,0.26399874783141686,1,interior
0.5747237826545537,0.3446661656114178,1,interior
0.7088788255242707,0.32729459671845246,1,interior
0.6970458995682165,0.34269054097512763,1,interior
0.7093736841578785,0.21948997596209927,1,interior
0.7286804861149542,0.24521153807505558,1,interior
0.5785405561667036,0.3497892006870273,1,boundary
0.6688586333904734,0.19661828042586413,1,interior
0.544679316896335,0.31906770499044657,1,interior
0.7018497412041667,0.3474613680135151,1,interior
0.7192506129728883,0.22961682525466567,1,interior
0.6040618789470347,0.19092746747357486,1,interior
0.5521114419443013,0.25765848589738377,1,interior
0.5481159889566194,0.24500151871581097,1,interior
0.6837868693391577,0.35269729344621364,1,interior
0.6112525842119407,0.19087730359171545,1,interior
0.7019071888467704,0.21560521682617848,1,interior
0.6605531029960431,0.19384050562452362,1,interior
0.5489189398529147,0.2573164276283222,1,interior
0.6415663075018145,0.18946468029798075,1,interior
0.657156494602883,0.1944640470106079,1,interior
0.7011636373770747,0.34601450200761347,1,interior
0.7265607870774698,0.2433469498135899,1,interior
0.5595159542214806,0.24854428426311345,1,interior
0.6655571521194948,0.194154172330609,1,interior
0.5424118956710323,0.26238213282459644,1,interior
0.5416010753658349,0.27123936259343584,1,interior
0.5527306070090996,0.24203127718757333,1,interior
0.6687332479148892,0.19849873892352643,1,interior
0.5581166516723844,0.3346025632229386,1,interior
0.5787139095740341,0.3469989709377853,1,interior
0.7350862026163134,0.26363696556358196,1,interior
0.7356274727174023,0.2724664257118407,1,interior
0.6503901709611791,0.193069102298093,1,interior
0.5853464623767933,0.2131564167767668,1,interior
0.7010765271997581,0.34311342081933666,1,interior
0.7035877276872746,0.33692304911701426,1,interior
0.6010971762548276,0.18805609659203631,1,interior
0.5651748141814246,0.34437182712470127,1,interior
0.5733975224918779,0.34368970035259244,1,interior
0.5638860985118479,0.22182076118945643,1,interior
0.593059320210903,0.2027368352495686,1,interior
0.5506975090650423,0.3238955914878318,1,interior
0.5613371575028608,0.34334933733665246,1,interior
0.6777772831110058,0.19645272621398105,1,interior
0.662637706704015,0.3531943428184234,1,interior
0.5555418721456842,0.23075170568759018,1,interior
0.6520518932183986,0.19506878974521463,1,interior
0.6942467428250393,0.34620497405284334,1,interior
0.6487957263384106,0.1936018556143763,1,interior
0.5758781918601904,0.3506134673254329,1,boundary
0.7034137322093698,0.3481251765763716,1,interior
0.6640985048304862,0.3542888324150521,1,interior
0.646720725326782,0.1941131883802849,1,interior
0.6967631478440808,0.3479627507894696,1,interior
0.7346304216062253,0.2955367231355769,1,interior
0.6367693872284975,0.1862992390149623,1,interior
0.7148988526920163,0.3291682916023242,1,interior
0.5474985879211295,0.32071834245103664,1,interior
0.674351116100724,0.209000523597387,1,interior
0.693233305229158,0.2058623521536374,1,interior
0.6060653032120021,0.2044593698481064,1,interior
0.542800769912983,0.254814186760279,1,interior
0.5411534102334876,0.2571462185792342,1,interior
0.6423365680903272,0.18682503266209063,1,interior
0.6743255313450555,0.1982596656086855,1,interior
0.5723922037607913,0.21752165262834847,1,interior
0.6471015789102914,0.18985629995671313,1,interior
0.5533709784159132,0.3218640235668461,1,interior
0.7291212994282278,0.2532205590341352,1,interior
0.5775321366082992,0.3439900956963979,1,interior
0.5459615221451444,0.32090727933195645,1,interior
0.5717662720245407,0.34450237179647514,1,interior
0.683644712289803,0.3569381854805919,1,interior
0.672131312031967,0.20136566008402784,1,interior
0.733525436576968,0.2997792079737002,1,interior
0.6640620125196812,0.3570345693848639,1,interior
0.5489547693267719,0.3253630740382317,1,interior
0.7079822420890557,0.33642313729287454,1,interior
0.7344661849993,0.26565992244243136,1,interior
0.6731953725367958,0.19676880566893012,1,interior
0.7130720181564623,0.2213329072266957,1,interior
0.7056143944647861,0.34935693541077717,1,interior
0.7175231901413968,0.22655490284978677,1,interior
0.5629497708758996,0.33512825352362535,1,interior
0.717259418064668,0.32216955017115073,1,interior
0.5555770491356925,0.23247325404259697,1,interior
0.535615065598016,0.2755474192585124,1,interior
0.5591713840244136,0.2518340205358317,1,interior
0.7312610396581087,0.3056773600707511,1,interior
0.6378120707142657,0.18471811034585364,1,interior
0.7363679671628496,0.26788770029708425,1,interior
0.532869013502379,0.27454692084995524,1,interior
0.5416111124743257,0.26410329164200597,1,interior
0.6129273039775273,0.1906456761207319,1,interior
0.667997388648763,0.19478979144797082,1,interior
0.5539700158692045,0.23294332667974177,1,interior
0.7355581281791201,0.2742808218591231,1,interior
0.6834189061398219,0.1943500111899943,1,interior
0.7225185070841088,0.2421144879649595,1,interior
0.6732133157034762,0.19491972983749484,1,interior
0.550306857114918,0.2428841097285836,1,interior
0.6541440367935843,0.19519703245701442,1,interior
0.6753458551830905,0.35458206098528977,1,interior
0.725461939084271,0.2420807264162581,1,interior
0.7308640099481118,0.24853323938800692,1,interior
0.735314724186138,0.28739284380081465,1,interior
0.7334384374177775,0.28211697590467505,1,interior
0.5418205494079756,0.2742877945451169,1,interior
0.6123180310875113,0.1891972759659062,1,interior
0.6408339100065378,0.1877415964027943,1,interior
0.546720224452094,0.3107524847128812,1,interior
0.7334099322754778,0.30171269461113365,1,interior
0.5940680990020338,0.1986704249631582,1,interior
0.5474470231752125,0.23932856717484705,1,interior
0.7369001387202775,0.28279821137570754,1,interior
0.72372535410279,0.24420635518390674,1,interior
0.7345506161679025,0.28101746517780807,1,interior
0.5491659653846629,0.3235480480251311,1,interior
0.7372974539464856,0.27482941618149315,1,interior
0.5509293145440787,0.2506619748155419,1,interior
0.5365262228607345,0.27130665736528753,1,interior
0.7212816520927335,0.3105460124902484,1,interior
0.720021787249217,0.312924565176784,1,interior
0.5508038569056003,0.23472358939839294,1,interior
0.7112340263378648,0.2165637920428919,1,interior
0.728538671120009,0.251003108278515,1,interior
0.5454007233940741,0.3064956725390932,1,interior
0.5530398673074723,0.3348190746352429,1,interior
0.7353177166433784,0.29227462794644604,1,interior
0.5570558764533109,0.22592984371518543,1,interior
0.721107375106033,0.22614646507563863,1,interior
0.5557480542176719,0.23478305413206577,1,interior
0.5487880387999291,0.3364457595118647,1,interior
0.6797794488797578,0.34995459675775376,1,interior
0.6663769848123949,0.3559814418751821,1,interior
0.5744335685321885,0.2154964746623193,1,interior
0.7021422131266749,0.3386957416060597,1,interior
0.5431305396580102,0.31150923798898483,1,interior
0.6406409637177327,0.18617376455675352,1,interior
0.7065363584717459,0.21483549799703577,1,interior
0.5452420153868835,0.278984728875529,1,interior
0.551488972956981,0.33019411290648387,1,interior
0.6206887035303701,0.18709526689363415,1,interior
0.7237516271407701,0.24640130423451367,1,interior
0.7193748907846698,0.32148019951408474,1,interior
0.5394471273499124,0.2692408782971218,1,interior
0.7362076849739898,0.2855748222196696,1,interior
0.5823472379601512,0.21031928332213345,1,interior
0.6970539531600368,0.3463725160420025,1,interior
0.5616414366085849,0.22143650828764247,1,interior
0.5460081073520916,0.30508144062182324,1,interior
0.7261641442972838,0.2386656307806663,1,interior
0.6604124138359647,0.3565972617830818,1,interior
0.662207693964998,0.19444221009538587,1,interior
0.5387721272409003,0.2814162854856002,1,interior
0.7178005845295649,0.22395327912341373,1,interior
0.7311712454851793,0.2780150909095634,1,interior
0.6600169250170217,0.19710127530562105,1,interior
0.7160680776574918,0.3240310664405441,1,interior
0.6595274349043152,0.3550190233452394,1,interior
0.7144969579703492,0.32563074728898206,1,interior
0.6867291124242145,0.3556534758005475,1,interior
0.7298410359772832,0.2556995793916985,1,interior
0.6549425743224301,0.19360265739330185,1,interior
0.5961279321875684,0.1982740086358633,1,interior
0.7170813292840003,0.2345295860412042,1,interior
0.5591724625466501,0.3454775884801318,1,interior
0.7339310734259316,0.3034461825367927,1,interior
0.6388282801974786,0.1834617543196975,1,interior
0.7358460712896028,0.30116469211152014,1,interior
0.6367457162540878,0.18274494424102916,1,interior
0.5384237950220907,0.27766475015378256,1,interior
0.6365211329642552,0.1886114946715119,1,interior
0.6773889000287503,0.20099459940749764,1,interior
0.6788633559487123,0.19300923887227459,1,interior
0.7187891447945561,0.32351615513628085,1,interior
0.5430424742896244,0.28028684081533406,1,interior
0.6345878993614853,0.18225090729119486,1,interior
0.6024128578259141,0.18892053744637324,1,interior
0.6933884865797733,0.3493490899337481,1,interior
0.733482630029692,0.31039649728267804,1,interior
0.7228626828355125,0.30979072791540824,1,interior
0.7373427905747372,0.28426149779633925,1,interior
0.5911543791956678,0.20436055424669608,1,interior
0.7278875617581719,0.3084048986102855,1,interior
0.5427804024662017,0.2970399674880845,1,interior
0.54518464459621,0.31195908357074204,1,interior
0.6587404110703242,0.19345988221820667,1,interior
0.7226902952149934,0.2369552974887708,1,interior
0.5598370259580283,0.3425819218582187,1,interior
0.737226999418618,0.286718106769206,1,interior
0.5422759267290331,0.30098777244384384,1,interior
0.5788003981869195,0.21157926891674952,1,interior
0.7245352724312903,0.30785353622823247,1,interior
0.5901619131636529,0.21035828544676302,1,interior
0.7353821300525049,0.2696363708207864,1,interior
0.6488188099192022,0.19202544909132863,1,interior
0.6276335749355189,0.18404639604279835,1,interior
0.6240747939413668,0.18513937763435007,1,interior
0.5859664193699897,0.21001833240915635,1,interior
0.7205241620107914,0.3196982220733469,1,interior
0.7303685714269206,0.2509902557429948,1,interior
0.5455346345451217,0.3158486999310721,1,interior
0.7111160911611375,0.32845945314601993,1,interior
0.5422364863143991,0.3098408257807934,1,interior
0.5703575722889348,0.21638712383850037,1,interior
0.7048244711313072,0.21379587453752036,1,interior
0.6877457345746465,0.1976478101214512,1,interior
0.5660587975309301,0.21959308366915858,1,interior
0.5391675407588182,0.2592870580929326,1,interior
0.7314254371130988,0.27407953137815244,1,interior
0.6189185171470103,0.18837616423201523,1,interior
0.7218061881665971,0.31438058036947475,1,interior
0.6435923680330818,0.18579713900356232,1,interior
0.6835380387301865,0.19958366426399776,1,interior
0.5720338184943049,0.2152696924850409,1,interior
0.7006391361904268,0.3383293648241427,1,interior
0.5649651349448838,0.3422220500929763,1,interior
0.5912187545082219,0.20073577824759992,1,interior
0.5856507558234294,0.20559492253204442,1,interior
0.548225151426672,0.24696887733104964,1,interior
0.542192217826833,0.3072904020528642,1,interior
0.7358714391650655,0.28888576371012953,1,interior
0.7091741734090536,0.32910522631459904,1,interior
0.719612928205646,0.3075546201621561,1,interior
0.6042423297923905,0.1865403182500033,1,interior
0.7038442632364327,0.33942596802609276,1,interior
0.6940853703270341,0.35452624197698435,1,interior
0.6770586798943053,0.3176201271865791,1,interior
0.6438387141379424,0.18744329938113888,1,interior
0.7216431132708097,0.3126220830086933,1,interior
0.7264265052725206,0.3098388266909797,1,interior
0.7358046385463736,0.27832991669731344,1,interior
0.5994542602346541,0.19175541223889883,1,interior
0.723639937585104,0.23515710322273378,1,interior
0.5961033002567614,0.20885255832788105,1,interior
0.7256066924295753,0.24037295079727955,1,interior
0.7276122820600065,0.24814231136577888,1,interior
0.6848059148228772,0.19567361698485358,1,interior
0.6918147688238433,0.3567014875939227,1,interior
0.7363259895693541,0.2663661679905637,1,interior
0.5686743881399159,0.21571897806126275,1,interior
0.5358604937465236,0.2809180840973676,1,interior
0.6987471947019906,0.34824696509382524,1,interior
0.5532089841033615,0.2343481735732804,1,interior
0.720412097134797,0.3232579972484097,1,interior
0.5674288984302726,0.34390569137451266,1,interior
0.7139982472864626,0.22723484090602777,1,interior
0.735683102278348,0.2939282365345442,1,interior
0.6097320701006381,0.19114390210255244,1,interior
0.738651986024737,0.2858779115259299,1,interior
0.5616608029203494,0.3359866840449688,1,interior
0.5725247960444837,0.34706438050419325,1,interior
0.7249109322361832,0.31003581325498497,1,interior
0.7261383695678334,0.28235513808460466,1,interior
0.7239646934020003,0.311846234930218,1,interior
0.5984839828556162,0.18991160563198753,1,interior
0.7330483421693472,0.2596153946108813,1,interior
0.6581779099694873,0.2003154148728691,1,interior
0.7358954828979956,0.30316870667459633,1,interior
0.5450423233494553,0.3079918159161289,1,interior
0.5513954527569966,0.3362196248161906,1,interior
0.662282886400673,0.35604382257582573,1,interior
0.5617864941684734,0.22362176266205894,1,interior
0.6054439300126431,0.18875589478234103,1,interior
0.7072690573281221,0.3307674700403764,1,interior
0.6989326950227279,0.20670570300373683,1,interior
0.5390304405223643,0.2674474778321225,1,interior
0.5942488869465553,0.208400530213125,1,interior
0.6714253503260537,0.35599220498848594,1,interior
0.5401045416125779,0.2626802095106422,1,interior
0.7210762726404468,0.2350988881679099,1,interior
0.7372233991342577,0.26989530699126446,1,interior
0.5400932756163023,0.266265830129712,1,interior
0.7147105620395433,0.22175522984500406,1,interior
0.7375195726535304,0.29038208907618146,1,interior
0.599814795510763,0.19882266905385387,1,interior
0.70722228422915,0.3349381992507827,1,interior
0.5461321403701571,0.2483283592279339,1,interior
0.5404625039075648,0.25553043518025453,1,interior
0.5331804652822294,0.2804512478700072,1,interior
0.7262459434133222,0.2545441438457468,1,interior
0.6647999616740365,0.3485817182627213,1,interior
0.7362166178384454,0.2978387582765454,1,interior
0.5953397188204558,0.20672314798030653,1,interior
0.669885851907486,0.3561179051097555,1,interior
0.5997631961985167,0.18888519609968804,1,interior
0.7021220415584264,0.3448187982750685,1,interior
0.722423705462717,0.31854847557788635,1,interior
0.6858582356528997,0.198393527582497,1,interior
0.5436241125544586,0.3143916827943602,1,interior
0.5350800780151335,0.26914631995953914,1,interior
0.7326038513967492,0.26195397124737296,1,interior
0.7267233161236283,0.27476697392998795,1,interior
0.5411441386264012,0.31162258092866235,1,interior
0.7038559718585119,0.3409917303950365,1,interior
0.7366154734512328,0.2951734161840811,1,interior
0.5735860809170332,0.2141745237689309,1,interior
0.6628989930725693,0.193019257586851,1,interior
0.7403878743429783,0.2910627036454703,1,interior
0.6901255342001986,0.3548982123793179,1,interior
0.657039982286757,0.3566539622557907,1,boundary
0.5916600294101604,0.1986679397844087,1,interior
0.597431207411881,0.20714941947469792,1,interior
0.5463549090570896,0.3230240098340429,1,interior
0.5887162844540719,0.20426744040166248,1,interior
0.7238006671739144,0.24124647064335958,1,interior
0.7292445659980529,0.2790342530837092,1,interior
0.7305469640698666,0.25714207129765143,1,interior
0.714533524884868,0.21984331998117748,1,interior
0.7351197196816148,0.29963050566028326,1,interior
0.6999196946825377,0.20505282276617684,1,interior
0.5586373356989257,0.22677772691460762,1,interior
0.616040648785373,0.1883104185522749,1,interior
0.7114764881488665,0.21966537648896697,1,interior
0.7366225584383124,0.27131810965048214,1,interior
0.6383386179671147,0.18127905312335632,1,interior
0.5349940978216973,0.2773587555790754,1,interior
0.6252614824403206,0.18331739197893415,1,interior
0.7133261994799011,0.21677061844214654,1,interior
0.6270455463516794,0.18161633528920834,1,interior
0.5401498592520636,0.28515607219509126,1,interior
0.583201575683246,0.20861607014750175,1,interior
0.7200430101769418,0.3257464271234271,1,interior
0.738538436269933,0.2885887165201749,1,interior
0.5497450239073878,0.3381638351910524,1,interior
0.7322907411328082,0.2581361990362727,1,interior
0.6793328758346793,0.35670821508565037,1,interior
0.5541826238815463,0.33903826205254717,1,interior
0.7164402573982737,0.22041171374001003,1,interior
0.7385518145261764,0.2731226434783842,1,interior
0.6897025222052944,0.2006248614561663,1,interior
0.6883133471697898,0.35729390820363843,1,interior
0.6669982744387419,0.35891836196210863,1,interior
0.7291641379489879,0.29217052345175637,1,interior
0.5486840299873735,0.2360293218541114,1,interior
0.546075482522527,0.2510847179301809,1,interior
0.5493384378796756,0.2340460806137628,1,interior
0.7183990715269154,0.325152403829829,1,interior
0.576251545204348,0.2115225179029039,1,interior
0.7034063036447603,0.2122137323039967,1,interior
0.5468760090951591,0.3246739991593134,1,interior
0.73936421537771,0.2941323390734497,1,interior
0.6906821198385812,0.20312041232613148,1,interior
0.5585478929352593,0.22515087097137282,1,interior
0.7366967795219077,0.2642035153731809,1,interior
0.7238307535900015,0.3157614871012968,1,interior
0.7390469117539854,0.2924220249184149,1,interior
0.5652097474375979,0.34617522242130305,1,interior
0.5430437605449796,0.31680180090241,1,interior
0.7119269556055166,0.3300571960185956,1,interior
0.6768736503826474,0.357640822400984,1,interior
0.6657968861119379,0.35751448461011337,1,interior
0.5869742052587177,0.20751779702351775,1,interior
0.5424583437209995,0.29924691253244723,1,interior
0.7164173170102173,0.2230470605765094,1,interior
0.6908620824713755,0.3463972462933777,1,interior
0.6060340655221649,0.19062592541651896,1,interior
0.6695087131477074,0.19413939392465723,1,interior
0.6108351621053061,0.1881632139730693,1,interior
0.5386231366984896,0.2658707880311685,1,interior
0.6749781461605778,0.3565164633800329,1,interior
0.7275045099373547,0.3116700689553513,1,interior
0.6819501620222408,0.3582913368431489,1,interior
0.5443112593151664,0.2487680797914651,1,interior
0.6985738636668011,0.35088068325807603,1,interior
0.7071657059365524,0.3377853865892261,1,interior
0.7136807813219688,0.21852024932482506,1,interior
0.7211196867180867,0.32139651163681227,1,interior
0.6002256242304521,0.1931627154145504,1,interior
0.538838448584936,0.28744949786381585,1,interior
0.5527770037288701,0.23182116642841505,1,interior
0.7003843070864191,0.2093157970940732,1,interior
0.5635705457313351,0.34503524052372364,1,interior
0.6649438416438042,0.35908091512784224,1,interior
0.6527658858104006,0.19362899872856476,1,interior
0.5920037396745361,0.20745764765078353,1,interior
0.6354990038840657,0.18092179055473434,1,interior
0.7342027787574192,0.2581831285996501,1,interior
0.7103749165577125,0.2228414181688851,1,interior
0.7389401431766776,0.27075948147970574,1,interior
0.6967908660782314,0.3544761376304932,1,interior
0.6343033016135607,0.1785858307070667,1,interior
0.5976250890881998,0.19775405353847172,1,interior
0.6761683116818166,0.1972780723093209,1,interior
0.5546733234251315,0.22918342510072612,1,interior
0.5467184887170465,0.3366806327110198,1,interior
0.5604150565177718,0.22452561446079722,1,interior
0.5474611469360161,0.3305131170776827,1,interior
0.5340938415091043,0.2734611235203473,1,interior
0.7117875484099933,0.2181240292878688,1,interior
0.5916943289250695,0.1962222637584954,1,interior
0.6450566087769508,0.18473000026986058,1,interior
0.7339984216946351,0.27868945468167294,1,interior
0.5470741829414051,0.24370109243328364,1,interior
0.5528730330247451,0.3378837209354264,1,interior
0.6305872848374041,0.1825279935707484,1,interior
0.725911960217663,0.3160743303817642,1,interior
0.6144298016400498,0.18854651811384618,1,interior
0.685222648635874,0.19303900447203573,1,interior
0.5365470571485051,0.28251741542859754,1,interior
0.6958385316332342,0.35001067890141874,1,interior
0.7411370079766175,0.2890125335612216,1,interior
0.5476427606598004,0.33426485980551307,1,interior
0.7370308547456147,0.29315672085695127,1,interior
0.7306963248232388,0.2447063625098313,1,interior
0.7344409770901187,0.26103031471545307,1,interior
0.6977090511731773,0.2099957752073061,1,interior
0.596408824609888,0.19629494154759064,1,interior
0.5985134191054885,0.19329689724846713,1,interior
0.6727522200800333,0.1930422560799917,1,interior
0.5520494403232629,0.23326904504581122,1,interior
0.7407079296869198,0.29339992275502635,1,interior
0.5380355402040158,0.2551724110421015,1,interior
0.6421449835527926,0.18425332029102343,1,interior
0.688781386682672,0.1988639843002708,1,interior
0.5590059180401954,0.2231385022099083,1,interior
0.5498072785225953,0.3328948678975119,1,interior
0.533921194509652,0.2822609664920476,1,interior
0.7228887767147232,0.27252460606389356,1,interior
0.5638472572509959,0.34116701566510566,1,interior
0.7314489914090849,0.2634496574225787,1,interior
0.7365169104327843,0.26205422728944805,1,interior
0.7096168774150873,0.3387225113310093,1,interior
0.5335085993122344,0.2761484709976327,1,interior
0.7156219156141231,0.21842580553861518,1,interior
0.7322291066285704,0.25661718954774426,1,interior
0.5505349408596243,0.2397500009493565,1,interior
0.7434737380684705,0.2904123330270783,1,interior
0.5995711593862736,0.195443481118397,1,interior
0.5481742297082608,0.3319106770901212,1,interior
0.7025930624917202,0.2084456613099304,1,interior
0.6453011025258637,0.18626606488604322,1,interior
0.7221955227543344,0.3166064715002737,1,interior
0.7157422786050655,0.21578086562991983,1,interior
0.6642013765782624,0.35009577440326867,1,interior
0.5757216669883749,0.20903283698850486,1,interior
0.7205189243351129,0.24403851074404528,1,interior
0.6739303185714602,0.19987314434336606,1,interior
0.5438199821763775,0.3234467444621546,1,interior
0.7063672431051485,0.21644119120997463,1,interior
0.5783087764581178,0.20825176457437264,1,interior
0.7388306342138127,0.265107579967023,1,interior
0.7332713229922407,0.2736224676116765,1,interior
0.708398494276116,0.21344270956069186,1,interior
0.5703649575310078,0.3453959687895426,1,interior
0.675510231140457,0.1955401441289322,1,interior
0.5525627348915517,0.3313491787177207,1,interior
0.580252128636183,0.209413279477209,1,interior
0.5754877466179222,0.34619446885885397,1,interior
0.6959924222849317,0.35176418350191296,1,interior
0.7252620525928489,0.3193335349639792,1,interior
0.7324177241124313,0.24924978971921363,1,interior
0.7262893649841691,0.31272661665890944,1,interior
0.5886303472285614,0.20608224653967178,1,interior
0.5418475797755331,0.24923901291657666,1,interior
0.7255112783515113,0.3143416796133633,1,interior
0.7346253565683539,0.30507166340989705,1,interior
0.6590679154895442,0.1918759607410718,1,interior
0.7209446401338794,0.23040411816770354,1,interior
0.6681132444800882,0.35446152191966535,1,interior
0.5410114997383819,0.2529018256219394,1,interior
0.7386794582502239,0.26911420674165554,1,interior
0.6679636483754718,0.3560288530201361,1,interior
0.5343331532082795,0.2793886867957118,1,interior
0.7028070730168934,0.34227108128420486,1,interior
0.5407216204804476,0.29664453789510925,1,interior
0.5413000497348796,0.2834377771786874,1,interior
0.7018179487753617,0.33292049893269954,1,interior
0.7049546137047517,0.21010002675226203,1,interior
0.5404793903661556,0.3016634760285824,1,interior
0.7201251955511146,0.22417661953755613,1,interior
0.5408653397804978,0.3062854013078634,1,interior
0.5558903808318938,0.3286047126852823,1,interior
0.722472287112903,0.22451721628010937,1,interior
0.7313906240319149,0.2522234866560827,1,interior
0.5407070524541389,0.30825051633693623,1,interior
0.7196126860340674,0.2329722233424927,1,interior
0.5427449989770384,0.28727767940329346,1,interior
0.7369730917889775,0.29977415701306254,1,interior
0.7045650050936308,0.33808918773127067,1,interior
0.590594162267743,0.2060734173989953,1,interior
0.5947600485794805,0.19717296265641576,1,interior
0.6497860876025997,0.1905091805203003,1,interior
0.5942603671238409,0.20383509284475243,1,interior
0.5451177174323069,0.3173506971363678,1,interior
0.5377712781860108,0.26935144911234615,1,interior
0.5449821801716813,0.3336856940165905,1,interior
0.723593316429568,0.31748667654339613,1,interior
0.5977412703302025,0.19188622882110637,1,interior
0.5981410282413647,0.19622097620840626,1,interior
0.6374552140953494,0.17915955407816067,1,interior
0.7024551605411877,0.21029960985944096,1,interior
0.5404958394793009,0.30007082284451203,1,interior
0.6465739063709831,0.18825229724510828,1,interior
0.6084560972393783,0.188704834348019,1,interior
0.7177349253514579,0.21906904018939563,1,interior
0.5736023991729734,0.34595173437036264,1,interior
0.5423420670848349,0.2934567515792412,1,interior
0.6038758856824571,0.1880166793671739,1,interior
0.6971770913320664,0.20579970931545757,1,interior
0.5691163646687957,0.2242847393193434,1,interior
0.6693057792723737,0.1925151584095063,1,interior
0.6490844690845959,0.18791916256303604,1,interior
0.540540250969222,0.2504291298351229,1,interior
0.7079025886147504,0.3331838437441799,1,interior
0.573602264703476,0.20939593604043735,1,interior
0.5515116077216786,0.2302293002338521,1,interior
0.6835541724370006,0.3588518228133807,1,interior
0.6171941477815857,0.18711965533925212,1,interior
0.5883678259827496,0.20884940397801868,1,interior
0.5956935351706304,0.19480816523016178,1,interior
0.7252473070090872,0.3175676597007268,1,interior
0.6510517838775095,0.19159883469711195,1,interior
0.7419581243233352,0.29098941715485865,1,interior
0.6847600367842657,0.36016290510063503,1,interior
0.6799983973148246,0.3590146009061595,1,interior
0.6665053118266763,0.19280217697296617,1,interior
0.6196919368633785,0.1848183788314171,1,interior
0.6298255581509944,0.18080436719145454,1,interior
0.645073041501586,0.18869002780661587,1,interior
0.6830026453468309,0.3603552903154905,1,interior
0.5479093058750772,0.2375813672643083,1,interior
0.5439557520521312,0.33694449427541023,1,interior
0.7423604571005289,0.2880630766682208,1,interior
0.5393102896112892,0.25311960485937435,1,interior
0.6939367963360451,0.35294351765799303,1,interior
0.7390627952904018,0.2902015035658419,1,interior
0.6994064382120262,0.35218851926340444,1,interior
0.722580299076676,0.3223427223789296,1,interior
0.5514216607270946,0.33236200682545103,1,interior
0.5417748485335522,0.2919897593958297,1,interior
0.7384485936335364,0.2675790319227,1,interior
0.5515136663109678,0.3396645664576498,1,interior
0.7207799167405698,0.23196204989910224,1,interior
0.5386598995845703,0.3020978919402386,1,interior
0.7389813662545908,0.2958647549506072,1,interior
0.7234767866013357,0.313476866138434,1,interior
0.5919545866295471,0.19333769150264937,1,interior
0.5453317651873917,0.3357176509825446,1,interior
0.5504524201957846,0.254211026188239,1,interior
0.6399006893353357,0.1847148512212851,1,interior
0.6405786120536856,0.18135570572805151,1,interior
0.6657067727734499,0.35451002820052463,1,interior
0.6309368050809538,0.17973899750655847,1,interior
0.5501254258087436,0.2319191037936014,1,interior
0.7388650421248614,0.29842132211050504,1,interior
0.7332598330097034,0.27545597845708764,1,interior
0.6022122426953053,0.1852712265742997,1,interior
0.5365937063019566,0.28499558144437936,1,interior
0.6067508463508634,0.18780541385098476,1,interior
0.6880819864601863,0.1960914595353837,1,interior
0.6358235072372386,0.177642780669572,1,interior
0.5668743427818279,0.2179453844256306,1,interior
0.6786224942928576,0.19506189559061282,1,interior
0.5437959827160301,0.30888379535048305,1,interior
0.6160156133447336,0.18492840265391056,1,interior
0.7116651953179801,0.21471510259164925,1,interior
0.5395880094967302,0.2577406140037385,1,interior
0.7244954920436425,0.22583453089798025,1,interior
0.5404210591282599,0.29402052738709794,1,interior
0.7324868871083902,0.2833194317767021,1,interior
0.5901732334242618,0.20311793039728526,1,interior
0.5460257155529481,0.23655670775944707,1,interior
0.741365619507094,0.29498398928975017,1,interior
0.6369667071220391,0.17487014938545994,1,interior
0.5708181972084416,0.3470652941656162,1,interior
0.7242428752884222,0.22761556116284673,1,interior
0.6098517914394391,0.18936304603945223,1,interior
0.634050759549121,0.18036224500587827,1,interior
0.5388487752415974,0.2831457495206653,1,interior
0.7069938591622156,0.20922549483545944,1,interior
0.6181122465419099,0.1850374306491027,1,interior
0.5563114475640987,0.338290828288546,1,interior
0.7066533600983411,0.21247864004450778,1,interior
0.5609317085781331,0.34569651829974934,1,interior
0.6933544333782057,0.35708175499880956,1,interior
0.7237546412420727,0.31976199505564,1,interior
0.7338351934089146,0.25121435782185,1,interior
0.5457634698441978,0.33224801143844923,1,interior
0.6835764637302906,0.19257647305455106,1,interior
0.6708817385352039,0.19285580189619303,1,interior
0.7249903142069284,0.23613597671028572,1,interior
0.590385433925459,0.1970416052942175,1,interior
0.7287252350858614,0.257290560883105,1,interior
0.7220204600091239,0.32386816129873475,1,interior
0.6289971132534565,0.1822833443403379,1,interior
0.5403159153786681,0.2907445644866168,1,interior
0.7217704170445287,0.22903764994615838,1,interior
0.531739108300702,0.2758130700437764,1,interior
0.7014109260900088,0.3415569323412322,1,interior
0.5483629605559552,0.3275215821399375,1,interior
0.5563542495795204,0.2280555301751906,1,interior
0.7204081042395388,0.3284085112493687,1,interior
0.678537309289392,0.35977790465816245,1,interior
0.7248997146967924,0.3217810373579516,1,interior
0.5959028277313632,0.19282996235962904,1,interior
0.6437964645206078,0.18327136887637227,1,interior
0.5330628965077839,0.27127657955451767,1,interior
0.7148174330964051,0.21707866369790454,1,interior
0.5420309067144129,0.2954265180649822,1,interior
0.7310121850164865,0.27557522035338927,1,interior
0.7368361467372178,0.28043750117972516,1,interior
0.5692681772310695,0.2141526620045455,1,interior
0.7380811945420684,0.3022419568701495,1,interior
0.736685028229191,0.3059344845376525,1,interior
0.5380722266323292,0.30047832326404916,1,interior
0.7357365691177604,0.27671180417911156,1,interior
0.5331726168827275,0.27796200509877783,1,interior
0.6731199295162853,0.1905951628097055,1,interior
0.6357596854321037,0.17926464379971707,1,interior
0.7329734833032556,0.25299208380946503,1,interior
0.7205021179501896,0.31595108965126883,1,interior
0.7173540952198066,0.21402827786590356,1,interior
0.542621709960907,0.31299699440092893,1,interior
0.6864080317583746,0.1949832531301991,1,interior
0.7010343307682638,0.20680843067638327,1,interior
0.6948090345253431,0.20429206135730965,1,interior
0.731253418711031,0.27256521656682364,1,interior
0.7301830203441043,0.2586461117679582,1,interior
0.6439477980940758,0.18129001008071563,1,interior
0.7046327896469596,0.34569546924208056,1,interior
0.6308246755583592,0.1781585572998745,1,interior
0.542146473489602,0.3333033561898047,1,interior
0.5715108510525323,0.2130627478561284,1,interior
0.5746871453982783,0.3475421286661061,1,interior
0.7271311577614175,0.3210375775761759,1,interior
0.5481241811684139,0.24159447150814667,1,interior
0.7314104904279379,0.2551599361076335,1,interior
0.5413776212734285,0.2981002974884114,1,interior
0.7102731386631663,0.33053588787026056,1,interior
0.5737450676665805,0.21230643652425418,1,interior
0.5391566376877346,0.29230672966836607,1,interior
0.5404156410808469,0.3099504351073919,1,interior
0.737658610359104,0.3072773004651831,1,interior
0.5355203637543856,0.29960474898991135,1,interior
0.6769710184401517,0.19397512189751062,1,interior
0.6372644017897393,0.17672442799051427,1,interior
0.5386758740854382,0.3083259732647979,1,interior
0.7412328674835088,0.2858694996313494,1,interior
0.7006257871130314,0.3484672439957118,1,interior
0.6927243970556765,0.20035959120506922,1,interior
0.733304395697469,0.2468069230895781,1,interior
0.7192332724234825,0.32957959732060405,1,interior
0.7159283948740506,0.3279389357792131,1,interior
0.7272099759283254,0.3185754134920896,1,interior
0.5460978765662023,0.23825936230600542,1,interior
0.7277788043646688,0.23995340753968283,1,interior
0.7417982247071132,0.2714214082146653,1,interior
0.5630282500419599,0.3434738210353386,1,interior
0.575971351731515,0.348977605008601,1,interior
0.6792876278527981,0.35484236892599474,1,interior
0.5983961546691984,0.18741391385551032,1,interior
0.7143199827837526,0.22574475590187243,1,interior
0.5402533407260164,0.28229955372199333,1,interior
0.716939855010244,0.2167295200401231,1,interior
0.5372992960735355,0.25688561314893676,1,interior
0.7346708525940439,0.24983796501801736,1,interior
0.5462020842397559,0.24657253138894633,1,interior
0.7305832573887562,0.2536442140909456,1,interior
0.72209931376097,0.32656214064927014,1,interior
0.7009698692646447,0.3513052799588568,1,interior
0.5341302540114186,0.28433143908567454,1,interior
0.7360202464802537,0.2596643603845291,1,interior
0.7298887633818278,0.31985254762595244,1,interior
0.5744172156256148,0.20799259814869242,1,interior
0.6348148973851099,0.17595034919479485,1,interior
0.7226542820752179,0.22662963023389204,1,interior
0.5512344885657158,0.34183990411240517,1,interior
0.6292204188949023,0.17766114385541068,1,interior
0.5463872271757347,0.3264757658718879,1,interior
0.6588050280060188,0.19018927816900869,1,interior
0.6861477224311073,0.3579370185249784,1,interior
0.5439432665209305,0.3205835792716926,1,interior
0.537815276974159,0.2636356604310634,1,interior
0.7433555582122343,0.2715592235911177,1,interior
0.617232277828906,0.18335780395585508,1,interior
0.6389312752695201,0.17868554222240138,1,interior
0.5772795083131618,0.20953058226347046,1,interior
0.72948336009328,0.30899545521743244,1,interior
0.7310048027954256,0.24624739070353743,1,interior
0.7083997484789544,0.21028086261325726,1,interior
0.5465976885506582,0.31266455937187804,1,interior
0.7272563103138304,0.3140362222059662,1,interior
0.7433771771919573,0.2931138442872228,1,interior
0.7000689770308004,0.3498932663454797,1,interior
0.7048050924159792,0.2082297899990289,1,interior
0.5389871419523277,0.31158147276277964,1,interior
0.7281037088027067,0.24255804161143635,1,interior
0.7063355650250668,0.33965042375969795,1,interior
0.7024907410810676,0.35072594273954555,1,interior
0.7378175051309454,0.2578032589706946,1,interior
0.5454582286366969,0.23997951991636096,1,interior
0.6796130383637685,0.19148629993941443,1,interior
0.5316390160099077,0.27278844677922404,1,interior
0.7098629771659398,0.21440154984000148,1,interior
0.5383033476529834,0.2851461564458579,1,interior
0.6748323945702599,0.19309976153410255,1,interior
0.534663694952585,0.27181553819800863,1,interior
0.5635152544219568,0.21955961758290243,1,interior
0.7093043717523608,0.21191884880572007,1,interior
0.7344576223653527,0.2560798340149081,1,interior
0.5323057664896096,0.28416589425100147,1,interior
0.6816035343282139,0.19193751504666726,1,interior
0.7183625747055961,0.2176528187485743,1,interior
0.6455906137610185,0.18131015480407175,1,interior
0.7387822555889949,0.3002357193004908,1,interior
0.5416389361707437,0.2515183027758878,1,interior
0.6846558721699685,0.35546313374881583,1,interior
0.5399907569603252,0.24858820819059008,1,interior
0.6813890367193612,0.36070392462255635,1,interior
0.5353707278963524,0.2543058843036155,1,interior
0.7168754398470428,0.33074426446293914,1,interior
0.5468437859370932,0.32851988678443167,1,interior
0.7136795819071129,0.21509619198731986,1,interior
0.7439872937743768,0.26949306222364106,1,interior
0.7401561603782875,0.28339860899580366,1,interior
0.6983006711969428,0.35364591215908786,1,interior
0.6555668266249818,0.19190622454815262,1,interior
0.7195526763251849,0.22681949552737599,1,interior
0.7109166149396546,0.21150802737909782,1,interior
0.5375946012730078,0.25273614557605234,1,interior
0.702621105239551,0.20649773205976704,1,interior
0.7364964032053175,0.2516301768776203,1,interior
0.5697885151489166,0.21126338463455596,1,interior
0.5332925568009045,0.2692274356426891,1,interior
0.7043405170044551,0.35047365203371167,1,boundary
0.6739292967002254,0.35764765813963023,1,interior
0.5598532229206302,0.2278152825012503,1,interior
0.6638263745812811,0.19460029780343394,1,interior
0.5454071933563152,0.32774897363183764,1,interior
0.5774228054646171,0.2068080721858356,1,interior
0.5991643205942192,0.19744343047409946,1,interior
0.588691628042408,0.196584976398104,1,interior
0.5725511452293363,0.348806026870351,1,interior
0.6627197058556225,0.3577786974776914,1,interior
0.5390318160745037,0.2511911525516287,1,interior
0.7123964725632037,0.22709351812830322,1,interior
0.5760061131187394,0.20752313368318756,1,interior
0.6477986578290168,0.18700986477449943,1,interior
0.64819472757075,0.18482489234047822,1,interior
0.5900163407168793,0.19873582593159797,1,interior
0.5466220694725105,0.2410675334773085,1,interior
0.5407200758517758,0.31319006086273793,1,interior
0.5572932299896077,0.24721989942454253,1,interior
0.5436779710884758,0.2411347614207467,1,interior
0.6871044383034073,0.35407666101225654,1,interior
0.6644309455477693,0.19166659767347596,1,interior
0.6693502553453942,0.35800789719288695,1,interior
0.738012327533266,0.26324228860120186,1,interior
0.6580922029860188,0.35897270190006814,1,boundary
0.7129144563550622,0.2128588538261186,1,interior
0.7430299457860619,0.2973228592544217,1,interior
0.710547697348371,0.20880513044765667,1,interior
0.5318260286801797,0.2797502671561248,1,interior
0.639413192356153,0.17544149860294067,1,interior
0.7295031687838724,0.2735737870841929,1,interior
0.6058078654467622,0.1865971134293779,1,interior
0.7402592442801539,0.28755102901857427,1,interior
0.5389296227367365,0.29560217761632296,1,interior
0.5892925456285908,0.2074919592014298,1,interior
0.7186074927635423,0.32710303265579227,1,interior
0.6884873985303078,0.19388906481310828,1,interior
0.5389304697685866,0.29920655060182677,1,interior
0.5469181446403266,0.2350830733706324,1,interior
0.5993794337537067,0.18444083713177659,1,interior
0.5875495384157533,0.1984066084258518,1,interior
0.6518594802716934,0.18994641643882287,1,interior
0.6584702790809028,0.357441839895959,1,interior
0.5397304828556205,0.33247748222677576,1,interior
0.7413554483464576,0.300987031285259,1,interior
0.5304031591373396,0.27678533268786826,1,interior
0.5417087656042398,0.32248303695757213,1,interior
0.5555843239071234,0.34089810304140133,1,interior
0.7141704823282581,0.21070158762101723,1,interior
0.7190633526984889,0.2162473206668429,1,interior
0.7199163802701464,0.21329597190072802,1,interior
0.5722265756562309,0.2111623525875519,1,interior
0.7085023369060264,0.2086270947753792,1,interior
0.6693223992782724,0.36028890994005097,1,interior
0.5312237925791614,0.27425980955289675,1,interior
0.7088027712897442,0.33492901240191664,1,interior
0.5301183776207937,0.2717367435674102,1,interior
0.6023087572282969,0.20051907805563218,1,interior
0.5883538826089363,0.19405087054187706,1,interior
0.5631508700763117,0.3483229128819433,1,interior
0.7374176436872725,0.27759254132963784,1,interior
0.6881633787433231,0.3598413785277048,1,interior
0.5380340900082926,0.24999175996459133,1,interior
0.590033747185135,0.19516654770029745,1,interior
0.7151489688214896,0.21386661411568778,1,interior
0.5456761938099782,0.3307137921239509,1,interior
0.5764304522612238,0.34741397171978494,1,interior
0.6513162992418504,0.18827487078700048,1,interior
0.6835944685947558,0.19086971322165838,1,interior
0.6147877225462279,0.1863399823386834,1,interior
0.6653446025235699,0.20600177999396665,1,interior
0.7118645802986229,0.33217989074884335,1,interior
0.6069632212683324,0.18540957127880886,1,interior
0.7273959488378162,0.31683790324970806,1,interior
0.7389843102799036,0.26149458624624783,1,interior
0.6066469806466805,0.18380716391116037,1,interior
0.6847796827807581,0.18851780716188907,1,interior
0.7335928603167097,0.2546245881197056,1,interior
0.7115807284162192,0.20997917285293666,1,interior
0.7198129627060565,0.2189606635952294,1,interior
0.6912140744489288,0.20164122131892617,1,interior
0.7054399135898629,0.3416046349316818,1,interior
0.6749944624481854,0.3592333721217308,1,interior
0.5893166327602753,0.20019346443962172,1,interior
0.5938733842934973,0.21005102614659835,1,interior
0.5739633902647646,0.35092105262115564,1,boundary
0.7080265152236647,0.3406296996120654,1,interior
0.7069021085334509,0.3475376663631572,1,interior
0.7377521093684222,0.2968398743468663,1,interior
0.7278095109152437,0.23833712781485258,1,interior
0.5374678785138883,0.2799237492101391,1,interior
0.5585463645109404,0.34747914326728974,1,interior
0.5445613337966035,0.32209864102323327,1,interior
0.7287049815091814,0.3130339462835727,1,interior
0.6322583749100344,0.17517852733790676,1,interior
0.5605799440023863,0.347887677512982,1,interior
0.566808083859683,0.3464985830638524,1,interior
0.5420767393331719,0.3154925954850425,1,interior
0.5748134271057111,0.21057423202416956,1,interior
0.5453899921116151,0.3252994284556449,1,interior
0.7225212922575776,0.23073711779695402,1,interior
0.7095022407907708,0.3367700261604056,1,interior
0.7049824876449049,0.2118288669369365,1,interior
0.7291930387668341,0.3108058957233693,1,interior
0.5934683173905594,0.19635288057379785,1,interior
0.6241615229227254,0.18092694202405193,1,interior
0.5374635124263744,0.3098157322483398,1,interior
0.7166059972687786,0.3257230438015839,1,interior
0.5583636272410653,0.34136816954712584,1,interior
0.7228575733826246,0.23371892479870773,1,interior
0.7427312977039101,0.28425935254976703,1,interior
0.5483326732668587,0.23255438542168597,1,interior
0.7151441037738351,0.2123160563202336,1,interior
0.7085407310144357,0.2059117187581169,1,interior
0.6289000734348698,0.17916147352977954,1,interior
0.536188227399651,0.3014480399579911,1,interior
0.6212595795008519,0.18347840046342112,1,interior
0.6867186063761332,0.1912086952656435,1,interior
0.7068128232813057,0.2107785779115125,1,interior
0.6507250759342393,0.1860541238524504,1,interior
0.624583267769397,0.19206022170211995,1,interior
0.5422253839629759,0.3244495640144974,1,interior
0.5835416750667399,0.2035384736912744,1,interior
0.5813810768120204,0.2079363996668834,1,interior
0.5342784274835053,0.25652859534291483,1,interior
0.5436567747698644,0.3261369696402195,1,interior
0.7384873617394676,0.28125691158619887,1,interior
0.6769502477913675,0.19171788499093284,1,interior
0.6230927918686181,0.18328899048331557,1,interior
0.7348033579230946,0.2534928546718927,1,interior
0.676189824276944,0.2022692332038399,1,interior
0.7396115629692094,0.27925101914035827,1,interior
0.5522702645219147,0.34343678370332037,1,interior
0.678635667059952,0.36159341977031334,1,interior
0.657455160753698,0.19151116887348524,1,interior
0.7189944369745905,0.2145867618056144,1,interior
0.6114335396337154,0.18641895630431102,1,interior
0.7072640973259062,0.2076231987036425,1,interior
0.5294903487141728,0.2749699741699017,1,interior
0.6941946661083459,0.35075309937531535,1,interior
0.5355613975447281,0.25119871021558415,1,interior
0.5377962209670833,0.2979354239662037,1,interior
0.695334624969347,0.20275158008204966,1,interior
0.6491096825920806,0.18619641848603463,1,interior
0.642281027638767,0.18233301216929146,1,interior
0.6407760667474043,0.1832283624558323,1,interior
0.7315996510518722,0.3121912397017977,1,interior
0.7090660371671736,0.34555313359123413,1,interior
0.6467603921178642,0.18419132611093164,1,interior
0.7401187785736864,0.29950015069105884,1,interior
0.6628553835330819,0.1899041045983754,1,interior
0.7042386585978143,0.20627540482055307,1,interior
0.6712354808343989,0.35779193224297967,1,interior
0.6812146545389527,0.18982404243889914,1,interior
0.5297425273615864,0.2793292896424481,1,interior
0.5365902773583784,0.26729292527801196,1,interior
0.7081345319989909,0.2172384880979711,1,interior
0.7302423881513971,0.31290575498691303,1,interior
0.5966841941073165,0.1868069945942354,1,interior
0.5366995923597822,0.2875527979131861,1,interior
0.6863163551103384,0.36215464876845777,1,interior
0.744042545805367,0.28867247176557254,1,interior
0.6541246508325941,0.19113001134866314,1,interior
0.5387841913175199,0.29078001563627476,1,interior
0.7106625908702408,0.3334328055868891,1,interior
0.7405299780754003,0.2686383783434314,1,interior
0.5451087521189172,0.3135907224185436,1,interior
0.5361150967891589,0.26487697226760354,1,interior
0.7201802058907408,0.22180269187411333,1,interior
0.6058634850972312,0.18132038010757492,1,interior
0.5557865906464797,0.34836747998361844,1,interior
0.7178137599101088,0.3284345644603169,1,interior
0.5364513251315214,0.29698016208321426,1,interior
0.7352384772670835,0.24593042125530026,1,interior
0.6892625398470258,0.361071558478037,1,interior
0.5683199681143365,0.3454265239912937,1,interior
0.5659539214876557,0.21620236587384736,1,interior
0.5872385977560353,0.20345097871308793,1,interior
0.5448299709710743,0.23550659411174554,1,interior
0.54420769073692,0.23724525343070998,1,interior
0.5363213497761601,0.24959476371253791,1,interior
0.6762841962206507,0.3601998976995115,1,interior
0.5445364288304976,0.24623242809940216,1,interior
0.7343462309987472,0.2479361208421483,1,interior
0.7251660900567656,0.23233084878249588,1,interior
0.5424211595666816,0.3210237582678725,1,interior
0.7330639856955125,0.3142301426410042,1,interior
0.7060919039690797,0.20597119913135065,1,interior
0.6960420219700624,0.20135051315004773,1,interior
0.6094720806707089,0.18640588728763016,1,interior
0.542928592846212,0.3349638611878165,1,interior
0.7250932044262218,0.23012779137583583,1,interior
0.7378761601230563,0.30449716141705113,1,interior
0.595816945035274,0.1902605961715275,1,interior
0.5422598160018285,0.24766839242044178,1,interior
0.6885920867770075,0.203798523781163,1,interior
0.7265504078319096,0.23592561135520385,1,interior
0.6840285142676152,0.36221205240992715,1,interior
0.7388778305074534,0.27565456983875997,1,interior
0.7337698994416314,0.30712441455935957,1,interior
0.575282254142656,0.20558646531521046,1,interior
0.7379252650990755,0.2594309268864723,1,interior
0.6187956010116517,0.18672755686914577,1,interior
0.5279223137375918,0.2762329052133391,1,interior
0.653616147967265,0.1895319686830428,1,interior
0.642267341712546,0.1791723017761251,1,interior
0.5572186675977538,0.34637404030132546,1,interior
0.5552825444688881,0.2269577524687025,1,interior
0.5420819609626,0.31882124516500265,1,interior
0.5997695325528677,0.18622453377835774,1,interior
0.7379542459901511,0.2791419610445805,1,interior
0.6610623950139578,0.35863103429235726,1,interior
0.723566370481372,0.22935864669547845,1,interior
0.5387809304038981,0.26184782787480826,1,interior
0.5935561696438111,0.20673365708575583,1,interior
0.53056559680951,0.28116273289685745,1,interior
0.6614284292712728,0.18792940174464273,1,interior
0.7356971987224118,0.30872235064615305,1,interior
0.5483659248612208,0.32204260984807825,1,interior
0.6822774712746662,0.3624615520377779,1,interior
0.6835115592965391,0.3641704830748852,1,interior
0.5556325835332627,0.22494816843206336,1,interior
0.6688399074756852,0.19075664568483897,1,interior
0.6322510781337105,0.1774528307827955,1,interior
0.5506375967091802,0.34333046260096406,1,interior
0.6224202591016612,0.17926559251173485,1,interior
0.7192992687500925,0.22046081834022993,1,interior
0.5533007429617252,0.2283970099084109,1,interior
0.7401759622574592,0.27326556050714,1,interior
0.7017203221069874,0.20444558358083686,1,interior
0.6909274192799838,0.3594128002522449,1,interior
0.7446034163346831,0.29189930172499406,1,interior
0.5344502390497518,0.25825707131011305,1,interior
0.5963683314228277,0.18834435317809442,1,interior
0.5851250359515915,0.20416090799102657,1,interior
0.6130783551089759,0.18764079050174956,1,interior
0.7157330577036335,0.3318547267497073,1,interior
0.7296004889376979,0.24169996705978455,1,interior
0.5509212801323391,0.22779578597216366,1,interior
0.6890568077841431,0.19180590374664577,1,interior
0.6119039624842239,0.18490621736835056,1,interior
0.652589710226947,0.19136367773010224,1,interior
0.6939104198291824,0.3595825296244713,1,interior
0.6611997717636501,0.18550292273819097,1,interior
0.6357799277830647,0.1724061756454474,1,interior
0.6972782297726553,0.2040507075366728,1,interior
0.5948700290828324,0.18577000186755344,1,interior
0.5489010551045345,0.23050141861081405,1,interior
0.6220542277580546,0.18092841783633343,1,interior
0.6154456392198359,0.19440051352263768,1,interior
0.736049093203255,0.2546219332060496,1,interior
0.730506222493516,0.23819765297862938,1,interior
0.6602738994838716,0.19093421607054595,1,interior
0.5351502218859514,0.25983867923363924,1,interior
0.5542627281240377,0.3483613316277211,1,interior
0.6865543206268901,0.3598221407159281,1,interior
0.5376761324113506,0.2597660768491137,1,interior
0.6564114659998816,0.35482780291379656,1,boundary
0.7033042816944713,0.35243432108168277,1,boundary
0.5450556882787694,0.23381809326262842,1,interior
0.7411349607225518,0.2618824377601019,1,interior
0.7029834037284677,0.3463844584307218,1,interior
0.6094246389035474,0.18432694286621326,1,interior
0.7212715001947358,0.21490409231094454,1,interior
0.6622499996766055,0.1913365764377528,1,interior
0.5379677611199482,0.28926250119239566,1,interior
0.7258215242508312,0.2345528077440847,1,interior
0.5691419966699839,0.34715485681649233,1,interior
0.613893239644553,0.1848446258191596,1,interior
0.6826373287274584,0.18876874858488674,1,interior
0.710208240766692,0.3413142776616782,1,interior
0.7309172122743525,0.3104985765155704,1,interior
0.6896095294066386,0.36381463884968324,1,interior
0.5324635774198098,0.28182739315517513,1,interior
0.5708910892690986,0.20911195109069824,1,interior
0.6592534227401612,0.36037378745827753,1,interior
0.7052676694709883,0.34371910714040826,1,interior
0.7366255022360253,0.25320503762866325,1,interior
0.7382739180692759,0.2533530954246409,1,interior
0.6354673479101753,0.1743470668655971,1,interior
0.7180670084241727,0.2126458735799769,1,interior
0.5871623756794311,0.20536039397940084,1,interior
0.7061587471722547,0.35113935661122886,1,boundary
0.743279554727512,0.2736399498084965,1,interior
0.7115525562431825,0.33751006533539857,1,interior
0.5538576989520728,0.2260176815730489,1,interior
0.662223381363804,0.36011428222061304,1,interior
0.7287248914767048,0.3176499610714002,1,interior
0.6927913484046837,0.35190475459333265,1,interior
0.700859899822738,0.3537398086270059,1,interior
0.5896393793483056,0.19259737989968453,1,interior
0.5714984580239852,0.20746371030954416,1,interior
0.7434161940151769,0.2820862799631519,1,interior
0.7359549062700564,0.25782525715741716,1,interior
0.5288268947945449,0.2780057282453594,1,interior
0.7426111465717873,0.26708217797844463,1,interior
0.6605568168218171,0.36119699721950616,1,interior
0.7393351057603187,0.2774991694784583,1,interior
0.6039104252215436,0.18388228449339242,1,interior
0.5402925662810296,0.3047746543257317,1,interior
0.5537046646729334,0.23038778794051928,1,interior
0.6558648185483433,0.18955606836648003,1,interior
0.5424212737404079,0.2351436232437995,1,interior
0.7406472284415826,0.2751941605983383,1,interior
0.5494938438964077,0.2519287432332241,1,interior
0.5404762620484099,0.32129215862198857,1,interior
0.5973074364887784,0.1944502023652293,1,interior
0.5702099388000398,0.3488679696016521,1,interior
0.7023782540226149,0.35365163999403576,1,interior
0.5673408743281838,0.2132084668122342,1,interior
0.708795620949897,0.3421787515537381,1,interior
0.5358660971640778,0.26264785087454606,1,interior
0.7258687578599077,0.2285619844170172,1,interior
0.6226017255273285,0.18683473772200151,1,interior
0.7320556339778235,0.2362293592872803,1,interior
0.5466132249072274,0.23223837453935187,1,interior
0.5433116947413145,0.23888461524107107,1,interior
0.7402543977243115,0.2972663875905539,1,interior
0.6752697017922243,0.19065164834945023,1,interior
0.7083605679688643,0.3498242011417626,1,interior
0.5347284760337003,0.247038759746895,1,interior
0.5396451552814225,0.26472104971961585,1,interior
0.6941943202286945,0.20117546091618205,1,interior
0.7110608003635511,0.3351053075373524,1,interior
0.6927339357059887,0.3608436676692104,1,interior
0.5420892107585537,0.23996923237580614,1,interior
0.56168006298796,0.21918074496310402,1,interior
0.6206240516135629,0.1800605356890772,1,interior
0.7294362785990666,0.3147797004430578,1,interior
0.6720873786572223,0.3606742767881851,1,interior
0.5938115769546176,0.19325380811821244,1,interior
0.6751151566913268,0.1877522338812979,1,interior
0.547763484456173,0.3160510903950776,1,interior
0.592543471233834,0.19156936649153206,1,interior
0.7084499777887411,0.35166457921454924,1,boundary
0.7352467640672766,0.31252091902934076,1,interior
0.7211514322616032,0.23347550737637993,1,interior
0.7469573865667897,0.29377796387980554,1,interior
0.7056369965586189,0.20416303410635167,1,interior
0.5888832182197875,0.20214954965151744,1,interior
0.5382505041541331,0.3134166734925548,1,interior
0.5565231993343344,0.22366201077402117,1,interior
0.7376033922857231,0.25497051120809155,1,interior
0.5352852538175117,0.2664193017628414,1,interior
0.6281298626597982,0.18051986581611293,1,interior
0.7281721095997719,0.23580345423579582,1,interior
0.5467985666390255,0.23031912533521715,1,interior
0.6199983237311699,0.1825832482012863,1,interior
0.5600296361175588,0.2217217990571785,1,interior
0.7453679941918759,0.2822231883517699,1,interior
0.6958811394458204,0.35674921714340774,1,interior
0.5531136884414158,0.34034224606242436,1,interior
0.7375124076176379,0.30924787581587504,1,interior
0.7269834693813866,0.2304547467077831,1,interior
0.5438184248661035,0.33116132647545443,1,interior
0.6728523941000836,0.3588941007515928,1,interior
0.5317356245764638,0.25851969537598685,1,interior
0.7423157428760981,0.2997105338442409,1,interior
0.5996834791660653,0.18215596859095393,1,interior
0.7327857379537202,0.24529812192577233,1,interior
0.6968924093272834,0.3409511289423845,1,interior
0.5382907934420821,0.30545177022145864,1,interior
0.5574929152008244,0.3400785226916587,1,interior
0.534860507632088,0.2967869445941198,1,interior
0.66125203492795,0.1896484596987048,1,interior
0.6568472488752642,0.1929440343169916,1,interior
0.6807054193783079,0.3635706798773351,1,interior
0.7088587824586345,0.3312713495829264,1,interior
0.7317500131956781,0.3168964622420673,1,interior
0.71056526858886,0.2065559567594454,1,interior
0.6897634828122835,0.3563849922257771,1,interior
0.5480871017049606,0.22837949670881075,1,interior
0.6677839578921406,0.357579306691487,1,interior
0.6111592112993219,0.18257414371412953,1,interior
0.663241628423151,0.36213311381000485,1,interior
0.7072092255015119,0.34235390873473504,1,interior
0.5478137313743416,0.33804501320296154,1,interior
0.7006202181072936,0.20244720621628054,1,interior
0.5270167628940381,0.2786217630143576,1,interior
0.554128489439556,0.3414986062266464,1,interior
0.7100791197962604,0.34392957608492236,1,interior
0.6137878518644408,0.18322163927529375,1,interior
0.5826725607296719,0.20181986508731767,1,interior
0.5272384178332367,0.28043274851594585,1,interior
0.6881397996621377,0.36214782453759936,1,interior
0.6211278872147897,0.17839337374996625,1,interior
0.723672188162717,0.3248180130614056,1,interior
0.5695635277110528,0.20737776931427945,1,interior
0.7205791120943467,0.33170107656141945,1,interior
0.658246048207509,0.18874821267154723,1,interior
0.5865035733713844,0.1937570336882914,1,interior
0.7258864782620913,0.32379180750462655,1,interior
0.6399806134086155,0.17979346955662748,1,interior
0.7069968222745495,0.3438617860311506,1,interior
0.7408896604135048,0.2775424024552629,1,interior
0.7188296173183071,0.33267638998558585,1,interior
0.7133653911329694,0.334783783385238,1,interior
0.5285340559109859,0.28216468194400973,1,interior
0.633717674877797,0.172458203944467,1,interior
0.5981297015770289,0.1858263549876714,1,interior
0.7122311843977618,0.2081932475728108,1,interior
0.5460030101973569,0.22783337934756623,1,interior
0.5510315852432103,0.22624817117922716,1,interior
0.5440376247952836,0.3286926335793784,1,interior
0.5870999058526526,0.20130924373174133,1,interior
0.7139160957677962,0.3319547709924593,1,interior
0.7391795864320786,0.25457304039147344,1,interior
0.5406555795974038,0.31674104952989196,1,interior
0.6648788724074064,0.3631722198973311,1,interior
0.5551954740698253,0.22253905601569984,1,interior
0.5936100763565114,0.19045830464689556,1,interior
0.6470091783033254,0.18259862949273026,1,interior
0.7123834983193201,0.34454859090048645,1,interior
0.6082466869961285,0.18095709659755843,1,interior
0.5455585103832401,0.24218863667258128,1,interior
0.6652245909254161,0.3608068769350213,1,interior
0.6131623602445503,0.18058905438750764,1,interior
0.731305544141978,0.3225221408050287,1,interior
0.7468103933916689,0.29202713369084576,1,interior
0.5393748413687078,0.3067145250215578,1,interior
0.5304595937351286,0.2830859629540694,1,interior
0.549405024672582,0.34221798715718293,1,interior
0.5531692476110283,0.22413523122366005,1,interior
0.7254058624326739,0.2244927343542682,1,interior
0.5833294001379522,0.20519490596109005,1,interior
0.7270373093690309,0.2332804652728522,1,interior
0.5489965368348997,0.3402887777909291,1,interior
0.5522711991722997,0.3457393893768516,1,interior
0.5706439014642678,0.351083266982832,1,interior
0.6156280850383911,0.18326228765041574,1,interior
0.6113605747962421,0.17976317898376107,1,interior
0.6648362888567224,0.18782028915894666,1,interior
0.697619541723964,0.20229026536173916,1,interior
0.5929718929451865,0.1947478665926387,1,interior
0.5295579234832825,0.28436466092892104,1,interior
0.5276637560835166,0.2729106083199544,1,interior
0.5814935330496405,0.2041985275563601,1,interior
0.7319845048801279,0.2398072101372866,1,interior
0.7430977682846504,0.2796822728877379,1,interior
0.7447403998783836,0.2868189158281135,1,interior
0.5397289710265727,0.31883691620739535,1,interior
0.5363039537360766,0.2894564423718794,1,interior
0.5439652060264211,0.22730997915366624,1,interior
0.532376658735163,0.2656139053947462,1,interior
0.7421715429714181,0.2752535390414566,1,interior
0.5394243475278391,0.3034911434991188,1,interior
0.7364482837355998,0.25634418021925726,1,interior
0.7159511549335609,0.20967270628417706,1,interior
0.5740840655211352,0.2037011686973929,1,interior
0.7135705723662864,0.3377865087168729,1,interior
0.5784566197940743,0.20456190603516597,1,interior
0.5797039325652703,0.20328605135301658,1,interior
0.7457179818418521,0.28499148741727165,1,interior
0.7399907284154773,0.30495573144510274,1,interior
0.5402394228218403,0.24575569862043178,1,interior
0.6009664846077852,0.1830837920428902,1,interior
0.5677858942279665,0.34872223869886276,1,interior
0.6801965784427884,0.3617997008162183,1,interior
0.6766690755686158,0.36171054154989296,1,interior
0.579860096880482,0.20595205099307437,1,interior
0.7339043293759673,0.24422756606737164,1,interior
0.542396500537266,0.23327993895634944,1,interior
0.5649195558736878,0.21766723999617205,1,interior
0.5443361008935395,0.22912631928773855,1,interior
0.740299960695421,0.2557981800851547,1,interior
0.741043476271766,0.26719082522224613,1,interior
0.6422106884000678,0.1807621017827324,1,interior
0.7314067233901922,0.32502103197995535,1,interior
0.6718487796990825,0.1883278813625658,1,interior
0.5442836806712545,0.23100712278653132,1,interior
0.7455500708801807,0.29315349948317293,1,interior
0.7157569162021847,0.3356823254114783,1,interior
0.7336951425390381,0.24240051175687122,1,interior
0.6027218146573811,0.18694605377693055,1,interior
0.6669602910882112,0.36064153892137957,1,interior
0.5646193158290475,0.21226736970639856,1,interior
0.7437316786726325,0.27535061485399526,1,interior
0.6147409436570006,0.18166596253675818,1,interior
0.557861313910489,0.33801134722819864,1,interior
0.72944559776669,0.23693273573556706,1,interior
0.7316706016416785,0.31522405741592746,1,interior
0.7083249612621146,0.20363320465254997,1,interior
0.5399548928357487,0.3344416522353815,1,interior
0.5403488999185674,0.23864548979531985,1,interior
0.7448067516444283,0.28001181655204405,1,interior
0.7063135411731147,0.33219729260580166,1,interior
0.5421748087524326,0.242993088495957,1,interior
0.7354283354510316,0.2440263682502827,1,interior
0.5371820770927385,0.302977865679525,1,interior
0.7425342004129514,0.26884020800889247,1,interior
0.688383702063906,0.35497189767611376,1,interior
0.6082477402955904,0.18269045302647094,1,interior
0.7363461502500583,0.2500715173260878,1,interior
0.5334850616438344,0.3007817702545889,1,interior
0.5447046034639443,0.2254584984591171,1,interior
0.5421858221230708,0.3285266719481788,1,interior
0.5681556992422363,0.2085785368523901,1,interior
0.698948577968827,0.20110374789318078,1,interior
0.5340461728625281,0.26351675820758136,1,interior
0.6629275751613571,0.18826900438416305,1,interior
0.591837577719469,0.1894517902966133,1,interior
0.5316837301872,0.2697867875754256,1,interior
0.6953690776879027,0.35359546071160913,1,interior
0.7397905900821936,0.25871651746876295,1,interior
0.6745955876484546,0.361361231585482,1,interior
0.5565577791798637,0.22134348593201314,1,interior
0.5829419538150643,0.20666870935921156,1,interior
0.700669066964518,0.3560423377401106,1,interior
0.7364639712509908,0.31132808320716027,1,interior
0.5582214560112122,0.3441143123143222,1,interior
0.5854635254239549,0.20856727604203465,1,interior
0.5810113600663778,0.20234552077101664,1,interior
0.7116744930746752,0.3425818485787726,1,interior
0.5398683515749508,0.23432371984138017,1,interior
0.7404677579315018,0.3071515049848365,1,interior
0.5342667535455707,0.2526274493543313,1,interior
0.5672097971232802,0.2111225594081927,1,interior
0.7051127474484506,0.20256248720947675,1,interior
0.647400891880101,0.1798245904261656,1,interior
0.7088595738690044,0.34721887674218266,1,interior
0.5705612104296263,0.20610365268646202,1,interior
0.5673936477344849,0.3503442895501556,1,interior
0.7141104567484376,0.3435363186523338,1,interior
0.7223843707279826,0.22212737558901788,1,interior
0.7072492393272041,0.20491187497485774,1,interior
0.5644537273916238,0.21576421767268592,1,interior
0.7336988961759066,0.3087015623933841,1,interior
0.7310684612992779,0.24303389090412075,1,interior
0.6346353950006242,0.17019996155066325,1,interior
0.6759663409310662,0.36306225392543795,1,interior
0.6741635633953875,0.36298091586374764,1,interior
0.7186409765482189,0.22190233707186227,1,interior
0.7203370982894739,0.2172187856263972,1,interior
0.6491183069048044,0.183391341917686,1,interior
0.6863498918283609,0.18685320533609476,1,interior
0.5846415603796556,0.20036695289944031,1,interior
0.5348872059546008,0.30234471720063055,1,interior
0.6665483831865924,0.3655255294384161,1,interior
0.6780388115021325,0.3639270026864665,1,interior
0.7290038940345395,0.22953176221674826,1,interior
0.6714489473110464,0.19132200530702176,1,interior
0.5685102563067297,0.21018855453332044,1,interior
0.5401047625392478,0.2403188407235273,1,interior
0.5620285799691852,0.21163229860852498,1,interior
0.7023459692936962,0.20137513881267163,1,interior
0.7210864546151791,0.3300451898589291,1,interior
0.7303897405944128,0.2286201508966893,1,interior
0.6408370396029217,0.17770782113155192,1,interior
0.7146440051629775,0.33987668540510274,1,interior
0.7411910531127586,0.2577661869237828,1,interior
0.7401490270294431,0.2636711603328564,1,interior
0.7468946470569031,0.2887162238360413,1,interior
0.7135182912220205,0.20622677937735284,1,interior
0.7161117035208678,0.33375698376172563,1,interior
0.7202391066444159,0.3332551243528018,1,interior
0.7356268627901023,0.24019944015932024,1,interior
0.5370729306999493,0.26159212001891435,1,interior
0.5816149548888916,0.20588148207337245,1,interior
0.6440655547605529,0.1788190127911781,1,interior
0.5688858378018652,0.35076091493031464,1,interior
0.5334745902924868,0.26163367923938713,1,interior
0.593445006996089,0.18765314443831096,1,interior
0.5320336339850432,0.26813637371515325,1,interior
0.5318226353566851,0.26170496396374154,1,interior
0.6394178755710388,0.17278207328793263,1,interior
0.7363608684690734,0.2424206569869326,1,interior
0.5385944742324325,0.2475118207766989,1,interior
0.5869303140921622,0.1955206575578154,1,interior
0.5331201625027848,0.259768609116043,1,interior
0.7167957535597038,0.21162672639978553,1,interior
0.5434287202601515,0.2451787180218896,1,interior
0.7391001240534144,0.3079088577576396,1,interior
0.5625705582044477,0.20928468294798971,1,interior
0.6660549161343202,0.19086196976987826,1,interior
0.7389094913879162,0.24373161490979095,1,interior
0.6913777033969503,0.19886807483026722,1,interior
0.5322609505291535,0.2635902362293844,1,interior
0.7149455768585036,0.2074314926554318,1,interior
0.7338611904628817,0.3164319277151905,1,interior
0.6099017682354944,0.18054108184495857,1,interior
0.5592954397812196,0.3491103387560466,1,interior
0.629752804127469,0.17368303829034684,1,interior
0.5311801040281664,0.2865100506928161,1,interior
0.5421874039766909,0.2373525591678667,1,interior
0.565680593219803,0.348329325801446,1,interior
0.6577552483627543,0.36125066142145423,1,boundary
0.577021228761309,0.20531098941876424,1,interior
0.5621179059285885,0.35009063532868717,1,interior
0.5420143470173254,0.22927969008121926,1,interior
0.5480482282223914,0.34375998068648944,1,interior
0.5623126299084954,0.346512257666346,1,interior
0.7169811080513094,0.20547368616876724,1,interior
0.5252452682893407,0.2806154992765983,1,interior
0.6988837674664076,0.20377975333976792,1,interior
0.5848779208476044,0.2019899633947673,1,interior
0.6139206393924648,0.19181358667979265,1,interior
0.7427430528648,0.2861897798498194,1,interior
0.6190914958934737,0.1813597122680815,1,interior
0.7300023213274447,0.316284966888715,1,interior
0.5922203108685087,0.18552635716346472,1,interior
0.6892489064895544,0.19730425694305104,1,interior
0.6994689169616712,0.35488292003286726,1,interior
0.6677481340947592,0.36227986574621573,1,interior
0.5400842105598594,0.3147660317289023,1,interior
0.7051887339691314,0.3471411463189068,1,interior
0.6652488636998026,0.18946139672087553,1,interior
0.745821182041446,0.29046881150919734,1,interior
0.5556863438588993,0.34571001134910934,1,interior
0.6964563933814633,0.19968274328451638,1,interior
0.6801449066958993,0.36552235787193893,1,interior
0.602668236822807,0.18207358187483133,1,interior
0.6909660190139421,0.36199476051114665,1,interior
0.6878915534502409,0.3642809681564756,1,interior
0.5866132196584193,0.199810609226616,1,interior
0.5399147578338369,0.22891615069774293,1,interior
0.5476622995755476,0.22548959863853765,1,interior
0.6906410636325184,0.19636423137907655,1,interior
0.70369325470851,0.34383042172571693,1,interior
0.7277201556924792,0.32338164597284336,1,interior
0.5364961923429978,0.3155281693185377,1,interior
0.723490745826761,0.23222814949320364,1,interior
0.7451857904551549,0.2974264252000272,1,interior
0.7436117877747421,0.2658983482183049,1,interior
0.6846398766537151,0.18676741702020894,1,interior
0.5263153759427673,0.2831685964047523,1,interior
0.7259685580642086,0.22288840870736865,1,interior
0.7456924657721077,0.27539109657518,1,interior
0.6663938895397833,0.18739195653654184,1,interior
0.5458252889029921,0.22412971298942838,1,interior
0.5576496010678131,0.3498912844435165,1,interior
0.6229546602006447,0.17641869721846687,1,interior
0.5462411348455353,0.22628515839702942,1,interior
0.6002807636052776,0.18057490274673535,1,interior
0.6054237858176866,0.18477220468934283,1,interior
0.6941275520858767,0.19895706870178803,1,interior
0.6956036667922141,0.1969719946917067,1,interior
0.5408033573243705,0.2442952535858618,1,interior
0.5387577352352304,0.2310385151835831,1,interior
0.7298432787704984,0.2343007590251733,1,interior
0.5909198990653857,0.19112418364940686,1,interior
0.5796013518002731,0.2014176030446564,1,interior
0.5762538324151236,0.20261819790277485,1,interior
0.7408709469230745,0.2597975775037662,1,interior
0.5518383527341864,0.2233764849741826,1,interior
0.6591499215501487,0.36235291947030823,1,interior
0.5498668358153624,0.22891792951382753,1,interior
0.5322341377331615,0.2564646600541893,1,interior
0.7337365774481438,0.2389928788803816,1,interior
0.5590281959632467,0.2205006862370871,1,interior
0.7291754024666209,0.32468163374029163,1,interior
0.7390563301905015,0.3099070850130936,1,interior
0.7066239285698203,0.34558005492010213,1,interior
0.5684167506817469,0.35236329814066814,1,interior
0.7390768602225398,0.3062702148487639,1,interior
0.6391808524886026,0.17699414502675984,1,interior
0.56332948654418,0.21732173663495405,1,interior
0.5265552440145052,0.2716267961808805,1,interior
0.5575661189153838,0.22250259571830652,1,interior
0.6920734617015203,0.3582162093730092,1,interior
0.6171687879104389,0.18043595668199708,1,interior
0.6845394774908247,0.36561266461118047,1,interior
0.7262334708365955,0.22676844133118684,1,interior
0.7157664929018934,0.3380352616381085,1,interior
0.5342004294148283,0.24956113048565223,1,interior
0.7171955533173275,0.2073380170050249,1,interior
0.5327776318725976,0.25398416964139514,1,interior
0.5743717897209688,0.3493578916245841,1,interior
0.6045965533124663,0.1822523757269463,1,interior
0.5491815627462906,0.2258144537616429,1,interior
0.6385166289494364,0.174209933531846,1,interior
0.6679979002880176,0.18938514484070354,1,interior
0.7473267865403136,0.2865785892532478,1,interior
0.7211807619714936,0.23673027956824075,1,interior
0.5563264512714255,0.342383433232559,1,interior
0.7402990417603182,0.30315921683628405,1,interior
0.5717502597263301,0.35268125725810484,1,boundary
0.7418146919144658,0.30479265726667665,1,interior
0.6510607895044493,0.18408178177523438,1,interior
0.5289587645467035,0.2578914971187236,1,interior
0.6327898212590908,0.17060261587325956,1,interior
0.7130845156672676,0.3332765288015408,1,interior
0.7020004383287352,0.3492617754888012,1,interior
0.6511575577086685,0.18117180909586364,1,interior
0.5309559863728279,0.2554072447243311,1,interior
0.7187083556765619,0.20896924628598884,1,interior
0.7190394761909139,0.20601248210162307,1,interior
0.6732186931836994,0.3562557300902213,1,interior
0.5655797922285056,0.21089274256461316,1,interior
0.5302438206505349,0.2599896309228245,1,interior
0.5659425202639284,0.2141167443753547,1,interior
0.5444423581412186,0.24396329473545017,1,interior
0.7440570717606391,0.26413141954194447,1,interior
0.5408202204069793,0.3271308804222086,1,interior
0.7222675582085393,0.3282934113360644,1,interior
0.7449336153966853,0.27275258543503933,1,interior
0.6070136301792418,0.1795914858117691,1,interior
0.5601585572363548,0.35067822552609346,1,interior
0.6983572559211714,0.3566275918368889,1,interior
0.5340446764571702,0.2653570241149075,1,interior
0.6603624213536599,0.36336762114748133,1,interior
0.6482759075503197,0.18169186436471002,1,interior
0.5295271209758667,0.2561081666907335,1,interior
0.7325962310555961,0.318347139798141,1,interior
0.7360215192292909,0.3152272820156538,1,interior
0.5278163942959864,0.27466752299149944,1,interior
0.7391246188971132,0.2519034953503778,1,interior
0.6894926149519021,0.35891308697184987,1,interior
0.5672085604419462,0.21497860028940988,1,interior
0.6047418145864591,0.201749826865543,1,interior
0.5781271973336678,0.20094403656019946,1,interior
0.6823770195963441,0.1867037961149304,1,interior
0.5363676398516196,0.24768090680950708,1,interior
0.718585521480966,0.31826427777252686,1,interior
0.5723099265792588,0.35065385223808854,1,interior
0.5413758195930521,0.2318615989670869,1,interior
0.5315256083427602,0.25156676564634356,1,interior
0.7245198983374019,0.23371131024848632,1,interior
0.744104561880674,0.267506695131858,1,interior
0.6144345136675433,0.17814697269332158,1,interior
0.6713699797049945,0.18555235248039592,1,interior
0.6091171167564178,0.17749116093567707,1,interior
0.6071798064554098,0.17692315917519646,1,interior
0.6783379526270455,0.1905067649236323,1,interior
0.578166221933634,0.2025905766088637,1,interior
0.5418054740344508,0.24608348741295258,1,interior
0.6373064468099675,0.17260727616921764,1,interior
0.7255771112093947,0.3269407856249451,1,interior
0.6864339199122815,0.19653870142715246,1,interior
0.5551460373023182,0.3434597943552331,1,interior
0.7235395459485683,0.2233314994581766,1,interior
0.7218919347655683,0.21939798637870758,1,interior
0.6764890154651748,0.1896645284174751,1,interior
0.5346429320886746,0.28580622396403405,1,interior
0.7413333645504163,0.2650811824955988,1,interior
0.7421629205987,0.3030280137231213,1,interior
0.7285600613214118,0.22656951333367875,1,interior
0.7428070526141257,0.25614159012140053,1,interior
0.6373160613812713,0.17035356659792272,1,interior
0.6301505098659125,0.17539305783935139,1,interior
0.7415426617052208,0.28272644096975513,1,interior
0.5460496886901031,0.24495871415733342,1,interior
0.5300473378934623,0.26739648129651933,1,interior
0.7113803397827068,0.33929947802471855,1,interior
0.5825392578555055,0.19854172681105467,1,interior
0.7204582237318481,0.20733952525778815,1,interior
0.739768498968475,0.301543775795485,1,interior
0.6950188613692162,0.3581567671661204,1,interior
0.5979331204561508,0.1824433276427342,1,interior
0.5438568584030785,0.23277809608212235,1,interior
0.7376032512792113,0.31267641141710634,1,interior
0.5857879204283577,0.1974264293901273,1,interior
0.7332454053551912,0.2372329931000538,1,interior
0.5948068909639572,0.18845576446815068,1,interior
0.653151188029212,0.18744238789561155,1,interior
0.7443315168846224,0.28428883678737626,1,interior
0.5902733868646056,0.18752326274710968,1,interior
0.5249763676024612,0.28223789546652656,1,interior
0.5945313107399312,0.19170701586621386,1,interior
0.6155616486160929,0.18027660287474637,1,interior
0.5665390929549206,0.20767917729742705,1,interior
0.588587525583524,0.18627611201845318,1,interior
0.6185874719951039,0.17880359417801453,1,interior
0.7206330629434002,0.3350513760248966,1,interior
0.5524746682077835,0.22695219965212676,1,interior
0.5400624926709746,0.24286892922879605,1,interior
0.6093565312440996,0.17482524801353932,1,interior
0.6389690520389444,0.1700990385953632,1,interior
0.5483566389770127,0.3454624822487198,1,interior
0.7102388297518181,0.34888426225387364,1,interior
0.6267713360529682,0.17777644460332281,1,interior
0.6800831807202814,0.18834154827482044,1,interior
0.7109970826466105,0.2132270355725792,1,interior
0.5757263949648491,0.20115746916087543,1,interior
0.5409173986271423,0.3305007705613528,1,interior
0.5261839286255205,0.2769559010236934,1,interior
0.7128981673723945,0.3416061017125993,1,interior
0.6570988520559484,0.18773679290596312,1,interior
0.5887387934859547,0.18980420699530157,1,interior
0.5375726823607458,0.2919568046317414,1,interior
0.5672065044518609,0.2061649827949041,1,interior
0.710529839847862,0.3467560148997299,1,interior
0.644432020688394,0.17589287043549784,1,interior
0.5498410913406754,0.34495370078536186,1,interior
0.5577025966553547,0.35145747766451463,1,interior
0.7169948665629905,0.33956405460904054,1,interior
0.6906801542439175,0.19355975144686566,1,interior
0.5378757569636354,0.2938567037362499,1,interior
0.539226114829858,0.297345484265304,1,interior
0.5646100044649919,0.3509230868820439,1,interior
0.5796958767468422,0.198817594316923,1,interior
0.6411167051589937,0.17035115085877503,1,interior
0.5289754331748728,0.2699463068029619,1,interior
0.727919229847453,0.22833523533154423,1,interior
0.7122261122017303,0.33611916890064275,1,interior
0.5722584648432766,0.20596135458492643,1,interior
0.5555177750866302,0.3515013488737512,1,boundary
0.6636802166368149,0.18631415754176506,1,interior
0.5275021128859101,0.28465609016460763,1,interior
0.6804924165214441,0.1858968381877323,1,interior
0.5508873798349821,0.34775681458517793,1,interior
0.6928047633711597,0.3554484724065807,1,interior
0.7227078294502324,0.330027347698918,1,interior
0.663508473100127,0.36421927501544776,1,interior
0.6882135224645273,0.36589602217674955,1,interior
0.5245501692659321,0.2782876317429375,1,interior
0.6897986952463574,0.19499787346083905,1,interior
0.71574060113995,0.20431857156973182,1,interior
0.6595155208152301,0.18580510007866344,1,interior
0.536434128441959,0.31132464663354,1,interior
0.6534581244459521,0.1853019109430759,1,interior
0.6820764585884153,0.3649472083882913,1,interior
0.5361436316646937,0.31345650083181353,1,interior
0.554943189830112,0.35002525401700907,1,boundary
0.7454007065230288,0.2957834168235272,1,interior
0.533237690565987,0.286734574725628,1,interior
0.6436492060468172,0.17013396180488138,1,interior
0.7197553280554017,0.34059978617295983,1,interior
0.5722884871385034,0.2026258155439145,1,interior
0.5403001943772106,0.3230975154242028,1,interior
0.6871331282922887,0.1930096216782814,1,interior
0.6087496507843903,0.17909793561892176,1,interior
0.7434301135056063,0.29563282939661695,1,interior
0.686705526516356,0.1895422090139726,1,interior
0.5360837825648341,0.29270527925851153,1,interior
0.5638598515547156,0.21424917864041335,1,interior
0.684816624456184,0.18482606730746587,1,interior
0.689682251361796,0.36756443469103883,1,interior
0.5254491174145857,0.2736588166980139,1,interior
0.6770491894709256,0.1871309812122718,1,interior
0.5768705828173052,0.20004301911221628,1,interior
0.729000032557087,0.2227426754512058,1,interior
0.6704550007150761,0.36266532067214513,1,interior
0.7448883275804075,0.2710107749125813,1,interior
0.5351785960933869,0.2873212575187145,1,interior
0.5355614666979867,0.2837040296430532,1,interior
0.5475071404821525,0.22370370589604757,1,interior
0.536568827635996,0.29476725510974366,1,interior
0.6924372375915979,0.36344406696526843,1,interior
0.739697505302826,0.26640263227637195,1,interior
0.7474539509657782,0.29014949218972946,1,interior
0.7430961852934355,0.259665183529035,1,interior
0.5420067924813472,0.22720676050325558,1,interior
0.7396942908497854,0.311585559162396,1,interior
0.5348734506253213,0.29107314855696753,1,interior
0.7374263210304273,0.24776807382336605,1,interior
0.7332947585792412,0.31200867823172296,1,interior
0.6161268889859918,0.17757970957715946,1,interior
0.5516818413085536,0.34934461002235795,1,boundary
0.7129135767153741,0.33975829913161393,1,interior
0.6254516840633851,0.17911396110808395,1,interior
0.5451620618925616,0.3385774367643573,1,interior
0.6760721108949993,0.18439401304380532,1,interior
0.5977839691424537,0.18410770626842773,1,interior
0.7194195840876598,0.21151224515138017,1,interior
0.5285146263757848,0.2603806581104272,1,interior
0.6380930312695267,0.16829075630329662,1,interior
0.5341890643118242,0.29520223550878133,1,interior
0.7299124805073754,0.2400619164569161,1,interior
0.7110500139154227,0.20461000901095508,1,interior
0.7153321376530661,0.3446848961976394,1,interior
0.727825011969344,0.3257688307960083,1,interior
0.5549994465510315,0.21903193955300712,1,interior
0.6127824658849763,0.17831845488493658,1,interior
0.718092662125278,0.33794049982892205,1,interior
0.5594873087465068,0.21831107845383102,1,interior
0.6212977076412093,0.17542171081819252,1,interior
0.5233325003343721,0.27986645998800685,1,interior
0.5260710720918989,0.27512953828604786,1,interior
0.7185553190731367,0.3418223002278481,1,interior
0.7462824037912681,0.2681839171798356,1,interior
0.7220395568874545,0.21655330910092818,1,interior
0.7486831033141577,0.2919165909491465,1,interior
0.6519804744958706,0.18259351086793252,1,interior
0.7137062724828409,0.20855853830340487,1,interior
0.5362766444901459,0.30550869958597415,1,interior
0.7393785435342052,0.31397474428065525,1,interior
0.546553137435427,0.3401598036215216,1,interior
0.6113860748100937,0.1773866357187507,1,interior
0.6643279473397667,0.3660567653967118,1,interior
0.5541130670718462,0.3446121521643214,1,interior
0.5334631768858217,0.28832682879895627,1,interior
0.5902605125267338,0.18956930814604658,1,interior
0.7270257340458597,0.2251030681328949,1,interior
0.7218981380940674,0.3359190113375328,1,interior
0.7120752659716014,0.34792385952753585,1,interior
0.7220893521006979,0.3321943813800956,1,interior
0.6609806530340442,0.36529127356583846,1,interior
0.6707670696112192,0.18988514923769534,1,interior
0.5881329797364735,0.18823370292118247,1,interior
0.7031007248447522,0.3552431528457386,1,boundary
0.6911075073207947,0.365982523319506,1,interior
0.5405259780105631,0.23660906962473072,1,interior
0.6708286961385956,0.3593714281375272,1,interior
0.729745690589982,0.23219662934586266,1,interior
0.7415028254758854,0.29839193828781674,1,interior
0.7226411755716001,0.2133098838667012,1,interior
0.7416720490971445,0.27380868916116574,1,interior
0.5663957240291584,0.35260371654720696,1,interior
0.5390153480436836,0.24403997963993856,1,interior
0.7294493145672416,0.24381594063693107,1,interior
0.7236483761452012,0.32739945940913884,1,interior
0.7293606899307485,0.322890584266261,1,interior
0.5707497298269373,0.20376497030945925,1,interior
0.5385482941177256,0.31602510673846435,1,interior
0.7385300141565257,0.25638964203359704,1,interior
0.6146806437528981,0.17605234616440374,1,interior
0.7078890913315459,0.20195752676658676,1,interior
0.7174589842616301,0.20989376567306836,1,interior
0.7301647965849193,0.32141838657843236,1,interior
0.7220640176845134,0.32003943153679554,1,interior
0.6040672798525967,0.17921750918843465,1,interior
0.6830134574568425,0.36633146875109657,1,interior
0.5814075884046229,0.19968818502847893,1,interior
0.7000893322309294,0.19964853435509494,1,interior
0.715847792214255,0.20199397829404275,1,interior
0.5405560007930699,0.32873664965814237,1,interior
0.5220007665114517,0.28119597174517713,1,interior
0.7330732325177328,0.32370291949562235,1,interior
0.662445603143711,0.3678199527748026,1,interior
0.7430691381620961,0.2777619382978491,1,interior
0.6557243956911137,0.18705717890796472,1,interior
0.6189408767404994,0.1769682838183517,1,interior
0.73227386852683,0.3210313344180457,1,interior
0.5264981790062794,0.2858482381799265,1,interior
0.7414463128259406,0.2804893597362591,1,interior
0.7405090930312661,0.3093205369951274,1,interior
0.5380466962231845,0.31791958019708216,1,interior
0.7451267148586611,0.2662252307701049,1,interior
0.746811684390526,0.2696978200628579,1,interior
0.5387728257313706,0.32288704735100865,1,interior
0.6254587742401497,0.18177551545882153,1,interior
0.7422886549675461,0.2633264452261841,1,interior
0.7441660196169432,0.3011301505816941,1,interior
0.6834449438289535,0.1855347405105669,1,interior
0.5686104898655092,0.20521703808995265,1,interior
0.6595307817936734,0.18778593523101086,1,interior
0.5810413797885888,0.19660625051170727,1,interior
0.7350459021705702,0.3104997922088758,1,interior
0.5573821773640472,0.22001702014484953,1,interior
0.7245959428900367,0.3290805864151306,1,interior
0.7499960729696713,0.28786359048199517,1,interior
0.5708274666439901,0.22718199723359497,1,interior
0.744007002992401,0.299603966777801,1,interior
0.5883403025599118,0.19148815627445112,1,interior
0.5528045225725847,0.2212917415050042,1,interior
0.5349731757314835,0.3146800260061158,1,interior
0.6981794816832572,0.35865090530341265,1,interior
0.5960968698789698,0.1825430656490163,1,interior
0.6832499250503881,0.3692708578622715,1,interior
0.5329141592841412,0.3024295885101027,1,interior
0.7438779162475915,0.3029215681444418,1,interior
0.6591340230109733,0.3652579830559098,1,boundary
0.5502346987499238,0.34990323973331056,1,boundary
0.7268037682711629,0.3304429753902012,1,interior
0.5898894051688122,0.18492872219101872,1,interior
0.6580431775378345,0.3638208602841556,1,boundary
0.7030596965807154,0.20325780413157002,1,interior
0.6239225151390022,0.17822670190711748,1,interior
0.5468249463545322,0.3456132890081949,1,interior
0.7314644862576258,0.23443214613967936,1,interior
0.5449413514470443,0.34093362918467063,1,interior
0.6896810244943393,0.3654568772484658,1,interior
0.5740322478321203,0.20213702712760667,1,interior
0.5385279792309272,0.32068808329841264,1,interior
0.544393277666752,0.30528222471944405,1,interior
0.6930435045831286,0.19724836297707574,1,interior
0.734809702926117,0.3177913667009363,1,interior
0.5304254407275051,0.2689203076975305,1,interior
0.6873122544992432,0.3672003361394123,1,interior
0.53432872732964,0.2676684154979394,1,interior
0.7270482948458676,0.2413016826372134,1,interior
0.6775688727875314,0.18324418267975826,1,interior
0.6855477434536995,0.3636753314900292,1,interior
0.7410547076230903,0.2700783854611253,1,interior
0.5301073776351554,0.261614947607307,1,interior
0.6923212194898565,0.19353602854732851,1,interior
0.539022696660998,0.32951766964501533,1,interior
0.7422005498881217,0.3124867001375505,1,interior
0.5234937796393524,0.2816668116966903,1,interior
0.7256672937081695,0.22023783396513677,1,interior
0.5505026615491704,0.22454059854810354,1,interior
0.685246644755166,0.3671076055725714,1,interior
0.6931476386621293,0.1952704579997037,1,interior
0.5427070142927793,0.33002864793498604,1,interior
0.5385699229964003,0.2402660924934505,1,interior
0.6944275191702143,0.36163928176086796,1,interior
0.5335608380975853,0.2930772586178992,1,interior
0.5340362862902067,0.28978780126298853,1,interior
0.7421306639612881,0.31086889119900624,1,interior
0.5661873990225178,0.2040997681537504,1,interior
0.7467351973341039,0.28317626610501423,1,interior
0.750867852078892,0.29044224817835557,1,interior
0.7244070809697678,0.33077247504919105,1,interior
0.5386533536418493,0.23697195860597756,1,interior
0.7351862774280422,0.23744110992928563,1,interior
0.7212444129516606,0.33978989647878655,1,interior
0.5622687749544156,0.214841227617721,1,interior
0.7214144703497761,0.20430024189623905,1,interior
0.536454209655002,0.31792352532835083,1,interior
0.5539074809681584,0.34649578901344813,1,interior
0.537523692533424,0.3345043506494776,1,interior
0.5362267020023724,0.24573273824255004,1,interior
0.7311662167098776,0.23161531202021043,1,interior
0.742801028478643,0.2541996638150273,1,interior
0.7257594252307449,0.32540764151622625,1,interior
0.5351397649342688,0.3039169296851857,1,interior
0.5524166506399133,0.34800353541163165,1,interior
0.7367318898409296,0.24622199715092935,1,interior
0.5244386115287116,0.2705809981545456,1,interior
0.5664910482391841,0.20958111492914508,1,interior
0.5376887709044588,0.3311001776574144,1,interior
0.7384893959773524,0.24528346887372104,1,interior
0.5343828286907233,0.307617730184489,1,interior
0.6469248329415312,0.1743270538785701,1,interior
0.745771251807264,0.27875036085211796,1,interior
0.686486283891364,0.36504496832979544,1,interior
0.7423140118468278,0.3071103662396503,1,interior
0.7003076264851525,0.3586185190192617,1,interior
0.6966603305442297,0.35917372167227996,1,interior
0.5382557372518672,0.24573260575215194,1,interior
0.5321971486170457,0.29041813357806157,1,interior
0.7311858400263045,0.22688249924795145,1,interior
0.6834177203295924,0.18320365237435046,1,interior
0.7199966126389116,0.3432430895745571,1,interior
0.6620466911152737,0.36312246096071477,1,interior
0.7383411598567232,0.25022723154505905,1,interior
0.5605526717469309,0.35293746696283634,1,interior
0.7325886069236284,0.2309117903989983,1,interior
0.6247212349995124,0.1760511477757029,1,interior
0.6953704514556871,0.3600703734499812,1,interior
0.5421002768737901,0.3316910672425051,1,interior
0.5414250497991928,0.24133620016997342,1,interior
0.5370549397367085,0.30774932242389286,1,interior
0.747555690550871,0.2958128278947089,1,interior
0.5640760960317737,0.20880107375941542,1,interior
0.7241966161798487,0.2219164010333396,1,interior
0.5691653564452037,0.2035179343686585,1,interior
0.7234105818082509,0.2201662819051798,1,interior
0.5408565885364489,0.3251888820378499,1,interior
0.5361688184555169,0.2582752423786854,1,interior
0.7326803360217543,0.2287626901948918,1,interior
0.5391367856950373,0.32552808440032677,1,interior
0.6772923947899158,0.36663996934212606,1,interior
0.7465463034562692,0.28121119625994007,1,interior
0.692116478075615,0.367259945819071,1,interior
0.6016956481362525,0.17926222014746943,1,interior
0.6650352989369089,0.18517589347252153,1,interior
0.7336710535308701,0.2407148708821022,1,interior
0.7306133462430355,0.3184554452966184,1,interior
0.7147886944604893,0.3490109760377147,1,interior
0.54711394849663,0.3477228604371407,1,interior
0.6916393303427365,0.1949054001374883,1,interior
0.6994020649228933,0.3609843483902215,1,interior
0.7312784202238122,0.24136062692470037,1,interior
0.7265880419356111,0.32892187545338253,1,interior
0.7358365054876811,0.24831957638432678,1,interior
0.7226333831599997,0.33383934623421185,1,interior
0.5496719158185635,0.3466552725555022,1,interior
0.5297582455540646,0.2733836902823993,1,interior
0.7456150600903623,0.2561220834179734,1,interior
0.5957753151632349,0.18412260620219656,1,interior
0.7151428662740835,0.34203047826118615,1,interior
0.5348476582112791,0.31648030481098927,1,interior
0.6977887019728831,0.3614476857047246,1,interior
0.5638321576109548,0.2103243266240183,1,interior
0.5371587816700181,0.24355534779252702,1,interior
0.7097794996722528,0.20229592194528417,1,interior
0.6593929231928752,0.36719758299507266,1,boundary
0.7485883658642849,0.2813624242605358,1,interior
0.7291041590802929,0.22044405676491013,1,interior
0.6494767750464832,0.1800225421312197,1,interior
0.5220756880742107,0.28328355253904525,1,interior
0.5289045919330216,0.2806829040315006,1,interior
0.7014203630929651,0.3574133398705741,1,interior
0.5434978998987108,0.22340018238295895,1,interior
0.6735321721629275,0.18823033582988666,1,interior
0.5375664933229034,0.24150422977198624,1,interior
0.6410945519496823,0.1735862826060414,1,interior
0.6040103925646494,0.17739581220734643,1,interior
0.537728998577376,0.23573051466978928,1,interior
0.5301278816546482,0.2530034815272526,1,interior
0.6509293968605947,0.1793563507714225,1,interior
0.6807879635307719,0.3682923807820231,1,interior
0.7508371846203218,0.2816864123145657,1,interior
0.663337824118899,0.18477260919210425,1,interior
0.7125845032832469,0.20463529304502218,1,interior
0.7417775316506077,0.27892239297964444,1,interior
0.531723833041361,0.29416256809662583,1,interior
0.5360102724994924,0.3198452407180284,1,interior
0.6877424861291702,0.18792492230159474,1,interior
0.6796998073158473,0.18192338506435202,1,interior
0.746517140719924,0.27265587046929185,1,interior
0.7404267878513463,0.24510825223164284,1,interior
0.6464659860399264,0.1786240385834605,1,interior
0.710158545516246,0.35096596978816585,1,interior
0.7444204864428051,0.27689062814981263,1,interior
0.748580929062548,0.26870076127569836,1,interior
0.535062596489129,0.3092840909837157,1,interior
0.5473395113870009,0.2218450664898017,1,interior
0.5326898121771506,0.24592873056817066,1,interior
0.6788947796255566,0.1864180328335933,1,interior
0.5402324251468498,0.23041799492772075,1,interior
0.5381673720682607,0.23869861607569798,1,interior
0.7305159351632341,0.2301654617767867,1,interior
0.6756009306174672,0.36542808539101534,1,interior
0.5988796386130314,0.1796052640835381,1,interior
0.7354862322137676,0.22841545742843003,1,interior
0.7423032584633996,0.3089335717265268,1,interior
0.7445490358450978,0.29437869758534835,1,interior
0.7140161542109065,0.2039651288297162,1,interior
0.7184221065523001,0.20434752025300162,1,interior
0.5849299082383178,0.19870599937677616,1,interior
0.5285472588954697,0.25484028258450336,1,interior
0.7021783447626361,0.3592617627943552,1,boundary
0.728185500247195,0.3275745948785107,1,interior
0.5776768935729215,0.19855944936200132,1,interior
0.5358270819735463,0.2371765823114476,1,interior
0.607326437243598,0.17523888862659107,1,interior
0.6670931736901993,0.18437701102563775,1,interior
0.7477524954888515,0.2792982083871467,1,interior
0.5999892253858428,0.1773154486144389,1,interior
0.6928600381722402,0.3696978869856541,1,interior
0.5279505789806904,0.26864209155269136,1,interior
0.5238933749061075,0.28403181988048737,1,interior
0.7366172948180145,0.2385547830200342,1,interior
0.742891916163378,0.26189591746445257,1,interior
0.6797677180662373,0.1838792789648023,1,interior
0.5358038508409536,0.2557814250839779,1,interior
0.678335150299598,0.188349360623778,1,interior
0.7283700947650129,0.32006533512099256,1,interior
0.6126345183173245,0.17608743085020426,1,interior
0.7448028083090813,0.3065040100487513,1,interior
0.7406850719334701,0.2418300534918718,1,interior
0.5781519987193505,0.19629818838193133,1,interior
0.7233311159351248,0.3396327434950783,1,interior
0.5242386883981124,0.2761725514622197,1,interior
0.5388559214793154,0.23299659806930417,1,interior
0.6882825185322263,0.18623353023997183,1,interior
0.6898774968925111,0.1866784414383354,1,interior
0.5416835510329944,0.3361861285383266,1,interior
0.668372386731859,0.3659601257623844,1,interior
0.5390563111958807,0.22672442813534316,1,interior
0.547640080927459,0.34187361063637917,1,interior
0.6056105410803252,0.1785287390072226,1,interior
0.7037914606370773,0.20470287200161863,1,interior
0.5458989216712609,0.3424723701312645,1,interior
0.5724800493897587,0.20032741033033083,1,interior
0.7340122341203879,0.32101548873703556,1,interior
0.7484711484988817,0.2935464379985659,1,interior
0.5349847513123863,0.2430873953308401,1,interior
0.7284745762505821,0.32915561777625696,1,interior
0.69161360334937,0.37090651102846983,1,interior
0.7176023719643014,0.20294686958631802,1,interior
0.6550879612952745,0.18503408448484507,1,interior
0.5751187691558859,0.19961532186068576,1,interior
0.7280807854397072,0.2317168179195458,1,interior
0.722895409536925,0.20319836761225707,1,interior
0.5589510235167826,0.3527711763149568,1,boundary
0.5299210319495476,0.2648863213300465,1,interior
0.6881776711482104,0.19026330824911872,1,interior
0.5364232546735264,0.23154443791874058,1,interior
0.7416389784634132,0.2965146220931326,1,interior
0.7509196214697226,0.2697029113972026,1,interior
0.6949837599488881,0.19442258165310972,1,interior
0.734122192447046,0.2262817304233562,1,interior
0.6948786727775775,0.3663471566742298,1,interior
0.7274163841077692,0.22192454239628984,1,interior
0.681745618302085,0.18455510421101537,1,interior
0.5500173492164504,0.22167520608817648,1,interior
0.6747302957778976,0.1836129822537117,1,interior
0.6697568113421374,0.18687179808876356,1,interior
0.7297089666546035,0.22486420950045063,1,interior
0.7256005147842851,0.21392627448477605,1,interior
0.5347608637850643,0.31178808398113317,1,interior
0.7317788392441559,0.22290559049882963,1,interior
0.7142933068621551,0.3464934766114882,1,interior
0.733613481080905,0.22199008123720723,1,interior
0.7484383589673775,0.2888957186067599,1,interior
0.687137652759563,0.18497352946303428,1,interior
0.7172587748853673,0.33532879542118416,1,interior
0.6604883516072785,0.18341226835546354,1,interior
0.5453421447145298,0.22192355506868752,1,interior
0.5854815481000566,0.19049872507768068,1,interior
0.6708102807075587,0.3660624871229963,1,interior
0.5871490536609711,0.18547749963784693,1,interior
0.7211721736192903,0.21198131735265563,1,interior
0.6770420343704914,0.1817687162089445,1,interior
0.7129685372618962,0.2010893061298508,1,interior
0.7439905267063448,0.30475241806373343,1,interior
0.5532608920095297,0.35007287256260294,1,boundary
0.605256103049472,0.1731681366342264,1,interior
0.6411922819791935,0.17525641265562197,1,interior
0.7196126079646307,0.3377391027143814,1,interior
0.5306135484105826,0.2924918689065605,1,interior
0.7461681563042912,0.3039710698610867,1,interior
0.7448998029569834,0.25476696744635463,1,interior
0.7404948506332195,0.2466790124149914,1,interior
0.531761122074033,0.28848623951618263,1,interior
0.6146412229255183,0.19697017066392827,1,interior
0.672711954601493,0.18668593953548537,1,interior
0.5384669700546468,0.336124239862759,1,interior
0.6937044337710099,0.36451695944779006,1,interior
0.6754244483847632,0.18215031083494992,1,interior
0.7430567373554537,0.24008108377596915,1,interior
0.5355163710960582,0.23376798668176493,1,interior
0.5631107727638843,0.2062727995282148,1,interior
0.5450402980228852,0.34379909273717624,1,interior
0.5416967178351898,0.3383178722090252,1,interior
0.6903516360560182,0.35326004637476927,1,interior
0.5322973831108725,0.29799469855709276,1,interior
0.7469168628573776,0.3026337984743786,1,interior
0.5829910340361126,0.1966751719692739,1,interior
0.748271008381587,0.27143318978791126,1,interior
0.7193273543742041,0.3361617112281934,1,interior
0.5343652648279328,0.32180053122139085,1,interior
0.7066112289425581,0.20295805509887044,1,interior
0.6920969150445511,0.1918013987296635,1,interior
0.7167027986382634,0.3427639247737352,1,interior
0.7301423940735203,0.32710486036237774,1,interior
0.6163379026965491,0.1817291847931828,1,interior
0.5498084908906032,0.21919913763403326,1,interior
0.5268907210291924,0.2558116860749629,1,interior
0.5974536651242573,0.1801695896709739,1,interior
0.7468334295546752,0.26638420285394343,1,interior
0.5295623196779097,0.28817226372212723,1,interior
0.5723705742065017,0.20434690246904272,1,interior
0.5354972699295079,0.23974399499731033,1,interior
0.6722846544624549,0.3644966940411175,1,interior
0.6293664012213257,0.17154710832946615,1,interior
0.7464837053485764,0.29896963401368953,1,interior
0.5494216241448352,0.2230822176170025,1,interior
0.5488086365219003,0.3479610141107622,1,interior
0.5282800760900374,0.2532525737079235,1,interior
0.6029784878639973,0.17287395620509224,1,interior
0.6946864658028619,0.19250456663190643,1,interior
0.541204327442978,0.22201057000773897,1,interior
0.6323818473088734,0.17359688824947364,1,interior
0.6854057828557092,0.19034059697452152,1,interior
0.628483762066734,0.1761550768535201,1,interior
0.6892873741348413,0.35183806102258425,1,interior
0.5328635815981585,0.2504932470011653,1,interior
0.6815872636871984,0.18154585860190878,1,interior
0.6680206455633391,0.3640350545924621,1,interior
0.7220720832861787,0.3413816308161575,1,interior
0.6927185335031179,0.3657961090492566,1,interior
0.7368916497513294,0.2445018377603387,1,interior
0.5326601918939953,0.30995506584993493,1,interior
0.7231753420624286,0.20992363925514354,1,interior
0.7181428454779012,0.3444182394375839,1,interior
0.5282763245125192,0.26558187536903904,1,interior
0.5756129555828524,0.19730805890051414,1,interior
0.5293690933520234,0.26294574148190486,1,interior
0.7125129304005768,0.21126245394519796,1,interior
0.6210034695773266,0.17362917921310972,1,interior
0.5337117311243977,0.3057030488237965,1,interior
0.5368196071301384,0.32829360965934,1,interior
0.6972475636242826,0.36777061101602293,1,interior
0.6955961934577842,0.1907803145347354,1,interior
0.5844886514922989,0.19605625829021783,1,interior
0.645222862504872,0.17273930198562873,1,interior
0.5225876664050317,0.2764526518438746,1,interior
0.7467801748274525,0.264653302468379,1,interior
0.5930890611532813,0.1839835679230091,1,interior
0.6888068518053465,0.36928780016541096,1,interior
0.6824046163780675,0.3678282390226844,1,interior
0.5336950800439532,0.31302923398877724,1,interior
0.5340178303661343,0.2379336578702076,1,interior
0.6896491933803994,0.18822874373852477,1,interior
0.672294963424318,0.36247326079992287,1,interior
0.586421815603774,0.1917736680346664,1,interior
0.6280064818841677,0.17469812740908425,1,interior
0.7277772875477562,0.2191509570857251,1,interior
0.7250669759244405,0.3325418354205605,1,interior
0.5828326070353301,0.19511265112315662,1,interior
0.7469882385894887,0.3004232217518598,1,interior
0.5616781956469951,0.3518801779787458,1,interior
0.5291501888867689,0.28633767690938183,1,interior
0.5867785721992109,0.18936881211310747,1,interior
0.5336558245579106,0.29904568479602234,1,interior
0.6173202457527799,0.1761129554841462,1,interior
0.7213986450862285,0.20955364239255692,1,interior
0.6156619180022183,0.17474617845633905,1,interior
0.6891107758461922,0.37088556669067746,1,interior
0.5566043644472456,0.34390293433380686,1,interior
0.6609427927860004,0.3671522703575259,1,interior
0.5295754810831564,0.2508038867865621,1,interior
0.6494685873597776,0.1778897349120178,1,interior
0.5952278136529198,0.18042599924314096,1,interior
0.7115440054183875,0.20294911902272403,1,interior
0.6266141173431078,0.1759377907374264,1,interior
0.7009162872287947,0.361140879454121,1,boundary
0.5844489255105801,0.19449264268449792,1,interior
0.6309206877553596,0.17165880319082208,1,interior
0.736051042835855,0.23581200235497873,1,interior
0.6960872502033025,0.3639450841426699,1,interior
0.5602955540757958,0.21248453045923402,1,interior
0.6741778914012155,0.18542070121340998,1,interior
0.6810469421548486,0.3704090818379931,1,interior
0.7417632171835076,0.25230158370932015,1,interior
0.5373308300451175,0.2342300872090374,1,interior
0.535250010086028,0.2940002709194892,1,interior
0.5698804899652048,0.20131290255984746,1,interior
0.5347743473808777,0.31806249826304167,1,interior
0.7535501276400475,0.26892859793466534,1,interior
0.6850801366125541,0.18315763690929085,1,interior
0.5224903587717645,0.2783987701235728,1,interior
0.7525123769296257,0.2713498225565793,1,interior
0.7444865080603554,0.24207461365866872,1,interior
0.6694668799077331,0.188586228725175,1,interior
0.7471000141157084,0.3060502583023256,1,interior
0.7469637120956849,0.277553389970295,1,interior
0.5603342309792941,0.21003693485866332,1,interior
0.5324517220255457,0.2964161892008976,1,interior
0.54381116161566,0.22190303792884417,1,interior
0.5355095980215702,0.24147618022642836,1,interior
0.6694608447300274,0.18402585926771647,1,interior
0.531481031823269,0.24969175873869323,1,interior
0.5952748909110185,0.17813296864404943,1,interior
0.7484521281823522,0.263884010424883,1,interior
0.5846133177498342,0.19176541923550736,1,interior
0.5267165778970243,0.25891970121844865,1,interior
0.6747811073494642,0.36672544999879636,1,interior
0.7473471066789404,0.2974350657685565,1,interior
0.7488896058834387,0.2998010883364837,1,interior
0.5222127175481361,0.2748588241358451,1,interior
0.5380548273427398,0.22804752610494425,1,interior
0.6526806357600318,0.18095206022999163,1,interior
0.5444807090275757,0.21912632203498314,1,interior
0.5237544878471088,0.2592380766677787,1,interior
0.7234226361878553,0.21159171476897423,1,interior
0.5476980469462214,0.35017304444690817,1,boundary
0.5278610932836246,0.2635062515436225,1,interior
0.632206339464036,0.1685290733721138,1,interior
0.7495158659308987,0.2667141695641739,1,interior
0.7365528917882016,0.31874935983405017,1,interior
0.6783493573577172,0.3690287045789194,1,interior
0.5463349453383235,0.34934705562095436,1,boundary
0.7540582754748136,0.27108580954977446,1,interior
0.5387987133277701,0.33857523162538333,1,interior
0.58051695942481,0.19383016571190168,1,interior
0.7259847878581048,0.20972310917281511,1,interior
0.7401561642282557,0.2530566951686397,1,interior
0.7214404144956446,0.3376297812420944,1,interior
0.6852741855868193,0.3688940343049601,1,interior
0.6912064718953795,0.18588396867924564,1,interior
0.7517756136180492,0.2666272851860163,1,interior
0.6901687090944637,0.37307590803003815,1,interior
0.6934542628990752,0.3713701935452274,1,interior
0.6920772789305372,0.19000212771073735,1,interior
0.7404262721160628,0.2401877027234035,1,interior
0.7446658454953033,0.3088569355457111,1,interior
0.7335365005562976,0.2352508013513148,1,interior
0.5932492306070132,0.1815339102186849,1,interior
0.5926230137406026,0.1775807855151081,1,interior
0.7488404251846246,0.28307612499856016,1,interior
0.7479989809991852,0.27353574674145753,1,interior
0.7241274888825066,0.3412082839507142,1,interior
0.66932082317106,0.36764119991391986,1,interior
0.5993155946930053,0.1759060208495953,1,interior
0.7450096523144402,0.25324522158643875,1,interior
0.7522220595811671,0.2651739639350927,1,interior
0.5201873528705968,0.2765954199739254,1,interior
0.5968343381211444,0.17837037799789882,1,interior
0.748429284458447,0.3023864418612472,1,interior
0.5325473931487679,0.24821524748366147,1,interior
0.7489520505465922,0.29791626361804063,1,interior
0.7478259716717691,0.304509929058413,1,interior
0.6761579665071202,0.179094708946917,1,interior
0.5321212217208802,0.3079814400772282,1,interior
0.7186010922493958,0.3343370647938758,1,interior
0.6014419501454673,0.17182764971298525,1,interior
0.6340266217840491,0.16866198961801945,1,interior
0.6908514013847111,0.36952550292962233,1,interior
0.7379316963520478,0.24206994985293412,1,interior
0.5337736744254185,0.24465286482400148,1,interior
0.5565365497600746,0.21845251442043453,1,interior
0.7492187666516806,0.29553639014212607,1,interior
0.6961117753079249,0.19332337002430272,1,interior
0.6289175799566468,0.16991407232522934,1,interior
0.7501249805838147,0.29431130983556225,1,interior
0.5727899526948238,0.19671642572793208,1,interior
0.740644275416582,0.25029683206294784,1,interior
0.5283828048313217,0.29086189159490156,1,interior
0.5313750290600575,0.24329290829173666,1,interior
0.6998385090352802,0.36253044396683265,1,interior
0.6667494784642805,0.18286832286235266,1,interior
0.5412305117372185,0.2245483235012794,1,interior
0.5406494159717894,0.2194898552894305,1,interior
0.6948486601373233,0.36836280073930444,1,interior
0.5971431775329031,0.17609010432039204,1,interior
0.5934029237009665,0.17940461239034056,1,interior
0.5728545496077267,0.19842523797621325,1,interior
0.6056560422506451,0.1756111127327231,1,interior
0.5311052727811075,0.24578428065384536,1,interior
0.5260163761226964,0.26819342288997394,1,interior
0.6474441409896106,0.1768470384471612,1,interior
0.7373896230246068,0.24035101619266358,1,interior
0.561709894314833,0.20729159688611845,1,interior
0.6133631684796632,0.1747361291765604,1,interior
0.6813649679893894,0.3664806435385634,1,interior
0.6426874180634268,0.17339623732946827,1,interior
0.6270793165174231,0.17116180417234783,1,interior
0.7216891344230664,0.34381923184673463,1,interior
0.7305182495122393,0.328838765101016,1,interior
0.5355855333267483,0.33666468070734007,1,interior
0.674001629173789,0.36533716740416167,1,interior
0.657256765053324,0.1861346435200311,1,interior
0.7120812498241458,0.3499689285690417,1,interior
0.5365838575280112,0.3259061889171697,1,interior
0.673046197661524,0.18190497938100317,1,interior
0.7499335916515345,0.3009914560617501,1,interior
0.6020001836514324,0.1775305346091906,1,interior
0.7139748647868152,0.33040984843025173,1,interior
0.6949733904094366,0.3707982299771623,1,interior
0.6723108867987464,0.18433803473674656,1,interior
0.6967662927951855,0.3698173974151459,1,interior
0.5595990001772375,0.21577679079061146,1,interior
0.5790745035980023,0.19450496090185854,1,interior
0.5297508135038155,0.2899853845880632,1,interior
0.538272839073997,0.333136673251413,1,interior
0.6915368201274521,0.37448055918399714,1,interior
0.5322085635782299,0.2920578905366634,1,interior
0.7394117286933778,0.23870268197761357,1,interior
0.5621668769026419,0.2133051154277121,1,interior
0.7498216192518985,0.2713278334163935,1,interior
0.5362820320591075,0.22610051814972273,1,interior
0.6960836736711515,0.36142478159352137,1,interior
0.6736159723297772,0.17975470035699856,1,interior
0.5378008765598167,0.22377260216732525,1,interior
0.6409051263353363,0.1718801772172865,1,interior
0.6978713668483792,0.1984153680773385,1,interior
0.7366421505493336,0.2269659168561526,1,interior
0.6030087085633995,0.1805130539931602,1,interior
0.602665163097811,0.1752446617193042,1,interior
0.738502702560788,0.23649180317761812,1,interior
0.7404863770722792,0.23726877314541384,1,interior
0.6976140239372316,0.19653401055282624,1,interior
0.6458337069780088,0.17672569806097096,1,interior
0.5243734317353186,0.25582924119236233,1,interior
0.7469351222042373,0.30953432013804827,1,interior
0.6905020506705316,0.18986839884176893,1,interior
0.7137365531872877,0.3502913062011364,1,interior
0.7354781180058833,0.22995714955838206,1,interior
0.5277275860388948,0.28691145434735316,1,interior
0.5648809436797395,0.3530164286646146,1,boundary
0.5237881716700936,0.2678643361244368,1,interior
0.6732124717871611,0.36790459367445344,1,interior
0.73076148345035,0.22176315489975884,1,interior
0.6429738370067005,0.1768012182770081,1,interior
0.7245689569173208,0.3381236022964874,1,interior
0.6810980439066568,0.18308439582025318,1,interior
0.5849421031151949,0.18808542563224528,1,interior
0.735133833128014,0.22434950343387725,1,interior
0.5206425699920849,0.2783115613975625,1,interior
0.5372212489948545,0.22954789743598483,1,interior
0.6877896089507816,0.3734977048024562,1,interior
0.7458468393432804,0.30771575527321976,1,interior
0.7326706544047037,0.23334995805856482,1,interior
0.7326851575784126,0.22712446450035645,1,interior
0.6338406805607831,0.17433534578781004,1,interior
0.7457855965142558,0.3015527111886859,1,interior
0.6652381727160814,0.3677682778872843,1,interior
0.72739964678418,0.33811748020554094,1,interior
0.755652086462801,0.27069106808150006,1,interior
0.5299732724241115,0.2469834323194402,1,interior
0.7424239556010186,0.24358286495699885,1,interior
0.5358805631860484,0.22811685274267474,1,interior
0.6911873241069083,0.36441229712463086,1,interior
0.7124284219246629,0.34640696774674534,1,interior
0.675941726898623,0.3683867231433859,1,interior
0.7376938579834502,0.3168317240803663,1,interior
0.5226052897560546,0.2559593520262545,1,interior
0.6939260792357934,0.19093480905677004,1,interior
0.7340452506907211,0.23161420171390049,1,interior
0.5430886678098399,0.2258776064649218,1,interior
0.5271337513763479,0.25088269268627567,1,interior
0.7264415125088214,0.3346916884880462,1,interior
0.7280958748440897,0.213139016895576,1,interior
0.6895402382520738,0.18386793152657943,1,interior
0.6983745606173333,0.3634017544738065,1,interior
0.5642960199044308,0.20383325677345732,1,interior
0.525527397736264,0.260044199950306,1,interior
0.5827609952739896,0.19251346471014844,1,interior
0.7260488428106967,0.3366130551638636,1,interior
0.7297652753045906,0.2129240520243443,1,interior
0.671738513086749,0.3684224212529772,1,interior
0.5254298050848816,0.28467314437111174,1,interior
0.7477225673525875,0.2752646509876306,1,interior
0.5983552631414939,0.17792357231018702,1,interior
0.7390242840560569,0.2471056235143357,1,interior
0.6645642129481646,0.1820956190564487,1,interior
0.5254970057445885,0.2576023903879445,1,interior
0.5348740437782276,0.22947892769047973,1,interior
0.7399918352790457,0.28495779921107256,1,interior
0.7443859248981979,0.257061535368004,1,interior
0.6605243214891586,0.3689818704225652,1,boundary
0.5348147950545645,0.33462524444113567,1,interior
0.5828362920393821,0.2003031144720259,1,interior
0.6925732381198417,0.373021597647899,1,interior
0.5341380238119017,0.23155236637746995,1,interior
0.7358515688807495,0.3228261214583297,1,interior
0.7171498640754039,0.3324988588601506,1,interior
0.5249424776535956,0.2877089826705218,1,interior
0.542048698273423,0.3398584442062212,1,interior
0.724396039192482,0.3234758154743871,1,interior
0.5289077535748572,0.24920002779877212,1,interior
0.5804111847781075,0.19228463613157726,1,interior
0.5948737429185079,0.17552025422540718,1,interior
0.7028901033542764,0.19918922067213696,1,interior
0.5540600528080136,0.22027844945457972,1,interior
0.6677095882309463,0.18596389275890735,1,interior
0.7479672877646923,0.2848745634312727,1,interior
0.5270655059253394,0.2699510863513348,1,interior
0.7506851435229486,0.29627142363341313,1,interior
0.6250511216965146,0.17446647495745757,1,interior
0.6961005961707325,0.37246056781206505,1,interior
0.6256720015302483,0.17192600507427028,1,interior
0.557540923498574,0.21726400557660658,1,interior
0.7427378589108429,0.24673985294646908,1,interior
0.7228315910620053,0.20815763530471745,1,interior
0.7524809457757422,0.2870817838043824,1,interior
0.6135448219628155,0.17294884628681773,1,interior
0.5296342036957226,0.2444235138003293,1,interior
0.7007498875489101,0.3639259221011957,1,boundary
0.6697572486723754,0.36407258834611017,1,interior
0.7434473755184784,0.2520313659509346,1,interior
0.7505584617220724,0.2923821999685855,1,interior
0.7244391215552887,0.2056941450919836,1,interior
0.6786079112537514,0.3655940741573881,1,interior
0.74815840107487,0.31207575819783373,1,interior
0.6790146216991818,0.17856061023447997,1,interior
0.7424361554937574,0.2416159991209844,1,interior
0.5644571793658159,0.20714746083223265,1,interior
0.7537187842332637,0.2815242592694115,1,interior
0.7528118951822657,0.2976284963837209,1,interior
0.7078145185814692,0.19914407300235212,1,interior
0.5440842869619242,0.3424308451551994,1,interior
0.7165691965687525,0.3466219047116005,1,interior
0.5484273329391302,0.22048598306964445,1,interior
0.6774781188629704,0.17990811882252924,1,interior
0.7412219784842968,0.31374626779213066,1,interior
0.6989251112109959,0.19442465232679948,1,interior
0.5467212191507788,0.2200349032951756,1,interior
0.7350893149472959,0.23291141214040836,1,interior
0.6798335584990222,0.1799407550050079,1,interior
0.5378196338712172,0.2257197344606545,1,interior
0.739011415908966,0.2409274897720499,1,interior
0.699076313010059,0.3650138983176145,1,interior
0.5238766713950426,0.28570302866518843,1,interior
0.6970158210059927,0.3652694204856498,1,interior
0.5403031532120337,0.3394300497628158,1,interior
0.643026658034413,0.1718189892812818,1,interior
0.7436443485534554,0.2500514566301952,1,interior
0.6009890767468343,0.17493732410770907,1,interior
0.5395384253388547,0.2240994021304597,1,interior
0.5646037865142166,0.2055416564037093,1,interior
0.750430911091453,0.2650527888748377,1,interior
0.5512394514396098,0.2205900419921897,1,interior
0.7503830892257797,0.2793929188978571,1,interior
0.548771475686131,0.2180482551443506,1,interior
0.7393720674820308,0.3179557680615915,1,interior
0.75213647800551,0.3026693835474765,1,interior
0.731645951779044,0.22022695806044335,1,interior
0.527440941793744,0.26147613509834045,1,interior
0.5409597210935668,0.34186115373619286,1,interior
0.7128059443132109,0.19919838188579825,1,interior
0.5385781183641709,0.3279511201814296,1,interior
0.535781421171921,0.23539462596622068,1,interior
0.5251756302713844,0.2653794139692657,1,interior
0.7464116212955456,0.26308952194863044,1,interior
0.6768445028174124,0.17759640680192115,1,interior
0.7500732427477717,0.27305917731971063,1,interior
0.7468658875313483,0.25727442335642875,1,interior
0.5435692829064133,0.33967455732288304,1,interior
0.5303558942352201,0.2485685446179867,1,interior
0.5611929852517356,0.21607889050244825,1,interior
0.5336044098266888,0.30407244611399303,1,interior
0.5259010684169307,0.25431343904313736,1,interior
0.7333415647678728,0.32542758291370044,1,interior
0.6492622089837062,0.17502713500630615,1,interior
0.6872562418393139,0.1830319370602535,1,interior
0.5883871629721018,0.18372754694449517,1,interior
0.5580427639428918,0.21171872323695978,1,interior
0.7353055867107219,0.31987931194260444,1,interior
0.7319454399145953,0.22496063156439172,1,interior
0.7115144713340085,0.19823202823569264,1,interior
0.6916525971712185,0.18849714351724603,1,interior
0.6902873315850396,0.3758807491656454,1,boundary
0.6924684867616419,0.3760064004096016,1,boundary
0.7410696165044921,0.23867389392958996,1,interior
0.7411642842837184,0.2544698187442573,1,interior
0.7263578726419911,0.21852234373831367,1,interior
0.7493943613288615,0.2775470812972173,1,interior
0.679026014148889,0.36727662020354235,1,interior
0.600030686146446,0.17374968589712314,1,interior
0.5629968342987811,0.20466335657622192,1,interior
0.5568027090284776,0.21464459314743262,1,interior
0.6690607464382282,0.18104083605053745,1,interior
0.6938131785385795,0.1880527100462246,1,interior
0.7448144461362455,0.26252715912308194,1,interior
0.6748462490850965,0.1770954060030241,1,interior
0.7460560122348857,0.2443027225300713,1,interior
0.5375739352172038,0.3195019524829966,1,interior
0.5370038444769182,0.3377462823245734,1,interior
0.7188925905206601,0.33929368708747437,1,interior
0.5834885288223578,0.1895455012517433,1,interior
0.7359655570761028,0.22047935716753805,1,interior
0.5363926953577164,0.3218740023830691,1,interior
0.5325442885539569,0.2338154479298883,1,interior
0.5461853853573975,0.2185979024927097,1,interior
0.5374049296493699,0.3397129038319392,1,interior
0.7421612346596997,0.23634339350307182,1,interior
0.7385995977015504,0.28296371991935043,1,interior
0.5526674592746463,0.21936348401887443,1,interior
0.5915602839464472,0.18345519780846453,1,interior
0.6496760956062528,0.172783474638573,1,interior
0.5278706535110865,0.24753663649940863,1,interior
0.5561531854801952,0.21617992758295876,1,interior
0.5262042389867821,0.2524155100575205,1,interior
0.6659486316517802,0.1802284500234006,1,interior
0.5536039496344854,0.21814122796002944,1,interior
0.7252582269949291,0.3399800110215277,1,interior
0.5320809832547626,0.23124699265759002,1,interior
0.7476720513587836,0.24463784884950507,1,interior
0.5632203079815178,0.352102074469823,1,interior
0.6078759123632075,0.17363633615254453,1,interior
0.5311407970328557,0.2375161711600707,1,interior
0.7411527452982482,0.32040028796638426,1,interior
0.7453792914406572,0.3117532905871035,1,interior
0.537127914789657,0.3238583254363362,1,interior
0.532903042344444,0.2433492655876112,1,interior
0.6132380329053098,0.1699921654405439,1,interior
0.5944166319698511,0.1828319956022566,1,interior
0.5340828359019167,0.2268523617015736,1,interior
0.6653528711385018,0.18367009980854546,1,interior
0.737495091056215,0.31455947091633035,1,interior
0.5339053729935038,0.23555473062676432,1,interior
0.7495577783678696,0.27524237059091083,1,interior
0.5391375591862653,0.22036227229783595,1,interior
0.6746077745676969,0.3692436777663078,1,interior
0.6234479294135268,0.17452789892213394,1,interior
0.5624260301723827,0.35372788934959254,1,boundary
0.7452904219705987,0.31358633943747033,1,interior
0.7217308085980786,0.3453555243581332,1,interior
0.5392056799683042,0.2222618425979177,1,interior
0.6068116130656268,0.17245719162935383,1,interior
0.7259187387017976,0.21145027906398717,1,interior
0.6431967838700402,0.17490431152866298,1,interior
0.7333751175692494,0.22385805115624724,1,interior
0.6453435193108299,0.17096371602309995,1,interior
0.530366782344312,0.296921674622367,1,interior
0.6863447567088169,0.37033702877456975,1,interior
0.7541680299069365,0.2738637945217789,1,interior
0.7283797635705608,0.21718044953276222,1,interior
0.570981443223772,0.19972141804994126,1,interior
0.554213697689107,0.21671804600208,1,interior
0.5296586530684297,0.23046873910890053,1,interior
0.5310321740003576,0.3113512511670367,1,interior
0.7492513567039444,0.305908467844414,1,interior
0.5964590979296968,0.1735600551776779,1,interior
0.7093449355945872,0.1999075389261927,1,interior
0.7359935658185717,0.2341775354659296,1,interior
0.5503479142570795,0.21693985041396055,1,interior
0.5425516144595038,0.3419471568839786,1,interior
0.5763880729413919,0.19407473434302955,1,interior
0.7479780459950809,0.3073511948808987,1,interior
0.7518790881262614,0.27334249710577774,1,interior
0.6989017666220133,0.3706682694012685,1,boundary
0.5306108051367878,0.30286175593783277,1,interior
0.5592299150438589,0.20758245803914704,1,interior
0.5453172350847818,0.3472147798170848,1,interior
0.5431549500975129,0.34365317827722797,1,interior
0.6813745683948719,0.1773991560384631,1,interior
0.5324032701915502,0.22919003348304667,1,interior
0.737355138026236,0.2196104100093016,1,interior
0.6705408639542609,0.1802374517980984,1,interior
0.5227978038746941,0.2874674720272319,1,interior
0.5227389820055179,0.2575420801098476,1,interior
0.6482312842391512,0.17329142361095318,1,interior
0.5765348911668379,0.19560618931237758,1,interior
0.5320774496999928,0.30392442402616926,1,interior
0.7527550050965275,0.2756668847208663,1,interior
0.5556654265993949,0.21318945912830256,1,interior
0.671268908097413,0.1829369930085855,1,interior
0.5198090996524856,0.2805521360710548,1,interior
0.688971206370186,0.18060731312592374,1,interior
0.5855988630549209,0.1833559826190583,1,interior
0.7107704049259868,0.20060952493153858,1,interior
0.5976284892785338,0.1725055194660341,1,interior
0.5288935343381885,0.3048511643161384,1,interior
0.752864554053567,0.29104434370042803,1,interior
0.745878514755557,0.25050465434112384,1,interior
0.7396964035994115,0.21778645963445617,1,interior
0.52723236234862,0.25749036859652785,1,interior
0.5255047466093472,0.2616046904492312,1,interior
0.5304645112991158,0.30626462044827174,1,interior
0.7495121093882408,0.2859049210246056,1,interior
0.567386242091504,0.20147717439766263,1,interior
0.6273039384546625,0.17322638353480982,1,interior
0.7321402360643452,0.3281079240072031,1,interior
0.7188520863120686,0.34677898219107045,1,interior
0.5514027448992557,0.21822255813368233,1,interior
0.5345157512520976,0.3385642244003731,1,interior
0.695664585527239,0.37431652794423453,1,interior
0.7468592186357019,0.24601099117526623,1,interior
0.6624907901591421,0.36610552887390535,1,interior
0.5291470208656543,0.3022957026615805,1,interior
0.7567300377083064,0.2745966194410826,1,interior
0.7059785927638728,0.20022183579521152,1,interior
0.6989698165243342,0.3685802129373234,1,boundary
0.7450677582016908,0.2457774719556892,1,interior
0.7511167997067263,0.28593414677295786,1,interior
0.6916194708500332,0.1829676226568035,1,interior
0.5318524447001971,0.30028274295268453,1,interior
0.7361292385289686,0.31700017921937707,1,interior
0.6778144335649817,0.18515196253767008,1,interior
0.5232631178853373,0.2718287963537995,1,interior
0.577766974212341,0.19282281207901902,1,interior
0.5414206199138283,0.3439201150081121,1,interior
0.5313996494164767,0.2779781135029717,1,interior
0.6682317063059842,0.17967334616258054,1,interior
0.5400956789289283,0.3372376616439202,1,interior
0.7235292887442709,0.3357484778632893,1,interior
0.5344821499178458,0.31992897888368527,1,interior
0.750719848713075,0.3045594231463478,1,interior
0.619777938427599,0.17526400930258856,1,interior
0.6864823225864447,0.18053001486901557,1,interior
0.7541932420835423,0.2839881247814792,1,interior
0.6932555363142539,0.1855921116932926,1,interior
0.6227541902078277,0.17273328716413136,1,interior
0.5302633534477198,0.2948561009291323,1,interior
0.5564089808022256,0.20693312700813002,1,interior
0.5547295134894626,0.2152501086234718,1,interior
0.5990343580532995,0.17182842401134552,1,interior
0.7575583208552691,0.2725443404578072,1,interior
0.6956746702343845,0.18387666996724933,1,interior
0.5597845876569456,0.2141118004774838,1,interior
0.6783548011192392,0.1768623882636771,1,interior
0.7244963215974045,0.2191026550448163,1,interior
0.5477209562140751,0.21685593953432464,1,interior
0.7194454694010866,0.34920529335774175,1,interior
0.5200452502520401,0.2557421940569351,1,interior
0.714320656974644,0.20212935766425286,1,interior
0.7383852773503308,0.3195777969950854,1,interior
0.6990902636926494,0.3670288968990024,1,boundary
0.7538452095470698,0.2661095229130161,1,interior
0.688080731196624,0.2008720464445799,1,interior
0.5238083617042636,0.2634365515082219,1,interior
0.5234865541824054,0.2617537285212276,1,interior
0.6857341146920023,0.3728869595059336,1,interior
0.6568397767813194,0.18462078500293147,1,interior
0.7341138354433151,0.3277469931921179,1,interior
0.5447989189055622,0.34884218699143815,1,interior
0.6454340227902349,0.17976058861130456,1,interior
0.7515063302569975,0.2988510608491475,1,interior
0.700475225867604,0.19766063292094938,1,interior
0.7165159696248516,0.34107123161972874,1,interior
0.653526972730804,0.17948203122851397,1,interior
0.6789645616352245,0.37156112625417625,1,interior
0.5601313696299731,0.20493410788533026,1,interior
0.7511232252505949,0.2680352208348032,1,interior
0.528820069533431,0.29354044791910916,1,interior
0.5218284089289973,0.2704774167596532,1,interior
0.7518885394415741,0.28898442458207685,1,interior
0.6364194828310218,0.16807050511436633,1,interior
0.7278258490553471,0.22370514372514702,1,interior
0.7098531018087352,0.19838660349668447,1,interior
0.7290398819584323,0.33119625157720195,1,interior
0.7500607545081237,0.2842080975849254,1,interior
0.7491462838907378,0.3100601718558269,1,interior
0.5279815154881519,0.2450262259471164,1,interior
0.6993299100200293,0.19654339866647969,1,interior
0.5217743385005308,0.26081548783934716,1,interior
0.5215631435611735,0.27962011306428397,1,interior
0.5197496925990774,0.28256225988207806,1,interior
0.5236289664151161,0.27334901294414227,1,interior
0.681272876691364,0.17944610217550608,1,interior
0.7519190917960936,0.27880031705580444,1,interior
0.6584177526566317,0.18468765263918807,1,interior
0.6725447576712139,0.36610165524407884,1,interior
0.6823533772774762,0.3712453572267291,1,interior
0.5254976535212474,0.26351990161545225,1,interior
0.5308695144955591,0.23357817285733853,1,interior
0.5333016746723405,0.3356018170372206,1,interior
0.7440533812879082,0.24844322739611396,1,interior
0.6839835876565374,0.17763130814211642,1,interior
0.6976820932661895,0.1928965729698152,1,interior
0.5222240124516917,0.2656710317191332,1,interior
0.7520273107960843,0.2933394561533704,1,interior
0.5187673270812354,0.28402467361423506,1,interior
0.5207779266806027,0.25883943592420516,1,interior
0.5331240259691871,0.3181080192606246,1,interior
0.6848330366312294,0.18001840733076624,1,interior
0.5920063424941361,0.18711124841284724,1,interior
0.6142088573896766,0.16855714190500876,1,interior
0.7381337983006708,0.23479738055642033,1,interior
0.7055870761998115,0.19842431789852696,1,interior
0.5529529462044108,0.2157397434710174,1,interior
0.6448609157907742,0.17423636400700357,1,interior
0.752775581182592,0.2834215480917389,1,interior
0.7305490639939038,0.2191088701147144,1,interior
0.5358752820199538,0.3322802663033134,1,interior
0.5334319344879924,0.3371757058648731,1,interior
0.5309966965827921,0.2988229071051625,1,interior
0.7450010269431857,0.26072636454092474,1,interior
0.5357071991404668,0.34063323897399883,1,interior
0.5320255231036,0.3055663040579432,1,interior
0.5407853306245887,0.2260166130769958,1,interior
0.6644206071960516,0.1800785174700241,1,interior
0.7493049244753073,0.30370164018346435,1,interior
0.5313498663684652,0.23579481243284928,1,interior
0.5581235151635194,0.2137131264102776,1,interior
0.6401735458012293,0.1689776404008229,1,interior
0.7438023537519173,0.3130837998899505,1,interior
0.6884411532398897,0.3762653318375278,1,boundary
0.5250039182558782,0.24887361373084044,1,interior
0.6411791441950119,0.16768889082153063,1,interior
0.6419684267853016,0.16904791865593058,1,interior
0.5308287013783113,0.30932268163715076,1,interior
0.6846380360607817,0.3703994538770673,1,interior
0.5821969267828857,0.19051002899993083,1,interior
0.6824084617323662,0.1755514699720338,1,interior
0.6438685697697211,0.16853421976459973,1,interior
0.7293275919002374,0.3362274980881625,1,interior
0.6302849327974646,0.16879032864106203,1,interior
0.7350241781427106,0.3247685530683739,1,interior
0.7535718678966985,0.28912943129516544,1,interior
0.5286862376971004,0.30027123199472033,1,interior
0.5291923494257526,0.30748193221938247,1,interior
0.6286128913872564,0.1676316467007027,1,interior
0.5328925978629325,0.32078012886328866,1,interior
0.5329029514984941,0.31488103290576347,1,interior
0.5207863636056984,0.2860286967390146,1,interior
0.5426261793976942,0.23067794778255774,1,interior
0.7552889209868836,0.2753288114723961,1,interior
0.5911725774262788,0.17962023541154856,1,interior
0.7340352957692862,0.21867966442396464,1,interior
0.737917080191534,0.22878471419384175,1,interior
0.7430255142989576,0.31467936632339655,1,interior
0.7510471976887828,0.27622331702067726,1,interior
0.7464074049369173,0.24903368968995007,1,interior
0.6773340448393137,0.3708762607496273,1,interior
0.7445635922085505,0.2365560659901839,1,interior
0.6117012721155961,0.16840846353900188,1,interior
0.5524799489787242,0.21377428790669886,1,interior
0.6501784445940236,0.17640178033235407,1,interior
0.7533635839795655,0.2627807294772662,1,interior
0.7471949222538188,0.261010597335554,1,interior
0.598050586669274,0.17475408592750577,1,interior
0.7574225009094135,0.26969017676447227,1,interior
0.7011882197658563,0.19506100942096105,1,interior
0.5242783370496471,0.25424407742171073,1,interior
0.7305505952723407,0.3309638701878415,1,interior
0.5305333090251066,0.3011916493013393,1,interior
0.6262922386833574,0.1695000937999038,1,interior
0.5352334785616653,0.3234030246437743,1,interior
0.7436639743823906,0.2343750241116303,1,interior
0.7564298198611732,0.2668793440698185,1,interior
0.6862218505491112,0.3774458430868441,1,boundary
0.6923922341014187,0.1869955728460536,1,interior
0.745868505878192,0.2393145314052566,1,interior
0.5685707643495008,0.19997848506705532,1,interior
0.6463948056512483,0.16948253026207907,1,interior
0.7435981677118905,0.24494125988046073,1,interior
0.7179158004290823,0.3481048777525866,1,interior
0.5204385117079051,0.27471123660386826,1,interior
0.7041564889627805,0.20093527568764577,1,interior
0.6121110830791435,0.17384817987604026,1,interior
0.5282549192141307,0.29567837230547905,1,interior
0.7375073830715174,0.2305992541740782,1,interior
0.5910198354556687,0.17555908062485015,1,interior
0.6674591785871099,0.18139764369688685,1,interior
0.7372620766806706,0.23262819283651703,1,interior
0.7242146456824126,0.3341947754947322,1,interior
0.7463291944278038,0.24217124326130468,1,interior
0.758988249337661,0.2750142446106004,1,interior
0.7332370197984244,0.33013955681265966,1,interior
0.5812589602216212,0.18873533075995003,1,interior
0.5320041561842789,0.3338268151917885,1,interior
0.7415976234095015,0.24877131600071226,1,interior
0.7194728472794815,0.3452169515860406,1,interior
0.6395671046105609,0.16697896158202102,1,interior
0.7437957125266385,0.31132202275426485,1,interior
0.5431048325658202,0.3494740584541077,1,boundary
0.5227312028588235,0.25402941696084363,1,interior
0.7242272717696714,0.3453553708088269,1,interior
0.6004787915327778,0.17063481983133139,1,interior
0.7033376882711186,0.19611067268712545,1,interior
0.6828816506391959,0.17956827472915998,1,interior
0.6151624629258844,0.17258169396920814,1,interior
0.6313286892559685,0.16991516591683709,1,interior
0.6726232932220685,0.17618522736022957,1,interior
0.6618732848196102,0.18405259831511392,1,interior
0.7229777896697566,0.20112929835064844,1,interior
0.7393217529264271,0.2311884432369025,1,interior
0.689618062350611,0.18223586694595914,1,interior
0.6944040204758594,0.18256222974046957,1,interior
0.7268619500576021,0.20764150423025843,1,interior
0.723886744707527,0.2171366009357308,1,interior
0.5241968991276948,0.2523572685664752,1,interior
0.7484587893240635,0.2391700933707918,1,interior
0.7476496588598759,0.24772472633102524,1,interior
0.7145212896434049,0.19936753630122558,1,interior
0.5449067731493469,0.21723880649012528,1,interior
0.6538101677099695,0.18262186263307703,1,interior
0.624677372462514,0.17047771882055632,1,interior
0.6609253324606452,0.18139130106964654,1,interior
0.6988224894131336,0.3723445531511151,1,boundary
0.6265689395812757,0.16734775941846436,1,interior
0.6695374800967631,0.1786624286268364,1,interior
0.6335947353958962,0.16616202521628412,1,interior
0.6846213561300807,0.18159514182045836,1,interior
0.5335379300231701,0.24026826954726432,1,interior
0.6167874882697483,0.16714225078359551,1,interior
0.6979216144927165,0.3740718562760747,1,boundary
0.5223217498857619,0.2856088421368831,1,interior
0.7426559261305724,0.23215477081070748,1,interior
0.7407745917123881,0.23552887770583267,1,interior
0.7350332698775709,0.31405678511584817,1,interior
0.6972590968443274,0.19489415905811616,1,interior
0.6475626202283704,0.1708920448927363,1,interior
0.5423882527051134,0.22088369418429857,1,interior
0.5586776356132676,0.20582892842884024,1,interior
0.5184013729098658,0.28657867172981244,1,interior
0.5428127213430063,0.21880591942578673,1,interior
0.7586785074973066,0.268698928742139,1,interior
0.6493166899408662,0.17103106585493372,1,interior
0.5270973521713085,0.293945698021278,1,interior
0.729987817254326,0.3324681994581966,1,interior
0.5426942938094227,0.3451752069155809,1,interior
0.7441922033162126,0.2388865774918838,1,interior
0.6662515297736883,0.1785221849631589,1,interior
0.6479956075275634,0.17826889828878317,1,interior
0.5657997280747521,0.20181544096768997,1,interior
0.5260281096207149,0.245665880793421,1,interior
0.6526818586853311,0.1769634706655874,1,interior
0.6228580347263508,0.17022835917824133,1,interior
0.5195574089591313,0.25749151507882045,1,interior
0.5356064025444949,0.22426650347140512,1,interior
0.6280702137247043,0.16543653972158698,1,interior
0.588174507447668,0.18218322384176605,1,interior
0.7360843629657633,0.2314719321587783,1,interior
0.5361504844926677,0.3421137651457057,1,interior
0.5985483730853353,0.17017232302518726,1,interior
0.6359434615001145,0.16629464073377087,1,interior
0.5291425940096531,0.23576128900405224,1,interior
0.5198737461035698,0.27198774347850696,1,interior
0.7499739792509085,0.24704852221458948,1,interior
0.6840410995021069,0.37316618725971556,1,interior
0.753987489506327,0.2642534742544344,1,interior
0.751734827422118,0.26243150316040736,1,interior
0.739388061640347,0.2282923087799345,1,interior
0.6668904500728259,0.36783571853113634,1,interior
0.5636380368271753,0.2021149728054466,1,interior
0.7427109220167226,0.23831450214446068,1,interior
0.533751360405091,0.32512984236483516,1,interior
0.5325672098097368,0.31168284285047443,1,interior
0.7479996813211183,0.2500929030955998,1,interior
0.697582375241462,0.1911492927640101,1,interior
0.6308657986636363,0.16711335543213068,1,interior
0.735539763723774,0.3302589498850115,1,interior
0.6621388831575323,0.18032857572845942,1,interior
0.527309603952302,0.2970971492880728,1,interior
0.6545648361794403,0.18829079295042725,1,interior
0.5346509129285458,0.3292546886768558,1,interior
0.7470445879450253,0.23822796112379122,1,interior
0.5577335812412813,0.2078943428849754,1,interior
0.6944810099881541,0.36316195584775607,1,interior
0.6701414590382538,0.3691314232051319,1,interior
0.6678808942449581,0.17752649528747322,1,interior
0.7493382678817795,0.2903577556848762,1,interior
0.7596368560131939,0.2723595201131892,1,interior
0.7429289503148617,0.3187781644579001,1,interior
0.7403726096881,0.31665315301823566,1,interior
0.7040888961407694,0.19801380444040617,1,interior
0.5327003407405153,0.22357765480200867,1,interior
0.527344235812118,0.24936280620505108,1,interior
0.7217880483398268,0.34726437388251974,1,interior
0.7438163072562635,0.3164004834791729,1,interior
0.5337724148896622,0.22838459235590097,1,interior
0.6627664614677282,0.18190700189452128,1,interior
0.6560014987016644,0.18177370131587833,1,interior
0.5177987683108708,0.2762116858816939,1,interior
0.527912024038746,0.3061962163300289,1,interior
0.5276079668386408,0.2433144868806462,1,interior
0.6498160362748289,0.18202457966101027,1,interior
0.5358288414630773,0.33035264053321306,1,interior
0.5205211781409603,0.26669263737189813,1,interior
0.7499834566121163,0.23751223004190009,1,interior
0.5208590417758365,0.2844897015445485,1,interior
0.5285817744253336,0.24188767841496125,1,interior
0.7365626877029856,0.3249100611545733,1,interior
0.6797447406798603,0.17621120989282693,1,interior
0.5427881043642638,0.34788210646237255,1,interior
0.593807150404317,0.17269507059831066,1,interior
0.5213234995723319,0.2732671057449902,1,interior
0.7447755648024269,0.25864329378074763,1,interior
0.7470299246746407,0.2540185313033998,1,interior
0.655770617514041,0.1796508787200572,1,interior
0.5330164317980897,0.22541729944984892,1,interior
0.5564162099224172,0.20901742097235254,1,interior
0.5340286732940092,0.33283475263593965,1,interior
0.618834256702928,0.1668028864960083,1,interior
0.7519339361499765,0.23926807599180833,1,interior
0.5260786656551287,0.29275017917256085,1,interior
0.7527065988915725,0.24644908760306336,1,interior
0.6524337367632026,0.17262150019990807,1,interior
0.7020070671143889,0.19740911730022193,1,interior
0.5212833673433114,0.2528353956588015,1,interior
0.5291234949988024,0.23288271284497614,1,interior
0.6184283211840284,0.17437149081408518,1,interior
0.6710994044892369,0.176041090211859,1,interior
0.6378912586523389,0.16660490810197348,1,interior
0.7282962089899678,0.333511104599544,1,interior
0.6955623458444685,0.18806983479852035,1,interior
0.6249171907894707,0.16807687143360828,1,interior
0.7545552970594467,0.2868059565002392,1,interior
0.5324182829179163,0.2417598123421827,1,interior
0.5407249341617384,0.21747564773473016,1,interior
0.6115881118567158,0.17115970795647614,1,interior
0.7160307784697127,0.19835012403341015,1,interior
0.5306095024590373,0.22816779829115552,1,interior
0.5156963619030005,0.2867507093880118,1,interior
0.7539531579947107,0.2447343861491063,1,interior
0.7229114129563967,0.2048886623763182,1,interior
0.5178491582878515,0.28141264368733593,1,interior
0.7404863589543658,0.2330426075905619,1,interior
0.7497319577317121,0.24088933382282263,1,interior
0.6945161417658444,0.3753209870808033,1,boundary
0.5384995986343508,0.341409881345293,1,interior
0.6874610110605642,0.17874539079226512,1,interior
0.6420940412371771,0.16511085587018348,1,interior
0.550216451932344,0.21471298050017146,1,interior
0.6179993687537911,0.1717941983050819,1,interior
0.6467920554329813,0.17255361791190463,1,interior
0.718343075277988,0.33118779885433064,1,interior
0.7529392642218601,0.294866880109089,1,interior
0.5896534596765007,0.18143162682093056,1,interior
0.5227018988741982,0.26900982053766015,1,interior
0.7548006610388688,0.29017802140047794,1,interior
0.7456246053331723,0.2475790496282908,1,interior
0.5340707328817975,0.221085069723562,1,interior
0.5561901168494725,0.2054260438775403,1,interior
0.5276345900494817,0.2891028119598598,1,interior
0.6576243276552947,0.18327937426841232,1,interior
0.6627964006596231,0.37006520214969135,1,interior
0.6107392039677739,0.17553994316488541,1,interior
0.589334795551028,0.17863311868962573,1,interior
0.5676602304132883,0.35368722981096784,1,boundary
0.7275649178946099,0.33215635292884454,1,interior
0.7081845946671275,0.19704513218491004,1,interior
0.7519408990821319,0.23759442531124844,1,interior
0.6169970622225195,0.17322489942240119,1,interior
0.7532779093979006,0.28541034178353025,1,interior
0.7282194477086008,0.20993821561482415,1,interior
0.6656034776625847,0.17713724351573829,1,interior
0.5965575162333138,0.17119732365946835,1,interior
0.5291877901575995,0.23809477129407564,1,interior
0.5360137155089698,0.2226992367528042,1,interior
0.5803349425370741,0.190596950761172,1,interior
0.5269374159395969,0.30928583834755724,1,interior
0.5254500660941663,0.29027269388650384,1,interior
0.750113833248547,0.24512532218228483,1,interior
0.586532265751416,0.18156860127104615,1,interior
0.7467349864323167,0.23547952528833996,1,interior
0.7609647688769925,0.2749120508491737,1,interior
0.5786069766521709,0.19039181005848432,1,interior
0.6792233193072394,0.37321395185678585,1,interior
0.5316249803149956,0.3188228310174821,1,interior
0.7402249672016903,0.2814894884137623,1,interior
0.7339651583975113,0.22968847489459832,1,interior
0.5305339688431546,0.30456224450944297,1,interior
0.5250074616890898,0.27220279588104945,1,interior
0.5555301342616619,0.20306108014862229,1,interior
0.7129985845603739,0.3524735930003515,1,boundary
0.7252462105604743,0.20723552097275133,1,interior
0.5410870280503449,0.34822833422183275,1,interior
0.6765450415474963,0.1760234990507701,1,interior
0.5184841911066005,0.2744064743655222,1,interior
0.7406983184059139,0.2292462609981031,1,interior
0.6628784158663094,0.1783962694966933,1,interior
0.5318021795948501,0.32410757233207516,1,interior
0.5263549542151424,0.30464033414957103,1,interior
0.5388035997803372,0.3439540238093431,1,interior
0.7373499107289095,0.32140798546839827,1,interior
0.6943984318812201,0.37323570852400234,1,interior
0.7561983928555959,0.2684074671416196,1,interior
0.7244326351734022,0.21288613947337187,1,interior
0.6553469007064681,0.17729845530700164,1,interior
0.5577337422129227,0.21013493409604786,1,interior
0.7558485496149698,0.27303444938316196,1,interior
0.5307704555156383,0.24145414962118075,1,interior
0.6051666167856687,0.17092368613211947,1,interior
0.727803621382998,0.3363323148650578,1,interior
0.526813998072159,0.30103916246601586,1,interior
0.7495088434084078,0.24975559770101668,1,interior
0.7228824994249647,0.3486740900910036,1,interior
0.5614432967569623,0.2176424306597094,1,interior
0.6592217322975381,0.1822130726996643,1,interior
0.610112599469226,0.1684872674322078,1,interior
0.6096439787262101,0.17193800055243957,1,interior
0.5479164522806221,0.21527283853789592,1,interior
0.5314160924461319,0.3165944181075206,1,interior
0.5828577598643675,0.1877106329978139,1,interior
0.7594039914045292,0.27075476295445694,1,interior
0.6870988194450468,0.36888620256810295,1,interior
0.5540842193762415,0.20630440120531143,1,interior
0.7271650692140377,0.34064248754388243,1,interior
0.7283684040272563,0.20827321220085027,1,interior
0.575667827946467,0.19141854451925713,1,interior
0.7445944527320473,0.23262280812781821,1,interior
0.6608904777059176,0.37099750579595214,1,boundary
0.7233738011938854,0.3433400529885135,1,interior
0.7467530810351127,0.25178948985754046,1,interior
0.6198937983500651,0.1655803644335633,1,interior
0.5217243015851482,0.25115208843749537,1,interior
0.5251001157710691,0.24728363525989297,1,interior
0.6632174368615166,0.17687171351614964,1,interior
0.5252506631316809,0.251205235322535,1,interior
0.7477541493419794,0.3142320682408552,1,interior
0.6195273632051055,0.17185360541296793,1,interior
0.5965750685504653,0.16847159832340786,1,boundary
0.7195208209782302,0.20207018887344108,1,interior
0.5915603594984877,0.17270432560458793,1,interior
0.6216873610980663,0.17151029323980754,1,interior
0.668123381945017,0.18751173550065525,1,interior
0.5230940466520422,0.2485115301198971,1,interior
0.7505192426110786,0.30248994621402536,1,interior
0.7453745486450633,0.31549673514844934,1,interior
0.6229500177763844,0.1684334988865901,1,interior
0.5222091174849046,0.24704074833740916,1,interior
0.6822142441271152,0.37443166884777457,1,interior
0.5843634525710159,0.18190973789057532,1,interior
0.6248864520373536,0.16577027710961537,1,interior
0.6455377858987658,0.1679655337817929,1,interior
0.5284142312669462,0.2982983473813978,1,interior
0.5183861421404392,0.27266513158408284,1,interior
0.6998178992756021,0.19027208359176356,1,interior
0.5209518186823063,0.2684782669051114,1,interior
0.7504004214559573,0.2634621792073489,1,interior
0.5367676089115877,0.2196537937156697,1,interior
0.7487919350909509,0.2339752388139248,1,interior
0.6719599144725873,0.3700166416872993,1,interior
0.531542145334184,0.3363148461865713,1,interior
0.615705677091582,0.17105166774244374,1,interior
0.5191375890543248,0.2544844584409027,1,interior
0.5431687216735825,0.2172115671710747,1,interior
0.527236432291153,0.23964645101728443,1,interior
0.5315479935374353,0.31405650439749944,1,interior
0.7248138502811926,0.21559085339784212,1,interior
0.687812572415802,0.3717216620168421,1,interior
0.5580322418427728,0.20443671678188585,1,interior
0.5313787680592938,0.22018185629514533,1,interior
0.6173930394971907,0.16984994997321984,1,interior
0.6554267006157461,0.18341536557579832,1,interior
0.5215538940816141,0.26238781153265406,1,interior
0.518318318263808,0.2789726182533599,1,interior
0.527766712454441,0.3034677725923514,1,interior
0.7393147888447723,0.32405405556268757,1,interior
0.5316719471600864,0.218407889483192,1,interior
0.7063052481381014,0.1963523889485254,1,interior
0.651991537261547,0.17090866434064453,1,interior
0.5323517645144787,0.22690066095637967,1,interior
0.6298960808524025,0.1657415542465536,1,interior
0.528153613962186,0.23122101813937976,1,interior
0.5878786019752799,0.18040376712481349,1,interior
0.6508168612697024,0.17427435529580235,1,interior
0.5244543700297376,0.2915057188746757,1,interior
0.5411988185011957,0.35001529132216974,1,boundary
0.6750741362551391,0.1804719751535175,1,interior
0.5247290998662214,0.29708174914378593,1,interior
0.6157012062074982,0.1690215362933671,1,interior
0.7278295871445685,0.2151976994707431,1,interior
0.55764513259825,0.20223762732811135,1,interior
0.5171040955444489,0.2828475784851936,1,interior
0.5190351421344425,0.2882896951252813,1,interior
0.6151448280468742,0.16649642465895448,1,interior
0.5439209965645688,0.215488936647811,1,interior
0.7530611054495905,0.2674404251507852,1,interior
0.7246825020903966,0.20890092858297413,1,interior
0.5709980613108647,0.19805433221901475,1,interior
0.7531830939524369,0.27750770480512016,1,interior
0.5309631624055556,0.3214273651843013,1,interior
0.5355456455736363,0.22062688587628132,1,interior
0.6843074055984546,0.3752768528075178,1,interior
0.6395898070862359,0.16408344220328785,1,interior
0.5166479606197062,0.2852204258248077,1,interior
0.5167094561877321,0.28864740548929074,1,interior
0.516392692378561,0.2787620117270203,1,interior
0.5166092469351103,0.2743691774776039,1,interior
0.7254109546511311,0.34263572350035176,1,interior
0.5297133118879327,0.3124949843723733,1,interior
0.7147077610661767,0.3515484267183753,1,interior
0.7527234358925972,0.24191095515516542,1,interior
0.748219717906709,0.25876030055223653,1,interior
0.5950765582157348,0.17159786749323505,1,interior
0.6012627841186635,0.16930876327616096,1,interior
0.5369025436965289,0.34473513090091124,1,interior
0.7466424016257202,0.2406844579075575,1,interior
0.7315283712242566,0.3325286099239207,1,interior
0.6163126960000249,0.16516952272597135,1,interior
0.7481970828824347,0.2421603170362331,1,interior
0.6878194759530604,0.176344720887076,1,interior
0.5284599720146118,0.3113959569242512,1,interior
0.7365211048752587,0.3270898638100553,1,interior
0.6841841443882143,0.17587946294151818,1,interior
0.7243571452015306,0.20371071651624145,1,interior
0.5915079646167164,0.18160797448197002,1,interior
0.741170091503561,0.3181681081019073,1,interior
0.5245453990323172,0.30933307887363193,1,interior
0.5770817958016523,0.19065969121265092,1,interior
0.7530299550286748,0.3006373054686946,1,interior
0.6196323284685794,0.16866791562858646,1,interior
0.6614067080914676,0.17793533660487737,1,interior
0.6874141814711037,0.37508017584026104,1,interior
0.7499254692859666,0.24244047184163237,1,interior
0.7299660880921531,0.33408031924010323,1,interior
0.6721530225342394,0.17819292898313804,1,interior
0.667548552302625,0.17498591438799999,1,interior
0.5265307712056505,0.23676749231701477,1,interior
0.5148172883753632,0.2806929217146569,1,interior
0.6726785512111251,0.3714368850066963,1,interior
0.5348920952765115,0.21879586947750432,1,interior
0.5259396714978578,0.3122580487947234,1,interior
0.5746139028635883,0.19570397087313693,1,interior
0.7293420144663204,0.3389603359901821,1,interior
0.534879952166241,0.32733631334422103,1,interior
0.6929783107252129,0.18365632176592064,1,interior
0.614787843900393,0.1643592726442044,1,interior
0.5222322529920548,0.28899291426442786,1,interior
0.7390388499271849,0.3157536067022649,1,interior
0.5883546975054723,0.17513496332362186,1,interior
0.7604062277462619,0.2693838246042692,1,interior
0.5866735263277717,0.17855085051054786,1,interior
0.5405126646702636,0.21580304350566265,1,interior
0.52118110523392,0.2546224071781546,1,interior
0.7547971223383217,0.2468871521669679,1,interior
0.7536875112967231,0.23796063706648188,1,interior
0.7539328299068627,0.29915012482421444,1,interior
0.6675260830576554,0.369647947635768,1,interior
0.7227616359497946,0.20640448564070765,1,interior
0.5258045400142776,0.3064462233244409,1,interior
0.7469863238574623,0.31598960541129395,1,interior
0.5823038027658869,0.18360051710082598,1,interior
0.7381117151105241,0.3282880854510256,1,interior
0.5299736973220297,0.314859125817905,1,interior
0.7483763562063063,0.2561040071172178,1,interior
0.7413218331806782,0.23119589977718685,1,interior
0.5286361027719931,0.3095724901132236,1,interior
0.7548617224657028,0.23935130918421946,1,interior
0.6481444687167035,0.16905470422792673,1,interior
0.7375582591389527,0.2252611057855281,1,interior
0.7211818694683724,0.20224757420595213,1,interior
0.7302236049518057,0.21511148213457842,1,interior
0.6774906328282838,0.3728295251492254,1,interior
0.5756732558812842,0.2040280833756005,1,interior
0.5259792480452151,0.31054843071020616,1,interior
0.6859780001183582,0.3757624463588508,1,interior
0.7423008232001603,0.25083672935564083,1,interior
0.7522656253548436,0.28067472517162645,1,interior
0.6742267058852898,0.17505065607489573,1,interior
0.5180663315742354,0.26517531059680094,1,interior
0.6611183242788158,0.17577916163462956,1,interior
0.7268925921326199,0.2027635341917365,1,interior
0.685425191112696,0.17830520339254594,1,interior
0.6285498286577705,0.16308767837140117,1,interior
0.6980982693923256,0.18935352558431026,1,interior
0.5541338509335252,0.2079941367110306,1,interior
0.7544485189538686,0.29295230678415296,1,interior
0.7586260882659349,0.26668052367802375,1,interior
0.6626582291597982,0.17462588766649031,1,interior
0.7484937327593597,0.2364314110176716,1,interior
0.5749469486272243,0.18983342436531211,1,interior
0.6333069271443698,0.16421800347617488,1,interior
0.6806631589211274,0.374337035435992,1,interior
0.7164103691911787,0.34902719602408433,1,interior
0.7466659772228316,0.23274236978382862,1,interior
0.5268689709530594,0.23009778879662163,1,interior
0.7316813929925113,0.21350944952545461,1,interior
0.5333613879771408,0.34216184577901804,1,interior
0.659666314639757,0.17877492696490957,1,interior
0.6780837189559954,0.17513024287085338,1,interior
0.5851029177143403,0.17930524764894626,1,interior
0.7548380337496883,0.26755946529123015,1,interior
0.716641382856044,0.3510227975941795,1,interior
0.6725377297673415,0.17369107750974833,1,interior
0.7150796543013949,0.20570345630445527,1,interior
0.5307821496681987,0.22604640900669815,1,interior
0.7540329416274757,0.2792250843215976,1,interior
0.7509284499198443,0.26011328517869636,1,interior
0.7183368177693087,0.3504197652130052,1,interior
0.5306049618236273,0.22331690845278993,1,interior
0.7452826120232079,0.23487014181175234,1,interior
0.532502698917899,0.3263052730040779,1,interior
0.7490569661880515,0.24378619334280557,1,interior
0.6649563195355641,0.17480169259480036,1,interior
0.7167548512496356,0.20024764228099806,1,interior
0.5907293859891872,0.17782104465306525,1,interior
0.5538945944104254,0.20976405865373896,1,interior
0.7175477614846827,0.19781023621714605,1,interior
0.7401543484223478,0.3225223602256483,1,interior
0.5258038198297491,0.2950085102104124,1,interior
0.5398717792320905,0.3459064390413337,1,interior
0.5734400866007792,0.19051028023107147,1,interior
0.7494240150725999,0.3082872472414651,1,interior
0.6857041147543645,0.17659810895588227,1,interior
0.7559463577536,0.26358034531652524,1,interior
0.6756803275954957,0.37055177997004757,1,interior
0.7620581327548779,0.2669527040729861,1,interior
0.515852751386473,0.2772106420557443,1,interior
0.529771334904372,0.3248474459749463,1,interior
0.6720623558546903,0.1799431739097469,1,interior
0.599736779333753,0.1691323699338299,1,interior
0.5842319737797795,0.18428712188155996,1,interior
0.5934384962190664,0.17043974472602105,1,interior
0.5236357510664652,0.2897825312082909,1,interior
0.6810061743965522,0.37210344092034503,1,interior
0.7366841797011445,0.2178865063231605,1,interior
0.5609232996187847,0.20292789335790926,1,interior
0.5673730523959559,0.2031177589946872,1,interior
0.6373975908551143,0.16442429329290112,1,interior
0.5216242585193137,0.29050030484633227,1,interior
0.7291038921353601,0.2114316354096841,1,interior
0.7457800766446678,0.23122958034569777,1,interior
0.5265590777182215,0.2989938926355517,1,interior
0.5363319272635745,0.34734439864942607,1,interior
0.5344919993608446,0.34878724418186047,1,interior
0.7467850482457244,0.3127655839287606,1,interior
0.5212213890897519,0.2878561717285179,1,interior
0.5307493221622068,0.25726598929444877,1,interior
0.6756854907325771,0.1861067058310455,1,interior
0.6931410198624056,0.37451152820299516,1,interior
0.5235913743796612,0.29502163229384687,1,interior
0.5828653728625726,0.18148289141016247,1,interior
0.5340114199887671,0.33111882084978006,1,interior
0.5304979533267216,0.3378205163065761,1,interior
0.5420353350570426,0.214937121352163,1,interior
0.5339621843610586,0.2332177073597079,1,interior
0.6971336265729607,0.18804728158091452,1,interior
0.731062612166581,0.21067584457398844,1,interior
0.7357857017261388,0.22216735417975836,1,interior
0.5219954881620124,0.2640841664190413,1,interior
0.6689355113077949,0.1760220035740358,1,interior
0.7247202553853409,0.3470633493036137,1,interior
0.7485897860300129,0.25421601940081023,1,interior
0.5396567718368035,0.2137076106766772,1,interior
0.6670976937985958,0.17283669822931122,1,interior
0.6719675335935789,0.17205014259188764,1,interior
0.5666515407762254,0.1992998047592999,1,interior
0.5232697085989642,0.29264631613856174,1,interior
0.7320223024779953,0.21855316001633995,1,interior
0.5230147517373631,0.2984141120003709,1,interior
0.7393921383715035,0.21568719103047387,1,interior
0.5188389968663303,0.2593031253374375,1,interior
0.7212792464438399,0.34876031227279086,1,interior
0.7152308356526191,0.3532926737649097,1,boundary
0.7538539103887729,0.30232973648382405,1,interior
0.5301345896289933,0.31793036924721585,1,interior
0.7105061488237456,0.1955794462887136,1,interior
0.5231260664093195,0.2453329757284871,1,interior
0.7500366440279844,0.25261505425480774,1,interior
0.6181083807720389,0.1651168945426046,1,interior
0.5548435002874348,0.2114589273099194,1,interior
0.7000511448434661,0.19320200034640833,1,interior
0.5925343274456106,0.17541247558375855,1,interior
0.6313120068912095,0.16458199215699051,1,interior
0.7421248632754857,0.23423634216813127,1,interior
0.5196975255111618,0.26455797499525896,1,interior
0.7414064799584679,0.324895607918661,1,interior
0.6764814446428727,0.17374978641523803,1,interior
0.6644512968172581,0.1782152280303791,1,interior
0.714442076736817,0.19618428268616545,1,interior
0.7561151905708228,0.2653198194595565,1,interior
0.5733830333492353,0.19407488580944568,1,interior
0.7334468925397244,0.21689375253689142,1,interior
0.6203800799425544,0.17018132894578863,1,interior
0.5282016210108544,0.3140680675860117,1,interior
0.7088563708346579,0.19486883901962138,1,interior
0.5259784025646049,0.24358337015085615,1,interior
0.53002347360595,0.3272150980706702,1,interior
0.750534974995935,0.3111021689194913,1,interior
0.7369373947978243,0.21615517532371595,1,interior
0.5385973407671583,0.2183164068154794,1,interior
0.7395344613846174,0.3208588791158792,1,interior
0.574643538322379,0.19256940174861312,1,interior
0.6596503308600445,0.177055095894257,1,interior
0.7623414247772573,0.268937599666563,1,interior
0.7513739307547812,0.2441257184726573,1,interior
0.6857928024119139,0.17408002724173013,1,interior
0.5144075318015072,0.2766895313150466,1,interior
0.7375554266366557,0.22164083698415282,1,interior
0.5770990218893076,0.1886117002018372,1,interior
0.5241165613797525,0.2997930076283523,1,interior
0.6828905369687064,0.37595773767196855,1,boundary
0.6754922308273921,0.3734008634847144,1,interior
0.7302676993041066,0.20901239035760413,1,interior
0.7432414749773432,0.22914189004115193,1,interior
0.5374842941500341,0.2220330168073964,1,interior
0.5247318873530118,0.2936736083823357,1,interior
0.5201078665217789,0.2990441830794983,1,interior
0.6014333612484707,0.1668318837505295,1,boundary
0.5950568821003179,0.16902839451253865,1,boundary
0.518651096988992,0.2670493608629075,1,interior
0.573080986160017,0.19242288770258437,1,interior
0.7259122109139726,0.20442604125529085,1,interior
0.5179216260247129,0.25752954991152266,1,interior
0.5333875545706676,0.21849342696424814,1,interior
0.5251467248992439,0.2669339402534794,1,interior
0.5274565095203899,0.23534825924345376,1,interior
0.5444521964472083,0.3454311833651128,1,interior
0.5238071002393084,0.2661830688582316,1,interior
0.5266705472912799,0.26473931797272365,1,interior
0.5279770863096871,0.23392108115235097,1,interior
0.5147333821531632,0.28292973954752587,1,interior
0.756511953265844,0.29228718170848134,1,interior
0.6212100852776582,0.168519444108977,1,interior
0.5363336100159202,0.21811532190474328,1,interior
0.7241771890508883,0.3498537445942119,1,interior
0.7321742143869755,0.33691850329896333,1,interior
0.7648294658202103,0.2679303753697074,1,interior
0.7204758006461284,0.1994254455391632,1,interior
0.713060889571063,0.19723003025983848,1,interior
0.5256023162470445,0.231754536930185,1,interior
0.7550289502268391,0.29542500164490676,1,interior
0.5235209052344644,0.31178664152935853,1,interior
0.7368437085253982,0.22330258154376342,1,interior
0.5284556493534477,0.22947066969971544,1,interior
0.5212197575271105,0.2927907873534525,1,interior
0.7122185183557841,0.195748552202701,1,interior
0.7170888026088534,0.3530139249030939,1,boundary
0.7227431506706907,0.3515162766794033,1,interior
0.7337996269645791,0.3193519159108836,1,interior
0.5195282067278612,0.2908831850062277,1,interior
0.7573114037601406,0.2885601757048068,1,interior
0.6103007413671703,0.1735725152852933,1,interior
0.7628896159026335,0.2767468226003583,1,interior
0.7333727834244899,0.331969019732789,1,interior
0.6788360936607843,0.37482002593763536,1,boundary
0.7324690244196259,0.3352021883240436,1,interior
0.6210030468523935,0.16673744761651074,1,interior
0.7252133597146415,0.3511169118614237,1,interior
0.6965388277533797,0.1895843198740775,1,interior
0.5288644814148098,0.22596445536131698,1,interior
0.5883220054822466,0.1767159749730194,1,interior
0.633107008426464,0.16142555578753612,1,interior
0.7110044653570198,0.19290913380599484,1,interior
0.6473797513002534,0.1665624543484187,1,interior
0.712376138774945,0.19178840821056684,1,interior
0.5318710183675477,0.3316445129532605,1,interior
0.7643588624793504,0.27471421236123383,1,interior
0.7554648998620471,0.2804570576632204,1,interior
0.5192220236801707,0.252031636002153,1,interior
0.5267495647347429,0.26633431039954625,1,interior
0.7303874066500644,0.21709113028816573,1,interior
0.7265640775739448,0.3493521701360981,1,interior
0.6385350790490497,0.16193130087554447,1,interior
0.517694271813468,0.2539293132552004,1,interior
0.5198484243126186,0.270239187821763,1,interior
0.6637799874594731,0.368566476900319,1,interior
0.5537227190309979,0.21251576586321236,1,interior
0.6663140357706758,0.17147661139287146,1,interior
0.6437879694349922,0.1665377078505625,1,interior
0.7553705131141589,0.2440278389059307,1,interior
0.5746035795709905,0.18807207398000503,1,interior
0.7230999257950014,0.214936895957169,1,interior
0.5564679771261637,0.2118077172108355,1,interior
0.7556074737638392,0.2882225906348598,1,interior
0.5194907369379066,0.24920885492054887,1,interior
0.657642629628391,0.17842235540712553,1,interior
0.55187875943422,0.2072078677362124,1,interior
0.5866159314028755,0.17382136580271718,1,interior
0.6948784772681305,0.18669992450688383,1,interior
0.7188526456918608,0.19872068894022912,1,interior
0.5229854729532526,0.24364770119434817,1,interior
0.7513387077500879,0.2412148739342712,1,interior
0.7028683886091003,0.1943236555056683,1,interior
0.7509679614539883,0.2488639137740093,1,interior
0.6074643820237077,0.1703577107640137,1,interior
0.5160654572605345,0.2669888137810061,1,interior
0.7485179014966281,0.2618343291543339,1,interior
0.7415715173561426,0.31570981547262456,1,interior
0.6530333745673479,0.17519308845828951,1,interior
0.6666464897858203,0.37132672986556925,1,interior
0.6965623232860442,0.18538367211217374,1,interior
0.7125713830749109,0.19006490161751988,1,interior
0.5592321697926196,0.2030186878796538,1,interior
0.5398466224160978,0.3492587647134878,1,boundary
0.7499803668537699,0.2559586540021229,1,interior
0.7533847834220111,0.3040237211207772,1,interior
0.7601560582407956,0.2657439983102585,1,interior
0.6584271505976542,0.1797312145163911,1,interior
0.5304146326122765,0.23200120237217553,1,interior
0.7394504074409022,0.22619584303143656,1,interior
0.5290313445653044,0.22319925928182982,1,interior
0.6701895764168843,0.37103827317459165,1,interior
0.6646170525986982,0.1732045803984759,1,interior
0.5328565524613568,0.34872022872326486,1,interior
0.663110576829944,0.17202960367412184,1,interior
0.6111906745330489,0.16630241521254763,1,interior
0.5328831711920661,0.23673808836245713,1,interior
0.6741575494124434,0.37100868823697697,1,interior
0.6126856452703116,0.16715044828499392,1,interior
0.7317162313092164,0.216013597268453,1,interior
0.5261517673690691,0.28872786312972226,1,interior
0.6223030148295043,0.16443510053167965,1,interior
0.6137071736508593,0.1658032021160428,1,interior
0.698080970640852,0.18479507979304036,1,interior
0.7588043026015056,0.264370435168432,1,interior
0.7527109759886647,0.2583519426611007,1,interior
0.6609451028960139,0.37337369693815886,1,boundary
0.7553866508926157,0.27725123122092904,1,interior
0.749687752492845,0.25785473443459034,1,interior
0.5409308863583946,0.21263460769286738,1,interior
0.7633781429575066,0.2660912718353277,1,interior
0.6271773428649982,0.16403813313478707,1,interior
0.7249429039446725,0.35312843267910965,1,interior
0.5699444203874615,0.35248031306869687,1,boundary
0.5650116682159505,0.19904705572099032,1,interior
0.5930242000531497,0.1685517270242543,1,boundary
0.7263738555475747,0.2156838511952792,1,interior
0.733855899729997,0.21425038004998218,1,interior
0.72525094004194,0.19929766886638997,1,interior
0.6767302562697987,0.1711296244104155,1,interior
0.5319422672339453,0.23996795936300458,1,interior
0.5861390503800407,0.17585390101292633,1,interior
0.7289575511572536,0.34054690243469654,1,interior
0.7072480531389279,0.1948227945933946,1,interior
0.5493197771991214,0.20643947058539944,1,interior
0.5180217365163526,0.26282194283357563,1,interior
0.7526034747792006,0.30566737474691585,1,interior
0.7507443460976819,0.2511825057602835,1,interior
0.724593797323373,0.35519987167046585,1,interior
0.7389755396833714,0.22080770302195027,1,interior
0.634781495657287,0.1634926005321285,1,interior
0.7452474519704578,0.3171867902789575,1,interior
0.6913013755458418,0.17992433719213885,1,interior
0.5173620240614616,0.2511244214963296,1,interior
0.5259088350063981,0.24199060281643284,1,interior
0.5267875533941695,0.2271342824366896,1,interior
0.6614721177320174,0.17366920616428616,1,interior
0.6931545526069562,0.18141908706302773,1,interior
0.7274195036558924,0.21169754893626666,1,interior
0.5903728808248715,0.17399863396080778,1,interior
0.733956732530642,0.2203694346931219,1,interior
0.5343328936140499,0.22302140757862993,1,interior
0.7273268163804243,0.19743721984654733,1,interior
0.5690073328229439,0.1983865382475299,1,interior
0.5518794383280928,0.21186556599368672,1,interior
0.6500383203193284,0.16897835895549312,1,interior
0.7187779919073295,0.19519455942347916,1,interior
0.7514191284339901,0.3066327891328931,1,interior
0.7554799590087025,0.2613044893099306,1,interior
0.5376343286938648,0.34641250926566575,1,interior
0.5141515830160309,0.27426096586544985,1,interior
0.5156812629076869,0.27295081940492016,1,interior
0.696531178899163,0.18255760114079592,1,interior
0.7534109616058907,0.2603925757747558,1,interior
0.5275496077515804,0.2922824369457565,1,interior
0.5305087456743858,0.33006953825791663,1,interior
0.7134810555868094,0.19466101395651744,1,interior
0.5250263453842793,0.2353385406956262,1,interior
0.523252839389945,0.31400662069931234,1,interior
0.5202678389390205,0.24775762624432354,1,interior
0.7576011083644747,0.2617840491666573,1,interior
0.7304150710289218,0.206114503863902,1,interior
0.7429074417396884,0.32042431875503635,1,interior
0.6956047909418432,0.18016837526784923,1,interior
0.7629718245080872,0.26350331160162827,1,interior
0.5614723887865459,0.20565486502715907,1,interior
0.7451370536401316,0.3196105246462794,1,interior
0.751479343870494,0.3012855499045995,1,interior
0.753187374449024,0.24848078787918784,1,interior
0.6042027582773087,0.17457719231562388,1,interior
0.5191733636512703,0.26182547344615154,1,interior
0.5175299222029661,0.2560208116395736,1,interior
0.5389815355032126,0.21601677892707935,1,interior
0.7599773747468109,0.26287379731732013,1,interior
0.5298048431115226,0.23998523166587343,1,interior
0.659347801484985,0.17426572217748693,1,interior
0.6274867222674999,0.16129873134149084,1,interior
0.7495778686616282,0.3162079587047268,1,interior
0.7659943296788161,0.2736240958718784,1,interior
0.7144987785819128,0.19269036409619467,1,interior
0.7570600689788662,0.24590694796099385,1,interior
0.5297712829383607,0.3194282229093754,1,interior
0.6575214867867689,0.1813956309196356,1,interior
0.6656000951653012,0.3697705927389944,1,interior
0.612893571807789,0.16390770107900599,1,interior
0.7173545114063447,0.19414990099430837,1,interior
0.6637593569946678,0.3713205153564278,1,interior
0.5347365569624247,0.3463014323663063,1,interior
0.6662366622351593,0.1694765923674406,1,interior
0.5274763044658062,0.3078152749130492,1,interior
0.5145324626528617,0.2845146741970883,1,interior
0.5187665482544427,0.2774258351003023,1,interior
0.7280186210285235,0.348033201982872,1,interior
0.7520387716795103,0.2560373364642154,1,interior
0.5177974232984225,0.24783221898367527,1,interior
0.6325054753485507,0.1592676822060793,1,interior
0.7492274161069129,0.26013040535448423,1,interior
0.5716608749852706,0.194650162336441,1,interior
0.724445730486337,0.20186673450668874,1,interior
0.525154708265119,0.30115685113045776,1,interior
0.7542439385663172,0.2501206043561408,1,interior
0.5378944146359382,0.3494095526879086,1,boundary
0.5916561071924384,0.1706343757832441,1,interior
0.5329430332878783,0.32913371652656104,1,interior
0.6844517584369384,0.3769242810439668,1,boundary
0.7512872419419149,0.25387645028958455,1,interior
0.6569074093232645,0.17493184313422463,1,interior
0.7306651223063105,0.33794510971605757,1,interior
0.5141607566803615,0.2789034690352161,1,interior
0.7364296188027735,0.3288532860708752,1,interior
0.7495786904798197,0.31301087003249933,1,interior
0.5231445293239367,0.2966344821560215,1,interior
0.7419455278003835,0.32202265272245667,1,interior
0.5288615618026751,0.2279911133936806,1,interior
0.5287803745024277,0.31595354930699243,1,interior
0.7349579253549786,0.21729800966936114,1,interior
0.5218245583389455,0.29453617145782973,1,interior
0.6809089322816236,0.17405693419864726,1,interior
0.656975508336624,0.17206044324859984,1,interior
0.6525998969222809,0.16891539451922796,1,interior
0.7616765062936938,0.27175015391886254,1,interior
0.7393746834160947,0.22433035707729393,1,interior
0.5715451677011603,0.19232070745248944,1,interior
0.5785194632533959,0.1880209670795313,1,interior
0.744038231153332,0.23083405024636094,1,interior
0.5913562536828291,0.16816075705143524,1,boundary
0.7339117897206715,0.2102160017057327,1,interior
0.6262790896664279,0.16264876100659595,1,interior
0.7640400502247898,0.26465900395720837,1,interior
0.5854797150188458,0.17735993288162483,1,interior
0.6782498071970764,0.16878973904408462,1,interior
0.6578585911920548,0.17364635227630185,1,interior
0.6738902678791289,0.37267486713725545,1,interior
0.6101652005825183,0.16459816406042374,1,interior
0.7539722826754491,0.308199926852949,1,interior
0.727928044459079,0.2065156661149932,1,interior
0.7323777130245969,0.21179746684123407,1,interior
0.7451413473010974,0.22761682766540958,1,interior
0.5327177103600702,0.32256973447455195,1,interior
0.7401389836654932,0.22183700340485843,1,interior
0.6239271349791132,0.1639152625153215,1,interior
0.5890852820945833,0.17222486373343146,1,interior
0.5640421108691052,0.20025499909710823,1,interior
0.7563742211734902,0.2785128386355659,1,interior
0.5164817031852876,0.26849606048906327,1,interior
0.7267636892471333,0.3561501298552582,1,interior
0.5128123057371357,0.28349682100378154,1,interior
0.5250396646715044,0.22965044154921527,1,interior
0.7512249645511692,0.23556044369976128,1,interior
0.669255695495395,0.17135990760097947,1,interior
0.7005646367417939,0.3654484417659956,1,boundary
0.7471905981312976,0.31776778362588576,1,interior
0.5998534076248118,0.16735767971838908,1,boundary
0.6709192632718133,0.17382662228310505,1,interior
0.5835396477967869,0.17944049268690873,1,interior
0.5181868371156426,0.2689702410893968,1,interior
0.7376647977623108,0.3314885383932141,1,interior
0.5983501752746235,0.1682414577368042,1,boundary
0.7528191686661028,0.25382571809368737,1,interior
0.5244908596155787,0.22578383916592618,1,interior
0.750634841241416,0.2338524765490291,1,interior
0.5223757836563103,0.2672298288555272,1,interior
0.6234067990189901,0.16639109401872954,1,interior
0.7288967960636804,0.20179293949373459,1,interior
0.5332832890703029,0.3397497609319449,1,interior
0.5152893106536759,0.24845297174155984,1,interior
0.524252425749641,0.30239759922508497,1,interior
0.5700722685080452,0.19540314838140133,1,interior
0.6195603498789785,0.16371374785619267,1,interior
0.721883010352975,0.3502157244746172,1,interior
0.7411237271542006,0.22766665038553596,1,interior
0.7596115475230306,0.27771625923874266,1,interior
0.5949206726998886,0.1737808894183944,1,interior
0.5805903012486198,0.18132977871024175,1,interior
0.7204923605488083,0.19572247500047985,1,interior
0.6694914899576007,0.1743917948194864,1,interior
0.6085944209575247,0.16810398863298773,1,interior
0.6267504868682002,0.15952397824917144,1,interior
0.6809091135794122,0.3761198630770336,1,boundary
0.6179690555002372,0.16842074476848956,1,interior
0.609399859511316,0.17038918364443642,1,interior
0.7490024686022912,0.2514809449299562,1,interior
0.709723714968705,0.19017986165182965,1,interior
0.7413015578322383,0.32727267447033137,1,interior
0.7346048478705952,0.21171646446342832,1,interior
0.5712704705136697,0.19634887552492664,1,interior
0.5171655774867661,0.26136503842662556,1,interior
0.6996496795111866,0.18739347918444632,1,interior
0.7641577682499523,0.2731986383980067,1,interior
0.7596461204843404,0.2604290299926629,1,interior
0.5386893719791762,0.3475554994499352,1,interior
0.7630308283355728,0.2705402241976636,1,interior
0.5140070066586435,0.2864567929473628,1,interior
0.7190465534523921,0.20041669046633326,1,interior
0.7574398083585269,0.27719193542292764,1,interior
0.5360448065885554,0.3500468166821222,1,boundary
0.7503290006886401,0.23200083690171344,1,interior
0.756394349056383,0.24836444622005704,1,interior
0.6888258560882269,0.17804226017107755,1,interior
0.523791651573682,0.250653002539664,1,interior
0.7320602426119998,0.2093217338369217,1,interior
0.6157169916529049,0.16279707025962117,1,interior
0.7199885720095762,0.1976217173643472,1,interior
0.5894409147176468,0.16936336213825406,1,interior
0.7392964865678395,0.3259740691158189,1,interior
0.6545139370150703,0.18114902213101922,1,interior
0.5866037755584557,0.18702648226143198,1,interior
0.7146103048369958,0.1889214664455549,1,interior
0.7495279395311424,0.3146572389039885,1,interior
0.6211918588822815,0.16337245274886908,1,interior
0.7558331088811977,0.24058550861991118,1,interior
0.5289201836529579,0.3233568360663722,1,interior
0.7620400867296879,0.27361126589506213,1,interior
0.7352453493165849,0.21543622303844417,1,interior
0.5215254922974222,0.29661401094209405,1,interior
0.7542090658225298,0.23644943299545723,1,interior
0.5282763305154122,0.33741265063348636,1,interior
0.7357173949884812,0.20952588799425323,1,interior
0.741463118668665,0.2190667017249691,1,interior
0.744537937588612,0.32270104027296953,1,interior
0.5148616169661818,0.2702235615271787,1,interior
0.7548531821322751,0.29751011688420986,1,interior
0.7661878779429286,0.26997280386210715,1,interior
0.5317301219269384,0.33951808511359644,1,interior
0.5280492335328195,0.3216225891345156,1,interior
0.7158801942851282,0.19465661344520407,1,interior
0.7476887002370598,0.22687918896994036,1,interior
0.7548992748372174,0.24211893710380564,1,interior
0.5843154088064993,0.18665483201609057,1,interior
0.7491654970402538,0.3180268224946383,1,interior
0.5134061220198413,0.2485573692036319,1,interior
0.601183654076152,0.16467327717174463,1,boundary
0.6062586661584891,0.16762545215486777,1,interior
0.7372633390644152,0.20753009955817953,1,interior
0.5202935956388409,0.29431451356811056,1,interior
0.73033687659879,0.34165669810430727,1,interior
0.520793261755564,0.24428535964868586,1,interior
0.7228983086312804,0.19873301596385348,1,interior
0.5270047819920641,0.2325946007565743,1,interior
0.7543151371810016,0.25433612153956126,1,interior
0.754904901848984,0.25911377660439466,1,interior
0.7556647492576125,0.2830957246060777,1,interior
0.5276727853905786,0.2245134010255239,1,interior
0.538301701778036,0.21116076699578154,1,interior
0.7414945659022161,0.22070403194789853,1,interior
0.5768139921531824,0.18667982125384344,1,interior
0.7154011484824417,0.19071456210532298,1,interior
0.7561169931274567,0.30643953993936385,1,interior
0.515820784978484,0.25287761857866226,1,interior
0.5244836923800528,0.30480326183389533,1,interior
0.6577382214547938,0.17626012700719496,1,interior
0.7388406618130697,0.2191084828223293,1,interior
0.7553506185199176,0.3032328405082987,1,interior
0.7613178444080091,0.2603025873471289,1,interior
0.753979157580379,0.24070473105131315,1,interior
0.7364897881665221,0.21163780913261138,1,interior
0.7260329373690658,0.20082830626843767,1,interior
0.5160116242032696,0.2649942737599729,1,interior
0.6892893984703106,0.37439553850282153,1,interior
0.5147039312910953,0.2546619920384197,1,interior
0.662451683845082,0.37291344950975785,1,interior
0.6793052962890638,0.17396603683910294,1,interior
0.5618715158177714,0.2009513045512213,1,interior
0.5148444289463612,0.2632199113659424,1,interior
0.5228345379376274,0.30295323005673547,1,interior
0.7566611879470242,0.2506864192284081,1,interior
0.5693006304925788,0.19672093768618334,1,interior
0.5504213107862774,0.21312915273599564,1,interior
0.6365829429277642,0.16253335041346603,1,interior
0.6551600466440841,0.17539103845011886,1,interior
0.746313677367865,0.2597285506707705,1,interior
0.7366847495214796,0.2139354750690662,1,interior
0.7321676357593994,0.33866651228442474,1,interior
0.6624530942882818,0.16917207286553956,1,interior
0.7269990444920456,0.3430413891416483,1,interior
0.7284025656561399,0.20441825799042943,1,interior
0.5298935494617082,0.24291836480468293,1,interior
0.7311606901384161,0.2031608586630577,1,interior
0.5159791233761792,0.25736751585036677,1,interior
0.7585695158408995,0.28008286633020446,1,interior
0.5702101401664245,0.19387339522662825,1,interior
0.6543277621279896,0.1706204210805863,1,interior
0.5136590123626786,0.2651411739799128,1,interior
0.5407531972249965,0.21084362418509078,1,interior
0.5183037094157998,0.27050298418837826,1,interior
0.5197079618976201,0.2959273651772206,1,interior
0.6684094277300915,0.37088850662538586,1,interior
0.6349799106681421,0.16122371789987133,1,interior
0.6609247545566457,0.17124040916283767,1,interior
0.756082052378182,0.23678521819922946,1,interior
0.767559204055285,0.26779942190077693,1,interior
0.6238402692847375,0.16149681405887428,1,interior
0.7168223101701725,0.1918207406768906,1,interior
0.5818125157527178,0.18612651660363674,1,interior
0.7096535502387178,0.1922148629323736,1,interior
0.7587725122138853,0.24895729171711375,1,interior
0.7248430239350782,0.35805734295814134,1,interior
0.6405152834661456,0.16575110367330334,1,interior
0.5308172698687758,0.3412406711554746,1,interior
0.7606286487520968,0.2677605483295081,1,interior
0.5163346779484563,0.24696345530968192,1,interior
0.6112571216134498,0.16146125289408764,1,interior
0.5277256956980667,0.33572089605345373,1,interior
0.7034144349575006,0.19283094385870883,1,interior
0.7414045322615956,0.22472371488895923,1,interior
0.7374707077336997,0.32356743993696496,1,interior
0.5457539370727954,0.21490232511258872,1,interior
0.5726648830890588,0.18887067151463377,1,interior
0.7534403383466668,0.24330022717093772,1,interior
0.5146676659158647,0.28894913407030526,1,interior
0.7599005375998289,0.28810879119355143,1,interior
0.6178600367951755,0.16355419212962669,1,interior
0.7588174848387987,0.24608662417470567,1,interior
0.7522166073659011,0.2520358295697924,1,interior
0.5221001139001453,0.22392497385434343,1,interior
0.7565011481932213,0.3009934539732225,1,interior
0.7264509232639286,0.20598487265126636,1,interior
0.751796872255824,0.31410163352455583,1,interior
0.7013518639855428,0.19238189078330895,1,interior
0.5233548357661387,0.23216571635981934,1,interior
0.5231483536061613,0.2305872599552167,1,interior
0.6586403188918136,0.17107802505098113,1,interior
0.5570678793014656,0.19989833043821492,1,interior
0.5897876389667237,0.1674084366520558,1,boundary
0.7570573038798616,0.28162334472115624,1,interior
0.6187560275938354,0.16229972371375892,1,interior
0.7520036412838714,0.250308102777991,1,interior
0.7511202073378259,0.31261167425396696,1,interior
0.7269728339325432,0.34611821529814496,1,interior
0.5163722110045535,0.2706015512790402,1,interior
0.7522230800149852,0.30929028932037145,1,interior
0.7052843247478664,0.19398157858502488,1,interior
0.528655139435865,0.33124402324143876,1,interior
0.7438538063420055,0.22613492524772588,1,interior
0.7543581810944371,0.3060372348361358,1,interior
0.586842700631077,0.17151852915218113,1,interior
0.5249984053166087,0.22355377924419095,1,interior
0.5138777812646027,0.25800152490624845,1,interior
0.525145149475712,0.23892353389454668,1,interior
0.6784162007091259,0.17236386105211485,1,interior
0.7199440535552382,0.3510870376474499,1,interior
0.7568370947259856,0.2843213717793474,1,interior
0.7521526928752233,0.23188813007066414,1,interior
0.7229876453584871,0.35749348080076293,1,interior
0.5319280244044868,0.34725209098347093,1,interior
0.5264016191036452,0.2341272178229389,1,interior
0.7594183421398882,0.2580132358493044,1,interior
0.5320118870320787,0.2161502917666909,1,interior
0.5254340994674775,0.3080228866141366,1,interior
0.5215792131587026,0.22975276870372274,1,interior
0.5472835111631507,0.2137361669621997,1,interior
0.6799050299110773,0.17157433102516303,1,interior
0.7171057016104364,0.1962262074266733,1,interior
0.7462360491237006,0.22893909414434405,1,interior
0.7539911625574597,0.2521864292577914,1,interior
0.5265649627918343,0.3207462060361614,1,interior
0.7070209719703395,0.1930000816053013,1,interior
0.5882823677991308,0.17036220720122955,1,interior
0.5116403958256499,0.26725606642197763,1,interior
0.5712557353633009,0.19005964329258088,1,interior
0.7581402790100766,0.3026983185720538,1,interior
0.5256192502230068,0.33631861917635547,1,interior
0.5234814421471162,0.24179806317338384,1,interior
0.7611349878722121,0.264387043023829,1,interior
0.5231972408530854,0.30743925450338405,1,interior
0.5287431515300816,0.3281870081975365,1,interior
0.5296839358101013,0.2206439117640056,1,interior
0.6139954153479618,0.16215670550642322,1,interior
0.725736162495095,0.34467253853392266,1,interior
0.5226675603321226,0.30531990959179856,1,interior
0.5751697628791119,0.1847300957649028,1,interior
0.5782709348952862,0.18613159680938707,1,interior
0.5798563876685773,0.1839286399975656,1,interior
0.7184753388405539,0.1899436113389265,1,interior
0.5663651587338302,0.1959584302892846,1,interior
0.67710691395501,0.3744111810655151,1,boundary
0.5317559433812263,0.3425519431128101,1,interior
0.5371448344321454,0.21598277469627028,1,interior
0.5155833080670389,0.2907499105458158,1,interior
0.7214823500472347,0.1981245510985217,1,interior
0.579869019482205,0.1859198706592296,1,interior
0.5304119846749876,0.3468783715492562,1,interior
0.5106566386090777,0.28202405784178247,1,interior
0.7298992557113385,0.3499288194278093,1,interior
0.5157635276374817,0.25065719223569166,1,interior
0.5179753568206892,0.289909911394543,1,interior
0.6313168874098494,0.1572697572208268,1,interior
0.6658129811086241,0.3727250993162175,1,interior
0.53166173032572,0.3452934382467362,1,interior
0.6220212686128301,0.16160597028884016,1,interior
0.6590922673271538,0.17275523447308347,1,interior
0.7581506350497415,0.2595207470895054,1,interior
0.5523075080456695,0.2093584668715532,1,interior
0.5132282815397236,0.26712026120506266,1,interior
0.6160836953945935,0.16112139523416097,1,interior
0.5311559470950074,0.3282443189230761,1,interior
0.5133262791418242,0.2460179399451353,1,interior
0.5425396482685171,0.21201701231269598,1,interior
0.7272223679256227,0.3509732040178498,1,interior
0.7410291763321479,0.32965612344463235,1,interior
0.727830957455022,0.19944091424968133,1,interior
0.5250045875556751,0.22796666542374006,1,interior
0.6443311007218562,0.1650867415010504,1,interior
0.578088849383965,0.18377739467599236,1,interior
0.6815161417406228,0.17222649940653487,1,interior
0.7455661385088548,0.2253343330753663,1,interior
0.5149170234891298,0.26816619899750554,1,interior
0.6058986111192419,0.16917006299649612,1,interior
0.5340695814883075,0.34410017757800315,1,interior
0.7389706529803206,0.33039286969205417,1,interior
0.7458953374430516,0.3241532583040529,1,interior
0.7322243938427618,0.2070784268185299,1,interior
0.5216748680193177,0.30079931078245276,1,interior
0.5213174855463695,0.2313398951037089,1,interior
0.52984581978221,0.22474724672872914,1,interior
0.7646890412020517,0.26945907863661195,1,interior
0.5825092648152049,0.1781616562091849,1,interior
0.7430299378289457,0.3232469967923428,1,interior
0.664320730745914,0.1703449528853544,1,interior
0.6834185746277203,0.17300943927070975,1,interior
0.7425190432699016,0.32597957971623087,1,interior
0.7557935288327421,0.25279207030208295,1,interior
0.7289759078477636,0.34333323324178366,1,interior
0.7118304305479178,0.19419628276955603,1,interior
0.5596983748933031,0.2004922541622481,1,interior
0.728697986616453,0.3525136861473058,1,interior
0.6688793637888999,0.1729821732473403,1,interior
0.750281193319243,0.23915862591916046,1,interior
0.5244491955811786,0.31580704034952045,1,interior
0.5212839595313865,0.2419285679269305,1,interior
0.7264507851780583,0.3476787437096381,1,interior
0.6139185065201467,0.1714770717491883,1,interior
0.722054578048984,0.3559922339444829,1,interior
0.5287315029344857,0.3391933825708253,1,interior
0.515145649064964,0.25985211904856464,1,interior
0.5166938588209754,0.2494411859639118,1,interior
0.6907092725316832,0.17705800751130613,1,interior
0.7650283157202753,0.2711162013698277,1,interior
0.7023367749580739,0.19074021758014312,1,interior
0.727005601501277,0.3526300986603149,1,interior
0.5424688604829717,0.21049724475351572,1,interior
0.7507048970196194,0.3093096643492359,1,interior
0.5234781879808785,0.23961231422987378,1,interior
0.5218915804321542,0.2495717440559035,1,interior
0.5381175317581198,0.2139372459601162,1,interior
0.5247537601303369,0.26908975198727075,1,interior
0.5262202144904863,0.3025288671568536,1,interior
0.5439076883684151,0.21304327822767427,1,interior
0.5345626363058172,0.21590795661498863,1,interior
0.5664801264611353,0.19776598872013504,1,interior
0.7614513089976988,0.27732598687148985,1,interior
0.600111540874753,0.16214337785181399,1,boundary
0.6197874155460921,0.16097998280262196,1,interior
0.5132086382372667,0.2620514081820254,1,interior
0.5239656151561725,0.23397867336797087,1,interior
0.746056824484778,0.22341927449193505,1,interior
0.5306155005805323,0.3484677181642099,1,boundary
0.6554036261001359,0.17195948356323754,1,interior
0.7399842325455945,0.3282588935642957,1,interior
0.5459838273912708,0.21125614138191778,1,interior
0.7476396125152167,0.2302695245280832,1,interior
0.517220832406189,0.2918782191163239,1,interior
0.7566005222797074,0.29718576979825384,1,interior
0.5238139198614773,0.2370257754548122,1,interior
0.7447106736471791,0.2404723153591937,1,interior
0.7475346124274602,0.32300868727548826,1,interior
0.6041245175339514,0.1695991639165829,1,interior
0.5298585578386901,0.3322071666837419,1,interior
0.5442594857100622,0.21033817493582502,1,interior
0.6873321955678724,0.17431967658461608,1,interior
0.7391786146038638,0.20709152920275514,1,interior
0.7332649870787961,0.20534658252304844,1,interior
0.5153216352525818,0.2754273612044162,1,interior
0.5272535715260146,0.3300232600896294,1,interior
0.7653041268774231,0.2662797856065065,1,interior
0.5263100229592206,0.31558753445615145,1,interior
0.5605012530791703,0.1984247966778693,1,interior
0.6572850377940385,0.16996552327894351,1,interior
0.5899898679904896,0.17078082292296282,1,interior
0.51216296903489,0.25941237612697576,1,interior
0.6025535274033679,0.16547188029380613,1,interior
0.6540421335837348,0.17358039522396687,1,interior
0.5403044030384542,0.20930589021464197,1,interior
0.7281068958231819,0.345069320366852,1,interior
0.5485509462657501,0.21234375642743888,1,interior
0.7570096204749225,0.24216237314490544,1,interior
0.7414008633774991,0.20762572408500812,1,interior
0.5223181702204659,0.31733688309300856,1,interior
0.6264348782519731,0.1657257041633084,1,interior
0.5226172358376521,0.2263112607192088,1,interior
0.6037978780848358,0.16778621687647313,1,interior
0.5501459508718948,0.2106994691055943,1,interior
0.7653636392212069,0.2634492709679887,1,interior
0.7495126512783377,0.2250828630523033,1,interior
0.748300581010172,0.23237067724355404,1,interior
0.7499894228546072,0.22851113299009188,1,interior
0.5275010976648185,0.31860901183708495,1,interior
0.7187920497275329,0.3523614663611435,1,interior
0.5371954387878869,0.21246180337202553,1,interior
0.5316289972379935,0.22470281830062547,1,interior
0.7508133087658354,0.3175960748490939,1,interior
0.7669313632601924,0.27229470971734604,1,interior
0.6689598531161264,0.1689448130619847,1,interior
0.7425164506238984,0.3317315471799247,1,interior
0.7205352223558001,0.1933880735590307,1,interior
0.6468822511577461,0.1647345170561978,1,interior
0.5844766216000468,0.17443502736159602,1,interior
0.5262852633572427,0.2252833952727187,1,interior
0.7489776093035331,0.3236835188784056,1,interior
0.7575032228158739,0.2634911772580033,1,interior
0.7353939834104286,0.2065809723749989,1,interior
0.5546833112122799,0.19889994739639344,1,interior
0.5731754745522659,0.18704841451784385,1,interior
0.533213831699658,0.3458492309760881,1,interior
0.7337127720784059,0.20827039058939664,1,interior
0.5473572055597753,0.20997872850096977,1,interior
0.5265987469691159,0.32788518357994867,1,interior
0.7340583016199854,0.22786502096323147,1,interior
0.6825047935090337,0.3729337941666618,1,interior
0.7567295843780285,0.2993299998993824,1,interior
0.6431824275667285,0.16314790573449756,1,interior
0.6407839942459465,0.16027223706909305,1,interior
0.7486507728608666,0.24594352548817744,1,interior
0.7338757251528238,0.33391773416861803,1,interior
0.6497099167265213,0.16641245373759392,1,interior
0.5272393288702675,0.22254762270351094,1,interior
0.546009549471091,0.20908025465118135,1,interior
0.5304116280213679,0.3351132619136402,1,interior
0.5635891422508985,0.1964961937727999,1,interior
0.6981001027525021,0.18257895993152742,1,interior
0.6596464237336949,0.1699004234877914,1,interior
0.7195125263106859,0.3541383623663263,1,boundary
0.611115259687996,0.1631722045414411,1,interior
0.6928591973293758,0.17956156768988174,1,interior
0.5141668411991577,0.2718137806334801,1,interior
0.5224983764117538,0.3091405483644383,1,interior
0.6712669506509752,0.3739679129541171,1,interior
0.5187346281699791,0.29323131791858353,1,interior
0.5249058298284532,0.3133817162419768,1,interior
0.7545753326300888,0.25706984456849613,1,interior
0.5811779480236474,0.17942009320216026,1,interior
0.5323991567222993,0.22145492869115985,1,interior
0.5274537292381181,0.3408792012857602,1,interior
0.5130157988059605,0.28121155224918143,1,interior
0.5494537212207706,0.2091656517830205,1,interior
0.5189906100291245,0.24628863379110194,1,interior
0.7047043392458656,0.1916424907771341,1,interior
0.7477243485145245,0.3254706698563398,1,interior
0.5842043560496571,0.17181287796098524,1,interior
0.5859581534869328,0.17021708680865535,1,interior
0.5148776609693914,0.24544888596833878,1,interior
0.5307777156372119,0.2144266009057186,1,interior
0.608137051624188,0.1638015812437568,1,interior
0.5289327978984443,0.3473311458285075,1,interior
0.516683520495765,0.24419150264660286,1,interior
0.7589353519235121,0.28159216569698065,1,interior
0.5273963615330762,0.3244245150087863,1,interior
0.6074037934166686,0.16574926424894823,1,interior
0.6740284082807663,0.3749043076890772,1,interior
0.5540144327452519,0.20387783827065276,1,interior
0.7543209906702535,0.31508916189091435,1,interior
0.6097547675766515,0.1623420610882808,1,interior
0.6092140500319105,0.16663365184247625,1,interior
0.5283621553902396,0.32562980867472335,1,interior
0.6315241725727895,0.1627599076440288,1,interior
0.5303577424591668,0.2173986327050794,1,interior
0.6774397543824814,0.16717744819190858,1,interior
0.7654162102871298,0.2761643426791816,1,interior
0.5339643316008377,0.24186449448476546,1,interior
0.7288243390250668,0.34645392286935156,1,interior
0.526238030364705,0.31741666369446514,1,interior
0.5244058660656901,0.2445067071031396,1,interior
0.5123808658559053,0.28592851026070837,1,interior
0.5118072041730052,0.2895557574404213,1,interior
0.5117647296708535,0.27912432028786965,1,interior
0.6781901191551939,0.17030894011615813,1,interior
0.757707599471631,0.294510065090707,1,interior
0.7428985657858337,0.22756472371036787,1,interior
0.5855952874840014,0.17269174158654768,1,interior
0.718268589446393,0.19274317759921084,1,interior
0.7288068477482391,0.35498633661940937,1,interior
0.7530786683111547,0.3111635109059841,1,interior
0.6830974071391152,0.170420282270809,1,interior
0.5291334374493302,0.21832299552643503,1,interior
0.6224294487671006,0.15861118977674268,1,interior
0.6798072902301404,0.1698501443068904,1,interior
0.5811110536838018,0.1774868849791228,1,interior
0.5250104232175828,0.320060035725881,1,interior
0.6946029967328993,0.1894991893381704,1,interior
0.5264286296401157,0.33245915784577323,1,interior
0.7089977954083495,0.18846304752384319,1,interior
0.5360538848543992,0.2145150727534722,1,interior
0.5168947989028001,0.25974444035712246,1,interior
0.6372480810719758,0.1600879935193952,1,interior
0.602806624558081,0.17059590571845873,1,interior
0.7533515547009142,0.23469675801371914,1,interior
0.518218731745105,0.29909011958035153,1,interior
0.751792800578737,0.31589800619332103,1,interior
0.7602643966928732,0.2796509808617627,1,interior
0.524529997945684,0.3273658102573213,1,interior
0.7523207929511897,0.31829345721985447,1,interior
0.5839153039593905,0.17584624640231175,1,interior
0.7422773230376093,0.22280661094189363,1,interior
0.5796183101350094,0.17986673920315988,1,interior
0.7328146476873528,0.3406318011109131,1,interior
0.5607182373520454,0.19598548145864803,1,interior
0.5129088812571186,0.2883582713029629,1,interior
0.7261585608826099,0.3588209447744141,1,interior
0.526428407626315,0.3138583801091887,1,interior
0.7313102817688794,0.34655661141776223,1,interior
0.6816826871327352,0.1696536138687302,1,interior
0.5176700712374641,0.2964075269039345,1,interior
0.6610949807441975,0.16759830208778878,1,interior
0.5215839847349142,0.30391252885309294,1,interior
0.5280966243897894,0.21943775826073,1,interior
0.5219006405675887,0.23310861497050683,1,interior
0.7314096098738255,0.344291752756077,1,interior
0.7218316590657451,0.3541866957438628,1,interior
0.7573728428952056,0.24388286543421392,1,interior
0.5332168231626756,0.2143112704750377,1,interior
0.7561895137085293,0.2550764451731352,1,interior
0.7574826813876753,0.28656535407460526,1,interior
0.5251694869546287,0.3300848148733217,1,interior
0.6845548768060277,0.17145346748940676,1,interior
0.7583044107642238,0.27854215632946455,1,interior
0.5201874442100555,0.2507320082033481,1,interior
0.5701524650257191,0.19131911264689613,1,interior
0.5201690844514855,0.26024569832605554,1,interior
0.5290861272051086,0.3450618511856539,1,interior
0.7552925862189992,0.28534147188988895,1,interior
0.7163460264981933,0.18862689089210574,1,interior
0.7301777331854844,0.3535040810380047,1,interior
0.5819659664518793,0.17495739764058704,1,interior
0.7549123662836829,0.312541901277012,1,interior
0.7409852040709437,0.216377710108472,1,interior
0.5717440550356183,0.18554835007645756,1,interior
0.5775360710893578,0.18215971417675653,1,interior
0.7691010006337802,0.2735529173836683,1,interior
0.7312555097146439,0.20477597230733363,1,interior
0.7697302611814194,0.271801390540705,1,interior
0.675671307970206,0.1674246604664539,1,interior
0.5217751582699559,0.31341399207223014,1,interior
0.6128790616043834,0.16106808524803237,1,interior
0.7641910628594775,0.26132536467369333,1,interior
0.6205705298810115,0.15641349461761805,1,interior
0.5625926479991398,0.19946670412130046,1,interior
0.7513234450481655,0.22956895049911352,1,interior
0.5202418194004419,0.2276841821953977,1,interior
0.5540576704194975,0.20170396661199458,1,interior
0.5124563097415643,0.2765002900303931,1,interior
0.7348924903792431,0.3317895846300337,1,interior
0.5307893285698595,0.22171977144015861,1,interior
0.5128697154114402,0.27306695349626603,1,interior
0.5215031629037321,0.29826502607846217,1,interior
0.5651678897917636,0.1969105647104046,1,interior
0.7562334169163138,0.3097401281441457,1,interior
0.6755854933750277,0.37514527896268396,1,interior
0.6842535323178782,0.16767636481970732,1,interior
0.7496173902233244,0.3264071883528479,1,interior
0.6455893664437077,0.16601723356063255,1,interior
0.5125459724687467,0.25626189024512097,1,interior
0.6452936967645041,0.16121366260070277,1,interior
0.5132399490160529,0.2539459772304191,1,interior
0.7479226182025914,0.31944951141949235,1,interior
0.5140180186010356,0.25053970603366854,1,interior
0.7421927072854856,0.20557175507375436,1,interior
0.7522698450932074,0.23353935430070683,1,interior
0.7511164161524103,0.2584546329967388,1,interior
0.7582993221948657,0.254407519956019,1,interior
0.5112154256099736,0.2750551012213525,1,interior
0.5125726953757538,0.27111062997353585,1,interior
0.6750172666349266,0.37683944329129543,1,boundary
0.6082119903285914,0.16139837422308131,1,interior
0.7590329641757309,0.28675649317818447,1,interior
0.629700131536737,0.1612688873031238,1,interior
0.5102624246214493,0.27385998686018875,1,interior
0.5230314345588427,0.32068078468440187,1,interior
0.7261297096766653,0.3545343806364817,1,interior
0.6988142195002826,0.18123745905749397,1,interior
0.6943981572720497,0.17780219253413185,1,interior
0.5703960255447933,0.18794762028660764,1,interior
0.5248417412109628,0.32486328655557933,1,interior
0.7014589530737297,0.18832277862371938,1,interior
0.6343135475835009,0.15894082708597987,1,interior
0.5560502416092552,0.19744807054660973,1,interior
0.7362999398641521,0.20508659456207448,1,interior
0.6737267787543624,0.1672894369766432,1,interior
0.5241052398326054,0.31875738477675275,1,interior
0.5220951508944379,0.31579502116939545,1,interior
0.5214604371666064,0.23960461062315422,1,interior
0.6223999746841886,0.1541882885763651,1,interior
0.7469233233178162,0.3110936928813995,1,interior
0.7339618294671343,0.34511812248156104,1,interior
0.6734060555611433,0.17022707346815655,1,interior
0.5509839252739157,0.20845636972483172,1,interior
0.5211202038973473,0.30720007592122944,1,interior
0.7564470352164273,0.2593608104082761,1,interior
0.7234658969485603,0.19516486382400047,1,interior
0.523426300634066,0.32218625986530525,1,interior
0.6116347688318936,0.15888409255452288,1,interior
0.668514257637604,0.372825744343013,1,interior
0.6002530122144912,0.16016549630781068,1,interior
0.7495788275016975,0.23535268942326854,1,interior
0.732947191713738,0.20366982804915076,1,interior
0.7542891625266606,0.3170940833129349,1,interior
0.7621647543541268,0.2620123519826793,1,interior
0.5211261931751455,0.22543773983589602,1,interior
0.7584688834639789,0.25214643880909776,1,interior
0.5560730527133123,0.20126916458721955,1,interior
0.7379704174758007,0.2091305816470301,1,interior
0.6754357925325553,0.16536781282383817,1,interior
0.7589722256254818,0.24346145356817211,1,interior
0.757514918475253,0.25739091767151706,1,interior
0.622480530226959,0.15685859318819573,1,interior
0.7569143628455163,0.3047614761434089,1,interior
0.6029980835652536,0.16166496874884986,1,interior
0.7588799018920449,0.2996274449980645,1,interior
0.7603151616849897,0.30084111201400904,1,interior
0.7079446581061731,0.19128229069317587,1,interior
0.5685925883041125,0.19178694583162303,1,interior
0.6587381808151687,0.1681662842839209,1,interior
0.750666805212317,0.32175811042103214,1,interior
0.508510048567653,0.27410129235114084,1,interior
0.730825089749722,0.3480596107104955,1,interior
0.7509824976820115,0.225690133771085,1,interior
0.545714676193947,0.21285085228218514,1,interior
0.7410608714919575,0.21476387371889202,1,interior
0.5831021519286396,0.1730725131694138,1,interior
0.7490604058336878,0.32058309460572537,1,interior
0.7322388147336769,0.3494123163067463,1,interior
0.6741670552731868,0.17275262552581155,1,interior
0.7173390438827004,0.1874267185988031,1,interior
0.5462163086664618,0.207275786780966,1,interior
0.697345752148477,0.1807208740446815,1,interior
0.7590426871456623,0.304297403785464,1,interior
0.5249341468237472,0.24061823631062423,1,interior
0.5579004254553401,0.19818367814558518,1,interior
0.6858395802276191,0.16519359528467417,1,interior
0.5198110105970967,0.2300611175064732,1,interior
0.575101549007709,0.18232915112832968,1,interior
0.5296171773657553,0.21605230606642353,1,interior
0.574592413967733,0.1862970360456045,1,interior
0.7424396674218593,0.2176012907341469,1,interior
0.7220978026688618,0.1915304687634315,1,interior
0.7221704721297468,0.1963534888457974,1,interior
0.7606617401746653,0.28163064351174744,1,interior
0.7587129610745871,0.3109266694292655,1,interior
0.5201989966458701,0.2342647104649406,1,interior
0.5771703429991261,0.18500180622169712,1,interior
0.7278658245424433,0.36049837137809476,1,interior
0.5189639244602371,0.24284175909805902,1,interior
0.6386768329940816,0.15816996496260294,1,interior
0.7600602469195695,0.2832364064508442,1,interior
0.6710521027525733,0.3722966363542775,1,interior
0.5346093547059684,0.21191639758140215,1,interior
0.5190581828978529,0.24082106619638047,1,interior
0.7673194213227734,0.275923169729869,1,interior
0.6050495841179386,0.16207343422981654,1,interior
0.526408960902577,0.3224176100717149,1,interior
0.6697158630707833,0.37386874123394065,1,interior
0.6259556508119994,0.16113060342035015,1,interior
0.5226681196562977,0.23500855270920026,1,interior
0.5183217207188274,0.24449327189145756,1,interior
0.5096260159012949,0.2768503496066375,1,interior
0.5257953053405451,0.3261159102921958,1,interior
0.5303559805798621,0.3438807631865129,1,interior
0.5207055220563894,0.302450005988248,1,interior
0.527601684720326,0.3443025811438716,1,interior
0.7352004560551297,0.33472316232138516,1,interior
0.7605435616714246,0.2449927471306857,1,interior
0.7399058395181098,0.331643129065749,1,interior
0.5285314186190255,0.33354197959481346,1,interior
0.7572169614426469,0.23866800359383336,1,interior
0.7612209542547484,0.24725422423390275,1,interior
0.7518478739929068,0.22770434257149916,1,interior
0.7545233645982117,0.23089507743229357,1,interior
0.7218395281942479,0.19446564319304863,1,interior
0.6795129294617427,0.16688965484188784,1,interior
0.7276919864601761,0.3577914104656691,1,interior
0.6525454527940582,0.165341302814705,1,interior
0.6555767315220524,0.17385705130979828,1,interior
0.5518346276216818,0.20500304027267305,1,interior
0.7335533867773999,0.3517309446656829,1,interior
0.7614385962675955,0.2586567980238805,1,interior
0.7059534350201027,0.1907196255162896,1,interior
0.6762537896235337,0.16926557241389406,1,interior
0.5155305209363911,0.2979696529655807,1,interior
0.6860975179854486,0.17236249698960732,1,interior
0.5679963926403783,0.19520208147281387,1,interior
0.7594209373913531,0.2505582173689616,1,interior
0.5122999370278951,0.2638855337895492,1,interior
0.6632119547184384,0.16761461780032255,1,interior
0.7592801091140156,0.3064874237437403,1,interior
0.5219315871355152,0.3192168469569653,1,interior
0.7566518942453494,0.2903333779234082,1,interior
0.7578450544574797,0.24088353684457814,1,interior
0.6676228918415964,0.1681956696667505,1,interior
0.7456637714757804,0.3272894045317381,1,interior
0.7058755483997924,0.18831088087350492,1,interior
0.6299302970507479,0.16385249610517885,1,interior
0.7626193559909901,0.2785067165877862,1,interior
0.6751095737292351,0.17120339128188164,1,interior
0.756895923018063,0.2298530668739429,1,interior
0.6313698092603652,0.1607271569453427,1,interior
0.6049580429766687,0.1667539546754109,1,interior
0.5223806134116751,0.22221452724353494,1,interior
0.52043072047781,0.3154053679411762,1,interior
0.7678754740311003,0.2710287930449909,1,interior
0.7088241764274441,0.18607931766505664,1,interior
0.542975119782193,0.20796877246315765,1,interior
0.5188235738390512,0.3086367808984428,1,interior
0.6333019977408909,0.15647228438235983,1,interior
0.7603747707666088,0.2425926316276838,1,interior
0.5157366112154174,0.29228220914793573,1,interior
0.7333014767744116,0.34325639287413195,1,interior
0.6729518019900664,0.376290041811462,1,interior
0.7608803139926569,0.2510394360776011,1,interior
0.7605926831633462,0.29907989357493614,1,interior
0.7390897806626192,0.3329758766134663,1,interior
0.6695490965984398,0.3768607176721844,1,interior
0.7635890349227201,0.2805731286757186,1,interior
0.56688053865848,0.19264750013171217,1,interior
0.6415568580801505,0.16360833960128235,1,interior
0.7245447620597856,0.35999321404233026,1,interior
0.5217018986734916,0.3109122249009162,1,interior
0.6434998959369096,0.16071120924255838,1,interior
0.5287747852676047,0.21350346025907913,1,interior
0.7667275282692779,0.26030264319571417,1,interior
0.770041063997456,0.27487432650224763,1,interior
0.7443332482938162,0.22377458829197047,1,interior
0.5498347692847223,0.20431967710803753,1,interior
0.677278422808197,0.16538457031540535,1,interior
0.555254115225533,0.19594625627101533,1,interior
0.6894041563605019,0.1745754092664405,1,interior
0.5756415908685251,0.18068424970795177,1,interior
0.530409281441516,0.21280614490190763,1,interior
0.7524897752273318,0.3234036372125647,1,interior
0.5247020840628819,0.33323237399683714,1,interior
0.7028917875312694,0.18929416002531493,1,interior
0.5206633107909485,0.22321955723188208,1,interior
0.6255871385054108,0.16419073784579932,1,interior
0.7590353916960055,0.284657250619133,1,interior
0.6543917809530333,0.16844367547406935,1,interior
0.5282011146584609,0.21508338749942207,1,interior
0.7706851070825458,0.2733788922366043,1,interior
0.5324855350170091,0.3438943492866169,1,interior
0.5082485668526249,0.2835498639903991,1,interior
0.6801449234490269,0.1682994334950149,1,interior
0.7145473538670618,0.18695033456595908,1,interior
0.7620156113619836,0.2803848090470875,1,interior
0.7530099007389837,0.2251410552172189,1,interior
0.5118756686395534,0.25012712366681916,1,interior
0.7109854319450334,0.19113095877587905,1,interior
0.5282514786440765,0.3199932852096784,1,interior
0.6849274959434942,0.16984751839164416,1,interior
0.7582700771804503,0.28302258565175603,1,interior
0.7594972077101373,0.2409067699233557,1,interior
0.6520090450166429,0.16283860321560895,1,interior
0.6646279751971506,0.16859059924224448,1,interior
0.6710381407691536,0.168574346418867,1,interior
0.5643483445246988,0.1950810330715193,1,interior
0.7646292420554739,0.2789780096699127,1,interior
0.5102053547306116,0.279918091602882,1,interior
0.5318684080226458,0.21139892477198993,1,interior
0.7045590120379749,0.19011509088748252,1,interior
0.7230160346891715,0.3374061703955101,1,interior
0.7070050787990118,0.18563815217383173,1,interior
0.7613623190123228,0.2840230105602441,1,interior
0.6256254335912528,0.15714692663926585,1,interior
0.6633618149386298,0.3744391256053783,1,interior
0.6276567182742309,0.15755318493706882,1,interior
0.5791943385619746,0.18236843752423312,1,interior
0.7563293324501246,0.2938559254980289,1,interior
0.5235637107250799,0.224451879827888,1,interior
0.7576157152829508,0.23135809762778423,1,interior
0.5174503157828052,0.2458676598561912,1,interior
0.7440055665846353,0.3244861870811287,1,interior
0.5174753607809631,0.30058306687843017,1,interior
0.6293636221091002,0.15763824277316252,1,interior
0.7660712862123543,0.2797394144410964,1,interior
0.7546515627919431,0.30991689609399325,1,interior
0.6401909330569168,0.162320451149288,1,interior
0.763823329296081,0.24706668094089265,1,interior
0.7227566794122843,0.36013649881495197,1,interior
0.5260019083456046,0.2139877664254738,1,interior
0.7407091851445269,0.20924180348172505,1,interior
0.6713852512110231,0.3761501780087051,1,interior
0.6118594295421712,0.15612037082474836,1,interior
0.7587315319570699,0.289193930979327,1,interior
0.5198382116280373,0.23598494390596209,1,interior
0.5182793935519813,0.2277081742831181,1,interior
0.5443198927260862,0.20695597764792312,1,interior
0.7628896737930576,0.25993531567257727,1,interior
0.5116332495991265,0.26558187138862166,1,interior
0.7387199516599394,0.33528519820938557,1,interior
0.7458509704630786,0.3212860847854061,1,interior
0.7208246542132904,0.3572078946752941,1,interior
0.6884823289308016,0.1726397979537869,1,interior
0.6146352820413555,0.15844849837286792,1,interior
0.5150230481759231,0.29366550654350765,1,interior
0.7571535652819676,0.3119449774050646,1,interior
0.5192236007229871,0.3015824228808741,1,interior
0.721334107144601,0.352623658633659,1,interior
0.558454209024594,0.19521059994050402,1,interior
0.7336830219497618,0.33789100163522096,1,interior
0.7066169953306918,0.18343839020766248,1,interior
0.6996301720511593,0.18403355040403088,1,interior
0.7385342912009656,0.21326794435484697,1,interior
0.7306939452166499,0.33980021687943207,1,interior
0.5202635013017392,0.30541961158326647,1,interior
0.7242092233138964,0.19752302438565084,1,interior
0.7450035375700943,0.22073581163291872,1,interior
0.6721962802181028,0.378197565846342,1,interior
0.5217601216270137,0.23719933577059368,1,interior
0.5657142207384055,0.19431357439610913,1,interior
0.7294878189886566,0.35680767416731135,1,interior
0.7534982104224652,0.22898108391221092,1,interior
0.7427905583418883,0.3279400010115429,1,interior
0.5166024977474564,0.22794027778475098,1,interior
0.5230901292172341,0.22846839526470572,1,interior
0.7632167376381046,0.24440764187621192,1,interior
0.6359818392747527,0.1584283490094564,1,interior
0.7299085775191261,0.19995312536674043,1,interior
0.739914472945633,0.2114489101158678,1,interior
0.6845114841341353,0.16609969975375738,1,interior
0.5165530981058106,0.2952159828382804,1,interior
0.7474433688558016,0.22481899671287162,1,interior
0.7380181888676954,0.21167769550857898,1,interior
0.529420695692995,0.34191987560037446,1,interior
0.7695480683633482,0.26889740776278476,1,interior
0.5179606384264542,0.30737247832148645,1,interior
0.6299864042393762,0.1562256893891556,1,interior
0.5201642753235254,0.31923415284944434,1,interior
0.6086687533946327,0.15977433522181142,1,interior
0.7587838143357949,0.2563740640433025,1,interior
0.6178009014065688,0.16075728180863877,1,interior
0.7009411907289748,0.1818000175739325,1,interior
0.5112070707104566,0.25729921926275867,1,interior
0.506882466604436,0.27560823971089765,1,interior
0.7047966506680675,0.18469519178379903,1,interior
0.6253253954804165,0.15898442051036912,1,interior
0.7683035153364995,0.2619903454559771,1,interior
0.6057383712144719,0.16015987499555,1,interior
0.5121603255714874,0.2911067742331927,1,interior
0.7495149477802967,0.2307139275649372,1,interior
0.52682378838988,0.34578663554018924,1,interior
0.7363879641363347,0.3329498712087277,1,interior
0.6614888615588139,0.3752679275143872,1,interior
0.5187812817441654,0.30311968510236426,1,interior
0.5109914924058359,0.28401262939130517,1,interior
0.6624235585106154,0.37782169070540145,1,interior
0.7659123644749156,0.24682622169843055,1,interior
0.6649754966495124,0.37442890191268663,1,interior
0.6350175234320863,0.156055189383134,1,interior
0.7559701255337699,0.2577237809334451,1,interior
0.7650396317590704,0.25971755529685725,1,interior
0.6312988215200189,0.15490549163280828,1,interior
0.5765590385947817,0.1835943370193718,1,interior
0.5110154132603372,0.27082976102688194,1,interior
0.7196635910573471,0.3557706084934098,1,interior
0.5226657597883433,0.32685625240960997,1,interior
0.7330413687207127,0.3533157955137896,1,interior
0.7429060014559493,0.2157069186103996,1,interior
0.6062371530013806,0.163576815948358,1,interior
0.6862409902381231,0.16880136373810295,1,interior
0.5265826893029294,0.3379542802229018,1,interior
0.5077473913585061,0.277085542084774,1,interior
0.7685940517840678,0.277660149160941,1,interior
0.6738524062221287,0.16429987616290578,1,interior
0.5516546060683722,0.2020582271443213,1,interior
0.7616268467553454,0.24935856750907728,1,interior
0.7318844513915517,0.34218448942944474,1,interior
0.5798673285659431,0.17452352403937435,1,interior
0.5119833491890414,0.24443041021637613,1,interior
0.5095020496932448,0.25666796753610505,1,interior
0.518530651869717,0.31809281517539717,1,interior
0.76648702244219,0.28136756074193775,1,interior
0.7235714236105745,0.3538103169848417,1,interior
0.7634980895553398,0.28457659398930246,1,interior
0.5121996196309234,0.2420059713001952,1,interior
0.5170799527026442,0.2302812435316291,1,interior
0.5640651184049468,0.19278719771664649,1,interior
0.5245305706797907,0.3233657096743418,1,interior
0.7602098080262756,0.23950073598789137,1,interior
0.7546883285967811,0.2330584328925184,1,interior
0.5361311980372637,0.21043008187252743,1,interior
0.6537004401787818,0.16651184962445426,1,interior
0.77219923937534,0.2768405904173979,1,interior
0.7479822324641704,0.2225795852668407,1,interior
0.5175982627884547,0.23555430620668108,1,interior
0.6075732816395245,0.1581739694614752,1,interior
0.5331242210308978,0.20944399968520266,1,interior
0.6146856739091793,0.16037244438461692,1,interior
0.7447151913848148,0.22228760353502536,1,interior
0.7615743267827431,0.2563473062446336,1,interior
0.743100248246151,0.22480826774867443,1,interior
0.544983862043983,0.20481250034762816,1,interior
0.5098633162720911,0.2586468120055415,1,interior
0.7200909008851066,0.35864697231662374,1,interior
0.620266187953877,0.1591086834430077,1,interior
0.5796987136769979,0.18898445546897136,1,interior
0.7622556565326573,0.2821567973378456,1,interior
0.7294947981111957,0.19814103013276993,1,interior
0.7572765500441604,0.2351407240676802,1,interior
0.6150806583286116,0.1567911950318807,1,interior
0.5707513202999602,0.18299679932313911,1,interior
0.7589394500625951,0.23666430006228273,1,interior
0.506757921144991,0.27915921364205404,1,interior
0.5324288937021339,0.23838688077899176,1,interior
0.7501945159907948,0.26154388450428,1,interior
0.5257469968872649,0.22019432113239745,1,interior
0.5167063092925157,0.2421399712447435,1,interior
0.7639909438227684,0.28632736378405294,1,interior
0.5262437373843769,0.33954802882975094,1,interior
0.696003809381967,0.17804297176873565,1,interior
0.5478196058195138,0.20754662701537413,1,interior
0.6169433590807037,0.15947887636479768,1,interior
0.6692464016574964,0.1671640087207933,1,interior
0.6672377100415627,0.374085610343509,1,interior
0.7534358581614939,0.32207226338759587,1,interior
0.6978531452203511,0.17833276759773278,1,interior
0.7074977198709954,0.1888898571056384,1,interior
0.5108727679340894,0.24843519216411764,1,interior
0.7607978095794119,0.2866073991586663,1,interior
0.6991785957580604,0.19184772387522706,1,interior
0.6709804539962485,0.17087171407411805,1,interior
0.7310192422893523,0.35586185743424575,1,interior
0.6923093083422414,0.17769926855807616,1,interior
0.6638694728311408,0.3766423864650777,1,interior
0.5268383349694375,0.3474011852867194,1,boundary
0.5678267312202456,0.18998420353761433,1,interior
0.6743494746823676,0.16283386521282478,1,interior
0.6954360877751694,0.17641466274164053,1,interior
0.6240242183960325,0.15983240791498246,1,interior
0.7138733315745622,0.19089947556086223,1,interior
0.5247523211027079,0.2217341425390361,1,interior
0.7563558105661364,0.3153256136462125,1,interior
0.5624196505170674,0.19765005170547137,1,interior
0.7712280281579158,0.26998761449052916,1,interior
0.7317839119936125,0.351011150198132,1,interior
0.5190971896706125,0.31365780398221876,1,interior
0.6041570318627573,0.16454753101408676,1,interior
0.731646491644459,0.197905796757037,1,interior
0.5134199196955996,0.26970268083670623,1,interior
0.5736751658247977,0.18287050670230112,1,interior
0.6708378138841143,0.16690473571358572,1,interior
0.5718667394952281,0.18107707512413312,1,interior
0.5093224755314509,0.255056193246784,1,interior
0.5114299736638712,0.25439593256469945,1,interior
0.704497893014458,0.187204162320319,1,interior
0.5088859380051435,0.26094081307778416,1,interior
0.753486908452733,0.3136815103504758,1,interior
0.5264181180389936,0.2177318106682903,1,interior
0.6679777335136283,0.37623945819002,1,interior
0.619023012403703,0.15822991511127332,1,interior
0.7694262362533374,0.2658449438332621,1,interior
0.7429454922776733,0.33353697553253725,1,interior
0.7620014318316358,0.24258040858493551,1,interior
0.7664366079431703,0.2623669734819732,1,interior
0.5114014070864737,0.2692520432509587,1,interior
0.5201737549535108,0.320907825950692,1,interior
0.5188126682223133,0.32166324742411284,1,interior
0.7589352474702203,0.2922462744581069,1,interior
0.7290953030191519,0.35856557826293284,1,interior
0.5107636923892619,0.25178748643719334,1,interior
0.5209248647814447,0.24580549661837417,1,interior
0.6240236200044634,0.15709805770190025,1,interior
0.7414394186351122,0.3344054423871505,1,interior
0.6819580584644028,0.16706095458438175,1,interior
0.7554060761006446,0.23539981326470263,1,interior
0.5207898412135735,0.3174379812592891,1,interior
0.648630643976255,0.16525694567469293,1,interior
0.627539592209161,0.1557823608379523,1,interior
0.7022079836984224,0.1867177183638079,1,interior
0.7297960619380154,0.3446932250725999,1,interior
0.5086003656538605,0.2713270982172849,1,interior
0.5120282476399506,0.2527559746455151,1,interior
0.6688055072691701,0.16431908214389077,1,interior
0.5480616934743574,0.20259377928421218,1,interior
0.5187796993624233,0.3047539139412521,1,interior
0.5691252423097685,0.18357803569983558,1,interior
0.5239325232866285,0.2201588309170142,1,interior
0.5076200378076765,0.26906280304043767,1,interior
0.7218959462774465,0.20002174342362453,1,interior
0.5471139975980214,0.20600296377211788,1,interior
0.5045796292232951,0.27874698142809207,1,interior
0.7678541572163976,0.24869118909657523,1,interior
0.7206145140079122,0.36202399071214053,1,interior
0.6499090412989271,0.16413832214486704,1,interior
0.7408583650477497,0.332951528209177,1,interior
0.6640772665051085,0.3728755209802598,1,interior
0.5839029906328942,0.17752755262320216,1,interior
0.7540138902557522,0.32456311322138937,1,interior
0.7422335599530988,0.21118861777574413,1,interior
0.6214482771214105,0.16015520686915902,1,interior
0.7369254562969155,0.3345786146938109,1,interior
0.5097473812056141,0.2682572523126129,1,interior
0.5223998966771107,0.32398756208925505,1,interior
0.6901442899869649,0.17886874106425946,1,interior
0.5092486691036974,0.2505819989047999,1,interior
0.5380308907559331,0.20963356509869435,1,interior
0.7534871869308783,0.22731649073729507,1,interior
0.7557958394733422,0.3174577581408211,1,interior
0.5693120115349894,0.189585716483228,1,interior
0.744949370629579,0.3288366070101538,1,interior
0.755177573627571,0.32318894445269014,1,interior
0.7583712407895392,0.29071945063127486,1,interior
0.5769902261672397,0.17979904747814818,1,interior
0.7731881959104427,0.2782676349991511,1,interior
0.7116669422642267,0.18849169517137312,1,interior
0.53350819681411,0.3501488184492709,1,boundary
0.6663455897091647,0.16712150126585176,1,interior
0.7187007939970174,0.3569859292075064,1,interior
0.7558888346024663,0.3081835295408748,1,interior
0.568147968146297,0.18219485170708732,1,interior
0.6784457872334491,0.16291188542840374,1,interior
0.7709231654752954,0.26813203994015333,1,interior
0.6653698042782452,0.37762395724679515,1,interior
0.5195568069323214,0.30714903232962737,1,interior
0.7236602868810179,0.19341368775251516,1,interior
0.697898127476514,0.18644906322359045,1,interior
0.7351130787026298,0.20226184420835341,1,interior
0.6332704329905339,0.15459387559875953,1,interior
0.6566709087574018,0.16768521116509844,1,interior
0.7202113007442611,0.191330724027647,1,interior
0.6025379119214423,0.1591899716443495,1,interior
0.7350154261592177,0.3365988385045518,1,interior
0.5107377779057837,0.292243488550505,1,interior
0.733092336533127,0.3471337576263621,1,interior
0.6155916435762238,0.15509612205603263,1,interior
0.7284985209568383,0.1948826417321604,1,interior
0.6858269962265713,0.16720032144012653,1,interior
0.528240363607233,0.21201961805252684,1,interior
0.5138219431909553,0.2521920059475492,1,interior
0.6703444841592194,0.1646773005323851,1,interior
0.7477238062627022,0.32133912935280295,1,interior
0.7434735753084801,0.2088535353800238,1,interior
0.5478565870560429,0.20467632887795045,1,interior
0.7576830877375358,0.3083789830844605,1,interior
0.7325744486904566,0.35771767199596444,1,interior
0.748302521644613,0.22829975850564757,1,interior
0.5299166113223173,0.2113230488846485,1,interior
0.509673377446525,0.27008861852006083,1,interior
0.646103368298068,0.16291040281855337,1,interior
0.616531083031463,0.15758744681861483,1,interior
0.566301991467568,0.1834215644866119,1,interior
0.5181334959379411,0.22572536077828617,1,interior
0.7608468064261524,0.3041551112146364,1,interior
0.5240480993408564,0.21855007442828017,1,interior
0.7371246923834812,0.3367103692877025,1,interior
0.5145216321200626,0.228622543390711,1,interior
0.6706011761205132,0.37818184068911187,1,interior
0.5093872877186856,0.2847008382621719,1,interior
0.5278882022636376,0.22104442049958553,1,interior
0.7553284377268104,0.2278865941988573,1,interior
0.7668309549116299,0.2653239131013402,1,interior
0.6309066017246551,0.15903835488639145,1,interior
0.6286992408327278,0.1591706505786729,1,interior
0.7693220428612305,0.2793594498584761,1,interior
0.6740891668358426,0.1688617031373563,1,interior
0.5855404121685838,0.18544891108892353,1,interior
0.7206103642117027,0.20561916269295638,1,interior
0.7406671711758702,0.21288594734812114,1,interior
0.7127836241761413,0.18634895639933255,1,interior
0.7158132121734672,0.1859540861935247,1,interior
0.5511877181863828,0.2035700324394815,1,interior
0.609895489778572,0.15828026135961082,1,interior
0.7529124228358736,0.23038719385781778,1,interior
0.5164900276392737,0.2261176070150273,1,interior
0.7004647008828473,0.18573024335492588,1,interior
0.5146014643398928,0.3008721451339503,1,interior
0.7132637297615187,0.1880762709621773,1,interior
0.6378024668459362,0.15685697933990012,1,interior
0.5734958870173492,0.18485550667660078,1,interior
0.7561123615554154,0.32562336137636066,1,interior
0.5217340005767556,0.32251084492375265,1,interior
0.7690698805781725,0.26389870480030553,1,interior
0.6861590304642063,0.17075635818127363,1,interior
0.7507573464264743,0.32001085139520574,1,interior
0.6881703844160146,0.1703346740024407,1,interior
0.5072087134821321,0.2722489593507428,1,interior
0.617673227375242,0.1532674187905372,1,interior
0.7071944935857447,0.18104021697380265,1,interior
0.6720638727079968,0.16342693945889816,1,interior
0.5256305938245114,0.2116244478218507,1,interior
0.7523589886398006,0.32068724264234477,1,interior
0.6640489561350287,0.37949004421317806,1,interior
0.6933531857374978,0.17623351299367523,1,interior
0.7362031157203747,0.3386532356354922,1,interior
0.762864958332987,0.30087050246552893,1,interior
0.7030628988280023,0.18448057531298245,1,interior
0.7722493728403804,0.2726818440293599,1,interior
0.617156205447952,0.1554761369267064,1,interior
0.512558381712381,0.2979676783464434,1,interior
0.5871686909243391,0.16900192345930198,1,interior
0.7539241291477762,0.3195680551067771,1,interior
0.6753074113823282,0.1615382566632344,1,interior
0.7381157993061769,0.21473658770066506,1,interior
0.5242850184605418,0.3372446822458637,1,interior
0.5143854958949204,0.2991140296273277,1,interior
0.7091308355952991,0.18442405036299483,1,interior
0.6877967628982662,0.16733209016241568,1,interior
0.7595155612696349,0.29479619749651953,1,interior
0.76021106665019,0.23795375923671896,1,interior
0.6105387646813438,0.16009577587406923,1,interior
0.7622982521699242,0.2868563781059846,1,interior
0.7339168789126113,0.35025489973984947,1,interior
0.6042415876933437,0.15847107553274467,1,interior
0.6243643480326454,0.15558950872837576,1,interior
0.5108888596254829,0.26214557731382837,1,interior
0.690374702936564,0.17107088324002245,1,interior
0.5139895781994389,0.2905439646741509,1,interior
0.5179549949013145,0.31587784400986824,1,interior
0.5099065534754527,0.27230247477030073,1,interior
0.7463412354063356,0.3300005691807052,1,interior
0.5099049571698266,0.2532990000931812,1,interior
0.5147438928955705,0.23014977684759932,1,interior
0.5203769975523663,0.3092538010832871,1,interior
0.6054825738493013,0.15729051065128943,1,interior
0.5685687771866071,0.19345687167913106,1,interior
0.6496734881735615,0.16164417797111053,1,interior
0.7602132565897146,0.2535653438120703,1,interior
0.7605593292223777,0.23591090817457844,1,interior
0.7650073999602597,0.30121380332070397,1,interior
0.556805795213265,0.19605960429655342,1,interior
0.5704468708714856,0.18452463394191881,1,interior
0.6739081806461499,0.3784322735190315,1,boundary
0.5167442452938628,0.24008086049212204,1,interior
0.7515331038062597,0.2229998652921206,1,interior
0.7296317731125269,0.3600168498574068,1,interior
0.5179137932579648,0.31989485916090765,1,interior
0.5213744218550292,0.3252375810673572,1,interior
0.5754885193843078,0.17809428382104406,1,interior
0.5294504931616135,0.32100939285938906,1,interior
0.7575950394177059,0.3068088860767975,1,interior
0.7430147090486379,0.21368904646697975,1,interior
0.7455543577420163,0.21807744600927081,1,interior
0.5227636613632474,0.33834810839234264,1,interior
0.7302910956748103,0.35148433433498494,1,interior
0.7688603414226683,0.28151768440749814,1,interior
0.7599678563706479,0.30242661379625074,1,interior
0.5106295914077663,0.2939113749970496,1,interior
0.6904169521072042,0.17285242387414687,1,interior
0.6556818616470794,0.1698435441768965,1,interior
0.7011880377465084,0.183510165817013,1,interior
0.7340189611276725,0.34181491384344065,1,interior
0.6021810534458573,0.1631851438538723,1,interior
0.5882521120927905,0.16771595543678644,1,interior
0.5351488603466608,0.2083441081892522,1,interior
0.619439870518449,0.15531573815954394,1,interior
0.7090945255409947,0.1824712371419013,1,interior
0.5126284563744626,0.30122948479045814,1,interior
0.7751012319622754,0.2774592430919445,1,interior
0.5271806869518325,0.3427391691129761,1,interior
0.5131657857616173,0.29535175976936046,1,interior
0.5080066193740098,0.24849553283395864,1,interior
0.6808941311879179,0.16534642577953104,1,interior
0.768581093958394,0.2602560940940603,1,interior
0.5184189885562175,0.2948141547115356,1,interior
0.5168431162034607,0.32306417579532154,1,interior
0.7511342470766749,0.32741788717453824,1,interior
0.5854237302690888,0.1668583214917954,1,interior
0.6825279994182397,0.16515414627022046,1,interior
0.6678972043626142,0.17037509158558978,1,interior
0.6656821724643568,0.3759086048047713,1,interior
0.7583327809344436,0.29702048287445243,1,interior
0.5159092198313839,0.2995452888465468,1,interior
0.6451372787527058,0.15866032830938032,1,interior
0.7253183623244376,0.19541710110604588,1,interior
0.7107598942030227,0.1829174860982187,1,interior
0.7469050525684424,0.22123752268768582,1,interior
0.7605098876006987,0.3092178317221906,1,interior
0.6477456324826252,0.16199183983150575,1,interior
0.6874531561771448,0.16500206771128867,1,interior
0.7343439119976182,0.3396311436416987,1,interior
0.7602336126343301,0.255455519229367,1,interior
0.5160764964701893,0.3014467436127974,1,interior
0.74422103575396,0.21732345752144805,1,interior
0.7326640443386198,0.2012076527572796,1,interior
0.7431949402680996,0.32941577205474054,1,interior
0.7477391866420716,0.32712451145257926,1,interior
0.6889152349039783,0.16597583604349211,1,interior
0.5807525633667538,0.1759543566333367,1,interior
0.6675275539171419,0.37799290159024773,1,interior
0.735059073341049,0.34916853912826445,1,interior
0.7032410900646864,0.18222577315535332,1,interior
0.7710093453129679,0.26596252317180685,1,interior
0.5199932163283435,0.23873423403802763,1,interior
0.7678228384248498,0.26929869399346007,1,interior
0.581410204329967,0.17125015880931888,1,interior
0.735615259251829,0.34348197067814157,1,interior
0.7650103984137688,0.28220582650248743,1,interior
0.7632763902115246,0.2580873578537641,1,interior
0.7665985781789548,0.3032073688955406,1,interior
0.7504615956781117,0.32450545472357323,1,interior
0.7643382260302584,0.2565853062168111,1,interior
0.7135833348496006,0.18470047344431528,1,interior
0.7545191246842905,0.22577624343592242,1,interior
0.5106083598005999,0.2876402408630797,1,interior
0.7052809011490907,0.18075113229356912,1,interior
0.5737046833530582,0.18082733079520033,1,interior
0.742225493022758,0.22618302666193568,1,interior
0.735850498877528,0.34113139208157595,1,interior
0.7258422321116023,0.19381331274526348,1,interior
0.7399498214997715,0.33651273862145153,1,interior
0.691674065905121,0.17018642748530266,1,interior
0.6691702075958361,0.37879086728088573,1,interior
0.7108531730261148,0.18643653237458352,1,interior
0.5151368844879173,0.29630254103873843,1,interior
0.5462276735301277,0.20180625915071163,1,interior
0.5198665656352663,0.3228911507776275,1,interior
0.671210824748535,0.3797310081111456,1,interior
0.741727870622305,0.3366502867809631,1,interior
0.7605975277629073,0.2895154143257237,1,interior
0.6096101760902677,0.15665677046923074,1,interior
0.519467655039209,0.23174702167798752,1,interior
0.5169125990979171,0.3146806333742571,1,interior
0.514582462016229,0.24205515712457218,1,interior
0.7429594967525993,0.22112267770366167,1,interior
0.5187456885892211,0.22394510469252435,1,interior
0.5325464774256677,0.2128235930492228,1,interior
0.7195569888166188,0.36090720504963114,1,interior
0.6793099656426969,0.16447102628201976,1,interior
0.5182178294202257,0.22189297900805385,1,interior
0.58153397320508,0.1731522983307872,1,interior
0.7309152289845658,0.19362248219422867,1,interior
0.5203752475713413,0.3280232516401433,1,interior
0.7179272709341094,0.35564623537641377,1,boundary
0.771013084454035,0.2781504549609819,1,interior
0.5246673226744745,0.3441126747432595,1,interior
0.6151726247846339,0.15339631982366064,1,interior
0.7342297935495045,0.19955531900927354,1,interior
0.518466040594719,0.23840790348233284,1,interior
0.5681599667914277,0.18602542187381454,1,interior
0.7229220238339177,0.18939085895801547,1,interior
0.5504425302544961,0.20084188020916016,1,interior
0.6837636594512586,0.1635092197131287,1,interior
0.7429773591915376,0.3378238253232058,1,interior
0.7569612456058452,0.3137288006692884,1,interior
0.7346437887988486,0.2038640232943816,1,interior
0.666265789853983,0.16560220371066586,1,interior
0.6848838381182434,0.16120181264867364,1,interior
0.5136414599579205,0.2923662087280515,1,interior
0.6994046674283557,0.17875382356846442,1,interior
0.5698841331182994,0.17998441908155433,1,interior
0.636786733261147,0.15516676560980494,1,interior
0.6828777220325951,0.1685380304814866,1,interior
0.6134119209076616,0.15754301405370671,1,interior
0.5105706957756208,0.26046072707213125,1,interior
0.7687266978204593,0.24995169722628696,1,interior
0.676606479380813,0.1631950766534713,1,interior
0.7204509412934578,0.36353467196403466,1,interior
0.7652937083078079,0.2580189507408215,1,interior
0.7623126723426265,0.24595161808679436,1,interior
0.6733813061886348,0.16145895499871368,1,interior
0.5233786815831166,0.330059431650865,1,interior
0.7107085063376867,0.18032840072980483,1,interior
0.50920520069072,0.29111924158659047,1,interior
0.7595526611279985,0.31354906769748575,1,interior
0.7004545951253792,0.18025613825434292,1,interior
0.5250042639336202,0.33160019396681767,1,interior
0.6677884899240503,0.38040993797357964,1,interior
0.6600861360747712,0.16641450682322662,1,interior
0.5168527780943823,0.31714094478709876,1,interior
0.5199107466132389,0.3245554965692725,1,interior
0.5543853979468925,0.19457291976430513,1,interior
0.766066699089498,0.28478500118690236,1,interior
0.5121619364667385,0.22822978618217282,1,interior
0.6888109332766507,0.16888601731422853,1,interior
0.573619233936605,0.17801454045347773,1,interior
0.641818397586305,0.16210050896761422,1,interior
0.7348722703265886,0.3527908154051783,1,interior
0.7734888132656448,0.2744587978373582,1,interior
0.6180071921570469,0.15682116283158187,1,interior
0.7163184127564612,0.357787525798401,1,boundary
0.5304400778822691,0.32338605446074015,1,interior
0.5201668420144286,0.2973925932418357,1,interior
0.5166513103428456,0.28041580547797834,1,interior
0.7586796455715124,0.23950066989710053,1,interior
0.5444149592303446,0.20874257465960813,1,interior
0.7444871697172586,0.3314852139053345,1,interior
0.6809561303295278,0.16288452618579427,1,interior
0.7251909212512921,0.3614484974385908,1,interior
0.6534279956341454,0.1622225352683947,1,interior
0.7495950922042174,0.2230749920071446,1,interior
0.5097117160427456,0.26630346096886914,1,interior
0.744033313243784,0.21117869453794885,1,interior
0.5248855810059351,0.3348918092384514,1,interior
0.5130594709383357,0.29382219440929586,1,interior
0.5227379880225332,0.3363525315326431,1,interior
0.5812555575023317,0.16845354121475858,1,interior
0.7667898226120103,0.27782177178472184,1,interior
0.7441032218419977,0.32651644111870876,1,interior
0.7445573368620172,0.21500256798299894,1,interior
0.6919718035372531,0.17542516781209622,1,interior
0.7499510094535807,0.3288704334178001,1,interior
0.7602260405003658,0.2485053242097572,1,interior
0.5169541093822098,0.22300573279627714,1,interior
0.5116879947594261,0.2960407200316996,1,interior
0.7355895193461149,0.19881208487046226,1,interior
0.7481865364052034,0.3316047365250623,1,interior
0.5261658409120205,0.210021107283688,1,interior
0.7514271753061152,0.22148253256394385,1,interior
0.7680435168135424,0.28022092367733376,1,interior
0.5647469887879365,0.19088001223158538,1,interior
0.6293338429406731,0.15409697294189087,1,interior
0.7520573463105789,0.32577639609389186,1,interior
0.5211664644209674,0.33820584529208475,1,interior
0.7630703470734246,0.2896368075691848,1,interior
0.6704561082540401,0.1620113728258134,1,interior
0.6315891116228052,0.1523279140633688,1,interior
0.6904256320069895,0.16929576542345273,1,interior
0.7668413880546057,0.255835735071895,1,interior
0.5248960816461339,0.3216620115860142,1,interior
0.7628030208032222,0.25173630357255117,1,interior
0.6929991512571388,0.1687632788632194,1,interior
0.761948037695478,0.3025381627372753,1,interior
0.7587513000632221,0.23473304945090726,1,interior
0.7617511265700776,0.2528730718572815,1,interior
0.7465953568288111,0.3329117537531754,1,interior
0.7474098436193679,0.3286305871278724,1,interior
0.525066210630615,0.34194334151558764,1,interior
0.7635376353790126,0.24975838410316042,1,interior
0.7504319133763533,0.33142420442313236,1,interior
0.5050910088830799,0.27574663329427546,1,interior
0.7532831208877656,0.3284591116599072,1,interior
0.7070795448283315,0.18736568659806707,1,interior
0.6518816123919835,0.16085982775020283,1,interior
0.5183859964722177,0.3111966653172032,1,interior
0.510768658012497,0.2779075597072509,1,interior
0.7118826475540078,0.18437134359720742,1,interior
0.764939067189671,0.2483828783016876,1,interior
0.5722602791937019,0.18392928601180217,1,interior
0.5093745443953348,0.2632199647645341,1,interior
0.5161142178061972,0.2377505496339331,1,interior
0.7607138614015655,0.2973953752716096,1,interior
0.6014267149068799,0.15805456240658503,1,interior
0.7487315342311269,0.3299945441214078,1,interior
0.5621232212139521,0.19427401864962218,1,interior
0.5171991781318459,0.29374070251134005,1,interior
0.5105629627466128,0.26432505941225976,1,interior
0.6401819467394022,0.15742029274462993,1,interior
0.7616348788346496,0.24012784375607457,1,interior
0.7587588848686003,0.30126480804182987,1,interior
0.7498136924253144,0.33377747600655827,1,interior
0.6917958105062407,0.17183871344639365,1,interior
0.6042325350706571,0.16043886021927678,1,interior
0.6855574660045427,0.16281342513239694,1,interior
0.60170520984191,0.16063105242747608,1,interior
0.5370978900475053,0.2084261252496734,1,interior
0.5092399902154123,0.2894837782850596,1,interior
0.5786393523858229,0.17724776443500004,1,interior
0.5770364087149908,0.17775029790420963,1,interior
0.50171610382145,0.2792212355985679,1,interior
0.6271317631316634,0.15393077342126935,1,interior
0.6799433767150941,0.16129476139601004,1,interior
0.7616055318389869,0.29179779717356047,1,interior
0.660340730055725,0.37655285183514764,1,boundary
0.7456398369385058,0.21653641716129093,1,interior
0.743472511833748,0.21881774872618973,1,interior
0.7351669728218676,0.354774723968764,1,interior
0.5434967396937634,0.20407356541917068,1,interior
0.5141140469460589,0.25628042498119674,1,interior
0.5844247538156657,0.16997076928547977,1,interior
0.5409875707183706,0.20696406363846612,1,interior
0.6721867750970318,0.15985681632837875,1,interior
0.6403202604266146,0.15574435830468253,1,interior
0.7237744974279305,0.19125748852089391,1,interior
0.6029176881061017,0.1567900135433901,1,interior
0.6251195464089405,0.152878055388701,1,interior
0.5573688359874883,0.19413835698015183,1,interior
0.5631925902149311,0.19118387991761024,1,interior
0.5599266166914167,0.19355529016743794,1,interior
0.5696882915806445,0.18595522984602844,1,interior
0.7386474006260363,0.33817451686837624,1,interior
0.7469803052309563,0.2155433669960431,1,interior
0.5229830072943157,0.3348409528601463,1,interior
0.5683491527197074,0.18803419559885567,1,interior
0.5213544988709419,0.22036166864075288,1,interior
0.7218828840258931,0.3586265382380614,1,interior
0.551886183140808,0.1989895397760424,1,interior
0.7370870253448318,0.3400724784854946,1,interior
0.638920203294509,0.1538226193723822,1,interior
0.7084321043890246,0.17953279782303821,1,interior
0.623015953759026,0.15092761440384408,1,interior
0.7692561855145954,0.2762913676570628,1,interior
0.6724234929816707,0.16610173122790936,1,interior
0.7179244848616432,0.35922694046038334,1,interior
0.676814394413634,0.16054944614054525,1,interior
0.7638436945347102,0.29227231721928176,1,interior
0.7690726977880638,0.3047899836377189,1,interior
0.514319369794788,0.22640459112825237,1,interior
0.6080736904619374,0.15636257626579378,1,interior
0.5222148467942914,0.33278069868519267,1,interior
0.6430802042884158,0.15669471314761757,1,interior
0.5285642689655438,0.21050145852355498,1,interior
0.7643622595915307,0.2409526404279818,1,interior
0.7190827994198982,0.18846916947920628,1,interior
0.505876179754489,0.2779111311237092,1,interior
0.587707555367815,0.16558776721944937,1,boundary
0.7626676442708175,0.23866387951082896,1,interior
0.755649689160725,0.22403346515945147,1,interior
0.5170029642080508,0.3034867417584132,1,interior
0.7560127306198913,0.31916323352415255,1,interior
0.5142428969785093,0.24375835911614033,1,interior
0.6934844672344187,0.1706977225571202,1,interior
0.7629709101608151,0.24832390463810605,1,interior
0.7665118814044658,0.28292682845523254,1,interior
0.732956857715225,0.19561023798312868,1,interior
0.7312258656221138,0.36018903060600105,1,interior
0.5768188928651916,0.17528856625699155,1,interior
0.5163991347493685,0.32142232328876014,1,interior
0.756474903590021,0.2258775577493653,1,interior
0.5998387126016965,0.15870227738426,1,interior
0.7707923488083229,0.26351013391678973,1,interior
0.7659160073866611,0.2867651358895568,1,interior
0.7618485238526038,0.23715928001481038,1,interior
0.7647923111433249,0.2512209946523925,1,interior
0.691574552492876,0.1678414797713486,1,interior
0.7566225453813337,0.32070442937533794,1,interior
0.5178827311355231,0.3243932890415676,1,interior
0.5715667753099806,0.17898882942428987,1,interior
0.7370961296963141,0.2031893499382001,1,interior
0.7212184406037319,0.3600997038358614,1,interior
0.6446818756283231,0.15479217612524263,1,interior
0.698500920112457,0.1760716218556024,1,interior
0.758630927719166,0.3177868992348345,1,interior
0.7677099696162099,0.2844872741749715,1,interior
0.5610475353056981,0.19202939917430523,1,interior
0.762580711216684,0.23432964948899185,1,interior
0.516814005974007,0.23350149270055257,1,interior
0.5616731274422906,0.19008100558871632,1,interior
0.5424592738341361,0.20571834797080488,1,interior
0.5154396547444008,0.23608414641444628,1,interior
0.759721374611417,0.232877910996551,1,interior
0.5143935332674745,0.23230285637269327,1,interior
0.736915591208874,0.34253033798038096,1,interior
0.7609030087993198,0.3119548824775132,1,interior
0.5751652837545149,0.1762582628900538,1,interior
0.6818130706376715,0.1610866300580571,1,interior
0.5174971448499365,0.3095267363361104,1,interior
0.5834535944702983,0.1661079342033382,1,interior
0.7578450232665622,0.2330952211553734,1,interior
0.6037967119187858,0.16299083670802053,1,interior
0.7290464357636416,0.36149825304560873,1,interior
0.5529958373791112,0.2000365440737101,1,interior
0.5187636902834702,0.21959660849451113,1,interior
0.7709537738069571,0.2618715614255346,1,interior
0.5287431417715605,0.2079076758995515,1,interior
0.6741161643847295,0.15920019024672064,1,interior
0.7362649961790743,0.3465849384863319,1,interior
0.5128753458129508,0.2996039572711118,1,interior
0.5382377559696976,0.20687797833896274,1,interior
0.5183362340534433,0.2167790714051236,1,interior
0.5103989173264495,0.3015303711835476,1,interior
0.7406341701965438,0.33790785305916743,1,interior
0.7275058065319827,0.19264128758194662,1,interior
0.7637718429814614,0.2424573492229845,1,interior
0.5071872827809089,0.25596343045024383,1,interior
0.5225182380659701,0.3286636720445695,1,interior
0.7033214385358807,0.1801072180317792,1,interior
0.764165182894658,0.2534711623009087,1,interior
0.7593869727777411,0.2301105085311711,1,interior
0.5131299961907136,0.22971665659082469,1,interior
0.5085383924509966,0.26478018419898514,1,interior
0.6057424797824829,0.16517416206255583,1,interior
0.5202534228825533,0.3122791626927314,1,interior
0.7613981680355165,0.29580414443878683,1,interior
0.5105810263861825,0.2984938902819625,1,interior
0.5164078854989173,0.3115380154023949,1,interior
0.5595213749506498,0.19710108298482254,1,interior
0.7631238480101205,0.2554972340860995,1,interior
0.5681533518007746,0.17915067432708232,1,interior
0.6287296167939697,0.15126085758066282,1,interior
0.7442648589649518,0.20736251365794162,1,interior
0.733431886696542,0.35554384081437196,1,interior
0.7354514657910813,0.35687807037572106,1,interior
0.6783315170510097,0.16129749415590078,1,interior
0.5419265903827221,0.20338309931986567,1,interior
0.7546956948988499,0.32770780680833533,1,interior
0.7605055319147983,0.23438500038251242,1,interior
0.6042806157267021,0.15429430263724075,1,interior
0.7318284403979312,0.3545347651360437,1,interior
0.7709129013357593,0.28371635302679,1,interior
0.6656946983143905,0.380398912255493,1,interior
0.7336999408953974,0.3605133146642218,1,interior
0.7740440400059762,0.2759136286939003,1,interior
0.6362356896731612,0.15348349272836792,1,interior
0.5795846406193549,0.1723297444724132,1,interior
0.7155092438073745,0.35909076035218995,1,boundary
0.6270658073479589,0.15092806383425952,1,interior
0.7695024852610008,0.28533508954885545,1,interior
0.5070275221760339,0.2534598902174508,1,interior
0.7562696982395488,0.2335601760627764,1,interior
0.7675856174769259,0.26347196748245716,1,interior
0.7582703034779852,0.22792493844057463,1,interior
0.7625656185275526,0.29729923663878066,1,interior
0.65513439130542,0.16455894123545037,1,interior
0.7676787090038275,0.25837467332720543,1,interior
0.5083469228785034,0.3024850364133145,1,interior
0.5084173498523142,0.27887145989696044,1,interior
0.5541231463927923,0.19734533182341762,1,interior
0.5990357077607699,0.15684013398146884,1,interior
0.518522005489356,0.23404037274419148,1,interior
0.7623808217716657,0.29932822111026963,1,interior
0.5729984582019892,0.17644328992876854,1,interior
0.756140350840372,0.32920054367433643,1,interior
0.6648145499911694,0.16662740349061358,1,interior
0.7621960393542467,0.3138772083187054,1,interior
0.7291769652219842,0.36319833478436747,1,interior
0.7602918538898684,0.3148867399552797,1,interior
0.7650576128339417,0.29671101249916026,1,interior
0.5607349001530866,0.1882322076107804,1,interior
0.761403203539462,0.3059188537457909,1,interior
0.5073827032202799,0.2660997382914248,1,interior
0.5193757604612358,0.32683478513967607,1,interior
0.5060707843503519,0.28430144931194845,1,interior
0.6066432020545375,0.1615906827962402,1,interior
0.7723426571301912,0.28566195813524586,1,interior
0.7049700657359087,0.18229775326943748,1,interior
0.5986868367754402,0.15987252809907943,1,boundary
0.7635842802110102,0.23575108631572564,1,interior
0.5211013151434502,0.3350203927809034,1,interior
0.7618369707880371,0.2885491436037693,1,interior
0.7285377336787976,0.18993247647452197,1,interior
0.5844236020314231,0.1684405889794626,1,interior
0.6493593002124511,0.15951550732318806,1,interior
0.7257188829938209,0.191450779285725,1,interior
0.7435378298824556,0.20463218138126194,1,interior
0.7378111830207221,0.349146671253057,1,interior
0.7123939639883503,0.18235813910515478,1,interior
0.6565660827294656,0.1656548767157522,1,interior
0.510633509128812,0.24352921778766393,1,interior
0.5676151628618141,0.1844615309122333,1,interior
0.5264717781549973,0.33469536021935653,1,interior
0.7432703571997061,0.33533143756476436,1,interior
0.6205225293239497,0.1768680813233004,1,interior
0.7382043836802804,0.3447361139846201,1,interior
0.7474298851210949,0.21782973016273816,1,interior
0.6472308139031161,0.16018943925644916,1,interior
0.5202315714432428,0.3308542031527961,1,interior
0.7677842296193986,0.2868189176632144,1,interior
0.6062499222384944,0.1549473017949815,1,interior
0.5051573957658181,0.27391452994738497,1,interior
0.7234892594343131,0.36178454169960717,1,interior
0.5593879396242607,0.1915187827237525,1,interior
0.6101685399308648,0.15509109041147157,1,interior
0.6084951923523814,0.15391183135645198,1,interior
0.5311744185129519,0.3255261873709791,1,interior
0.5143746697308627,0.2399135201881299,1,interior
0.5017454104969825,0.2773024708375305,1,interior
0.6192218835397388,0.1520202560222902,1,interior
0.6345369505848406,0.15365729528971678,1,interior
0.7316252502589482,0.35257340293512746,1,interior
0.7492105024138,0.22702507730000868,1,interior
0.7513971411744916,0.33022076997190236,1,interior
0.5633180323737104,0.18777608605919152,1,interior
0.6897187980545645,0.1674945799233918,1,interior
0.5160883804431257,0.30741724202738885,1,interior
0.7399164103718548,0.33427043752625063,1,interior
0.516740103922299,0.3052912890510683,1,interior
0.6131825109130185,0.1592743901639052,1,interior
0.7537019548400147,0.33084537364248345,1,interior
0.7352191199898641,0.351163652344914,1,interior
0.7648647227713206,0.29050269353211383,1,interior
0.7584150161257854,0.3154881199478546,1,interior
0.5478806582222896,0.20046280472737457,1,interior
0.5347353696747326,0.21365416690733732,1,interior
0.5158988836164288,0.22431392806207812,1,interior
0.7550093269857145,0.30038445058681945,1,interior
0.7330550065328443,0.19291964679725138,1,interior
0.6725870674208667,0.16850485373339444,1,interior
0.7043885472507491,0.1777013469663418,1,interior
0.5558814111108019,0.1932196553524117,1,interior
0.6938180342090373,0.17413271198351432,1,interior
0.7242419643665616,0.18830238665427704,1,interior
0.5196860452278892,0.2178292372696359,1,interior
0.5526577582461129,0.19338114345611823,1,interior
0.514894442727386,0.30359267050280137,1,interior
0.5669242030339724,0.188693651559164,1,interior
0.7499794460925292,0.21740619176097148,1,interior
0.7622026741992258,0.30805372994479197,1,interior
0.5234926471607985,0.3397445286080642,1,interior
0.7449134536297244,0.21349197584360474,1,interior
0.5498892538598821,0.19808142311973517,1,interior
0.7714488292920999,0.28010290677488586,1,interior
0.7624654362062994,0.2946148672413363,1,interior
0.5164240141705196,0.220671664965035,1,interior
0.6407614955008979,0.15185368209281896,1,interior
0.68307435865657,0.1587973863723696,1,interior
0.7154415914231688,0.3607813719380834,1,interior
0.753416916867267,0.22349121738977684,1,interior
0.7722256848688261,0.2628708398405667,1,interior
0.5165000223417597,0.2168720377279679,1,interior
0.7703703695387539,0.2819494654992127,1,interior
0.7596706876998524,0.22637790362491655,1,interior
0.7311007231916992,0.36189732641158406,1,interior
0.5231864351842813,0.3424673411804196,1,interior
0.5161828309301133,0.2550123350829492,1,interior
0.5076724258914279,0.2518250738783903,1,interior
0.7629340235970411,0.30573627443964874,1,interior
0.548201056929872,0.19736390709565121,1,interior
0.5144117212324061,0.319680359465894,1,interior
0.5522613021189435,0.19723908256398062,1,interior
0.5024692971372775,0.27256618818528433,1,interior
0.5251189907699465,0.3461865860018889,1,boundary
0.5036435577169346,0.2763988220109686,1,interior
0.7314798256738196,0.1996066364924065,1,interior
0.6557093998247874,0.1616361470122273,1,interior
0.7547407716521273,0.22190897939496934,1,interior
0.7639565759565924,0.28822141806309765,1,interior
0.7491769206543372,0.22153589463135254,1,interior
0.5302581450245237,0.20896662680344105,1,interior
0.5152276020218156,0.30944874878228384,1,interior
0.5849894028394317,0.16456142428252296,1,boundary
0.7191442921762552,0.18654047430538725,1,interior
0.7719053896411379,0.27441944712051625,1,interior
0.7355605913901214,0.34506699054608025,1,interior
0.5751069381284997,0.17373882270302018,1,interior
0.6911024874838627,0.1663689233702223,1,interior
0.73153348537958,0.19623680187989911,1,interior
0.6014822289671842,0.1561904435323012,1,interior
0.7403223962184994,0.2045345957490713,1,interior
0.7388181076326588,0.34068397986903187,1,interior
0.579479544198842,0.1701925970559823,1,interior
0.6523717713994628,0.16731899932590152,1,interior
0.6085562920253499,0.1514347082134586,1,interior
0.7209724453802173,0.1892400787291277,1,interior
0.7648950151858528,0.2982809187613127,1,interior
0.5114408529771485,0.23007193229199027,1,interior
0.7378599513413943,0.2059584560742563,1,interior
0.5112941669712355,0.30304464589867597,1,interior
0.7594121486660338,0.30813332409725996,1,interior
0.577562054962562,0.17346783144413155,1,interior
0.7646701126292069,0.23720398563792008,1,interior
0.5201302292811019,0.33238875735338386,1,interior
0.5153523066697174,0.3245850351319266,1,interior
0.6808850058235234,0.15872610053202998,1,interior
0.515388175474119,0.3263347312241906,1,interior
0.507937908164938,0.25745301101838514,1,interior
0.7617908508402828,0.2544017538138426,1,interior
0.7633399169111694,0.3105453344004234,1,interior
0.5654597009339679,0.189177661604831,1,interior
0.7372454907818006,0.19991925722627035,1,interior
0.5223384586674594,0.3408414936466542,1,interior
0.5974904374533448,0.15509955001969128,1,boundary
0.7251814385757002,0.3636979073460993,1,interior
0.6045727463182498,0.15589842997766365,1,interior
0.536659597226332,0.20685498856259105,1,interior
0.51494765471323,0.22185008785463922,1,interior
0.7602011358002964,0.29117809938242784,1,interior
0.7743842408324281,0.27275987740541785,1,interior
0.706326788046848,0.1794379468630945,1,interior
0.5134913244308654,0.3078127017197759,1,interior
0.5011962929483937,0.27576541003467797,1,interior
0.7530570733200808,0.22084183057585555,1,interior
0.7290574301599551,0.19232643999554247,1,interior
0.5147713738299585,0.3064144080321415,1,interior
0.7737118548615676,0.27056760030109855,1,interior
0.5132153612531495,0.3183875562388922,1,interior
0.7382944528209587,0.3463575579411134,1,interior
0.7337364177259013,0.19787106142636987,1,interior
0.6939300635936239,0.17246496895410207,1,interior
0.6683215438159049,0.16086203314493694,1,interior
0.7348079515640358,0.19669465344289833,1,interior
0.6624735166226015,0.3803050855564203,1,interior
0.773372733360974,0.26490791446025,1,interior
0.5210015991527944,0.3366656258751331,1,interior
0.7643646783131897,0.29975172028124203,1,interior
0.7293467148535353,0.19625782090187524,1,interior
0.4990553960214911,0.2783163674672395,1,interior
0.5543275971353769,0.192399877532371,1,interior
0.6720513888663078,0.15770355072747946,1,interior
0.7267734767660983,0.18950219242497957,1,interior
0.512738956109391,0.22530453568812203,1,interior
0.5172583449689389,0.3269112450678754,1,interior
0.7304462199180018,0.1908209332712192,1,interior
0.5217328081377846,0.21855381325049794,1,interior
0.5068435149161638,0.2819533918410681,1,interior
0.5081386917905834,0.25953604702237104,1,interior
0.7768816569825863,0.27565365156064026,1,interior
0.7473279176785879,0.21962028816768128,1,interior
0.7646853589539842,0.24482393017052864,1,interior
0.5653763376103875,0.18142001266072663,1,interior
0.7458514953663704,0.2109997340933726,1,interior
0.5406626312293977,0.20478191437329368,1,interior
0.5103043526817108,0.22886839035619708,1,interior
0.7135472149734384,0.359800120634402,1,boundary
0.7657478342104793,0.28843754979236336,1,interior
0.5264739421600629,0.21619100422079646,1,interior
0.5800914209376458,0.16740959258607538,1,interior
0.6649005048373764,0.3818799553883632,1,interior
0.7368879218009666,0.3545293656957946,1,interior
0.5193812160682739,0.31675442330548215,1,interior
0.505090998903331,0.2682585208008007,1,interior
0.7556753237552296,0.22064023016500148,1,interior
0.5787500281760842,0.16514270204919382,1,interior
0.7536194324923875,0.25583324348282893,1,interior
0.7698492403194875,0.25737954389784146,1,interior
0.6580172027679713,0.16614967270895925,1,interior
0.717695545816735,0.18524231487376505,1,interior
0.6538706752686542,0.1598632139199905,1,interior
0.7405034158091901,0.2060796242284415,1,interior
0.6029765553292644,0.15280106201443022,1,interior
0.5167335705288861,0.23183560715318235,1,interior
0.506863207276869,0.2499225433218537,1,interior
0.7630684120361241,0.30404219797477605,1,interior
0.5047643583945279,0.253555130186987,1,interior
0.7310985635602809,0.358331271455836,1,interior
0.7722022097234661,0.2570333580593773,1,interior
0.6698053973366979,0.38126426148606196,1,interior
0.5415800214617643,0.34666725484585426,1,interior
0.5781631169773785,0.17879229085956846,1,interior
0.7670031310287023,0.2531274163562247,1,interior
0.7330250214646274,0.3621567100386595,1,interior
0.6647818459480772,0.16467140959207002,1,interior
0.6956611141329686,0.17329439423587326,1,interior
0.7670694889812703,0.30043167002582666,1,interior
0.7636968331329471,0.30233391125439213,1,interior
0.769521492893798,0.25556329545872136,1,interior
0.7393338788532464,0.3429603360234859,1,interior
0.7671531719916022,0.30586035663424693,1,interior
0.6204305080903753,0.1510204664784519,1,interior
0.5055349214343009,0.251243889728722,1,interior
0.5694427640404705,0.17685755480038012,1,interior
0.5343720876583599,0.2057305083268801,1,interior
0.5810337152234694,0.16528156757035342,1,interior
0.5662839037662655,0.18712417134719664,1,interior
0.579547443853642,0.16352730784867,1,interior
0.5085240730556927,0.2673283729232817,1,interior
0.770259101069587,0.2602807484137799,1,interior
0.5033626708978798,0.2746297452223319,1,interior
0.741939091501285,0.20345882169923502,1,interior
0.5130472673857335,0.31593542304896116,1,interior
0.6678033198259405,0.16628717298464515,1,interior
0.7732477196246219,0.2610273811118031,1,interior
0.6389118011065961,0.16000537649626084,1,interior
0.7531604727517464,0.32687734072738023,1,interior
0.6842128196837808,0.1573153106530709,1,interior
0.7741414905994101,0.28074663030123165,1,interior
0.51314064581282,0.32395753181829856,1,interior
0.5664880303624406,0.19112216319096487,1,interior
0.5389117579181835,0.20407490829597233,1,interior
0.5094078771156135,0.24705770025802212,1,interior
0.7578009623960281,0.2248420270762557,1,interior
0.6454499983208402,0.1566007039926362,1,interior
0.7214300042308229,0.1876618772292251,1,interior
0.5045056334513744,0.2809591255585714,1,interior
0.5128817124100694,0.3257193252445811,1,interior
0.5105613843314719,0.31723725363403765,1,interior
0.5036259635221227,0.25181222151259736,1,interior
0.5660079720589734,0.18562957364366744,1,interior
0.7659957079252482,0.24355103834948078,1,interior
0.7007348791019268,0.17794684310904668,1,interior
0.6338304004462624,0.15219021914609823,1,interior
0.7269007140503748,0.19528329835829225,1,interior
0.6714019669476016,0.15590792733944125,1,interior
0.7343646008833515,0.36311983285074473,1,interior
0.5084702839101946,0.2807206984532395,1,interior
0.7602552026518525,0.2932942466382009,1,interior
0.5746899370585701,0.1794306383661683,1,interior
0.7547742675025967,0.32089154965871836,1,interior
0.5182862112318269,0.32869624797098773,1,interior
0.5722938128521945,0.1745529999207354,1,interior
0.7653846672581495,0.3056681025411909,1,interior
0.5078714231237339,0.28573882254500105,1,interior
0.7487934145117368,0.21484062333289602,1,interior
0.6666842894168675,0.38303043384635893,1,interior
0.7579036423534473,0.33018921127820267,1,interior
0.5030132046024367,0.2492413722076147,1,interior
0.7266813112431869,0.36207731031998014,1,interior
0.7643532310661068,0.27727943637374,1,interior
0.7412389449110767,0.3393168299811183,1,interior
0.7657109789730876,0.3073018059383594,1,interior
0.6746167962472451,0.15723865461000963,1,interior
0.6781788392173661,0.1587263793812512,1,interior
0.7754393379007541,0.2815486459680144,1,interior
0.6356284001494396,0.1518044912429637,1,interior
0.7519264277932326,0.33249319053367316,1,interior
0.7684956211502277,0.2985951751521346,1,interior
0.507281289643958,0.2633645828132748,1,interior
0.5713625924544931,0.17718554096603858,1,interior
0.5703977396382357,0.17551326549602367,1,interior
0.7468997436012689,0.21236710745279036,1,interior
0.5508467615021021,0.19381348274017401,1,interior
0.6670509369915074,0.38513445389661366,1,boundary
0.552693428032648,0.19574166220956168,1,interior
0.7667330480962775,0.23719488143303363,1,interior
0.5133141466972019,0.3030427756500315,1,interior
0.6016855297008624,0.15463528108847607,1,interior
0.7600002779395935,0.3193957756667397,1,interior
0.7453796932907407,0.20953069464192892,1,interior
0.5049145560584621,0.2482760826022688,1,interior
0.6776869878214922,0.15697828647212383,1,interior
0.752195427131732,0.3347982477703678,1,interior
0.6571102494804736,0.16376472618796023,1,interior
0.7722975877458207,0.26883168904283533,1,interior
0.7392027715747168,0.20239055340929032,1,interior
0.5497848625238105,0.20271224400383517,1,interior
0.7742744060332888,0.26255097697905966,1,interior
0.507940141729296,0.24467872732150947,1,interior
0.5831314238303155,0.16408536514546165,1,interior
0.7227576228278755,0.18662531412110195,1,interior
0.6139129649603894,0.1548255403158493,1,interior
0.5419986824209263,0.20134648639961442,1,interior
0.7459664592286124,0.32567906070466635,1,interior
0.5113206174048593,0.23189843552593717,1,interior
0.6429259196837883,0.15917706662769668,1,interior
0.5105333643664678,0.285904249870609,1,interior
0.5141982663937794,0.22414963553669628,1,interior
0.6775643984452309,0.154303312912909,1,interior
0.5101461011853419,0.24523413826020612,1,interior
0.7153977109838721,0.18262124582954214,1,interior
0.6700843445438562,0.15668125803467264,1,interior
0.7152536091016429,0.18445182660235027,1,interior
0.5467894660796375,0.20342616865998656,1,interior
0.520749433330172,0.3408849857664281,1,interior
0.6419574929945311,0.15418635796433025,1,interior
0.5554143543814977,0.19128089404056114,1,interior
0.5148275918625285,0.2340329513917597,1,interior
0.772785360157388,0.25957836025209774,1,interior
0.7335879589961439,0.34865978617263954,1,interior
0.7388290345906299,0.3533160982029492,1,interior
0.5983065801132057,0.15821424394945996,1,boundary
0.5056826403839083,0.2620972381039765,1,interior
0.7379699274715887,0.3512614721995233,1,interior
0.5654858640008372,0.1789200958647606,1,interior
0.5209607481129009,0.3425959175846709,1,interior
0.7552728971785132,0.33088626399549737,1,interior
0.7783807270014721,0.2758946489521898,1,interior
0.7239422602294192,0.3658534306014649,1,interior
0.5365369191777057,0.20481848868244928,1,interior
0.6221483720729042,0.14964716642871026,1,interior
0.5570638664695488,0.19026703282400953,1,interior
0.6482328780278578,0.15590543908402607,1,interior
0.662760732073192,0.38180385758309554,1,interior
0.5089354318742073,0.28701934446477384,1,interior
0.7725112140169434,0.2825748757970082,1,interior
0.5086992079709346,0.23074434892924706,1,interior
0.5550621781637596,0.18842637114667152,1,interior
0.5110999655105352,0.30004606524172717,1,interior
0.7321027960852823,0.36463237840668244,1,interior
0.5214188342086192,0.34505769989208557,1,boundary
0.7371796535604025,0.3620383968251546,1,interior
0.5058388000935278,0.26995904733051,1,interior
0.6552691333626285,0.1667677117674416,1,interior
0.5437793131116373,0.20187696707463418,1,interior
0.7665607437104017,0.245033576324048,1,interior
0.7566569209663724,0.22281668333292767,1,interior
0.7179100321802653,0.3643480987065635,1,interior
0.5045154092881236,0.2500625864719973,1,interior
0.7713522381910177,0.2557522128136593,1,interior
0.5220488959908307,0.33104164696396865,1,interior
0.7584105980374044,0.3268356065450554,1,interior
0.7584967644598694,0.3244156354910442,1,interior
0.5740697256533981,0.17513297849198367,1,interior
0.706599933679766,0.1776996741168392,1,interior
0.7099394209583567,0.17871725773132746,1,interior
0.5507217824725074,0.19644264754008772,1,interior
0.558836415115545,0.18788595022864032,1,interior
0.5121517006393106,0.23325822227488832,1,interior
0.5490073588021294,0.19583906398915954,1,interior
0.7204188192382254,0.1842564250688312,1,interior
0.7546152800219655,0.32604763409369836,1,interior
0.7355174295169276,0.3603029696259933,1,interior
0.6129967192320677,0.15175683886684227,1,interior
0.6662658311966172,0.37896363018968454,1,interior
0.6706131615929818,0.1604739415382571,1,interior
0.5068203960600466,0.28857234867014675,1,interior
0.6578600752941035,0.16039503084631015,1,interior
0.7454104701020284,0.3340673224328396,1,interior
0.7550901726463662,0.2294151136775365,1,interior
0.7027238626155443,0.1778915161350342,1,interior
0.6486346227133045,0.1675028805312023,1,interior
0.7132481734775121,0.18017887320553067,1,interior
0.7624533952292033,0.2930645663895693,1,interior
0.5987489715194366,0.1539005133858778,1,interior
0.6163468556938093,0.15223879523028777,1,interior
0.5033099075139977,0.2834589796147267,1,interior
0.7395330124708709,0.35078521274554386,1,interior
0.7444072397633891,0.33697730540679693,1,interior
0.5615261932278716,0.18588222805618057,1,interior
0.5644451132897195,0.18654358815528885,1,interior
0.734056189960059,0.3580616174240232,1,interior
0.5149695043865155,0.3170510920457293,1,interior
0.6670159363708903,0.16249978681917876,1,interior
0.5052963075915985,0.2722598472368834,1,interior
0.763737809599823,0.3134217409529991,1,interior
0.698118391027079,0.17353356579985027,1,interior
0.5231252272182165,0.3462200852910037,1,boundary
0.7652274041436326,0.25513244617795783,1,interior
0.5195415609439084,0.3340088650027521,1,interior
0.749154168575216,0.21074517471139753,1,interior
0.5086306317467286,0.30049165459842875,1,interior
0.5094711743303392,0.29678685085100787,1,interior
0.5331892366159343,0.20765091887251197,1,interior
0.7060973815152976,0.17614402706015928,1,interior
0.5016843879487503,0.2513198516532915,1,interior
0.7738454199574486,0.28469525658989714,1,interior
0.5686392083494762,0.17479213671266863,1,interior
0.7713383117846682,0.2585268597402394,1,interior
0.5175523087311683,0.23710160939799652,1,interior
0.7478183810870254,0.20834034526082804,1,interior
0.5670984090076853,0.18102114058825278,1,interior
0.5748366730726217,0.17190416964128843,1,interior
0.7694504037825174,0.24446256452320778,1,interior
0.6647841607257621,0.38391114160254824,1,interior
0.7638464953825576,0.23175122123379943,1,interior
0.7271945412285576,0.19105500932884137,1,interior
0.534269806993028,0.20321800963615141,1,interior
0.7349711176435014,0.19484323918574276,1,interior
0.5774484587861017,0.16992665678360994,1,interior
0.7089621991897445,0.17558223804990708,1,interior
0.511403644139056,0.22425921821677916,1,interior
0.5096520523096452,0.30328441184311106,1,interior
0.5134387556329506,0.31040885138600166,1,interior
0.7649368921267499,0.23321927778643614,1,interior
0.7763352190094145,0.27963333779641886,1,interior
0.5776781773643976,0.16636048404141843,1,interior
0.6596911412830709,0.15816859412106965,1,interior
0.5136440300242954,0.23733132312777636,1,interior
0.5135219272955731,0.3052101015086638,1,interior
0.5783050523094875,0.16808957138992495,1,interior
0.7683794112418626,0.2459458133599493,1,interior
0.6701183663401484,0.15469269454960707,1,interior
0.5371554200868343,0.20269048622969582,1,interior
0.637534701756906,0.1517464290737813,1,interior
0.5083996092354839,0.30529875075411833,1,interior
0.6656711627763763,0.3859549447935409,1,interior
0.6690096858971113,0.382779547780602,1,boundary
0.5121065240301182,0.3216697488925069,1,interior
0.6932591952898784,0.16679001488752807,1,interior
0.7616659428487311,0.23249149570122388,1,interior
0.5140261410581434,0.32230623496393457,1,interior
0.5829878527607756,0.17070808500271115,1,interior
0.7385686856899654,0.19886408832881056,1,interior
0.5134221926387601,0.3120206076782064,1,interior
0.5124498308665958,0.3200736329459362,1,interior
0.7231511181700467,0.36361087647447077,1,interior
0.5115514814048499,0.3115808586472368,1,interior
0.7453837994311072,0.20555512212732477,1,interior
0.5398550573446955,0.2013322550852024,1,interior
0.5634635547914553,0.18957453021403073,1,interior
0.7487438327175316,0.21276190111961318,1,interior
0.6582282589864527,0.16221580378268122,1,interior
0.6946121217650687,0.169478855690138,1,interior
0.512272776908987,0.24753927220649657,1,interior
0.7365379922091083,0.20129378624011246,1,interior
0.7402255846763423,0.34839634073177433,1,interior
0.5071349879867667,0.2997292182985791,1,interior
0.515465545418791,0.3286313923073775,1,interior
0.5402338528204894,0.19933783734901858,1,interior
0.7247275653417082,0.18646359333375584,1,interior
0.5069800218749809,0.2913781091594269,1,interior
0.5085352827816336,0.29802925031026145,1,interior
0.5163848890069551,0.3188461090224524,1,interior
0.6603776749186272,0.378478381648193,1,boundary
0.6066686807867355,0.15314228481833758,1,interior
0.5041799307178406,0.255752337074357,1,interior
0.7382505010570876,0.20421041598289866,1,interior
0.7660321275299976,0.23135563091836994,1,interior
0.7666839191869373,0.2983404429032481,1,interior
0.7421040067668266,0.20183050855800094,1,interior
0.5190875682880333,0.3357816676836028,1,interior
0.6905057095498788,0.16358104460350953,1,interior
0.7475483412099792,0.3342556562167016,1,interior
0.7347957950925897,0.3470903443464073,1,interior
0.5128675245430472,0.23573458811879322,1,interior
0.5677138874559271,0.1772902986548359,1,interior
0.5132473124784217,0.22212963625417095,1,interior
0.7379424011096208,0.3588793773354354,1,interior
0.5081941051952721,0.29356601086930667,1,interior
0.6668503689585736,0.16404735256409925,1,interior
0.5128132211307918,0.23144061626266044,1,interior
0.7757110765733837,0.27363300452441464,1,interior
0.7463615534814507,0.2139970245803037,1,interior
0.531575355988912,0.20806746715190022,1,interior
0.6575177646868156,0.1580137796781266,1,interior
0.5086955217892408,0.24324775330528864,1,interior
0.7470710993733349,0.20968493501539479,1,interior
0.7646226465977447,0.3037487335990879,1,interior
0.5090938869432589,0.2952482118973885,1,interior
0.7498808092050213,0.20930847284085824,1,interior
0.7599164252517333,0.316664474167327,1,interior
0.7490528033711229,0.21998499039881872,1,interior
0.7605368788443168,0.23129976701382896,1,interior
0.5176717800236235,0.33040970945902876,1,interior
0.6798986496956421,0.15742057305225599,1,interior
0.576148585890384,0.167641102839395,1,interior
0.5710711158465409,0.17360844811841683,1,interior
0.7704058759751801,0.24717015404452117,1,interior
0.5174224512572303,0.3319662759084322,1,interior
0.5765994742638175,0.17221985084563474,1,interior
0.6921465918138406,0.17376697313149864,1,interior
0.7609834123100724,0.2285923375680274,1,interior
0.777445099518196,0.2777977703262222,1,interior
0.7692277671418488,0.2832041443013875,1,interior
0.5313202397482907,0.2052744375944619,1,interior
0.5147343236995332,0.314954048586463,1,interior
0.7188868291402034,0.18375018624691053,1,interior
0.7675213336512104,0.2509496444152695,1,interior
0.5062139059859564,0.25479736297064953,1,interior
0.7168796859732199,0.1837737431978325,1,interior
0.7623397763691175,0.2299447038836945,1,interior
0.512866503817909,0.2199688413039371,1,interior
0.5123818520890477,0.3063139912709056,1,interior
0.7638967121058882,0.3071505797280112,1,interior
0.5202727977842424,0.21529646776180147,1,interior
0.7660829438039224,0.24990744787988828,1,interior
0.7738506718491086,0.2666148070031083,1,interior
0.5119581211924826,0.23886958939211486,1,interior
0.5101110633868197,0.23891862836238248,1,interior
0.6246803314724447,0.14995437557495375,1,interior
0.7211476364032465,0.1858705310162677,1,interior
0.5751722444598661,0.16595552991744894,1,interior
0.5039206722883233,0.2697474321144666,1,interior
0.5013219249568409,0.2741293974116597,1,interior
0.5770222656900817,0.1648108502949361,1,interior
0.5252026086469359,0.2153012541912705,1,interior
0.746313621760062,0.335578344739795,1,interior
0.5063260962396207,0.2959537836600654,1,interior
0.7378743860301051,0.19491958843358276,1,interior
0.5061949776998559,0.24418403560466467,1,interior
0.6484230375789808,0.15824425716253204,1,interior
0.721208248552824,0.18208167330162228,1,interior
0.7485416009993108,0.33552465808498805,1,interior
0.7641349607137703,0.22882377706843443,1,interior
0.5589772326359993,0.18989206497925545,1,interior
0.5147659617697421,0.2189002464152216,1,interior
0.5054997490638562,0.2827452785249687,1,interior
0.7511655919371258,0.21985230165553227,1,interior
0.549253220198831,0.19294553486722332,1,interior
0.7452271029690078,0.20402778046902148,1,interior
0.5107078762466897,0.3197545894874519,1,interior
0.7016587859253839,0.17662654526691593,1,interior
0.7631857338284002,0.22747896933621312,1,interior
0.5025566757664326,0.2670855976497232,1,interior
0.5230265112349879,0.2171823344346487,1,interior
0.7670118529833791,0.2918555053734258,1,interior
0.582816802466218,0.16798706598721025,1,interior
0.5170070920566449,0.21858709110147834,1,interior
0.507371919821426,0.26137669765210575,1,interior
0.7458642242096638,0.20771464973095455,1,interior
0.7430312061575376,0.3405633356892528,1,interior
0.5730983205559578,0.17146037993863872,1,interior
0.6617618911951959,0.15839470329445823,1,interior
0.6641052496199874,0.38582661067817875,1,interior
0.7635236044424314,0.2959546345232002,1,interior
0.7685858621464583,0.3033098801167335,1,interior
0.7738394048444361,0.2575284081336987,1,interior
0.6586909448448731,0.16406257678585953,1,interior
0.5184258031308476,0.34184677124913243,1,interior
0.5019052727424057,0.25366188834903575,1,interior
0.7745559860804065,0.2683476356240717,1,interior
0.7624468292927234,0.3166151082653623,1,interior
0.49896939156851594,0.27670935211745656,1,interior
0.7189164650258854,0.3626650505939466,1,interior
0.510587813010342,0.3143607157247002,1,interior
0.5998990924201822,0.15176122325921068,1,interior
0.6340198166320188,0.1501683425742266,1,interior
0.7650458239393009,0.2943902235643183,1,interior
0.5652170844562586,0.17610772758068785,1,interior
0.5579825966408295,0.19214577380170925,1,interior
0.7770430588760349,0.26819740628911787,1,interior
0.7572819508602048,0.317068414814981,1,interior
0.503653791772174,0.2966903626261704,1,interior
0.5397341124553563,0.20605168324023584,1,interior
0.6814763276573799,0.15639019951580868,1,interior
0.6959683320750153,0.17160399923700523,1,interior
0.5175375170048028,0.33894494178348233,1,interior
0.49958740436495236,0.27210131076528177,1,interior
0.5136931514121417,0.21651498742963846,1,interior
0.7715240920966778,0.24915730124722246,1,interior
0.511210494148399,0.32397032802217174,1,interior
0.6752888296290165,0.15342257988579344,1,interior
0.7533672247085416,0.333246251183092,1,interior
0.6234112561009014,0.1483838871292247,1,interior
0.7723376983488904,0.24627246562477795,1,interior
0.6074966327492387,0.149784520776826,1,interior
0.5056009483389998,0.2572005417714095,1,interior
0.6761639567981159,0.1590482185849462,1,interior
0.5381282856507384,0.20079893882114366,1,interior
0.7170333873434872,0.36081172075634405,1,interior
0.5020011603476019,0.26853112273368224,1,interior
0.49993640622354335,0.2797286066784375,1,interior
0.7663692009312053,0.24009388926571307,1,interior
0.7698772917632578,0.2533211110466653,1,interior
0.5784033171624186,0.1755485270459455,1,interior
0.6761789735813717,0.15653932137929452,1,interior
0.5226748129880376,0.2155279526270792,1,interior
0.761993833944872,0.3095577476153232,1,interior
0.7256858558757776,0.36600560293298456,1,interior
0.5468976165588995,0.19924440299538745,1,interior
0.7317028166032635,0.1920471802045275,1,interior
0.5419406263035292,0.19939111623488537,1,interior
0.6621012657968464,0.1649905826490761,1,interior
0.5648676401300683,0.18415958005750735,1,interior
0.7668955321764701,0.2896913179217823,1,interior
0.7756082218063586,0.28600221981851276,1,interior
0.7684235089697259,0.25448161968417543,1,interior
0.5046162681561215,0.2662620687866784,1,interior
0.7409847503790217,0.35123914736249123,1,interior
0.6561532898802086,0.16004040429351338,1,interior
0.5398814982722687,0.20285491046489287,1,interior
0.7680537595215363,0.24326447199773135,1,interior
0.7668871185616312,0.2955902607064167,1,interior
0.5990984208922211,0.14990614118211007,1,interior
0.7644536545361816,0.2391469843312585,1,interior
0.5197862035128935,0.22177533088655252,1,interior
0.7702440005684418,0.2867329516516432,1,interior
0.7583915293134229,0.32068526452386376,1,interior
0.6994991004220278,0.1744699894646639,1,interior
0.508134662032864,0.3133327347355256,1,interior
0.5061150174653802,0.28622899368715077,1,interior
0.7582790936702833,0.22306738579864857,1,interior
0.6624257386573861,0.38383131932447917,1,interior
0.6203557886663676,0.15357511605148003,1,interior
0.7442800721887294,0.20152048514633664,1,interior
0.5736991802416637,0.1673254453089202,1,interior
0.5271896100550304,0.20809305019342464,1,interior
0.5227464238001731,0.34400897375365824,1,interior
0.5784197089842166,0.18080397519080396,1,interior
0.7671745930096254,0.30796218877207493,1,interior
0.7266404624769985,0.36443528494748745,1,interior
0.7744127840906448,0.27922925479365357,1,interior
0.5346883270945585,0.20986933757325676,1,interior
0.5192316048747686,0.3378407214342895,1,interior
0.7645733705858063,0.2303644199775384,1,interior
0.7693899902289425,0.2485852801677869,1,interior
0.7749691832037378,0.28345546788836884,1,interior
0.6055538911166087,0.1507446904089632,1,interior
0.5197284028044108,0.34383595278737206,1,boundary
0.722487624402652,0.18452374063174415,1,interior
0.6104660223984181,0.15149172541831707,1,interior
0.6177108364800704,0.15141604081874957,1,interior
0.7125908426255655,0.177573934465009,1,interior
0.7223679556084417,0.36646848294138407,1,interior
0.6070274909102172,0.15137430875091143,1,interior
0.7654923436346066,0.3102642314061118,1,interior
0.6608308255344174,0.38129806023557344,1,boundary
0.7371914190994435,0.19820596336971702,1,interior
0.5265533459743614,0.20588335936407723,1,interior
0.6602424671558292,0.3834345868209413,1,boundary
0.6218786325512096,0.1525628380764174,1,interior
0.5623829271928975,0.17503472272793075,1,interior
0.7368887859142838,0.19294507469218236,1,interior
0.6660627168099941,0.1612602584505564,1,interior
0.7364134966959534,0.1964871434007752,1,interior
0.5062576532231202,0.25961658872681537,1,interior
0.5041722039715946,0.2595698844400122,1,interior
0.570177772873849,0.17820422830807076,1,interior
0.7294232314812912,0.36591933299313384,1,interior
0.7415185918850328,0.3416214517710551,1,interior
0.7661797817055188,0.24174831966697607,1,interior
0.7193227037018818,0.3649834096622121,1,interior
0.5143509268350861,0.22039697141589923,1,interior
0.663434591225963,0.1577313576321509,1,interior
0.7676056290368335,0.2741827475620326,1,interior
0.5104131347438638,0.3052762355160336,1,interior
0.6706138821784,0.15873315416668915,1,interior
0.7184545044285202,0.36700017062308926,1,interior
0.7688161390966723,0.3016400035212659,1,interior
0.7010509740084498,0.17452848617608355,1,interior
0.5493943528149174,0.19967448168381005,1,interior
0.7335453669139672,0.36559764696481967,1,interior
0.769203010623191,0.2966821149916844,1,interior
0.5386354415138641,0.19829016112857487,1,interior
0.76168839866704,0.22527568793734937,1,interior
0.5013450548153159,0.24877386582022057,1,interior
0.5092429553745437,0.3184883305777787,1,interior
0.6080052072269949,0.14823509473121818,1,interior
0.7784455617393293,0.2739060414523146,1,interior
0.5020940919203699,0.2808653539052575,1,interior
0.5029530461601023,0.26436105365939755,1,interior
0.7751104371066317,0.2591982613261196,1,interior
0.5249615838809317,0.3403908135375867,1,interior
0.5166569891917149,0.335207505887946,1,interior
0.5143143264126496,0.247210701251407,1,interior
0.6178136334965129,0.14974130821097073,1,interior
0.7279632255432177,0.18808630396311046,1,interior
0.5063384143665267,0.3032799096309376,1,interior
0.7692510483162436,0.2999966810568345,1,interior
0.5196691458900344,0.3395559290132295,1,interior
0.5108947124977465,0.3093508950882751,1,interior
0.770494052867608,0.2946620797915359,1,interior
0.7570900330749315,0.322237538627812,1,interior
0.5107038536016074,0.3256591639222139,1,interior
0.6165333367109883,0.1488176420598484,1,interior
0.7463773776831073,0.2028045214398725,1,interior
0.5091943506720856,0.22534382183323615,1,interior
0.6716648062264355,0.15305792806876442,1,interior
0.7703729977641468,0.30308120904742264,1,interior
0.6015975210798022,0.149637891211916,1,interior
0.7768724875916878,0.2717560464244928,1,interior
0.6950092973143588,0.1662008670133379,1,interior
0.5017066135068208,0.283693855068795,1,interior
0.5204847913439259,0.21303163897846886,1,interior
0.5594636201426547,0.18636192547771996,1,interior
0.7339956105485966,0.191615662062176,1,interior
0.5326711399909656,0.2032448052876805,1,interior
0.5756479195162821,0.1694381408319815,1,interior
0.5215679578419947,0.2165713303554479,1,interior
0.7361414726933578,0.3651288891895623,1,interior
0.7325423950743332,0.36739415625788746,1,interior
0.517952086458981,0.33409233251932474,1,interior
0.7036474199492415,0.17557821964753484,1,interior
0.7108541278590683,0.17682969280626484,1,interior
0.5101646917524445,0.24147384168130387,1,interior
0.7582128795536934,0.32864747876614253,1,interior
0.7731758346377902,0.2551966183799347,1,interior
0.7407398256958594,0.34627845503254967,1,interior
0.7210204972617621,0.36553898728140505,1,interior
0.5161463680461215,0.2145136491195272,1,interior
0.7717179883465835,0.2542559198800351,1,interior
0.5044837734384163,0.2635049697228057,1,interior
0.6920353061666524,0.16451313826439085,1,interior
0.5141201224948602,0.3276392278847331,1,interior
0.661726764421708,0.15682429528303868,1,interior
0.7425168668925787,0.3488730744664362,1,interior
0.5616683143846875,0.17354492457386425,1,interior
0.597459768230384,0.1515944975952764,1,interior
0.7379736958904779,0.19677677661717913,1,interior
0.7251878177286981,0.18990348313769684,1,interior
0.63007696957551,0.15257342224073728,1,interior
0.625894580658058,0.1554826211272327,1,interior
0.5737137472017174,0.16895387737617462,1,interior
0.7711940408600976,0.24452269126700424,1,interior
0.7646515616261144,0.30875796381049225,1,interior
0.7721448961482202,0.2874040386041484,1,interior
0.7686912392243084,0.2900926469900287,1,interior
0.5178449507910626,0.21360096298013012,1,interior
0.6415238205477427,0.1582326473581449,1,interior
0.5024787456091858,0.2626605651739854,1,interior
0.5221512388451119,0.21260301491313804,1,interior
0.7711587973238481,0.3013187379787067,1,interior
0.6047007475354994,0.152672771367631,1,interior
0.7691014373687707,0.251687863544763,1,interior
0.5028609048853698,0.2577794104500606,1,interior
0.5175144680361651,0.3370094567552957,1,interior
0.736642800735489,0.35015002189560845,1,interior
0.5035346941230769,0.2472144158118086,1,interior
0.6052156762377919,0.14883256417488994,1,interior
0.5391006939289229,0.20812932677770812,1,interior
0.5077205031126674,0.2419651338313161,1,interior
0.5068819866623943,0.3052414206748008,1,interior
0.7688898490984507,0.3066240326522115,1,interior
0.7275426268761364,0.18587458109848043,1,interior
0.740943599010428,0.35331612336886703,1,interior
0.600602132470511,0.14758896685945228,1,interior
0.6497125301142879,0.15642756210686676,1,interior
0.7140696499234748,0.36167091509725674,1,boundary
0.7688443441001395,0.2945808235376122,1,interior
0.5025974612913438,0.2708587557566724,1,interior
0.7709305104673518,0.2510340692070588,1,interior
0.5630447250570436,0.180358224581328,1,interior
0.5081602655479254,0.24019977698024472,1,interior
0.7387109928421618,0.3557024826984666,1,interior
0.5013334300408805,0.25920259916065375,1,interior
0.5296493088876865,0.2060333541451344,1,interior
0.668802381346609,0.16258812534508982,1,interior
0.7444014106378625,0.33986938298036923,1,interior
0.5590856707793702,0.1843444391397292,1,interior
0.7037095166482984,0.17321304354208644,1,interior
0.5703562006583311,0.1720224177422549,1,interior
0.5099570751537086,0.23357536832607292,1,interior
0.5154726903011234,0.2118215082022254,1,interior
0.7385328241466038,0.19285010912780814,1,interior
0.7728803862176604,0.2525821030153553,1,interior
0.5075656441392296,0.24670906322684985,1,interior
0.5009470032500639,0.27017710188734084,1,interior
0.7721157892295982,0.2957085717033059,1,interior
0.708306767574382,0.17362898456958303,1,interior
0.7405166058673456,0.3441449611723764,1,interior
0.7680339456427244,0.24043934899986177,1,interior
0.7472320929060795,0.20447841685734508,1,interior
0.7394470170240888,0.19536005807193835,1,interior
0.505960774174626,0.29852009620961933,1,interior
0.7120271667454533,0.17567072269395048,1,interior
0.736538512644024,0.3524251035851683,1,interior
0.5239050189247452,0.2125740613800161,1,interior
0.705472939848779,0.17333488566613192,1,interior
0.7609526940082442,0.324714163086056,1,interior
0.5176109271454359,0.31281564112774674,1,interior
0.6235864738188224,0.15243650247674387,1,interior
0.5064200976714803,0.26474459902628233,1,interior
0.4983368020489463,0.28111306040692396,1,interior
0.7420520155970733,0.3442834787057835,1,interior
0.7195151451313084,0.18055927938992372,1,interior
0.7636076671241837,0.22564661106179298,1,interior
0.5755865919628541,0.16405555306130157,1,interior
0.5183046852686316,0.2151807496648428,1,interior
0.7737689167717482,0.24888536027599284,1,interior
0.717183072401221,0.36265266192167633,1,interior
0.6162028488274512,0.15059905296985937,1,interior
0.7680045421570351,0.2568845571464882,1,interior
0.660842052595155,0.15545982138890432,1,interior
0.6935265484178587,0.16518506639212274,1,interior
0.5088785308462749,0.32182461874560203,1,interior
0.5333265561698541,0.2009737505131456,1,interior
0.7415702549649753,0.354799733561893,1,interior
0.6627848487479758,0.38745451903277356,1,interior
0.5104247187104671,0.23551265229203427,1,interior
0.75756036244595,0.3321080748956199,1,interior
0.6796493762231692,0.1597750071637612,1,interior
0.6630115841695409,0.16326582605714118,1,interior
0.7398472960406908,0.19690416394370477,1,interior
0.7308889881671886,0.3668050663943097,1,interior
0.560710951938373,0.175448379596474,1,interior
0.5145989699026857,0.21484671669494224,1,interior
0.7753034147275313,0.2646392114067412,1,interior
0.5243425971762473,0.21059877826206266,1,interior
0.7666289233866042,0.2346985176635239,1,interior
0.5056074857695401,0.24174394554656586,1,interior
0.5045736318502719,0.30555825879311704,1,interior
0.5527889156596734,0.18985944099833627,1,interior
0.5214999679991497,0.21419046738584524,1,interior
0.7668417862214775,0.29405406887582913,1,interior
0.5124649826558935,0.31407794839681313,1,interior
0.6180638644632113,0.1470658520084221,1,interior
0.6590976593415473,0.15431785592677316,1,interior
0.5816338805903307,0.16290889650473586,1,interior
0.7231749655319187,0.18167033517721015,1,interior
0.7411758231810631,0.3496452538862771,1,interior
0.5105157098634472,0.32219691312991866,1,interior
0.7481227136168848,0.20667842229302763,1,interior
0.6244899680873078,0.1457187355951253,1,interior
0.5227016239421125,0.21107120341649724,1,interior
0.7012588940078079,0.1715895827560557,1,interior
0.6800441885585462,0.15516512787589884,1,interior
0.7026106311316257,0.17432819449994988,1,interior
0.7763276212830472,0.2614688478015811,1,interior
0.6091850197511216,0.1495479875336049,1,interior
0.556973224041374,0.18547859396743963,1,interior
0.7144927421585405,0.17425086447550192,1,interior
0.7441237456957672,0.3493605883045458,1,interior
0.7138512333477384,0.17877900463290913,1,interior
0.6387709021564847,0.15558602632781873,1,interior
0.5715989015954198,0.17057230047918306,1,interior
0.676917311110194,0.15155151459206848,1,interior
0.5038788683205753,0.26152069805606587,1,interior
0.556847620758404,0.18700929513871353,1,interior
0.5351319430102314,0.20172354923335875,1,interior
0.5359877116464388,0.1993302403578913,1,interior
0.5602519044619928,0.18317345095896137,1,interior
0.5074892901006423,0.22690602558089662,1,interior
0.7152195437471384,0.36567884633518344,1,boundary
0.7533155837302663,0.219313631948175,1,interior
0.7081058911274917,0.17730415956704262,1,interior
0.718290317843612,0.1821789779009,1,interior
0.6967352731790651,0.17560897464263206,1,interior
0.4999904976754538,0.28424786319152257,1,interior
0.6678172573886594,0.15883586886450396,1,interior
0.7574566310879252,0.21840336448190592,1,interior
0.5072035315393398,0.3070212867655474,1,interior
0.7509453093398872,0.2067944162478718,1,interior
0.5158863465768557,0.3318674075558204,1,interior
0.7610731814545699,0.3221029677656403,1,interior
0.7665870889127032,0.22561129852449568,1,interior
0.5441636726710541,0.1997883948283422,1,interior
0.7481021114978463,0.20209068124519386,1,interior
0.7596673407985159,0.32910463148575875,1,interior
0.7715167132573801,0.29978247142476727,1,interior
0.7687930121844722,0.3082215042327098,1,interior
0.6197384703353863,0.14928242270121836,1,interior
0.6108662279747266,0.15359225895354048,1,interior
0.7118898676912139,0.17364189603715413,1,interior
0.7399888791644976,0.1938187654556602,1,interior
0.6943506859871339,0.1627396193622063,1,interior
0.742522100369102,0.3512682291218995,1,interior
0.5450577659408278,0.2028849189428903,1,interior
0.7692038679352075,0.24225291141256933,1,interior
0.5710058344164998,0.16822661825244326,1,interior
0.60295135711175,0.14773659558031663,1,interior
0.7519542065459963,0.2167539385718502,1,interior
0.5158631562466252,0.31325055805280566,1,interior
0.7344401880605467,0.3695971645890295,1,interior
0.721550473286561,0.17865150684441386,1,interior
0.6985646482444859,0.1706301244132312,1,interior
0.5152255150588068,0.3335921629116812,1,interior
0.7599059918232778,0.3271778682074896,1,interior
0.7779409781112622,0.2801327342940832,1,interior
0.5022280398792265,0.2959849448425864,1,interior
0.5624385792919135,0.1778182574102253,1,interior
0.601015071151486,0.14608020740714925,1,interior
0.5079154189102616,0.31549142908935385,1,interior
0.49970493359902474,0.28194718015280856,1,interior
0.7738785533896371,0.28695445589631113,1,interior
0.775992314975492,0.26619684690152595,1,interior
0.7451959806509285,0.33845757054438036,1,interior
0.6678660802584864,0.15608095362866473,1,interior
0.5429646783540143,0.19706490313329922,1,interior
0.5201172001624469,0.21148412600959945,1,interior
0.7707017698235797,0.29836349100882925,1,interior
0.7710160650473605,0.24283580165410826,1,interior
0.5032120938391506,0.279596465763902,1,interior
0.730929569812449,0.18859534898496402,1,interior
0.6048270640421246,0.1461270213482191,1,interior
0.7796081286733856,0.27973297993568863,1,interior
0.6953088555260687,0.17489157432669808,1,interior
0.7393303152281886,0.21002854713896185,1,interior
0.5072910177793304,0.31943486497161927,1,interior
0.6038281507259471,0.1500012670133927,1,interior
0.4998793660800174,0.26896620832310575,1,interior
0.6661721707599463,0.15955231983812096,1,interior
0.6057018079303796,0.14476329991914058,1,interior
0.6623761478172526,0.38554732632696526,1,interior
0.7245366239611339,0.3678069521589317,1,interior
0.5708733165420065,0.1663593324231955,1,interior
0.7685959303329275,0.3103915735367327,1,interior
0.6904735574455844,0.16129012300618212,1,interior
0.5008719987970447,0.2627428895533222,1,interior
0.7295962145521621,0.3681454724844373,1,interior
0.5056573536549053,0.24563117908468077,1,interior
0.7062559913631563,0.1710852841111733,1,interior
0.7569701871045303,0.32765436290552064,1,interior
0.5816959269768515,0.1669143840017368,1,interior
0.510829068643525,0.2270353321336397,1,interior
0.5096259719297924,0.32357056046666616,1,interior
0.5629636113215959,0.18324042449758832,1,interior
0.507713764511797,0.28994068254901756,1,interior
0.5732567922533252,0.16523154624667388,1,interior
0.5093630089895698,0.23724928403840176,1,interior
0.6857407235394966,0.1585252121127892,1,interior
0.5046077867781146,0.28587733902495976,1,interior
0.774227785902943,0.25033765325685103,1,interior
0.5098771637698782,0.31298473837649937,1,interior
0.7000319472750841,0.17298266576521018,1,interior
0.774631648972431,0.2560020371514128,1,interior
0.7593379550539944,0.32300642445420624,1,interior
0.7328681292012649,0.36890250425186544,1,interior
0.7239772430858408,0.18499535777001216,1,interior
0.5640870094057642,0.17769646839458964,1,interior
0.6131381142602219,0.14893248059842454,1,interior
0.7396296416008385,0.33934243730776514,1,interior
0.6641269046093193,0.1620782161996392,1,interior
0.5566547780340454,0.18867529675518568,1,interior
0.6353648845203451,0.14936808587197345,1,interior
0.5066941825312322,0.2675332280458733,1,interior
0.7327959225246199,0.1894048384111548,1,interior
0.5092500197820953,0.30968945300417744,1,interior
0.6473342797627732,0.1545385529678354,1,interior
0.7702787385146602,0.3093697234116086,1,interior
0.541258102886672,0.19692407826879085,1,interior
0.6525847662393427,0.15858203360474885,1,interior
0.6732868033156636,0.1553794493662079,1,interior
0.5007473758447754,0.2674426679603788,1,interior
0.5611680026040441,0.1814285670545987,1,interior
0.6162695791473872,0.14720763002147014,1,interior
0.4973719667227073,0.2790749547227439,1,interior
0.5226940422472524,0.20918563976296714,1,interior
0.5115253826153341,0.22114837200391693,1,interior
0.6213884946793998,0.14722893498144954,1,interior
0.7759247074197368,0.2631405940567377,1,interior
0.7565807830254824,0.3237698226596858,1,interior
0.7727461006173642,0.289497771721053,1,interior
0.6817583080822559,0.15429306101326284,1,interior
0.7443624445611244,0.3423999734106506,1,interior
0.5327975701500638,0.20585692027972718,1,interior
0.6124487585689287,0.15349679350220255,1,interior
0.7350387625969872,0.19015978715192802,1,interior
0.49828974335767684,0.28402258472770875,1,interior
0.7820661078356062,0.2794335844786012,1,interior
0.5004159124228131,0.25606694033214866,1,interior
0.7026358199394963,0.1702808003953596,1,interior
0.6140929843810807,0.15058053336846167,1,interior
0.5999285769393649,0.15490119304044792,1,interior
0.7699736497375227,0.2886697022709334,1,interior
0.5112880464627397,0.2186331733927547,1,interior
0.7150054407862361,0.17757733549306315,1,interior
0.5129291090618145,0.21788244827888176,1,interior
0.5060729652649775,0.29355821317582975,1,interior
0.5000735019648782,0.2498163439878718,1,interior
0.7433921601566675,0.35326097429033343,1,interior
0.7842238372772539,0.2795203398665061,1,interior
0.503435540374495,0.2442976047355236,1,interior
0.577357990531334,0.16225326638463364,1,interior
0.5081073210274895,0.3243359743422315,1,interior
0.7761672618732124,0.25004445325057223,1,interior
0.7626964088882701,0.3122741900273307,1,interior
0.7060911393589095,0.1681810336206177,1,interior
0.7245606784362709,0.1827188976043104,1,interior
0.6600311470537821,0.160100592998121,1,interior
0.501086010238176,0.26563058803454154,1,interior
0.7733641354555196,0.3017656132385565,1,interior
0.7465264078602527,0.33755368040079403,1,interior
0.5280888071801983,0.20500076451657304,1,interior
0.7720626829196967,0.29768314602379214,1,interior
0.7712314771173522,0.25256950272772277,1,interior
0.663006609449723,0.153635585727597,1,interior
0.7746740673066436,0.29680635148989615,1,interior
0.7613007923603077,0.3182788201552953,1,interior
0.4963502857832245,0.27603468937697245,1,interior
0.6550940580857708,0.15893335402244707,1,interior
0.7235158999927657,0.36988543628216347,1,interior
0.5064819139595778,0.2393481983562002,1,interior
0.7102739013855415,0.17348129852113228,1,interior
0.51112307600067,0.23725461408349824,1,interior
0.5132876293610124,0.32944965636683016,1,interior
0.7697083693996658,0.2916548419221834,1,interior
0.7559754985181739,0.2315514747363967,1,interior
0.5592502635176635,0.18097536879625947,1,interior
0.53070438366173,0.20387029126976716,1,interior
0.7684940062802249,0.23697448545807476,1,interior
0.5699662528510495,0.1695146174020655,1,interior
0.7722394735653549,0.26711993664291334,1,interior
0.6955159268958698,0.16812289810191877,1,interior
0.5051247412609464,0.2886970070152012,1,interior
0.7556325254213871,0.3331549045450091,1,interior
0.6032493930928486,0.14554757808920457,1,interior
0.7069765188359594,0.17243441510275176,1,interior
0.508010543631092,0.22852237744609305,1,interior
0.6061221271114726,0.14716477821145202,1,interior
0.7592408999935293,0.33109527096918245,1,interior
0.6170785406397793,0.14516925601719044,1,interior
0.6834251135351953,0.1619206170896122,1,interior
0.5212236685879382,0.209742869002577,1,interior
0.7272751842866421,0.36701219322106177,1,interior
0.7735526880290573,0.3000510829934354,1,interior
0.7679725456826924,0.2885484381677405,1,interior
0.7597633617571473,0.2238712490551493,1,interior
0.714569998109557,0.17587331324492791,1,interior
0.7652154023989968,0.23541419351018725,1,interior
0.7741478716015765,0.24665814555261859,1,interior
0.5256460198550109,0.20327580040497534,1,interior
0.5077250580319105,0.2966102443066767,1,interior
0.5687485920710789,0.16765285668315807,1,interior
0.5003605703096778,0.2535056962808933,1,interior
0.7763600099201673,0.2560099752868188,1,interior
0.7423039080685723,0.35698301306532476,1,interior
0.7816358364853913,0.27788840639147566,1,interior
0.5676853416028772,0.1710159362914739,1,interior
0.7160881803302298,0.17929841581704367,1,interior
0.7419176684800486,0.19658162972086027,1,interior
0.7442903607180799,0.3442227483826714,1,interior
0.7674809753148788,0.23892689582802,1,interior
0.5114308059667779,0.24036036202039218,1,interior
0.6647201971793434,0.15328283083036537,1,interior
0.5286005984888703,0.20349382903997365,1,interior
0.7766601807759987,0.28485157173848086,1,interior
0.6685474900083528,0.38453626023464765,1,boundary
0.770456821142661,0.29307535870593276,1,interior
0.7363965370133294,0.35835088890359185,1,interior
0.517439833343075,0.21178003333829074,1,interior
0.7323054465695964,0.18609486808655534,1,interior
0.7628996952740179,0.3236832594631892,1,interior
0.5128646733559892,0.33197644556354317,1,interior
0.5677286977758746,0.16901811341173412,1,interior
0.7751325167312866,0.25334030955731485,1,interior
0.7037296604081198,0.16835538148170376,1,interior
0.5635887018483253,0.1734126570057769,1,interior
0.6012507878317943,0.15271647708818525,1,interior
0.7464093034432558,0.34127483939308256,1,interior
0.6778965149999224,0.1527982306711148,1,interior
0.5596098677476313,0.17937411968688255,1,interior
0.7451942325715017,0.3555662088639322,1,interior
0.779750888084255,0.27523072941978305,1,interior
0.6599501561031591,0.15264164221179433,1,interior
0.7582754263582924,0.22009350749514303,1,interior
0.6681429524809922,0.1528882671429139,1,interior
0.7722761653438999,0.29358377079080866,1,interior
0.5738362600128256,0.16335453136433492,1,interior
0.5027365849034112,0.24568272898047888,1,interior
0.6024219852919309,0.15136575857439985,1,interior
0.7303233018231496,0.1860085860623158,1,interior
0.7261507055792479,0.18425858496583908,1,interior
0.653577403711482,0.16390371719765387,1,interior
0.49980826151593033,0.25201173026916956,1,interior
0.7776873838374541,0.25216674899741465,1,interior
0.6965395134417383,0.1620051940163014,1,interior
0.5140025007783607,0.21296880361322623,1,interior
0.7308073980153547,0.3636583400158087,1,interior
0.5086143121282062,0.22353963288455525,1,interior
0.7084394806771801,0.1684230062474089,1,interior
0.5053133470829242,0.2916645368479897,1,interior
0.5150515728021722,0.3379509864328094,1,interior
0.5237832233751314,0.21424116466677187,1,interior
0.6138558779890083,0.14741426666347213,1,interior
0.5127515270005082,0.214831816507542,1,interior
0.6466451443342545,0.15788360621243544,1,interior
0.7496512786871348,0.20594927913747516,1,interior
0.7763454527097183,0.24814578835244977,1,interior
0.7767687469050416,0.2535806597293522,1,interior
0.5143509702909906,0.3134757365040684,1,interior
0.7281538982626885,0.37077885842625335,1,interior
0.5583328965285803,0.18250232909488187,1,interior
0.7835706994470044,0.28243486271957907,1,interior
0.7329885118097248,0.37062934391994506,1,interior
0.723579143791119,0.17866793416324825,1,interior
0.6971413201743251,0.1697117076985604,1,interior
0.7144828731324202,0.36426875516925966,1,boundary
0.7624844403038997,0.328123546458487,1,interior
0.5193356018873136,0.20841728961457132,1,interior
0.5112292762579619,0.21591283160038752,1,interior
0.531731389621579,0.19958174350971428,1,interior
0.7591802898750937,0.22167805716538427,1,interior
0.7219412433141715,0.36816129544898835,1,interior
0.735292200914338,0.19291997652424556,1,interior
0.7390092735785126,0.20060096920783757,1,interior
0.6385802565639959,0.15014083184688296,1,interior
0.7704374004187284,0.2410169890473395,1,interior
0.7730485208189123,0.2415537489065977,1,interior
0.5147274034891584,0.33559122259599683,1,interior
0.5196360397429072,0.2100304311184776,1,interior
0.7505348941320342,0.2046060439739212,1,interior
0.7741804308592272,0.2914918697566571,1,interior
0.7309670959150343,0.3690924600851976,1,interior
0.7004005394666979,0.16928345921450993,1,interior
0.5052187712834362,0.2948943348949105,1,interior
0.6489795403183592,0.15315692699736405,1,interior
0.5109427960019505,0.22262489507963865,1,interior
0.5091171567746197,0.22736597193075858,1,interior
0.562236988078432,0.17112528706758506,1,interior
0.7863631899322286,0.2779165145077763,1,interior
0.6871407446710855,0.16233948947734503,1,interior
0.7052564049447867,0.16565292510527643,1,interior
0.575286903273361,0.16236984134061486,1,interior
0.6868868937022968,0.15648668243596087,1,interior
0.5553250979112521,0.1858190797415783,1,interior
0.770975859014831,0.29056160694288835,1,interior
0.7716265701614615,0.23995020887138996,1,interior
0.7707422493295075,0.3063056330353495,1,interior
0.6109468724964824,0.1498708607786209,1,interior
0.6510909017146462,0.15753919477991024,1,interior
0.6847637227416467,0.15487048600802159,1,interior
0.504534370193638,0.30123565289873155,1,interior
0.5985708382529275,0.14657909085535828,1,interior
0.7042500247592205,0.17071155369227983,1,interior
0.5462677736990059,0.19748767104846468,1,interior
0.7752719071460821,0.25177394512752727,1,interior
0.6623044056440872,0.1618926442986212,1,interior
0.5129941530457458,0.2405982609028585,1,interior
0.7450176300406888,0.3574870637729546,1,interior
0.5055819095658566,0.22681523060599382,1,interior
0.5639016672606563,0.1820254113926044,1,interior
0.5679680525957532,0.16499771135471272,1,interior
0.5062395817651341,0.301361322793951,1,interior
0.5046503769414674,0.29020098348541506,1,interior
0.5440159815488241,0.19819044845076841,1,interior
0.5116834566367486,0.3284136094660452,1,interior
0.497055529635918,0.2822317445793455,1,interior
0.569841963452205,0.16516258250431448,1,interior
0.6192340585944689,0.145679631534695,1,interior
0.5661694684375322,0.16852792884543613,1,interior
0.6783066149988388,0.14972501269646893,1,interior
0.7457651328970674,0.20101597032775315,1,interior
0.5520560419171716,0.19190564305445643,1,interior
0.7639013069739972,0.31543276735301584,1,interior
0.7741904521297233,0.24399552965684734,1,interior
0.7657946911248282,0.29283430056190274,1,interior
0.7721985160366249,0.29150330476629316,1,interior
0.569488116410628,0.17335185321313334,1,interior
0.7858661347003966,0.28035912995342954,1,interior
0.7342065074609511,0.36776801686340066,1,interior
0.7232804591098739,0.17701044553594267,1,interior
0.508104586654069,0.23274173369207177,1,interior
0.7609235024039815,0.33004187684854736,1,interior
0.5109480333013771,0.30714509938640056,1,interior
0.7711724480049557,0.3045112830245646,1,interior
0.7721561002087161,0.3032356147969472,1,interior
0.776694713393259,0.25883748891250774,1,interior
0.5284779419895154,0.20074249124642454,1,interior
0.6090253284533346,0.1468122830212436,1,interior
0.7506507207856992,0.3370229999877945,1,interior
0.5042672471786723,0.30775643153081084,1,interior
0.5057504812241133,0.31340300626056056,1,interior
0.5159254291758814,0.33944235646665855,1,interior
0.7763463831989049,0.269863645742218,1,interior
0.7843815349429141,0.27745500876626655,1,interior
0.6799728019178776,0.15357408203887907,1,interior
0.5093794354402196,0.22222375634362776,1,interior
0.7749990163835511,0.29857035775408747,1,interior
0.7626696448036173,0.22407407471840557,1,interior
0.7507727885563544,0.33539992558015636,1,interior
0.616842273641669,0.14282814259324642,1,interior
0.7405551739535405,0.20014493593219956,1,interior
0.7821972564920433,0.27557322637250276,1,interior
0.6599991882831853,0.1620095760916718,1,interior
0.5384686969858787,0.19640949070933492,1,interior
0.7750010816710174,0.24539820650240265,1,interior
0.508736039832585,0.30714961436565846,1,interior
0.7779234183120017,0.24631865479381582,1,interior
0.5355367566681924,0.1969461797696769,1,interior
0.496350856064471,0.28076461415607445,1,interior
0.5000298445896193,0.2861030363004844,1,interior
0.6714322225094796,0.38149529536070886,1,boundary
0.5500952874620967,0.1896060678595398,1,interior
0.5731658471519011,0.16189578996547116,1,interior
0.7012761436191404,0.1665050629116814,1,interior
0.5142767481224056,0.3307432407470722,1,interior
0.6731740277068134,0.15149662972263203,1,interior
0.5633462048226642,0.1849602399858594,1,interior
0.5272723692928124,0.20224841450259498,1,interior
0.7478801413843654,0.3386628975152708,1,interior
0.7855392400273478,0.28205436041901233,1,interior
0.7644760071489837,0.31167804660012516,1,interior
0.7865837813671765,0.284018919051336,1,interior
0.7339653885009121,0.18416410635893127,1,interior
0.7422636536044936,0.34597869254923735,1,interior
0.7199575015060965,0.37000143903826554,1,interior
0.7781694496076887,0.2553241297035215,1,interior
0.6075961319520898,0.14548271091943674,1,interior
0.7419826327640309,0.19846265977410613,1,interior
0.7770985730104795,0.25737006170322363,1,interior
0.7661834501665653,0.22353807970082049,1,interior
0.788309314876977,0.27863101319908945,1,interior
0.4954910949518277,0.28268964349199144,1,interior
0.7180224714521372,0.17984448129357142,1,interior
0.5076102125361075,0.32098654496937984,1,interior
0.6030000749284018,0.14376863746901197,1,interior
0.7632311625249495,0.3253529150762175,1,interior
0.7046584553387014,0.17936363240937162,1,interior
0.49417477111558605,0.27934405164954246,1,interior
0.5115407056333234,0.2137853676702271,1,interior
0.6036299907446516,0.1410819467864125,1,interior
0.5305483131611352,0.20210693869009344,1,interior
0.7571270911783801,0.22136869034782022,1,interior
0.7265809052924115,0.18737863581776537,1,interior
0.5735115106716395,0.17362419105782007,1,interior
0.5664728718327251,0.16547461070336597,1,interior
0.5094550427588496,0.31595295374125143,1,interior
0.5089637510861879,0.311280115404934,1,interior
0.7624604400353387,0.33060388797900847,1,interior
0.7806482840738124,0.2738669165095159,1,interior
0.5047949486318927,0.2435045152830055,1,interior
0.7602571007301561,0.3322741871850585,1,interior
0.5037643066361164,0.2920366842235265,1,interior
0.4986009822753926,0.27490244557586685,1,interior
0.667109046203315,0.15133891924272325,1,interior
0.5440622356555647,0.19493072157068836,1,interior
0.7527025211744445,0.2072972323056598,1,interior
0.7070412348795306,0.17446911965823264,1,interior
0.7286997022866475,0.1830213445932055,1,interior
0.7373169188192517,0.3564936648352919,1,interior
0.737446579792783,0.34767220626675666,1,interior
0.7089645423499976,0.17201004814669457,1,interior
0.7401945202836464,0.3574030513106865,1,interior
0.6878571169100781,0.16076224872409076,1,interior
0.7772911057023958,0.281613950895084,1,interior
0.5587576559351918,0.17503019093423977,1,interior
0.5466807937590477,0.19518124994203992,1,interior
0.6640460660198351,0.15927081217773478,1,interior
0.4969284064524273,0.2851188487919806,1,interior
0.6219714692211684,0.14510422428889627,1,interior
0.5656606852841953,0.1704322882341991,1,interior
0.7738487930319408,0.2944820882141102,1,interior
0.7261770431176916,0.3717260921835544,1,interior
0.5110390347867749,0.33070177531921574,1,interior
0.5670939976385945,0.16728322250130462,1,interior
0.5973011124025397,0.15665082878664982,1,boundary
0.7095563602909501,0.17054525295712572,1,interior
0.7296426224801268,0.1843123185443426,1,interior
0.7648925825210925,0.2274639693995948,1,interior
0.7451164118993708,0.34569442751389784,1,interior
0.697106130975924,0.16740221385629275,1,interior
0.5095987457847525,0.21650134970409257,1,interior
0.7513182223946101,0.21832537395900853,1,interior
0.5046915082906664,0.3037824417210033,1,interior
0.5078129498557465,0.23840630021705364,1,interior
0.6510675930556032,0.15917156709255056,1,interior
0.7450552048676807,0.3537321983914919,1,interior
0.784245924314923,0.273876493631303,1,interior
0.7265026560424098,0.3688116824509864,1,interior
0.49947555484959,0.25938508655402054,1,interior
0.7077698939639602,0.17059171929060887,1,interior
0.5076757711621697,0.31750663901054865,1,interior
0.7155960496505811,0.36311501603248514,1,interior
0.7627745145354865,0.2750331573578926,1,interior
0.5084082258532563,0.23602857982270153,1,interior
0.6955699865946422,0.16456977265942702,1,interior
0.7485106634511847,0.34127650790436287,1,interior
0.7316141404734077,0.372823691130578,1,interior
0.5126059107017936,0.3346034005738202,1,interior
0.5790912929790388,0.16077215142518145,1,interior
0.7790694307392589,0.27807040967798585,1,interior
0.7554515257153738,0.21890102464708264,1,interior
0.7305360522945231,0.3707761785973692,1,interior
0.7702952953277745,0.23911306621812797,1,interior
0.7720045170920952,0.311637716324691,1,interior
0.7816358693828911,0.28148812878243457,1,interior
0.7667075163963377,0.22740246815325904,1,interior
0.7681268618101292,0.2323386328070678,1,interior
0.7582951174689718,0.21704037020791034,1,interior
0.6574358115325236,0.15178911815390664,1,interior
0.5051151968224049,0.23740762179764374,1,interior
0.7727790834694453,0.24460515007093744,1,interior
0.5332001646669919,0.19798405227570529,1,interior
0.601646831592135,0.1430667171939425,1,interior
0.7361466961509053,0.37104006457377975,1,interior
0.5977162332783996,0.14860614483915627,1,interior
0.6812876759445723,0.15240072057644377,1,interior
0.6009735131937148,0.14154530449595576,1,interior
0.7755139372094778,0.30228067817460513,1,interior
0.7754988541365945,0.3003691679370355,1,interior
0.7675329278831093,0.3126021519698428,1,interior
0.5335009768133799,0.19588252102048945,1,interior
0.7803687849972039,0.2718721489041487,1,interior
0.5207396419282847,0.20773981000936217,1,interior
0.6590939151627568,0.15053156274464605,1,interior
0.5710672643089071,0.16101067751569287,1,interior
0.6111516361483292,0.1458015168717271,1,interior
0.5031533889455277,0.28852045419856326,1,interior
0.5022636630454225,0.25528613098659003,1,interior
0.7548132369332059,0.21688404095638766,1,interior
0.7695368938939932,0.23060714416548822,1,interior
0.5478665908214808,0.19415280951380795,1,interior
0.7792505498181697,0.25787514013640234,1,interior
0.5014787154103989,0.2905877148809915,1,interior
0.7788253329302277,0.27090422740383513,1,interior
0.4941608714855892,0.2814121829809529,1,interior
0.7487413543056135,0.3372503256051843,1,interior
0.6572248869913557,0.1487086994889082,1,interior
0.7726746041860533,0.2507777119141939,1,interior
0.6700203151194143,0.15146663894873377,1,interior
0.7874321204648858,0.282435468593654,1,interior
0.5074166400427166,0.22495277345407888,1,interior
0.7794145005974613,0.25254777036473564,1,interior
0.5571995952056239,0.17766476543313087,1,interior
0.7736648049798562,0.3044241158138316,1,interior
0.5418014190569796,0.19436636245867106,1,interior
0.5580627770932887,0.17959846224645667,1,interior
0.7527593197202458,0.20427054915014484,1,interior
0.7801165529230838,0.28119786617593373,1,interior
0.7124068412565875,0.17150501422328024,1,interior
0.779272106690413,0.2835733787660103,1,interior
0.7653577814244327,0.31317856184469806,1,interior
0.7195393876193947,0.17784062801253495,1,interior
0.7312435254093673,0.18445190874724396,1,interior
0.7583655831452353,0.3334132235468093,1,interior
0.6515876596780993,0.15401564820813313,1,interior
0.7572284660112683,0.33486276525030184,1,interior
0.7521849826308901,0.2057181786569428,1,interior
0.498706616856013,0.26994783790416327,1,interior
0.5471236560199488,0.19122580777966838,1,interior
0.7449740415225515,0.35114527796609313,1,interior
0.7262355248124167,0.1777776723391651,1,interior
0.7613219258660803,0.3265572312913345,1,interior
0.5118650140315442,0.33656233069395003,1,interior
0.49827884578110715,0.25224731123930133,1,interior
0.6665809877765697,0.1573498611211918,1,interior
0.49906360841441305,0.26480438249655797,1,interior
0.74604210193738,0.34285470541045143,1,interior
0.760525629958779,0.2199425972464846,1,interior
0.6046061660273935,0.13991710620074135,1,interior
0.5027467165326492,0.2601990842247004,1,interior
0.4972504733971401,0.27091517606175114,1,interior
0.516946677170294,0.21011142190573184,1,interior
0.5009448849915001,0.26070800714072573,1,interior
0.7687852055338547,0.2339840311154216,1,interior
0.6239345372337993,0.15393046650963238,1,interior
0.6371167259806488,0.14888881220964476,1,interior
0.5568392322462359,0.18369928769238167,1,interior
0.7495225947228245,0.3401085570743716,1,interior
0.5035077343657931,0.299817971866648,1,interior
0.7164576122348426,0.3647923405170754,1,interior
0.7104648973372735,0.17510290227251477,1,interior
0.7491666605095634,0.2039335844210885,1,interior
0.7637577616706679,0.3190262556512216,1,interior
0.7623056348652009,0.32111075796748484,1,interior
0.7160609353668311,0.1810966086143979,1,interior
0.5093594987478257,0.32837598032074344,1,interior
0.7206741797649969,0.17661779060324265,1,interior
0.7373857493787421,0.3721296746541207,1,interior
0.7139432685085243,0.18157507850929416,1,interior
0.7639459481193749,0.3322417491358943,1,interior
0.6662853905413688,0.15495736054971068,1,interior
0.7721083669920361,0.3085896729131351,1,interior
0.6633313023656356,0.15515343438206242,1,interior
0.49480193862791644,0.26924790930182874,1,interior
0.5774485094629351,0.16004413692719366,1,interior
0.7217687315194687,0.18018542244934174,1,interior
0.7648993654569722,0.3168707030025572,1,interior
0.6532669858455592,0.15703599295769588,1,interior
0.7778538382460596,0.29815380604876396,1,interior
0.7281439237625119,0.36466960953658006,1,interior
0.4968974192014305,0.273652611327761,1,interior
0.7724332681375027,0.2478799920359901,1,interior
0.5136509465250125,0.33734740744637015,1,interior
0.7375014939000645,0.1911178600320385,1,interior
0.7684885227180441,0.29287921502424263,1,interior
0.49891512247001946,0.26665778303322607,1,interior
0.581548845796679,0.16130404190518793,1,boundary
0.6920926368315331,0.16104611291183776,1,interior
0.7507583005323913,0.21567782244966527,1,interior
0.6484166764113498,0.1634574965507928,1,interior
0.7336521462011281,0.1877922257714612,1,interior
0.7127559511684016,0.16965171094902753,1,interior
0.683229382064676,0.15560856344339796,1,interior
0.6641802707383964,0.38866506999552747,1,boundary
0.773540983321958,0.30935703731039577,1,interior
0.7499053521879726,0.33840023499692445,1,interior
0.5091494091899794,0.21914459514045004,1,interior
0.7514239044737553,0.33848608275100817,1,interior
0.7777685406892374,0.28334379010221267,1,interior
0.6982226893363536,0.1619011400462187,1,interior
0.506152975327267,0.3223399557766327,1,interior
0.7648846104403161,0.32303852435861546,1,interior
0.7443934650469716,0.34759632190684797,1,interior
0.5035083142843598,0.2950253365599106,1,interior
0.7512317298724083,0.21105025713570805,1,interior
0.6658056407621354,0.3874968679833302,1,boundary
0.7851311599551084,0.2849147115127493,1,interior
0.5710811761427647,0.16330439669858277,1,interior
0.7475627251452437,0.19877725851537253,1,interior
0.5028528587580963,0.30716281569283665,1,interior
0.7789945952005866,0.2691928853447435,1,interior
0.5488239149333096,0.19123719816355064,1,interior
0.5672945901284506,0.16267968868726074,1,interior
0.6337834138336624,0.14767776654975556,1,interior
0.6927637188922149,0.16274636269983886,1,interior
0.5545934319213092,0.18306792668369093,1,interior
0.737987838720885,0.36073098484142396,1,interior
0.7546772076714715,0.20652616224222795,1,interior
0.7660395134043788,0.3243959802070475,1,interior
0.7217844812253874,0.17476128400374377,1,interior
0.4987650153135026,0.2578164984281314,1,interior
0.5085606852490144,0.234315049751837,1,interior
0.7510298515660913,0.21370683817231623,1,interior
0.5028380660976588,0.30332330438821875,1,interior
0.7810283395779555,0.283316222875289,1,interior
0.7120130897740969,0.17927761791277944,1,interior
0.7381996076307282,0.36349092136696115,1,interior
0.6431716438046228,0.1523254908195701,1,interior
0.5056143594646892,0.22342835212362164,1,interior
0.5117877500831288,0.3268590976309685,1,interior
0.7394782929912138,0.36130967010652143,1,interior
0.5143894010951566,0.3398652552323524,1,boundary
0.764146618155969,0.22365146578256856,1,interior
0.500693024224555,0.28783113868813276,1,interior
0.6891856283467507,0.16446420978297477,1,interior
0.759848421899793,0.21824070551258795,1,interior
0.7468107467357172,0.35211277210247854,1,interior
0.7175575424746107,0.17637816023995576,1,interior
0.7645463600134508,0.32884336581893403,1,interior
0.5019067057590205,0.28587063562563575,1,interior
0.635743309747576,0.14785478766177992,1,interior
0.7611079717000099,0.22688750780368552,1,interior
0.5057185111904039,0.32058746473365896,1,interior
0.7752922230328916,0.27137174101092254,1,interior
0.5059221216006813,0.30802590101081256,1,interior
0.7539410483439577,0.20915248697122588,1,interior
0.5040136903263626,0.3126178519974193,1,interior
0.6594141752749898,0.1560086598523622,1,interior
0.6250942383977272,0.14813821353895984,1,interior
0.7170197657288581,0.3663339196622236,1,interior
0.7441099952207929,0.19799150616721542,1,interior
0.5264384051181388,0.20063448128610803,1,interior
0.49831938016967475,0.2552591783164828,1,interior
0.6644092759965895,0.15631185200605435,1,interior
0.5069903060531311,0.3106444215188752,1,interior
0.6631944021890384,0.16065898621851632,1,interior
0.7434140564672126,0.35849926521354214,1,interior
0.5038799668757694,0.32204504572755155,1,interior
0.6982970852645894,0.1662403710424581,1,interior
0.6557697841774277,0.15133138914288496,1,interior
0.756516896603515,0.21694075935068527,1,interior
0.5543166723814261,0.18996579641739939,1,interior
0.7613410622781526,0.22285206415919115,1,interior
0.6500812453779453,0.15494914284985,1,interior
0.6515208815592384,0.15588884041160886,1,interior
0.7696292488914148,0.3142106593971527,1,interior
0.6001496106348384,0.1435334738210268,1,interior
0.6859808931663658,0.1524907558990035,1,interior
0.5008660565442409,0.25762311263043874,1,interior
0.7360681753536805,0.36769395027080803,1,interior
0.540425771107152,0.19562419436879858,1,interior
0.5601190563486297,0.17687516572220197,1,interior
0.5992122306775759,0.1450744605136666,1,interior
0.7383940602524591,0.3650055865084568,1,interior
0.6661280663511937,0.1526118980007844,1,interior
0.7806964992896868,0.2698831633379685,1,interior
0.7693295895838881,0.31258888096838505,1,interior
0.5689782463612006,0.1590864536474007,1,interior
0.7409590953481109,0.36044073154402934,1,interior
0.5239206323846075,0.2080496194500969,1,interior
0.7431856217673249,0.19985773325831185,1,interior
0.4980609438278203,0.26105642348931485,1,interior
0.7766421513509014,0.3045622841836305,1,interior
0.7768139969184024,0.29512222933038196,1,interior
0.7398960604651986,0.36598754414231655,1,interior
0.6890990113700283,0.1589072056165848,1,interior
0.7324773511370161,0.18355654916494402,1,interior
0.7829899719320457,0.2840017476750601,1,interior
0.6100832657940577,0.14822472966446218,1,interior
0.5066731290811932,0.2335857391512745,1,interior
0.5715299219729776,0.1648667666829672,1,interior
0.5379303592251861,0.19424750809357283,1,interior
0.727833213460272,0.17853254396384585,1,interior
0.779790236116073,0.25603893590769483,1,interior
0.7566267218527387,0.20744121803183524,1,interior
0.7403568583265195,0.36385195295528283,1,interior
0.7296334740450342,0.37308267132585,1,interior
0.7019583138803642,0.1680396515777359,1,interior
0.4946831039514302,0.2852167450944141,1,interior
0.4954453048218403,0.2722659475281574,1,interior
0.7034875576326562,0.1659986025490905,1,interior
0.7623715882397039,0.33287062535271844,1,interior
0.7201532195090445,0.3675038079607423,1,interior
0.7702935993334711,0.23348288788131413,1,interior
0.49737294569228524,0.26310746224462617,1,interior
0.6550288433745571,0.1565028048166663,1,interior
0.5675894689479227,0.17255533434634715,1,interior
0.6059554109933918,0.1410274207795705,1,interior
0.7629026077011343,0.22203064563513686,1,interior
0.5094139946149199,0.33265143362799765,1,interior
0.5210321409802325,0.20501090853629456,1,interior
0.7190955294669654,0.17427871422321126,1,interior
0.7876284268741939,0.28070489271329435,1,interior
0.7736200890595022,0.3141884601574447,1,interior
0.785039836025023,0.27585007634096326,1,interior
0.5053368112207144,0.31746492438888524,1,interior
0.5018789132030007,0.24320067577654367,1,interior
0.499579496011789,0.26188380865113237,1,interior
0.7364974121485689,0.3635916397608851,1,interior
0.7710374330676817,0.3131370909116964,1,interior
0.5032337634609666,0.2851093506099282,1,interior
0.7473267745477066,0.3452068918423017,1,interior
0.6767769586206811,0.14940771881046083,1,interior
0.7279347882048944,0.18435208906520192,1,interior
0.7765520889738041,0.24549509089486773,1,interior
0.6542458389689476,0.1551022923589063,1,interior
0.7451810046805456,0.35974486620226087,1,interior
0.5339201237685951,0.1995610756889827,1,interior
0.6031093686788151,0.1391028478912153,1,interior
0.7330911949645874,0.374239941292195,1,interior
0.6268471821005847,0.1492959270973798,1,interior
0.5077673168790794,0.22173071877432604,1,interior
0.5952103760411268,0.14864720090430933,1,interior
0.4972773758412375,0.26616248614279525,1,interior
0.73468460870549,0.18188214808279862,1,interior
0.7533157749457985,0.2176197262232186,1,interior
0.5055494296027175,0.23594925156930413,1,interior
0.5595924069841647,0.17328487485186161,1,interior
0.5252627850295054,0.20703754539475183,1,interior
0.6938270164465329,0.16022418226102247,1,interior
0.6569188829392364,0.15394293945066428,1,interior
0.49751993431403135,0.2594407686112721,1,interior
0.7786544608601846,0.26571296234027275,1,interior
0.5053286092152817,0.2285239122945625,1,interior
0.7418140863333398,0.19392894065318286,1,interior
0.7539784350875564,0.2026346191420771,1,interior
0.5009339414651606,0.2447968566854518,1,interior
0.6116686669009354,0.14824771320687702,1,interior
0.6100754752513805,0.14450592593735714,1,interior
0.6926535601406,0.15882155219328778,1,interior
0.6985796677593131,0.16828782162985084,1,interior
0.6050155675131762,0.14339221881949515,1,interior
0.7726325502313035,0.30649302409473805,1,interior
0.7458655653370763,0.1970681653681859,1,interior
0.5660299816396294,0.17247689902450275,1,interior
0.7773268230474166,0.2640589592412943,1,interior
0.7475669024418135,0.3565037818701575,1,interior
0.7669081589010251,0.33070527521987303,1,interior
0.5018498764889799,0.2938898221039072,1,interior
0.5113178048265821,0.2117557986201958,1,interior
0.7453323549555806,0.19923370021378436,1,interior
0.557436212539405,0.17401503930290102,1,interior
0.5314304877679479,0.19596300706435796,1,interior
0.6327217844947848,0.1493072661560132,1,interior
0.7760719250890666,0.24239947021996863,1,interior
0.5639730666955904,0.16986604192348845,1,interior
0.5572265134961829,0.1813431877732294,1,interior
0.5089978428400865,0.32579012618921244,1,interior
0.744274077458425,0.19496846298948875,1,interior
0.789893146501085,0.2786245332215083,1,interior
0.5031120295595843,0.23520262214520207,1,interior
0.49306039209455693,0.2835392606195942,1,interior
0.6793729692450812,0.15147238729292545,1,interior
0.7046937979810851,0.16710750019344114,1,interior
0.5040666221302359,0.23957787194285451,1,interior
0.5532290219857753,0.18818494136368943,1,interior
0.6458291117407765,0.15292157570541304,1,interior
0.6950060979442699,0.1585918604429951,1,interior
0.6019779386259007,0.1401925325157828,1,interior
0.7675927495124109,0.2296906766081066,1,interior
0.6904544348956331,0.1576349160638149,1,interior
0.7548719366504105,0.20023479500698882,1,interior
0.5013269677140252,0.32110466337952576,1,interior
0.5611426200509935,0.17908256521547827,1,interior
0.7593638246706912,0.3349913517609604,1,interior
0.4976879243719678,0.2685068247351628,1,interior
0.648885495060412,0.15028702560072216,1,interior
0.5159170765488168,0.3411651501184464,1,boundary
0.7108565912331959,0.1717921549514591,1,interior
0.71321286165762,0.16751996791275428,1,interior
0.4979088453422267,0.2873551440852225,1,interior
0.6149104173564819,0.14455114327232427,1,interior
0.7746425565319307,0.2929697703785848,1,interior
0.6607638467872158,0.15393937790945025,1,interior
0.7418045329826145,0.3585638770062034,1,interior
0.7681548477686898,0.2235867342734051,1,interior
0.5526764909201269,0.1865518739041501,1,interior
0.69762804159346,0.1636530094035443,1,interior
0.6202816390823291,0.14316851179203907,1,interior
0.5695552429550188,0.16183228338471606,1,interior
0.7756209534708796,0.2901672215106747,1,interior
0.5016640951461832,0.24688455845476737,1,interior
0.7807561080635652,0.2588821215100635,1,interior
0.7272561650037982,0.18241773997713484,1,interior
0.6084238352323731,0.1439090111078505,1,interior
0.5069194207753034,0.32973176321378644,1,interior
0.7814259321038929,0.2569578266598347,1,interior
0.5084262660871787,0.2175579010084787,1,interior
0.7758479357881235,0.3128410918592863,1,interior
0.5796032690040347,0.15910748977618375,1,interior
0.503049518042687,0.2902231119230586,1,interior
0.7423725864866534,0.36361994990974655,1,interior
0.729527450356047,0.18790806689612766,1,interior
0.7594735076102046,0.21598507318772928,1,interior
0.7479891852359929,0.20040407174442454,1,interior
0.7346175084084278,0.3720520670430659,1,interior
0.5092403614746266,0.3203359414089897,1,interior
0.7247793781660851,0.1807515121433778,1,interior
0.7532088213305828,0.21117100817794676,1,interior
0.5643280685268774,0.16735209703476872,1,interior
0.7629568979409282,0.3355565390209631,1,interior
0.7708699213539848,0.2316340644079232,1,interior
0.6150880291364736,0.14619013700701572,1,interior
0.7466335741833757,0.19554976089850656,1,interior
0.7466747124713601,0.3397397532632083,1,interior
0.683235703658881,0.1526951189451212,1,interior
0.5101205523185804,0.3363270117312698,1,interior
0.7377335470015169,0.37019955429512735,1,interior
0.5959518844289916,0.1528098910021918,1,boundary
0.5088899935251586,0.33061321440408326,1,interior
0.5790520942585096,0.15728181321445825,1,boundary
0.5073400854572094,0.3086453564617522,1,interior
0.764832108870962,0.3342041542986049,1,interior
0.5294766607988236,0.19954561766259274,1,interior
0.7794824687612204,0.28574134918998495,1,interior
0.5042961079622365,0.2935296412344452,1,interior
0.7703126011521508,0.3109695650755633,1,interior
0.6320063575890873,0.14674210267728102,1,interior
0.756492542281319,0.19898649309820768,1,interior
0.5459218846072582,0.1923313422939929,1,interior
0.7434384394832194,0.3557761225768566,1,interior
0.7563697951513989,0.21511654112521908,1,interior
0.573535253818475,0.16039095216406507,1,interior
0.7631869270788896,0.2204684811840496,1,interior
0.6416832040873421,0.1500942854950192,1,interior
0.7868908798735376,0.2760763795639538,1,interior
0.687383974245377,0.1580418992195865,1,interior
0.7707786901399745,0.23620652258286784,1,interior
0.5718614946264607,0.15877067786085197,1,interior
0.7373054632759455,0.3664810593448943,1,interior
0.7815370559561909,0.2540890370347865,1,interior
0.6303632591247678,0.15029195554198238,1,interior
0.5013280805570223,0.28221032464214907,1,interior
0.5246919077172574,0.20537948016050683,1,interior
0.5093426614871656,0.2206626203731069,1,interior
0.653575387018246,0.15310008663267805,1,interior
0.6324591011605066,0.1510528240220625,1,interior
0.764080649452918,0.3211068344038344,1,interior
0.5692250446243071,0.1708436202919064,1,interior
0.49583340183851604,0.25184821021486187,1,interior
0.7731464023919026,0.23549829941775152,1,interior
0.7831089664248975,0.28073531094513665,1,interior
0.7774872550389598,0.29224191039397457,1,interior
0.5047929377127331,0.2330324246680325,1,interior
0.5139070414686175,0.21102464198784132,1,interior
0.7580541749436046,0.3368223651619763,1,interior
0.7500394140788174,0.3560615780621477,1,interior
0.5754455938379117,0.1601307847444455,1,interior
0.5514858136279184,0.18838930721836217,1,interior
0.49735628061513043,0.2536409698443803,1,interior
0.7746372236141387,0.3111106806405273,1,interior
0.5104673984622959,0.3379543258339204,1,boundary
0.7396655863264086,0.35946656021209505,1,interior
0.49568678576086916,0.26463084462301706,1,interior
0.7791281429251918,0.2597475360835253,1,interior
0.6310609701869285,0.14819828263287893,1,interior
0.6282384282801705,0.1484450390259336,1,interior
0.6918878184560078,0.15685540905189185,1,interior
0.7916091400637993,0.2779449582999438,1,interior
0.7509186580916088,0.34121712015406896,1,interior
0.5432223497344371,0.19321422971693109,1,interior
0.7679737359854596,0.3259417566086779,1,interior
0.5637654164436993,0.1714580219110793,1,interior
0.7846654070092728,0.28642809771563443,1,interior
0.5183243887602944,0.3402856644782987,1,interior
0.5275153066815846,0.1992342135943006,1,interior
0.5068373686425695,0.23703618821054126,1,interior
0.5074310209875524,0.3332300137219342,1,interior
0.788732117034701,0.2761563981073288,1,interior
0.553869886375532,0.18092377310737912,1,interior
0.6229915271505261,0.14666634051782626,1,interior
0.581176506987051,0.15962904095431782,1,boundary
0.7282138825272649,0.3688853196755047,1,interior
0.7827110530656963,0.2724276624983061,1,interior
0.777978377399657,0.24888754334876406,1,interior
0.7425299184284511,0.3612206995696671,1,interior
0.7819472292657733,0.252007746545352,1,interior
0.6069714766539358,0.1426043611650022,1,interior
0.7541130375133686,0.21400829739429553,1,interior
0.6880155315675867,0.15486940006993002,1,interior
0.5447068268846004,0.1965652821516221,1,interior
0.6005109511234037,0.13863104981314303,1,interior
0.5028827652363927,0.30513728302747917,1,interior
0.507237247645347,0.3314139903267096,1,interior
0.5099439275167725,0.213777422919004,1,interior
0.5038417358271557,0.22478056364494872,1,interior
0.7799137534641982,0.24531949948663112,1,interior
0.7155152372760379,0.16873666011158944,1,interior
0.7473104719957832,0.3588271416905075,1,interior
0.5120906249375382,0.33854961592411487,1,boundary
0.5354635407099045,0.19454400186439827,1,interior
0.7394330250556786,0.191189321576979,1,interior
0.49599891307185545,0.27775867530274545,1,interior
0.6968267646912946,0.1658491076896361,1,interior
0.7257116178086904,0.1754077148481934,1,interior
0.7730339676090853,0.23705286979224147,1,interior
0.7738274232403634,0.23986965008321492,1,interior
0.6617177972644809,0.38949795060379094,1,boundary
0.7716537103862604,0.23467053298897658,1,interior
0.7653855463138401,0.3306681774026247,1,interior
0.7321812341170331,0.3757129637709771,1,interior
0.649768164735186,0.14871308048657658,1,interior
0.5831206724564343,0.16176536192490013,1,boundary
0.7202963634797253,0.17333669958048267,1,interior
0.7233323453087052,0.1741157936708229,1,interior
0.6572988546077263,0.15547606854192456,1,interior
0.7076525825758948,0.1655920239019411,1,interior
0.50765210914405,0.3275525560079019,1,interior
0.5033709178512122,0.2869927257254608,1,interior
0.7654956114870338,0.3186520390464622,1,interior
0.5333525899859533,0.1940457630155975,1,interior
0.5750552736370278,0.15842501458739805,1,interior
0.5493284355449304,0.1882824967483268,1,interior
0.6079571644670059,0.14026661324642758,1,interior
0.7515514775902222,0.20267374037513555,1,interior
0.670780931763649,0.14919248020300127,1,interior
0.504549338884386,0.30994432722130427,1,interior
0.7775414892851676,0.28789233201055586,1,interior
0.5566489504705658,0.17223692823536998,1,interior
0.778400128974243,0.30357343348407057,1,interior
0.5063880634799435,0.23203823044178726,1,interior
0.5009923382033679,0.3037183125466306,1,interior
0.534726689226213,0.19272881549381038,1,interior
0.7166913666944362,0.17441048405710866,1,interior
0.7536144277868073,0.33746833968138307,1,interior
0.6614628945775841,0.1520461821729003,1,interior
0.6912755882105003,0.15959413280615026,1,interior
0.7525506883256665,0.21411026830847416,1,interior
0.7781018207152051,0.29654784056944117,1,interior
0.782539842131266,0.24490658406390917,1,interior
0.5114569820037058,0.33327964640013563,1,interior
0.504498745897155,0.3187687972925218,1,interior
0.774882742528524,0.2376338213693746,1,interior
0.7796490550833203,0.24827210749263312,1,interior
0.7781754265755619,0.25055684983379445,1,interior
0.7451491993613442,0.19331684007231015,1,interior
0.5232421075736212,0.20637068775597542,1,interior
0.7687284787595705,0.22637249213828323,1,interior
0.7489950403012228,0.35964545772155077,1,interior
0.7707734592237214,0.22450357611214874,1,interior
0.7465242566706569,0.3491593017793383,1,interior
0.6666060773780123,0.1498532241538574,1,interior
0.5057073998820828,0.3157205500342571,1,interior
0.7902385079307297,0.2769415709410094,1,interior
0.5070872616811206,0.33524095689226646,1,interior
0.7640638111050767,0.3370415723762016,1,interior
0.6894385542005705,0.15540952102719394,1,interior
0.7656284235439352,0.33701856223411764,1,interior
0.503160614827379,0.3143444076488127,1,interior
0.7353997591805181,0.18822276581588757,1,interior
0.6196653574136727,0.14741703333633377,1,interior
0.5317684714133196,0.19389988525712934,1,interior
0.7484884811016214,0.34313421528838617,1,interior
0.6366002386400581,0.15037849208373813,1,interior
0.7174844969924327,0.1780207963805841,1,interior
0.556011244580926,0.18037961383285397,1,interior
0.7412008533465112,0.36198463093640043,1,interior
0.647526216036074,0.15236923838959804,1,interior
0.7780376078938768,0.26141344876647254,1,interior
0.7745307847151313,0.23465582365723187,1,interior
0.5068008311570702,0.21683967419341782,1,interior
0.7173195144874327,0.16970611861245147,1,interior
0.7267894120299989,0.37348450534805333,1,interior
0.7651398070921388,0.22100219087633172,1,interior
0.756932956502086,0.20306805789030005,1,interior
0.7830071916533706,0.2708970496387079,1,interior
0.49979329377844406,0.27389759523869295,1,interior
0.5453391682320679,0.19385008697237,1,interior
0.7501399220828403,0.3429423718279247,1,interior
0.506865710349692,0.2298772986203333,1,interior
0.5958951477813254,0.15099336014051273,1,boundary
0.5026098054467842,0.24031395844071055,1,interior
0.74364977689466,0.19303094093434245,1,interior
0.5393758958377494,0.1937574552999914,1,interior
0.7301969369317118,0.18236058807612068,1,interior
0.7748598374872501,0.23244411942478918,1,interior
0.4959909667679391,0.26132777456014833,1,interior
0.5292749110798017,0.1951990901775999,1,interior
0.5765209124631424,0.15795017709697132,1,interior
0.6890386864876941,0.16183733244335025,1,interior
0.5004714858542403,0.29463882840326855,1,interior
0.7402924648263629,0.3689073335627228,1,interior
0.6841967646409627,0.15135845195178824,1,interior
0.5079680992476365,0.21551047447831645,1,interior
0.7477125333313531,0.3467188300573703,1,interior
0.644250635832924,0.15103424460314682,1,interior
0.699878348705244,0.16419609368857502,1,interior
0.7768493036266891,0.23783553910997726,1,interior
0.5014582155110212,0.29754897737936276,1,interior
0.5573718743034975,0.1758115976534925,1,interior
0.5781312184505064,0.15849527663097,1,interior
0.7737377971091324,0.23141122080292317,1,interior
0.5022741149007117,0.23310638931288188,1,interior
0.6283347216171652,0.1528119259698147,1,interior
0.7172330485636536,0.1729739686011378,1,interior
0.7728984412906063,0.23323887692427045,1,interior
0.777683457203105,0.2860128703631899,1,interior
0.768066723349989,0.3142710995111901,1,interior
0.6073881894059501,0.13740911089653168,1,interior
0.7002588210751013,0.16140480976131022,1,interior
0.7496200421195137,0.2076189969138631,1,interior
0.7898145536541664,0.28034885505999974,1,interior
0.7139576729189832,0.16558492469131403,1,interior
0.7610029051109717,0.3337069217910051,1,interior
0.760698813720476,0.33640625078025577,1,interior
0.6654131353047025,0.16303809964817073,1,interior
0.5278999686939871,0.1971050092756906,1,interior
0.5043173568296477,0.33473593568312465,1,interior
0.7761518212016999,0.23427329306533332,1,interior
0.5258740277962594,0.19601635688370542,1,interior
0.6917831744497138,0.15408061649794702,1,interior
0.752248236002153,0.2087718922469823,1,interior
0.7773262885245654,0.2998796842751822,1,interior
0.560087636302858,0.17055553301600862,1,interior
0.6683144590300494,0.15442710265206616,1,interior
0.7557200935521109,0.20405483022423945,1,interior
0.49295743480979975,0.26577507151066704,1,interior
0.699239300636678,0.1597313126996893,1,interior
0.5027869991139046,0.23699984952475922,1,interior
0.754486392967666,0.33555289043218123,1,interior
0.7389962021269427,0.37279513427471495,1,interior
0.697529980202746,0.1718271899228615,1,interior
0.6124120736938186,0.1502813501586899,1,interior
0.5117564072734857,0.21012958271634607,1,interior
0.7414125409318963,0.19125508194923627,1,interior
0.7240425289486606,0.1755933179098358,1,interior
0.6240782494255316,0.14404298731218426,1,interior
0.7652858253742685,0.32711629802162634,1,interior
0.5066335195323354,0.21882111434946003,1,interior
0.7324226589861714,0.18090940635145616,1,interior
0.7498330230941913,0.20249046338119545,1,interior
0.7752387890533211,0.2886393849141351,1,interior
0.5372262663506135,0.19758997226138353,1,interior
0.7103001156346079,0.16913214193594253,1,interior
0.5055403016544335,0.22188041561459762,1,interior
0.5658732480696771,0.17406198665558006,1,interior
0.6617271714855583,0.16017531602437696,1,interior
0.6638171155295504,0.3914527964534824,1,interior
0.6106816167280096,0.14303572903753614,1,interior
0.6687259835489315,0.15742598316912507,1,interior
0.5004811253387019,0.23216118310089526,1,interior
0.5022070669472263,0.23068588859047515,1,interior
0.7176431251558983,0.3688504402744076,1,interior
0.7664525621296576,0.3393633588117451,1,interior
0.7743982780858869,0.3071197574003661,1,interior
0.7499534768125901,0.34459295658175104,1,interior
0.744147389718583,0.36191178874156255,1,interior
0.6091180622346162,0.14160719405525907,1,interior
0.597990290525376,0.1439951176467156,1,interior
0.6128340138200519,0.14508679033819075,1,interior
0.5309183961899389,0.1973922649741302,1,interior
0.5508068618307097,0.18622037817490933,1,interior
0.5328294268302863,0.19190849843399702,1,interior
0.6750003011365124,0.15127192073763074,1,interior
0.7827338019270338,0.2558883479673451,1,interior
0.637119589583702,0.14700774414329015,1,interior
0.6066386184373047,0.13910696534849767,1,interior
0.6456793259264496,0.15011501324252033,1,interior
0.5010113491788354,0.2991582876192122,1,interior
0.6253912729542679,0.15135809503832245,1,interior
0.7348313493716,0.18634574817898109,1,interior
0.5445845066742279,0.19105750178044692,1,interior
0.5524804670169398,0.1841741099477687,1,interior
0.7811892349338686,0.2857027053589604,1,interior
0.7644399322664788,0.21951016627546188,1,interior
0.5774526997801217,0.15654614752399776,1,interior
0.5504808220652697,0.19198070850886564,1,interior
0.4946142920158407,0.27414275853078596,1,interior
0.7778066402963862,0.24317286027037266,1,interior
0.7561269660776825,0.20568678431767495,1,interior
0.536497627532803,0.19205161427766226,1,interior
0.693581053257481,0.1573609871194869,1,interior
0.7377122979437754,0.18883155082066075,1,interior
0.7366638558100337,0.18348276655750959,1,interior
0.5119297283566463,0.3047269682043012,1,interior
0.5608295267363752,0.16918217352928022,1,interior
0.4946135113933476,0.25911741357789797,1,interior
0.6865435024539869,0.1599398624748431,1,interior
0.734310372597453,0.1802761803545681,1,interior
0.4976483894507709,0.277542173233801,1,interior
0.5674710190813396,0.15992698976912914,1,interior
0.7460411181904137,0.36200956482553376,1,interior
0.7302699055240918,0.3749062346211384,1,interior
0.5089457090866263,0.33729314050079207,1,boundary
0.683743186983853,0.16016281620889908,1,interior
0.7612823921897269,0.3379179067575614,1,interior
0.4945019818299397,0.26255347598786233,1,interior
0.6683270191235262,0.1489094096232064,1,interior
0.565260315333144,0.15960390952623607,1,interior
0.5071158833931159,0.21325180505482855,1,interior
0.5671188767056067,0.17496590225182482,1,interior
0.6998165986299516,0.1672074365416963,1,interior
0.7485126552289626,0.3483954969818921,1,interior
0.5292654399693405,0.1979291368782342,1,interior
0.7013323623767777,0.16322710304952126,1,interior
0.49642542156055625,0.28888870566240976,1,interior
0.4995810680290071,0.2965609750453707,1,interior
0.5643986391649174,0.17476116618976245,1,interior
0.778340909713902,0.3134550178775873,1,interior
0.7883292332148114,0.2737152745007292,1,interior
0.5342772000491215,0.1909471699069383,1,interior
0.49933836099357165,0.2990150132358823,1,interior
0.7794375122575826,0.254153269716445,1,interior
0.7672872760182972,0.2208679506132121,1,interior
0.7300236376245085,0.17917225467385312,1,interior
0.4980261297583277,0.2965643266021623,1,interior
0.7485089373427435,0.21644287340911575,1,interior
0.7611144115985145,0.2167971016032258,1,interior
0.7749626911636909,0.3055692689117889,1,interior
0.769675194153935,0.2232540356994916,1,interior
0.5369795026422706,0.19602634196314603,1,interior
0.7486888801851016,0.19750390048307032,1,interior
0.7494498866637278,0.19992480914161354,1,interior
0.6609528124231546,0.38692834358500655,1,boundary
0.49316888458461283,0.27301395533236883,1,interior
0.7683077280892996,0.32400725659212865,1,interior
0.7629183788516115,0.33817756778083563,1,interior
0.7657200496042781,0.2185552560451685,1,interior
0.7386992563564051,0.3678728561375726,1,interior
0.7762095788941894,0.29350356837045016,1,interior
0.7676629901852183,0.33355180878658813,1,interior
0.7668731415102584,0.3109355740420445,1,interior
0.5279073414294035,0.2173789993018545,1,interior
0.7390303505384,0.1833091468351828,1,interior
0.546715208661161,0.18937099468258387,1,interior
0.629235347215046,0.14603737154329527,1,interior
0.6147600835148428,0.1491727565722561,1,interior
0.6259260188553073,0.14681463615734036,1,interior
0.7858949238551883,0.2745399620720617,1,interior
0.7711533320651346,0.22927765152642104,1,interior
0.5627598524492297,0.1686268791116406,1,interior
0.49426359621493493,0.2708588393315403,1,interior
0.7101970290237246,0.16711389562840603,1,interior
0.7712982571613444,0.31464580854171975,1,interior
0.515679050893155,0.20873710620924488,1,interior
0.7803126296648117,0.25059391493504135,1,interior
0.5373514869368002,0.1893549249616469,1,interior
0.5289697869141017,0.193571120534799,1,interior
0.7636057554858644,0.21755135455178087,1,interior
0.6478535066277294,0.1490308037951706,1,interior
0.7188655291590358,0.17174730766593008,1,interior
0.7627635144598544,0.21569632456288296,1,interior
0.4969791743505654,0.25770339082749166,1,interior
0.7646230789607311,0.214830683140523,1,interior
0.7893532500423328,0.2821308978420675,1,interior
0.7523679193506528,0.33648089641440926,1,interior
0.5026423348124851,0.22629388906646183,1,interior
0.5692239164054225,0.16335456177300126,1,interior
0.6471307325629383,0.14646442732081205,1,interior
0.7814368210386992,0.266844512932125,1,interior
0.5753194252541555,0.1557105910369134,1,interior
0.6949984224428974,0.15547338413442793,1,interior
0.7782191374216365,0.3011128457784525,1,interior
0.7804567310216444,0.27668964322341827,1,interior
0.7821705774748027,0.2738712852167234,1,interior
0.6934502012296819,0.15481574590180247,1,interior
0.7114682423491485,0.16599053534680705,1,interior
0.6602250234800875,0.1494887162906061,1,interior
0.7561540930054862,0.20923437163249084,1,interior
0.6678764421435185,0.14644513589807456,1,interior
0.701516467880797,0.16017896792086728,1,interior
0.7193592694868708,0.17009418753647298,1,interior
0.5252107227149576,0.19825014606100996,1,interior
0.6624004718278318,0.14948698542985542,1,interior
0.7660239840257015,0.2294715535714785,1,interior
0.7515879303828583,0.3440887146553755,1,interior
0.618688274239914,0.14416815747056919,1,interior
0.6806717044490214,0.14925871868609136,1,interior
0.7663968988441816,0.32117890467863,1,interior
0.734535694474382,0.3763097730803382,1,interior
0.7367752503551643,0.18677950442920568,1,interior
0.7684710694959269,0.22186974991794364,1,interior
0.7912640761371441,0.2832389061054003,1,interior
0.5034095710551718,0.3158621374951419,1,interior
0.49148607010635403,0.27071956869843367,1,interior
0.7415472127565882,0.3724084505138809,1,interior
0.4966574797557736,0.25538658129628133,1,interior
0.7869339911742529,0.2713553434983471,1,interior
0.5439162648644462,0.18965461301608896,1,interior
0.7472191390810661,0.35400197987966864,1,interior
0.7693542164923033,0.23543786079471932,1,interior
0.6642805010292839,0.15129974872161284,1,interior
0.5398260634970701,0.1910452956077414,1,interior
0.6183900590288852,0.14261998768579456,1,interior
0.5693682219134474,0.15612485854105948,1,interior
0.5032717565217659,0.24219607875910076,1,interior
0.7629330743636679,0.3398592008618331,1,interior
0.7280036720804278,0.18038965380315045,1,interior
0.7620081507677289,0.21901671192779593,1,interior
0.7358834133297073,0.1914439096458327,1,interior
0.7707184202995442,0.22623105557935974,1,interior
0.5015279887754868,0.23824857953703618,1,interior
0.4989003581015121,0.24594556817972682,1,interior
0.7770916381225348,0.30707146764843296,1,interior
0.6810479745916623,0.15085055451208812,1,interior
0.5013125436399621,0.308270747370746,1,interior
0.6515840741957656,0.15115706053970548,1,interior
0.7739332358044927,0.3125238576688195,1,interior
0.7154175595807492,0.1714924989919054,1,interior
0.7666409343087265,0.21268001151878482,1,interior
0.5058012679250735,0.21467460980458508,1,interior
0.6505642200240902,0.15249368325966012,1,interior
0.5335360117246658,0.1887604816795575,1,interior
0.61235788155347,0.1468033998957112,1,interior
0.5738696161998567,0.1572911810950665,1,interior
0.5021585966392074,0.2923308183863182,1,interior
0.4988764232078938,0.3020273700937006,1,interior
0.7554271770873179,0.2114500143868458,1,interior
0.6690980558381426,0.15021855062406606,1,interior
0.683351926432273,0.1499722999615883,1,interior
0.4975216605896238,0.3012136838419372,1,interior
0.6449885039886057,0.1486992176008801,1,interior
0.776150455725938,0.3102352594675647,1,interior
0.7212744851614917,0.1698862550454963,1,interior
0.5558059851361064,0.17558603227202077,1,interior
0.6488656003129037,0.1461855945671383,1,interior
0.7554223283120748,0.3369475440764581,1,interior
0.7532164448466668,0.21558952641877774,1,interior
0.7668639267595684,0.3229526267467685,1,interior
0.7576233866654735,0.2097331947985891,1,interior
0.7258671193985953,0.1794714092452411,1,interior
0.7666704779314251,0.21472848772124717,1,interior
0.5040826509200013,0.21681224809598307,1,interior
0.7788083942063088,0.2935916078007327,1,interior
0.7779690309428213,0.2906544038899753,1,interior
0.6873492585674018,0.15033870574395047,1,interior
0.7584527934339839,0.20387127211077755,1,interior
0.4918558204813394,0.28145202187795865,1,interior
0.7906298302019105,0.27260350908065323,1,interior
0.4980101654918666,0.2724368831337851,1,interior
0.769382689426498,0.22906214755802307,1,interior
0.7841944329195288,0.25641013161850834,1,interior
0.7104465357434209,0.1636897938929202,1,interior
0.6277754717867615,0.14556181426670192,1,interior
0.6388638912307448,0.14752555666829462,1,interior
0.6863880824033994,0.154678155707629,1,interior
0.76563020852086,0.3147064326209544,1,interior
0.7330675378470451,0.3774962325322285,1,interior
0.7899942652559351,0.2749668978856283,1,interior
0.7804755169455025,0.2878460774931268,1,interior
0.7873460028148495,0.2854650681842481,1,interior
0.5170152277421742,0.20790063925826524,1,interior
0.7728592263102764,0.22870915989423413,1,interior
0.7649134805362372,0.21243364876696078,1,interior
0.49211118840423074,0.2594875596205415,1,interior
0.7139094188677378,0.1724564896715537,1,interior
0.7506019375668829,0.3459932996765887,1,interior
0.7753069006085526,0.30879825341090983,1,interior
0.7855335727090382,0.2549464951801987,1,interior
0.7813415735320095,0.2603403292897772,1,interior
0.7759620617449028,0.23596317143663573,1,interior
0.6882556887090172,0.15247423119056583,1,interior
0.6110687857311814,0.1414356966409833,1,interior
0.6057087809336203,0.1371075599963204,1,interior
0.740104321900625,0.1886492272884078,1,interior
0.5042134230808044,0.23113090046466425,1,interior
0.49897553553982493,0.29405434563369653,1,interior
0.5002296374726243,0.2925753886489971,1,interior
0.6124966246827025,0.1435775763378921,1,interior
0.7564362244467885,0.21284870083914825,1,interior
0.7158064352070058,0.3677871252767544,1,boundary
0.4974313626735852,0.303093884530083,1,interior
0.5077575795435868,0.2118552690184026,1,interior
0.7176332664182857,0.1681304399051892,1,interior
0.5707577944992909,0.15695776987237517,1,interior
0.7336760697834693,0.17732356978391844,1,interior
0.7673006594086473,0.219307463304275,1,interior
0.7581513520414596,0.21503043744393255,1,interior
0.5523278016106453,0.18214129337916146,1,interior
0.7200560925008755,0.16869221616701494,1,interior
0.5002312555893268,0.22923275557273196,1,interior
0.5456553402078446,0.18660021980207617,1,interior
0.5038211761197459,0.22952115361760683,1,interior
0.7154817991072658,0.16665711107389902,1,interior
0.7799024383953663,0.3016808198736793,1,interior
0.7793404015129616,0.29970226333999955,1,interior
0.505414407971724,0.22506939936897735,1,interior
0.5555912144202352,0.1787030450577127,1,interior
0.7525429941053381,0.3396308913535551,1,interior
0.7589193185558897,0.2064464943485851,1,interior
0.5036984280415392,0.31745272262900665,1,interior
0.6020008701348236,0.13785349794905782,1,interior
0.501986050994437,0.22903405711402133,1,interior
0.5577945084003237,0.17057308294408535,1,interior
0.7309570349101907,0.2013586507283663,1,interior
0.7771774418125177,0.2327544686041395,1,interior
0.660801110289484,0.3851568962289807,1,boundary
0.7117422152980002,0.1683694077203306,1,interior
0.770572326489663,0.3258272569290219,1,interior
0.7761257645193784,0.24073299363467107,1,interior
0.78015823864761,0.29225800332721696,1,interior
0.7500046348416252,0.36232039545617684,1,interior
0.6885153385979461,0.15693536459276733,1,interior
0.7333763467802632,0.17456806660176183,1,interior
0.732453322083495,0.17836488974827305,1,interior
0.7521456645017294,0.3426117511636657,1,interior
0.7890983687942695,0.2693770982945799,1,interior
0.5062661209661248,0.33658720591515773,1,boundary
0.7669553034134657,0.32861703159061595,1,interior
0.7502224456118963,0.21223856359796972,1,interior
0.742586268361325,0.3671254474241047,1,interior
0.7499545752540149,0.35442895988858125,1,interior
0.7517367550351367,0.356541356988989,1,interior
0.5967627968290692,0.14657674421022773,1,interior
0.5005760125797459,0.24047644372317598,1,interior
0.7599184725514546,0.21403649512389078,1,interior
0.5086843735559174,0.3346193882785041,1,interior
0.7553513704264236,0.33882898136899076,1,interior
0.7358026085269139,0.37849575048315653,1,interior
0.6643850764330061,0.1478460278825989,1,interior
0.7637045812421521,0.21343806317519343,1,interior
0.6948525999060278,0.15333297204593108,1,interior
0.7647472638945667,0.3387557396906271,1,interior
0.7191342504920782,0.1759150761379762,1,interior
0.5272222784003602,0.19529594877359988,1,interior
0.6356258081529476,0.1450489778148494,1,interior
0.6155240045995167,0.14107961930846846,1,interior
0.6908681428088941,0.15132468279764782,1,interior
0.613868176666407,0.14192180545941233,1,interior
0.49946560104674964,0.3207055508660906,1,interior
0.7610984048374441,0.20311610178308714,1,interior
0.7865981084034477,0.2869633928611054,1,interior
0.739252303149699,0.18727508913884625,1,interior
0.7594070413099782,0.20832070775616648,1,interior
0.7394702842372948,0.1855197432339975,1,interior
0.7486797477454838,0.35001437751456316,1,interior
0.769269251620869,0.22487130869669236,1,interior
0.7529975171419273,0.3540917589317006,1,interior
0.4968106028630502,0.2950059261159567,1,interior
0.5046188902276002,0.21855635217270464,1,interior
0.49016395900428333,0.2797020792668508,1,interior
0.6313044044932755,0.14529386460981575,1,interior
0.7735362776220386,0.22516311799961683,1,interior
0.7790087384993871,0.2640485623092993,1,interior
0.7346267569866722,0.37419881542912403,1,interior
0.5585617198533819,0.17681091071429478,1,interior
0.7171347501170632,0.16669062889815264,1,interior
0.5000953788127787,0.22506905179059866,1,interior
0.5469950491122237,0.18533970534264688,1,interior
0.5581653389290939,0.16844873330819207,1,interior
0.6554696076672634,0.15321984387200066,1,interior
0.4956543706884282,0.30553344693290485,1,interior
0.7794799848047483,0.2895065045587638,1,interior
0.7359352582852801,0.3756976460897634,1,interior
0.739757139286379,0.3757159918559818,1,interior
0.7689766362454384,0.21990070957506686,1,interior
0.5051371922396143,0.212123073975776,1,interior
0.7723997843517139,0.2239615780801774,1,interior
0.5054729795733597,0.33314566506946414,1,interior
0.7524659245586257,0.3475284102906724,1,interior
0.7289711171674765,0.37583674504114695,1,interior
0.7763130486753305,0.23061759483132793,1,interior
0.6178632699111727,0.14071482279994965,1,interior
0.7925298625004111,0.2767321016118404,1,interior
0.7124070009913757,0.1642735623964304,1,interior
0.49845856414706785,0.2859255535297317,1,interior
0.6105952084754923,0.13951804581256672,1,interior
0.7820719912203078,0.28736450283187404,1,interior
0.6041184534413749,0.1374852690912034,1,interior
0.6900977062646295,0.15378276849407252,1,interior
0.7491246413691969,0.35256233890284516,1,interior
0.5413759877842329,0.19183591646476383,1,interior
0.515862906401494,0.3301341230310796,1,interior
0.5632413186713954,0.17631771773846158,1,interior
0.7187079945010724,0.16684640587149838,1,interior
0.6975714591683277,0.15944101050520026,1,interior
0.7688872901737738,0.3225208247199413,1,interior
0.6427594543531079,0.14865264239602038,1,interior
0.4966854014915561,0.2932771689998893,1,interior
0.7300586005135133,0.3778106455453652,1,interior
0.7541405888255576,0.3463483647980405,1,interior
0.7462230882081072,0.3470827368362601,1,interior
0.7778584590399142,0.3092476745486797,1,interior
0.7551606136715268,0.20797506425796808,1,interior
0.5021562481553236,0.3005694436903731,1,interior
0.6271491862348654,0.14326169784372478,1,interior
0.7510513272760707,0.20118281121830012,1,interior
0.7796403540704653,0.2676333670463797,1,interior
0.7757118777556835,0.24388190745696564,1,interior
0.6381145507776829,0.14477938471145008,1,interior
0.5670359822375731,0.15800947469320709,1,interior
0.522969480566476,0.1958364360403099,1,interior
0.7920923238166927,0.2743439804057299,1,interior
0.780777439581373,0.290508871441196,1,interior
0.7056831710025905,0.16966120333556195,1,interior
0.7160818764364556,0.369374786728641,1,boundary
0.7412663082916889,0.18696679720186987,1,interior
0.7666786536106728,0.2331499117285281,1,interior
0.6226496837236789,0.14199022797242458,1,interior
0.758056604080249,0.21335977895462357,1,interior
0.7534582273026662,0.34451164112754085,1,interior
0.7898464284507204,0.28472415055242173,1,interior
0.789199756623276,0.2716565662496534,1,interior
0.5156192407145352,0.20655515800376487,1,interior
0.7152259741765138,0.16437998493621278,1,interior
0.5012461660584052,0.3017852345941087,1,interior
0.7745195396634617,0.24250496086276982,1,interior
0.7366829395579151,0.18158689710846357,1,interior
0.6650260059413734,0.1579686058041651,1,interior
0.5013006282573503,0.3056207127668457,1,interior
0.7795884009794604,0.2622186875553706,1,interior
0.7829199886578155,0.28935077658500835,1,interior
0.5534110850663171,0.17611422907523386,1,interior
0.501563207061622,0.323438887504254,1,interior
0.7484924358235497,0.3551780691954173,1,interior
0.7687061570585201,0.21753162367560952,1,interior
0.7436089679891114,0.202941997724099,1,interior
0.768397977311196,0.3303019455890982,1,interior
0.7938269638215267,0.27869479206547404,1,interior
0.6193750638444449,0.14109600843594522,1,interior
0.5542532478252903,0.18459497944483208,1,interior
0.7846753517907937,0.27182268143573374,1,interior
0.49497588429930905,0.2539447700935658,1,interior
0.5040068614147438,0.22201770542250474,1,interior
0.5096627866535816,0.21200902679424577,1,interior
0.560050000524389,0.16753158066875962,1,interior
0.5001809057994493,0.23736342958982015,1,interior
0.779866885665873,0.29627300820290814,1,interior
0.4958825354959543,0.2970008748622695,1,interior
0.5655296303608423,0.16402605609545903,1,interior
0.6015117731915169,0.13622811559334336,1,interior
0.4973542040298363,0.29875798185547786,1,interior
0.735573802358646,0.17849780814541055,1,interior
0.7883466387550699,0.28394377039346613,1,interior
0.7954734748792933,0.2767794365972085,1,interior
0.5528016669094625,0.1797779822751799,1,interior
0.7038969798914554,0.1630241403958627,1,interior
0.5277831229848146,0.19259286883915716,1,interior
0.7192215165355766,0.1649386398568613,1,interior
0.5236264960315821,0.19960945240108105,1,interior
0.510938905241541,0.334769736980396,1,interior
0.5501966024727246,0.1825368963511869,1,interior
0.5510838795769687,0.18123287962808304,1,interior
0.7741222361322572,0.22304644574993904,1,interior
0.5608244735381362,0.17202802256226038,1,interior
0.715557092610399,0.16154884924948315,1,interior
0.6259795726467366,0.1450589103639559,1,interior
0.6611968491297273,0.3912656141037136,1,boundary
0.6362889908838645,0.14321608243300527,1,interior
0.779688220518124,0.29785804311329256,1,interior
0.5030675914019682,0.31087097545964154,1,interior
0.5313613288917014,0.18981596444830245,1,interior
0.6049863150416197,0.13557302964431503,1,interior
0.5737428798881693,0.15423871928545269,1,interior
0.6155522068736375,0.13878840372906162,1,interior
0.7789839603461346,0.23084283372525827,1,interior
0.7792649696018951,0.23461096294391115,1,interior
0.7585452952029819,0.2117661763555486,1,interior
0.6450226687995101,0.14581750675860128,1,interior
0.5956776035955278,0.14247266351305504,1,interior
0.538022550957436,0.1920642399024316,1,interior
0.5029978551377731,0.3091524466532663,1,interior
0.7363578092117439,0.369374015889166,1,interior
0.7925571289251895,0.2798242895757187,1,interior
0.769286653283427,0.2131928878804438,1,interior
0.7889011728958226,0.28746130611226395,1,interior
0.6538993707849442,0.14964525351960808,1,interior
0.49520144331394667,0.2668146882727295,1,interior
0.5239478652666777,0.20177812871239142,1,interior
0.6133959723066638,0.14013515025682804,1,interior
0.49819174502041774,0.23101537564512997,1,interior
0.49959011379304774,0.28903684763223236,1,interior
0.5554675161166116,0.17022579004901067,1,interior
0.752930386921375,0.20029741853794814,1,interior
0.7699991141372842,0.3162926527567666,1,interior
0.7508315390670349,0.3609927565901135,1,interior
0.621371744743432,0.1410100547611441,1,interior
0.5002513464836914,0.31020627464069084,1,interior
0.6736096852079257,0.15297368655101456,1,interior
0.5610619974984671,0.16634946247149912,1,interior
0.633083368874062,0.14552819581627666,1,interior
0.5017782115441866,0.3164987025397007,1,interior
0.76666122298204,0.3158813287989269,1,interior
0.5215900179513705,0.2023664562374497,1,interior
0.5525189183671648,0.17474096159034272,1,interior
0.6199560803637656,0.13841746134089966,1,interior
0.7376645197550492,0.178632911885325,1,interior
0.4947712532750468,0.27619723248608324,1,interior
0.7702007904460777,0.22771530802504636,1,interior
0.769234889161631,0.3273605522206922,1,interior
0.7649495163690402,0.2167061266235683,1,interior
0.7404439578491215,0.19853862758014543,1,interior
0.7749867252095984,0.2264982532766644,1,interior
0.5055501865388584,0.32576467227856,1,interior
0.7756284617258771,0.3147367239507038,1,interior
0.7271146234264285,0.3765405856090427,1,interior
0.6388378249932326,0.14242471331883738,1,interior
0.783524858031769,0.28790939398489107,1,interior
0.7096683394290971,0.1620846704975884,1,interior
0.7668414811544103,0.21733612124254495,1,interior
0.6150310322330292,0.14295367227085026,1,interior
0.7544086664793315,0.20482541417122063,1,interior
0.4995349815907126,0.242750314035313,1,interior
0.7207318961007261,0.1659144934795005,1,interior
0.7252012947673532,0.17357313229376778,1,interior
0.6966818216996705,0.15479629484997,1,interior
0.4925909750221581,0.2641303811441542,1,interior
0.5064537531911836,0.32412304881554166,1,interior
0.6214146785033603,0.13947830864402094,1,interior
0.4908050514818405,0.26279237050502646,1,interior
0.6842112127998572,0.14851412743085948,1,interior
0.7807011170236228,0.30926478209653463,1,interior
0.7168279314634511,0.16352621094316716,1,interior
0.7238838589006179,0.1712934347803276,1,interior
0.5597484604300373,0.16550667115702988,1,interior
0.72215128771318,0.3716543937588035,1,interior
0.49565550372949846,0.2986226573216689,1,interior
0.7216936801965762,0.3745862235237001,1,interior
0.7862539032449541,0.2728416246421004,1,interior
0.7757477119932004,0.2917759021860062,1,interior
0.7073306344042027,0.1638825279190413,1,interior
0.5938466428804051,0.14727436431946353,1,boundary
0.7791108722134961,0.30640725872901986,1,interior
0.5049721968001306,0.3276804250746096,1,interior
0.7678547447067453,0.21126029698964888,1,interior
0.5008840222101711,0.23473512102236627,1,interior
0.7763909405350861,0.29710026074237544,1,interior
0.761786770374844,0.21442337581578036,1,interior
0.6277274274460919,0.1404878706734561,1,interior
0.6253939697232301,0.1425912963413664,1,interior
0.5088927920727586,0.2099521981203482,1,interior
0.7582948183428123,0.3393491527281333,1,interior
0.7363351484935602,0.3737353617391217,1,interior
0.7505223007579681,0.3483617764468965,1,interior
0.7928527834162628,0.2826147822790001,1,interior
0.4986880253428328,0.2478990749746584,1,interior
0.5487233773734868,0.18507363748820166,1,interior
0.49395629709703404,0.2576801034821316,1,interior
0.4987519329193075,0.22844852979675342,1,interior
0.5038004324889387,0.33194822973543364,1,interior
0.7225969270013164,0.17227864703594695,1,interior
0.4953773454815068,0.2867006522295464,1,interior
0.7282396918946841,0.3741828214798194,1,interior
0.5575576116217711,0.16668764137482633,1,interior
0.6539438521229756,0.151567433043599,1,interior
0.69589653215141,0.16043434636871856,1,interior
0.5067896810027687,0.20980465003475854,1,interior
0.5983936035243285,0.14216995335157617,1,interior
0.6720805069821398,0.150407851719184,1,interior
0.782145303309139,0.2920840151510371,1,interior
0.5024725039677106,0.31838350735787196,1,interior
0.7758439504200642,0.23906871231008078,1,interior
0.570975538517249,0.15308719842062882,1,interior
0.5038913034916348,0.22749513807982102,1,interior
0.5504485799649987,0.18437860672302886,1,interior
0.5538261854160481,0.17182338762887958,1,interior
0.6090180017647853,0.13901487412998798,1,interior
0.7168286904481158,0.37085630233694866,1,boundary
0.5005894951842249,0.31493602538652943,1,interior
0.7855331507080335,0.289108107110224,1,interior
0.5242944237093399,0.19383809985832245,1,interior
0.5416332068883211,0.18907156173212292,1,interior
0.7567776937038114,0.3378864770999157,1,interior
0.7711305716376794,0.22085108042376486,1,interior
0.775874462541257,0.2281642167578521,1,interior
0.750656436754027,0.35015646611296575,1,interior
0.49365229834339425,0.2867156499884751,1,interior
0.725251283398786,0.37457546796778196,1,interior
0.4998552650312774,0.30500757338858964,1,interior
0.7508176208109568,0.3593298382044157,1,interior
0.7680966288593531,0.320701239053457,1,interior
0.7414126420765204,0.18953187765913582,1,interior
0.5013185024361211,0.2232405189400109,1,interior
0.7607549665729756,0.21269287218355384,1,interior
0.7839106978793552,0.2600157104077689,1,interior
0.7940239335027809,0.2811473618677743,1,interior
0.6075650544292096,0.1347084117565806,1,interior
0.7591257390202332,0.21010091630104705,1,interior
0.5062821997825269,0.22035528514508182,1,interior
0.523868392296745,0.19197494960984726,1,interior
0.4926721176800205,0.27854538125682393,1,interior
0.7678436156982242,0.3180011917753192,1,interior
0.6819818650596788,0.1484557039803038,1,interior
0.7913509123531037,0.26991473695689494,1,interior
0.493544953523511,0.2683668849589396,1,interior
0.7224473228387132,0.16842639877917803,1,interior
0.7644249187998668,0.21071329738801073,1,interior
0.7770069036685965,0.28942396842656276,1,interior
0.4934768703006381,0.27531805420118166,1,interior
0.6806359446630166,0.14620385763275878,1,interior
0.7723251887332784,0.23070735582111063,1,interior
0.7025928489140509,0.164297828947061,1,interior
0.6111671283476484,0.13692713879967391,1,interior
0.5133555068656583,0.20486373557982446,1,interior
0.7744967794533909,0.22927991831163932,1,interior
0.7312602479252482,0.37878900771832963,1,interior
0.7796821672986657,0.31165071648107173,1,interior
0.736184871075166,0.1800091768640729,1,interior
0.7316919666983809,0.3803439807717653,1,interior
0.7805088900819938,0.2315611515655242,1,interior
0.785588437711701,0.27057982997438557,1,interior
0.6780551544896383,0.14653274051077955,1,interior
0.6176287117714381,0.13900052598304388,1,interior
0.4972286995416334,0.25028283126188366,1,interior
0.7389934757112352,0.18972930807668073,1,interior
0.7795206436902843,0.31470736151777234,1,interior
0.6827591652417053,0.14715144885126563,1,interior
0.7098224198886384,0.16549067398848402,1,interior
0.736394894485238,0.1850644062192366,1,interior
0.7829589003458254,0.2934094599264821,1,interior
0.642402570853937,0.14554666067543257,1,interior
0.6107380277975035,0.13417832598071022,1,interior
0.5399713817784064,0.1893207094661068,1,interior
0.737916503714955,0.3749516845300208,1,interior
0.7389249826712403,0.18118193707284486,1,interior
0.7716216819487792,0.3274750195653789,1,interior
0.5587583782786243,0.17184252292065716,1,interior
0.4985538381455352,0.30609349916875234,1,interior
0.7720600022652176,0.22235889704322587,1,interior
0.5425983878684435,0.19083825443953295,1,interior
0.5552605705007254,0.17378321630953159,1,interior
0.772495187279587,0.2268472285771606,1,interior
0.499535986319955,0.31680360969087634,1,interior
0.7138962109682528,0.16316374733201047,1,interior
0.6796120858342007,0.14744756424251956,1,interior
0.7827350651557409,0.2683370656466553,1,interior
0.531192526233598,0.1920756132746131,1,interior
0.7218883916251867,0.3698772878122008,1,interior
0.7668380411892369,0.33601511714114013,1,interior
0.5136149550193332,0.20257207250770146,1,interior
0.6404268615208693,0.14887404144694513,1,interior
0.7787724946907483,0.24074490404570859,1,interior
0.5555646269584567,0.17711893664094627,1,interior
0.5046039744598138,0.3241242714060502,1,interior
0.7448928091964229,0.3680557505982093,1,interior
0.7597896484159369,0.33830771427396217,1,interior
0.5026493214249659,0.22124437139218864,1,interior
0.751517644314198,0.3521122306885629,1,interior
0.6121204423395438,0.1381231275243009,1,interior
0.7736488601515601,0.31603926592593407,1,interior
0.5239539377986498,0.1972909305517717,1,interior
0.7711580977141655,0.21921411917683312,1,interior
0.7376056090583145,0.37650963046646363,1,interior
0.7279921216991256,0.17473917439638958,1,interior
0.6234231737980608,0.13898858683936616,1,interior
0.616866707510163,0.13757998007630237,1,interior
0.5538279556119743,0.17776269820512217,1,interior
0.7532248063746372,0.35966761435177186,1,interior
0.5480883485972227,0.18340116004957738,1,interior
0.7770803074972602,0.30241414733213867,1,interior
0.520386432911493,0.19991900955402708,1,interior
0.5507842230253099,0.17780257640414668,1,interior
0.7635704284843836,0.3270058538298307,1,interior
0.6924532642424746,0.15241780717236894,1,interior
0.7584229682839223,0.2008896467829423,1,interior
0.510288237634844,0.2089147659619293,1,interior
0.7543768227144066,0.3494349405604311,1,interior
0.5028596881507446,0.3352116993903149,1,interior
0.7595130579427498,0.20264992993406372,1,interior
0.7212640279141644,0.17147683588448814,1,interior
0.7670914803103319,0.208395585332431,1,interior
0.7676711403699765,0.33810335446230905,1,interior
0.49983092231005327,0.22105336523298588,1,interior
0.5634838119147745,0.16346125287632093,1,interior
0.49791970257108614,0.2912574998394162,1,interior
0.6264993756412989,0.13772295117857192,1,interior
0.4990686756038815,0.2354902942101473,1,interior
0.49614861991154985,0.2685241137266493,1,interior
0.5263729258320393,0.193262306097642,1,interior
0.720459913190191,0.3719884026717873,1,interior
0.5031253157347543,0.21223532928225125,1,interior
0.4999950003314808,0.2271515743526994,1,interior
0.7707556573282769,0.32884992683901304,1,interior
0.6294707579129499,0.14384754294321045,1,interior
0.7712071219522173,0.31766740063819615,1,interior
0.49170751243901917,0.2763821551315707,1,interior
0.7464148684048274,0.363549349749757,1,interior
0.6087408598198868,0.13305951331808727,1,interior
0.744385104022516,0.3648797597504555,1,interior
0.5678329705292968,0.15671247048457304,1,interior
0.603088752748943,0.1358929555046982,1,interior
0.6349559578394094,0.14654236016314062,1,interior
0.7355647014235801,0.1756451740932594,1,interior
0.7551712011826589,0.36045811510041176,1,interior
0.6774081074024517,0.1442526085308014,1,interior
0.7569645104018785,0.34017703446412323,1,interior
0.5142763182886338,0.20946736391154366,1,interior
0.7661340020647703,0.3323102142105406,1,interior
0.5995506773214911,0.14075742110267864,1,interior
0.7536885603002881,0.3414829150089215,1,interior
0.4972968991295187,0.225896944402588,1,interior
0.5643651159533394,0.1651522973897298,1,interior
0.7391712051083833,0.17964454764250984,1,interior
0.7822949514687542,0.23087929902639484,1,interior
0.6513389437240783,0.1486267804803442,1,interior
0.7726753839900029,0.2202813249689275,1,interior
0.5012267452696343,0.2122639703542734,1,interior
0.7483788087708412,0.3619916973409231,1,interior
0.7719938641297069,0.23829756815122066,1,interior
0.5020885744827812,0.21587861495403357,1,interior
0.5529909425546274,0.16913457610451485,1,interior
0.755349398394553,0.3442630551768836,1,interior
0.7523916162299493,0.34596288550071413,1,interior
0.7599758065459622,0.2006963632450642,1,interior
0.5953959396267906,0.14504021236881287,1,interior
0.7518891388673499,0.3633337075672795,1,interior
0.4988688438727656,0.32253010737832577,1,interior
0.7238991107023903,0.16903936901570374,1,interior
0.5070971738083142,0.3260991095633082,1,interior
0.6324580042151142,0.1438897032078376,1,interior
0.7385320821860168,0.37797478925104677,1,interior
0.4988455658382027,0.22313400807226264,1,interior
0.7656555992780857,0.3415985147498535,1,interior
0.7777389136086398,0.23932734095890812,1,interior
0.7679420575535887,0.3407019459637392,1,interior
0.7471151079960641,0.3603328172695001,1,interior
0.7647490085916039,0.32530396929050653,1,interior
0.49817806823858113,0.2897299407235445,1,interior
0.7339451457147766,0.3793955243093084,1,interior
0.5069010141192387,0.31223646533691746,1,interior
0.4906681260825563,0.26797139125238567,1,interior
0.5718141090908376,0.15461485215032014,1,interior
0.7521348674407187,0.19821009870217834,1,interior
0.4906425804322459,0.2647150665445941,1,interior
0.7086749718387506,0.16678127932846115,1,interior
0.7414629094568828,0.18545569081144742,1,interior
0.7488090373135969,0.3581263715635729,1,interior
0.7640273367663065,0.34178571376040356,1,interior
0.6855751994749517,0.1501923302529978,1,interior
0.7911562152817485,0.2812250922195162,1,interior
0.6392036338510583,0.1522947116606463,1,interior
0.5008240238676992,0.3131746558412292,1,interior
0.7806622286712601,0.29380864803265716,1,interior
0.6554369295701823,0.14955119793810673,1,interior
0.7714175471938592,0.2162879950128943,1,interior
0.7613074532189671,0.20863090594078618,1,interior
0.7863763415988406,0.25696323990086556,1,interior
0.5231835129269702,0.20413507422837185,1,interior
0.5511065125134504,0.17254209700311085,1,interior
0.7811321938440265,0.31114765987655446,1,interior
0.5434629573836994,0.1875355972664723,1,interior
0.49994880617447596,0.325411388333122,1,interior
0.49985513613934807,0.30747216237864267,1,interior
0.6182913199250639,0.1359927447133207,1,interior
0.49736459053912335,0.2295076085949848,1,interior
0.569207573063235,0.15392308057822782,1,interior
0.6851950729202492,0.14616281495285988,1,interior
0.7964662080269763,0.27807583255547513,1,interior
0.7818933464586912,0.26284295946537695,1,interior
0.6218219877811084,0.1434556701602781,1,interior
0.49559537981913443,0.3009814920689944,1,interior
0.5526704796789259,0.1728138887346482,1,interior
0.7837158006942172,0.25362844526832357,1,interior
0.6472768508342059,0.14364422875824912,1,interior
0.5053829590111345,0.3112444407319589,1,interior
0.7684310069753338,0.3160964931164361,1,interior
0.7941028167953672,0.27527368177536077,1,interior
0.49964942278923147,0.23927101615560276,1,interior
0.77835775136794,0.2290857076492494,1,interior
0.7832249844938687,0.3100244514042621,1,interior
0.6094997515233148,0.13572335800516525,1,interior
0.7937812483021218,0.268936818210698,1,interior
0.7819869150273036,0.29657372044319713,1,interior
0.5031857662369913,0.32542278102540423,1,interior
0.5515942546088181,0.17015015005097503,1,interior
0.7650540349597884,0.22501751812404047,1,interior
0.7292724189894713,0.17745429248783345,1,interior
0.4977965540559872,0.2329308742295903,1,interior
0.7811381855390437,0.29979732504914614,1,interior
0.5055028791185691,0.3315477695215658,1,interior
0.6418247194538332,0.14733979187523058,1,interior
0.7552943799425229,0.3407893653174251,1,interior
0.7543790794640457,0.35747819216997195,1,interior
0.7243645662098627,0.3723823850441645,1,interior
0.7601080990736364,0.1985476406188084,1,interior
0.7409608868251313,0.18189048608055988,1,interior
0.5219569742352196,0.19758496384084095,1,interior
0.7773421723033119,0.22764466513845194,1,interior
0.5627392632910991,0.166625262976514,1,interior
0.7921730371688765,0.2724823981527506,1,interior
0.6619770232266365,0.14781101285949086,1,interior
0.6218204043816918,0.13725481799121417,1,interior
0.6122796154137073,0.13478688448211004,1,interior
0.6249918264766892,0.14003348860118817,1,interior
0.4997196299984316,0.31902454410903236,1,interior
0.7585855566256453,0.19914246683189787,1,interior
0.7614645763335479,0.3407198184431368,1,interior
0.5030581119439537,0.32040123238037177,1,interior
0.7276139552640182,0.17622116806960844,1,interior
0.4956762593336932,0.3028742482596756,1,interior
0.6435612608289307,0.14730385093527237,1,interior
0.5623735732496212,0.16471846790368438,1,interior
0.7433247203873988,0.190780775012441,1,interior
0.663977977429263,0.14950348232297953,1,interior
0.7367822634239081,0.37982358668310556,1,interior
0.5656465064900457,0.1618573858735023,1,interior
0.7959725442683102,0.2805547053622835,1,interior
0.7184313322516438,0.37133980008220047,1,interior
0.6337592251837709,0.14307485476471715,1,interior
0.7202002963582469,0.16335346377989343,1,interior
0.5991214543888502,0.1369886453986435,1,interior
0.7578942629726213,0.34167376077706596,1,interior
0.7482835190175098,0.1954635652644051,1,interior
0.768578879705859,0.3322206053676852,1,interior
0.7725935938144403,0.21829538755806174,1,interior
0.7805633482204855,0.23984954983178933,1,interior
0.4939308154573168,0.2900264296257752,1,interior
0.7237873511794218,0.373936802259574,1,interior
0.7562184492188366,0.2013720213453177,1,interior
0.7819761389628254,0.24940451815810105,1,interior
0.5045238735277224,0.21364531710316756,1,interior
0.6293787393630375,0.14207689808863605,1,interior
0.7547838962615048,0.35590500032481565,1,interior
0.6632243591787742,0.3929182769344918,1,interior
0.678987325407035,0.14488399685034567,1,interior
0.4932348573999448,0.25551587994206376,1,interior
0.7563972514981931,0.34255798985534924,1,interior
0.760004767732921,0.34021225199145866,1,interior
0.7739505808526992,0.21921003048764556,1,interior
0.7248658211759504,0.3706741269326032,1,interior
0.6021047822118338,0.1346899884001481,1,interior
0.7612729510216479,0.19585823857167153,1,interior
0.7025057220985481,0.1614925919520493,1,interior
0.7226918453502811,0.3760377726143492,1,interior
0.5451754031326971,0.18448032138231796,1,interior
0.703666573652739,0.16030499333836504,1,interior
0.4997833647789923,0.2905548057344662,1,interior
0.702694212181918,0.1587441689039605,1,interior
0.7612899308913749,0.19968260154013737,1,interior
0.7787006214100172,0.23806041077856968,1,interior
0.7847027575584655,0.2692274773093583,1,interior
0.5137733438250339,0.206930263932438,1,interior
0.5037961967655524,0.33744899715529564,1,boundary
0.6599214249295747,0.14707584789278247,1,interior
0.4954360589921088,0.2921991801374729,1,interior
0.7661200342737524,0.21084525792898234,1,interior
0.721120938602251,0.1675448796370619,1,interior
0.5123681103153489,0.20788765469606996,1,interior
0.48940818809387354,0.2690742763657324,1,interior
0.49510818197056744,0.29444231094342305,1,interior
0.6409406819680801,0.14371160725789375,1,interior
0.6003680423424163,0.13461982925512517,1,interior
0.6139524550127317,0.13864190841487609,1,interior
0.7229886867632441,0.3783872731186139,1,boundary
0.5478676661074957,0.18738834153082504,1,interior
0.5007367732951663,0.31780261138747234,1,interior
0.7623634884737025,0.21161091943803123,1,interior
0.5452086910409031,0.18819022270718228,1,interior
0.7458987900545777,0.19164945886433216,1,interior
0.7835266907736856,0.2665023558268006,1,interior
0.7754612578563281,0.317289955452345,1,interior
0.49771151486799425,0.21984311116513916,1,interior
0.722135067541059,0.16499990873799938,1,interior
0.7774357976857614,0.23552760450540644,1,interior
0.49440369673638274,0.260741886069727,1,interior
0.7405741850006369,0.3740826710868555,1,interior
0.6300510950537644,0.1402908088498128,1,interior
0.7541668992616303,0.36317157012368406,1,interior
0.49538434238196516,0.22152379531640137,1,interior
0.49575121736435085,0.22688966752935355,1,interior
0.7407766243395092,0.36735189067807433,1,interior
0.57279931983404,0.15611134002930022,1,interior
0.566990297345129,0.15525908551566628,1,interior
0.674134709402826,0.14884247484162483,1,interior
0.7236026764602551,0.16729025114513246,1,interior
0.7654821715658858,0.20763897822978997,1,interior
0.4956545939496094,0.2568351076143608,1,interior
0.7779623772160453,0.31570907125000425,1,interior
0.7804646516637256,0.2417654873011149,1,interior
0.7056727214581249,0.163651407461122,1,interior
0.5019233571823142,0.33219600231183005,1,interior
0.5296380610377074,0.1917089114988012,1,interior
0.7737096150003138,0.3181010679330147,1,interior
0.7284329775085324,0.1723979639244073,1,interior
0.7115064073093339,0.1625733965607627,1,interior
0.6656533155512782,0.39226130315381996,1,boundary
0.5565682892201862,0.16812769592251248,1,interior
0.5404981910110678,0.18635736515424578,1,interior
0.5043697186902227,0.22021332418137773,1,interior
0.4972812475300795,0.21730649995153223,1,interior
0.7052136593516332,0.16189629881009474,1,interior
0.7048440437441845,0.1588020142999561,1,interior
0.7800117462522019,0.30351288594626913,1,interior
0.4992718028109606,0.2168077747062084,1,interior
0.6694634743338755,0.14716264615686664,1,interior
0.7833243903972275,0.24275145542862034,1,interior
0.7418515611487736,0.1793866353625173,1,interior
0.6859633213992764,0.14454376911206282,1,interior
0.788182529241065,0.2667537688227116,1,interior
0.543753709779818,0.1855307173907575,1,interior
0.7831160428507312,0.25795618605268233,1,interior
0.7707483178278963,0.3198477949173384,1,interior
0.5012769821671594,0.33657200166866996,1,interior
0.4927783250587487,0.2618569601170497,1,interior
0.6238513011259116,0.13612222853693673,1,interior
0.783092062475958,0.2861736686803529,1,interior
0.7074238421547536,0.15968236867312763,1,interior
0.6487370088974952,0.14466119930457888,1,interior
0.4936864106166493,0.2884105583991461,1,interior
0.5431368753708817,0.1825817010432928,1,interior
0.4974412533118791,0.2415764641121062,1,interior
0.4876749579775838,0.2698024327785003,1,interior
0.4906675864473794,0.26057771972769317,1,interior
0.4967153633298468,0.3205320786429905,1,interior
0.7862428718235713,0.2689128823594824,1,interior
0.5102524550657221,0.20618851391794416,1,interior
0.5122338267578624,0.20621460397250885,1,interior
0.5654612800269201,0.15696827791568538,1,interior
0.7859694511231804,0.26618336590354386,1,interior
0.7698197396048733,0.33126968298327597,1,interior
0.7306679980089481,0.38319389939531584,1,boundary
0.49407263844672417,0.2647255203915357,1,interior
0.7310199021545398,0.1767782998548357,1,interior
0.5295916834601306,0.18994850117538442,1,interior
0.5418617287798948,0.18551117521213378,1,interior
0.5986269073850133,0.13916304196565554,1,interior
0.7924646863569194,0.2853989739710608,1,interior
0.7414919396439181,0.36544126347016165,1,interior
0.5970070537186382,0.14112946376849178,1,interior
0.7425239879402533,0.3687111921857043,1,interior
0.6589470626372992,0.14847896219431558,1,interior
0.49353624823763037,0.2772847306302101,1,interior
0.5052277262726043,0.20936136447620612,1,interior
0.5022897519676631,0.33058985471776864,1,interior
0.5416063977891674,0.18749823373457847,1,interior
0.7817411180595178,0.2982729379214981,1,interior
0.5935238007922898,0.14522409682947623,1,boundary
0.4979475856199394,0.24448875635411862,1,interior
0.5186937171646343,0.20648744019094264,1,interior
0.7001260699305878,0.17601372376747895,1,interior
0.7031625038769931,0.15695196623745167,1,interior
0.48913406160900924,0.2724247511061367,1,interior
0.7872678951458726,0.2889823939683318,1,interior
0.7804445081162937,0.23830653469397275,1,interior
0.7841217505074725,0.25190535424886645,1,interior
0.7877225083169607,0.25526067599701374,1,interior
0.5578153013767845,0.16518786324848608,1,interior
0.5505565012958376,0.17930951783465515,1,interior
0.7867862426296802,0.25860725981617877,1,interior
0.5012841855287928,0.23621042960791352,1,interior
0.49365147579542584,0.30014218794394504,1,interior
0.4885639962151938,0.26135926510569163,1,interior
0.7814355113604323,0.243783855073303,1,interior
0.5935393594719609,0.1433312641896404,1,boundary
0.7849169056223154,0.25820343879644264,1,interior
0.7066084989137962,0.15822657113365188,1,interior
0.5219696984934065,0.19358943969083622,1,interior
0.647195071139125,0.1505837669318412,1,interior
0.4970655361272365,0.22177024399032022,1,interior
0.49871326588658116,0.21869466840776874,1,interior
0.7811702432553839,0.24784315883369046,1,interior
0.7469371323385253,0.193542653431717,1,interior
0.7007890778540018,0.15854664901313145,1,interior
0.5196643747069136,0.20387297933935328,1,interior
0.7888881703942089,0.2588160890812452,1,interior
0.48890943123610353,0.28181762720820874,1,interior
0.7741905747175415,0.22143584618384446,1,interior
0.720190331302412,0.16133376114303724,1,interior
0.7047421043848108,0.15582546925239082,1,interior
0.7814715531625982,0.24622072108598844,1,interior
0.49805832840337827,0.3080756461000702,1,interior
0.7295591568829747,0.1750393868583425,1,interior
0.7790144940385488,0.3080467511584341,1,interior
0.7402391005921755,0.3785045809956752,1,interior
0.639642071059217,0.14471404594328247,1,interior
0.6036646889847672,0.1341725568805998,1,interior
0.5166127706291113,0.2042102445932536,1,interior
0.7936644746918442,0.2711972248081774,1,interior
0.7898307749091364,0.26581935534834766,1,interior
0.5038691591764799,0.3292582780538446,1,interior
0.7307933789772431,0.17289108618835022,1,interior
0.7801915196031887,0.2279091503970277,1,interior
0.7733239164608641,0.32739963375338,1,interior
0.7695862603543101,0.33943790755792025,1,interior
0.5418032510653762,0.183578980717349,1,interior
0.5357244735349408,0.19047691648784418,1,interior
0.784318981252297,0.2483741413142828,1,interior
0.7838114631597086,0.2956872808410148,1,interior
0.7251414924482659,0.37851823182890854,1,boundary
0.7544235015526946,0.35144182885673597,1,interior
0.7186457813370382,0.16335651604869952,1,interior
0.7322160179750703,0.17562773369628842,1,interior
0.6890307256809534,0.1491336152423469,1,interior
0.5008990691295556,0.3350173982536776,1,interior
0.6964212033011931,0.15801411545738472,1,interior
0.5266613553788035,0.1914946182384114,1,interior
0.6862502365588721,0.1479296586696175,1,interior
0.7795877880014656,0.2364975772834347,1,interior
0.7842357159292864,0.2454010279230558,1,interior
0.7706656768885687,0.21142902969499036,1,interior
0.7891581715382271,0.25593471007362867,1,interior
0.5968657920379666,0.13712745854942926,1,interior
0.7692771366856411,0.33483211763564347,1,interior
0.788211493361838,0.264957766664755,1,interior
0.7716915732705965,0.32264161498146016,1,interior
0.6270386416088831,0.13578505634816482,1,interior
0.737691644694756,0.3820139752847608,1,interior
0.784755912928754,0.26476431984235654,1,interior
0.7074734378779141,0.16187360669031667,1,interior
0.7381150670449969,0.1846640345944779,1,interior
0.4931694705728572,0.29197589672943,1,interior
0.7843970090871667,0.2918487482958804,1,interior
0.7260947633478697,0.17122261176905856,1,interior
0.7691296732897025,0.21598610447586084,1,interior
0.7327411619582436,0.1716297641650912,1,interior
0.7619022644443397,0.20176582781543986,1,interior
0.7749300250942656,0.21654610040993,1,interior
0.5016512899030482,0.2180062545455191,1,interior
0.7628265358733409,0.209594741155584,1,interior
0.7829638624052742,0.24664100724504529,1,interior
0.6454327393951719,0.142822588228695,1,interior
0.5510549083562334,0.16842467753582757,1,interior
0.7602613183861069,0.3429564385443944,1,interior
0.49025029038397977,0.27791389178504994,1,interior
0.7093687949344999,0.15874611526356405,1,interior
0.7946459058316018,0.27384095222973015,1,interior
0.4984754592773198,0.337189222120439,1,interior
0.5121737206262907,0.20340073605368403,1,interior
0.49322396141241526,0.2975744153217206,1,interior
0.7502028503822677,0.36458645177789234,1,interior
0.7504549495899457,0.19591979818563368,1,interior
0.7269904679423315,0.1732842579759504,1,interior
0.512504628275658,0.2009606500446031,1,interior
0.7354365611762151,0.38067018341250614,1,interior
0.6995421257669638,0.1571572375219209,1,interior
0.6604804094050707,0.1635043658863737,1,interior
0.49045918468473504,0.2846107588808686,1,interior
0.4978711800907495,0.2390986268269167,1,interior
0.7806319349254228,0.2655320443247667,1,interior
0.5459010430783845,0.1817664482201615,1,interior
0.49389606746067416,0.25246419453059465,1,interior
0.6661227835391751,0.1478827266317239,1,interior
0.6308659651893765,0.13826464338902467,1,interior
0.5012948081646952,0.32883158193214235,1,interior
0.7396091846458687,0.37070614483037395,1,interior
0.7820918571665368,0.2384985926417541,1,interior
0.6008770135288435,0.13282471679956767,1,interior
0.49973745826460264,0.33821887682640056,1,boundary
0.7563347086021602,0.3456396193313747,1,interior
0.7354136693170712,0.17337990940933945,1,interior
0.5003690516628669,0.33116336727957213,1,interior
0.7699091254579563,0.33333412857769057,1,interior
0.790126024086203,0.2894802179543674,1,interior
0.7622027178842403,0.1971060316252611,1,interior
0.7830520263171162,0.3080263252578411,1,interior
0.5224401351248691,0.20093614561208395,1,interior
0.7855421107699191,0.2424650161354118,1,interior
0.49412510529010023,0.3026684129916789,1,interior
0.795072305028267,0.2701810375936181,1,interior
0.7336170494835742,0.3819017170979425,1,interior
0.7825183981950466,0.26533039107296597,1,interior
0.7875320481067776,0.2531197950833282,1,interior
0.5142366031519355,0.20002543035741052,1,interior
0.777308449400504,0.3114803113800023,1,interior
0.6944583830756428,0.15175880674020611,1,interior
0.4971364172654618,0.224374368440843,1,interior
0.7832185981019252,0.2638847669282645,1,interior
0.6466290367048687,0.14792607838948807,1,interior
0.7395541389256459,0.17734933834020486,1,interior
0.7787508539755172,0.23313766253310933,1,interior
0.7464857698043308,0.36635049314420626,1,interior
0.7423793060987443,0.18813987121984005,1,interior
0.6462941813852707,0.1407789709267784,1,interior
0.7437698336900834,0.3707805246951276,1,interior
0.5022316847602117,0.33375054720889746,1,interior
0.7699452954069088,0.23754547210764906,1,interior
0.6400524172982879,0.14624298127539503,1,interior
0.5100086030601864,0.2022888901464045,1,interior
0.7858270621609043,0.2600339842769383,1,interior
0.5002767414699023,0.21906639427973426,1,interior
0.7842777877111189,0.2409219852877151,1,interior
0.7690070112814127,0.2092840844501601,1,interior
0.4870604046183595,0.2628399489577118,1,interior
0.7561540469515775,0.35453345668644987,1,interior
0.7544748399264743,0.3428176025757198,1,interior
0.7918375932248577,0.2545284618182161,1,interior
0.5280194875739176,0.19074536085453386,1,interior
0.6025188093784356,0.13283231046895033,1,interior
0.4957196223568228,0.29026101878673266,1,interior
0.49174550533757166,0.30124340866582305,1,interior
0.49770154882521556,0.3168993215530422,1,interior
0.4948071627533069,0.31710609517683525,1,interior
0.4965930738113373,0.30697625875551277,1,interior
0.7492402152526487,0.34681086910779607,1,interior
0.6282650526261542,0.13306716454763604,1,interior
0.5146454826223317,0.20403272546818718,1,interior
0.7757856225308086,0.2228060068377166,1,interior
0.5028192425127901,0.21932607525923492,1,interior
0.7290948919834795,0.38026437825727744,1,boundary
0.49687450933357713,0.23703421721292206,1,interior
0.7883071825694675,0.29075658081775035,1,interior
0.6246908490477081,0.13805180240520648,1,interior
0.5395127645209328,0.1842603486202377,1,interior
0.7218535020295708,0.16238919553316006,1,interior
0.7585753000048728,0.34393805455999044,1,interior
0.7880382286770451,0.2421473146322029,1,interior
0.7644708732659329,0.34025068969663175,1,interior
0.7872534503591596,0.2439448189085487,1,interior
0.7750684357580356,0.2149997516517428,1,interior
0.7435165826104416,0.18594934984901682,1,interior
0.7570940381477964,0.35910594034437815,1,interior
0.4951799782621658,0.22408313499403992,1,interior
0.7916898989430787,0.2566656910072502,1,interior
0.7557519937372472,0.3504821636012206,1,interior
0.7810347316783758,0.3072905867678813,1,interior
0.4930444915491549,0.3052936619095997,1,interior
0.7600747023446223,0.3461875560046748,1,interior
0.49208281648778346,0.285406387542009,1,interior
0.780066872284503,0.3163674814072795,1,interior
0.7785259542689121,0.3174512097857231,1,interior
0.5195341897804654,0.2014197543437457,1,interior
0.49485640703731737,0.2294602059628391,1,interior
0.7527153889263475,0.3498962069145143,1,interior
0.7825630491726211,0.2614678615467307,1,interior
0.4901858193730613,0.2827707955998845,1,interior
0.6204358213864726,0.13604870973633118,1,interior
0.4976963271638343,0.31025483740423687,1,interior
0.5610271413502548,0.16221962492524278,1,interior
0.7201425481996871,0.37374986150096023,1,interior
0.7832678042685752,0.2997663029739349,1,interior
0.49496138113602456,0.21825877248481693,1,interior
0.5170298445604619,0.20249128938947278,1,interior
0.7850088678953305,0.26771573272447624,1,interior
0.49069203860433575,0.29855170268220355,1,interior
0.7732957863650806,0.21542763532135528,1,interior
0.714668433639839,0.17005380366294945,1,interior
0.7479015083677782,0.3643799438260497,1,interior
0.7087792417589783,0.16338157281721802,1,interior
0.49090861100781596,0.28660984118670363,1,interior
0.695117968235252,0.14981050362699003,1,interior
0.7961391530213956,0.26899913758721095,1,interior
0.7425162982418815,0.18280308678720886,1,interior
0.5153421817829393,0.20258572964539853,1,interior
0.4944012225435206,0.2961287070021682,1,interior
0.48818993186551785,0.2589388756569176,1,interior
0.7565817652008091,0.36439772836506684,1,interior
0.6890413797028861,0.15087588746224248,1,interior
0.7704901730436974,0.20793341188636041,1,interior
0.7616583853369876,0.2063977027086546,1,interior
0.7651501165100513,0.20922800314467266,1,interior
0.6832078006593107,0.14413627115908195,1,interior
0.7013434122912217,0.1560806684718318,1,interior
0.6974783706086467,0.14870630779027327,1,interior
0.4946752229349532,0.3204014305271683,1,interior
0.6723082513164262,0.1487844756292049,1,interior
0.6753969266745471,0.14788692577582171,1,interior
0.7707949593975234,0.3240913866302928,1,interior
0.7812932831664683,0.23385362021915512,1,interior
0.6504776084849789,0.1469712432516693,1,interior
0.497089584911299,0.2276497304099099,1,interior
0.6103396166198668,0.13120975512658772,1,interior
0.6015789606156298,0.13066414578038524,1,interior
0.790463519613216,0.26413421510511836,1,interior
0.7023237544713736,0.15485784377287043,1,interior
0.49605043473122745,0.3098384224320336,1,interior
0.4906800928893156,0.2588297771834497,1,interior
0.7677305559244563,0.3431543111738318,1,interior
0.747747119837416,0.19212383030795724,1,interior
0.6479316284948468,0.14156370795683085,1,interior
0.7525578246568755,0.3648233739835749,1,interior
0.7420030125996017,0.3704613148929075,1,interior
0.5282334923258811,0.188373912658742,1,interior
0.7667549642256146,0.206534686894996,1,interior
0.7857227939263741,0.2910282226141631,1,interior
0.697198987067767,0.15661834691587717,1,interior
0.4852077378215113,0.2686326814298516,1,interior
0.7825875294965889,0.24080733440886648,1,interior
0.7703644923428621,0.3216559061464107,1,interior
0.6879416500390368,0.14566461816296436,1,interior
0.4889727101815005,0.2706700901562843,1,interior
0.692902198018753,0.14910431273045238,1,interior
0.49211600090431223,0.2880405530564603,1,interior
0.7859727960767364,0.263647878025073,1,interior
0.5368474510861396,0.18789635049320885,1,interior
0.7710137006749346,0.20945311841246908,1,interior
0.7799159472879703,0.24366770986896952,1,interior
0.4933592141118982,0.21668060091914154,1,interior
0.4992874446612935,0.21494233348465192,1,interior
0.49731583853968564,0.2354389537258776,1,interior
0.6145857053489053,0.13661394238395522,1,interior
0.4958381921471612,0.24118636711800434,1,interior
0.6990567433635982,0.15443486840676143,1,interior
0.7872616574174827,0.2625801721790927,1,interior
0.48524796419502525,0.26603380598121557,1,interior
0.4966975244259476,0.24322950285295628,1,interior
0.49881134140638733,0.31534832922225253,1,interior
0.6399275486469075,0.13982830340218433,1,interior
0.6532051526118046,0.1481720024720102,1,interior
0.7109995796694879,0.1610043764033728,1,interior
0.7347300484469601,0.38304914547300967,1,interior
0.5392772152882686,0.187939349409591,1,interior
0.6814657254913471,0.14315561234383312,1,interior
0.4920611498758369,0.2567599534320149,1,interior
0.7845855008782667,0.23910381775576475,1,interior
0.6065639652479456,0.133369202609882,1,interior
0.7906571272544427,0.2617823986183293,1,interior
0.7870073599367445,0.2509359349488547,1,interior
0.7845848848901357,0.2983124288486464,1,interior
0.7390617067696464,0.3809252398991928,1,interior
0.4951912066305036,0.23368000251164828,1,interior
0.7904505947641014,0.28668357245161047,1,interior
0.7281605126415694,0.3779878119669885,1,interior
0.7919849109031045,0.289133121666804,1,interior
0.7114962177474303,0.15937389561257245,1,interior
0.7858354245474537,0.24580509769759415,1,interior
0.7684795155831381,0.20650831742391526,1,interior
0.5642699277940979,0.15401518506384915,1,interior
0.7607167940356601,0.21048359690208404,1,interior
0.7846343845397964,0.2618452411831817,1,interior
0.5054406670061897,0.20765929735175476,1,interior
0.7627798616767533,0.34292044431613045,1,interior
0.7495319916153076,0.193507310386608,1,interior
0.792254533384779,0.2869225893475256,1,interior
0.6076194118245883,0.13041548466365507,1,interior
0.521028619692512,0.19627371763732715,1,interior
0.6909795051137394,0.14868366885474507,1,interior
0.5968766266751588,0.13919493407910014,1,interior
0.5073944999618195,0.20735015601300438,1,interior
0.4922620168428493,0.21514592803205312,1,interior
0.7809155149168433,0.3177031163612522,1,interior
0.4878148349193542,0.28300035866620954,1,interior
0.7707014509292115,0.21463752107750952,1,interior
0.4914074839631829,0.3028738816984788,1,interior
0.7090569133505997,0.16053918981535475,1,interior
0.6901850643565588,0.1469381402191266,1,interior
0.49458303676998955,0.30440238858798035,1,interior
0.49491267989774157,0.24965716035217578,1,interior
0.7231631876921587,0.16350511503514523,1,interior
0.7805272558289406,0.30564418373357655,1,interior
0.5603335160526525,0.16381086487001406,1,interior
0.7826883079072007,0.23466270989269586,1,interior
0.7404633701516262,0.1841362764466632,1,interior
0.5092338821789679,0.2076238300889591,1,interior
0.6572281294651193,0.14607359214652435,1,interior
0.5081916839955821,0.20512904641087162,1,interior
0.7731918644603885,0.32970360941218335,1,interior
0.6505312602156323,0.1447599357779767,1,interior
0.49424399450120327,0.22649528496451724,1,interior
0.5487371066677977,0.17142927260097968,1,interior
0.7747488637755044,0.3204287982736872,1,interior
0.7413711575782937,0.37570581049802954,1,interior
0.5015252695943528,0.3254714311363937,1,interior
0.7647258259124953,0.19781771652049904,1,interior
0.7502399734614191,0.3662292843823889,1,interior
0.5420363367271998,0.18033162308542788,1,interior
0.7523178851648138,0.21248078706302923,1,interior
0.7768611225269536,0.3181876030596103,1,interior
0.49468667179845344,0.23818738477005463,1,interior
0.49150587377643157,0.2970831320274862,1,interior
0.7220149146901648,0.16052611453977234,1,interior
0.7763157830814859,0.31969262438025353,1,interior
0.7165511120742507,0.3726142984541487,1,boundary
0.4878904991536973,0.26529907632625976,1,interior
0.772605180661053,0.32518180897374543,1,interior
0.49652118939280077,0.24840049903641084,1,interior
0.7960261362454728,0.27298763423236294,1,interior
0.5002601423070044,0.33339961010461194,1,interior
0.7463256105394771,0.37111546294099473,1,interior
0.7407730402996913,0.3821801063055144,1,interior
0.7833786288592457,0.23196752877800383,1,interior
0.49803930989261086,0.3190951415181035,1,interior
0.7610069162586569,0.3448365284270848,1,interior
0.7758104998872534,0.22446455605458152,1,interior
0.5955542929398981,0.14065559371028435,1,interior
0.7751366598529646,0.30397063374166355,1,interior
0.5088684217390311,0.20033763652457798,1,interior
0.4975992764524014,0.21388420359172355,1,interior
0.5400748137450794,0.180138863265957,1,interior
0.7647199847363941,0.20564468635335423,1,interior
0.4913662193194781,0.2532583248085942,1,interior
0.6328662168385425,0.13937499770363362,1,interior
0.7940395197528067,0.2860730582718264,1,interior
0.7968101901588455,0.27553807667369,1,interior
0.6464658568968289,0.14504430545315986,1,interior
0.6731879833644916,0.14626697318019835,1,interior
0.7788552360895603,0.2951323350144622,1,interior
0.4965348929091189,0.3229035005476587,1,interior
0.7348291333141409,0.3846332643963669,1,interior
0.7845192592511461,0.2936853572539988,1,interior
0.7178925118921067,0.16049414820702268,1,interior
0.7792114108738035,0.22638909924469966,1,interior
0.4996086747339313,0.2335471852327342,1,interior
0.7558354477933199,0.36617662563957654,1,interior
0.5025771249740658,0.32786383438332733,1,interior
0.49029763548361427,0.25718242564963245,1,interior
0.7731235969403691,0.3196889195005962,1,interior
0.7671881398236116,0.19867125875785763,1,interior
0.7567691841085779,0.34913760227054047,1,interior
0.5019563881122223,0.21391698437382853,1,interior
0.5717754599249332,0.15160473585510797,1,interior
0.7383356137339884,0.17640254977482403,1,interior
0.7633643235337443,0.20129434830036505,1,interior
0.786535592045982,0.2934862955898546,1,interior
0.6798904963274378,0.14265435893494657,1,interior
0.7713312016023691,0.33095746326554026,1,interior
0.7814390769902788,0.3029791155676405,1,interior
0.48894454962347167,0.28524881354219833,1,interior
0.7498927198148911,0.19139660372206968,1,interior
0.6620702757606722,0.14530902286900532,1,interior
0.754186747711171,0.3650775093784689,1,interior
0.4871872413911612,0.2715183466886309,1,interior
0.7642486526059814,0.1950941277742262,1,interior
0.7464528095313697,0.36803548300224764,1,interior
0.5285637347146177,0.18599196198869664,1,interior
0.6367199882671367,0.1411109911429978,1,interior
0.7295332555741024,0.18079519233556948,1,interior
0.7238703552457032,0.1608485282160384,1,interior
0.6441939326284741,0.14076226654982657,1,interior
0.49014392267624696,0.2552415064047409,1,interior
0.7211168380049919,0.15793256816060008,1,interior
0.49460832623962164,0.3088449025735015,1,interior
0.5949763482979252,0.13908967405839442,1,interior
0.6631695989772162,0.3900105995846718,1,interior
0.769246182236751,0.33706447568905346,1,interior
0.7683962443336987,0.21444572377403465,1,interior
0.7889276900478737,0.2631597569140532,1,interior
0.7549850123412937,0.34802509256253245,1,interior
0.514768419177981,0.3112154113799824,1,interior
0.7805292534369284,0.26386436543998626,1,interior
0.7752134514260255,0.2181605164015666,1,interior
0.662237521929572,0.39462398381939295,1,boundary
0.7330642843270736,0.3842419014300217,1,interior
0.6813757469304407,0.1447925688178572,1,interior
0.6929606963951179,0.14737281583153428,1,interior
0.7626355469292455,0.1935049070132662,1,interior
0.7810846490978797,0.22916734540800135,1,interior
0.7514076856795675,0.354897545193697,1,interior
0.5255624672522576,0.18960711400509989,1,interior
0.6351873535275392,0.1418389917029675,1,interior
0.6409589070139255,0.14133761241707432,1,interior
0.7961582473854738,0.2832824279718642,1,interior
0.7167633360327013,0.16512567329552397,1,interior
0.48670128193037526,0.28105079817939216,1,interior
0.48973822721871896,0.2533615824363236,1,interior
0.7856390887705567,0.2958356344362202,1,interior
0.5940733784839284,0.14121769109185256,1,interior
0.6093955655869571,0.13750657864023494,1,interior
0.49746834134863965,0.3345444542097022,1,interior
0.757273445060334,0.3521359763949044,1,interior
0.7547119462109599,0.35345478605538716,1,interior
0.493971576456757,0.24315371460054713,1,interior
0.6553097089883972,0.14788792849840882,1,interior
0.61442571665741,0.13476394409443163,1,interior
0.4925016602979653,0.2942923524749443,1,interior
0.7603912527502596,0.2045815644924599,1,interior
0.628668657249285,0.13841077460036832,1,interior
0.7779052271771109,0.21847986088285887,1,interior
0.49797386879638816,0.30451918991073396,1,interior
0.757884313828386,0.3468040179235853,1,interior
0.7045211908737017,0.15401277458083165,1,interior
0.69971362146528,0.1478673915918236,1,interior
0.7974340193158028,0.2814115756208905,1,interior
0.7179216001264466,0.37422299147499016,1,interior
0.7823461317250827,0.3054259711197508,1,interior
0.49515714113315973,0.23620187979200133,1,interior
0.4911216585218602,0.2723843448135754,1,interior
0.7567014552599957,0.35691069558744914,1,interior
0.4961384929590685,0.2322039746818866,1,interior
0.5437255049571174,0.18082661807519604,1,interior
0.5124962490058348,0.19780050528640514,1,interior
0.6268055780061109,0.1392146969305557,1,interior
0.7841355998486271,0.22991741573429228,1,interior
0.7982215345076334,0.27916661765942424,1,interior
0.7914394710944573,0.26805039299653877,1,interior
0.7486507166581597,0.36590568357973896,1,interior
0.489099153800418,0.26380260855163223,1,interior
0.7260728576159173,0.16209991800160892,1,interior
0.7979395282782162,0.2767236374121004,1,interior
0.6508532300147705,0.1414057598972603,1,interior
0.784126708723567,0.23357922278768073,1,interior
0.7732772957544788,0.2124496578721012,1,interior
0.5540663856660296,0.16738869012662536,1,interior
0.7196561253951407,0.15965913090362635,1,interior
0.4967825311916048,0.24682562493554258,1,interior
0.6295868187488313,0.1361978035219531,1,interior
0.7829049662220332,0.2362136311742593,1,interior
0.7816876294016308,0.3161659632920616,1,interior
0.7768602386372648,0.21538517959291748,1,interior
0.65608810625362,0.1447724334313552,1,interior
0.7594313724508509,0.3489141846608879,1,interior
0.5146147264358553,0.1973260888248279,1,interior
0.5064771533084446,0.20583816635446697,1,interior
0.49409397565254604,0.22808011164483652,1,interior
0.4894371517226522,0.2871114858992606,1,interior
0.753092081918885,0.35576939747763736,1,interior
0.5394305866691612,0.18266954945334887,1,interior
0.5960528997511488,0.13466989619806663,1,interior
0.5489098691165258,0.18105874181999101,1,interior
0.5495299040051086,0.16999460699659985,1,interior
0.7239050926109374,0.15875551146752753,1,interior
0.7700576651409148,0.20460241853108663,1,interior
0.7246099424667574,0.37640133273566684,1,interior
0.7812697368240176,0.23680811577884656,1,interior
0.4869034224858348,0.2878902799182133,1,interior
0.4973397300957288,0.32508660169960485,1,interior
0.7359699307255805,0.38687353445354294,1,interior
0.7329331585702035,0.3862349603499899,1,boundary
0.6263102335069636,0.13362535397645334,1,interior
0.4859155898653163,0.28486667438985486,1,interior
0.6425744714307583,0.1415997119063538,1,interior
0.5199333927677768,0.19810162737295015,1,interior
0.6159870726491811,0.1354373414168503,1,interior
0.4924952820117671,0.22334466851436177,1,interior
0.5447653607121716,0.17830883347407492,1,interior
0.7261493065940589,0.15973159378626378,1,interior
0.7857236725768536,0.3007061145833831,1,interior
0.5522720261631935,0.1671043093725823,1,interior
0.49727431398907285,0.21578179484056095,1,interior
0.4960842587966185,0.23898998689669257,1,interior
0.48413124443596356,0.2814091020393332,1,interior
0.7814409959319348,0.3130796676388954,1,interior
0.493940073469005,0.22500767851280465,1,interior
0.6727198764713871,0.1441883399224293,1,interior
0.7244014950291103,0.1625435350679782,1,interior
0.7696704877453986,0.3434192876146839,1,interior
0.6470689778576804,0.1391923603803969,1,interior
0.7314078397506373,0.38467967558557586,1,boundary
0.6265090770710241,0.14140098764308545,1,interior
0.7859641580080418,0.23726310787012034,1,interior
0.6344904362821236,0.13968358022439498,1,interior
0.5070677841433558,0.23529973863518755,1,interior
0.7173591571099626,0.1583090554345118,1,interior
0.5641671105181152,0.16066926204466983,1,interior
0.6049763217776496,0.1321331320576649,1,interior
0.7507676397196935,0.19745978417706966,1,interior
0.5246927154519888,0.1881715188752812,1,interior
0.7414117065778094,0.1772885298640054,1,interior
0.6706989732468708,0.1462577202946477,1,interior
0.5503562431454521,0.1746847067534766,1,interior
0.48784852531623835,0.26786370901120493,1,interior
0.49395569538991135,0.2476837747976142,1,interior
0.7919041272194122,0.2665086023096046,1,interior
0.7991903708622293,0.2739064931427015,1,interior
0.4833498618201598,0.28573440517744425,1,interior
0.7935829672464193,0.28901715358393376,1,interior
0.7191404129865742,0.376256043861613,1,boundary
0.7819994104805454,0.30110163408068885,1,interior
0.776123144527322,0.21939024197625323,1,interior
0.797819692852222,0.268898067155846,1,interior
0.7809282443411169,0.319246490858998,1,interior
0.785854669211418,0.2529289110532446,1,interior
0.7263295425319533,0.16965515299042888,1,interior
0.7519599952296827,0.3669959120771328,1,interior
0.8000775850505255,0.27917693406448446,1,interior
0.5056632459515115,0.20422953360986004,1,interior
0.6905388894375065,0.14521994831498033,1,interior
0.48603413133710616,0.28327720903176545,1,interior
0.6746753264448911,0.14468671214976592,1,interior
0.7626501109396305,0.2039101682010029,1,interior
0.7834038742549952,0.30393637162774223,1,interior
0.5178728065730793,0.1973199041065579,1,interior
0.5188565115258738,0.19556921380397232,1,interior
0.4916065375070682,0.22552111152045212,1,interior
0.5029113561647461,0.22355331792342958,1,interior
0.7840042437573163,0.30673987095043886,1,interior
0.7760141546587487,0.22094519352416753,1,interior
0.5178075622641861,0.19987957908733012,1,interior
0.4961733165537125,0.23053721034910934,1,interior
0.778357051751192,0.224309394238491,1,interior
0.49801610246350236,0.21217817644591674,1,interior
0.5084144095772489,0.19751120960499663,1,interior
0.4882088759040518,0.2779378885692258,1,interior
0.784889060742448,0.2501203428464753,1,interior
0.5012586510719511,0.22041500557938523,1,interior
0.7781628880964474,0.3208846752893357,1,interior
0.4894212940842457,0.26568659467843386,1,interior
0.724452118815595,0.1650927163271891,1,interior
0.5352850102473092,0.18788104230184513,1,interior
0.6429455207884953,0.13956890490477142,1,interior
0.7578893789221955,0.3626381575658155,1,interior
0.7581531642232748,0.1965729499413585,1,interior
0.5520734414883153,0.1769621504473484,1,interior
0.4956718340938429,0.2143358910524621,1,interior
0.7635133729475629,0.19911744183622476,1,interior
0.7919969448451963,0.2608238878786277,1,interior
0.6638647259655895,0.14496300088092012,1,interior
0.48748830615091415,0.2846084078105301,1,interior
0.49391535920131024,0.2140229049843938,1,interior
0.4879063541283554,0.28666881670391364,1,interior
0.7891831465506168,0.2534813916226709,1,interior
0.7524336063821643,0.3617034398858052,1,interior
0.5934122138529442,0.13921332543898424,1,boundary
0.49482525111322434,0.21995424936382693,1,interior
0.511561686971364,0.24589329880086883,1,interior
0.7462286403025208,0.18977462699113387,1,interior
0.4918658238220456,0.2903798040478888,1,interior
0.7660551204076557,0.3435356805045268,1,interior
0.7958828423228875,0.29080837557497163,1,interior
0.7702963686143558,0.2176920057549126,1,interior
0.48899285431514616,0.291039375717692,1,interior
0.7951163460389714,0.28788672804449905,1,interior
0.489254266049295,0.30250510761321814,1,interior
0.7595244073384108,0.35784541966936345,1,interior
0.7413407851281537,0.384551101519478,1,interior
0.7851680767380492,0.2321187440401449,1,interior
0.6029931273902476,0.13125764035308993,1,interior
0.7929454862190235,0.2676255730107226,1,interior
0.6839844502283781,0.14279416568809683,1,interior
0.7734970954326454,0.3236866504129522,1,interior
0.49177694848680825,0.22751202665240736,1,interior
0.7934443686760195,0.2920490441112276,1,interior
0.4900768309051147,0.2266506767793986,1,interior
0.7952915922063502,0.26708408040434073,1,interior
0.5988615744941627,0.13398705161575128,1,interior
0.4991869270692751,0.3131245261475522,1,interior
0.7953556761239596,0.26468008935980447,1,interior
0.7158594072442103,0.15998237460480186,1,interior
0.7214302141340876,0.3774405210801339,1,boundary
0.5104038544861014,0.19830863748421057,1,interior
0.5241349032070848,0.19033992505440064,1,interior
0.5742606841744815,0.15271511356724296,1,boundary
0.656971648475819,0.15025046358876662,1,interior
0.7580198957520398,0.3605232849581942,1,interior
0.633950651210179,0.13812427869119503,1,interior
0.49341785748074996,0.22057004353798876,1,interior
0.7869186445347488,0.24043739809475453,1,interior
0.5710212306043491,0.15022700320399776,1,interior
0.4926686340021268,0.29580198928186047,1,interior
0.4838994400720471,0.2832180366137767,1,interior
0.5760159983855924,0.15356807725239832,1,boundary
0.7835319103574643,0.2971874037308785,1,interior
0.6704357031525993,0.14387988746620847,1,interior
0.6167284813130268,0.1337706011971939,1,interior
0.49393089539383195,0.22206035483688935,1,interior
0.5975187789461494,0.1327527947690373,1,interior
0.7861281729357075,0.29831869423069046,1,interior
0.5636085755405265,0.15723010965936407,1,interior
0.5054847100526726,0.32922644671334844,1,interior
0.5019654712527961,0.22489831920438388,1,interior
0.6234752825275055,0.1405386329702072,1,interior
0.48941260499498035,0.30086353127240695,1,interior
0.7945900190775983,0.28374496633816243,1,interior
0.5003137986757897,0.21360943097482296,1,interior
0.6777651125913444,0.1480275817169048,1,interior
0.7191047675975991,0.1582205201084233,1,interior
0.7728650830390907,0.2047407711059946,1,interior
0.7865412901614847,0.23404342352388463,1,interior
0.6827108740164063,0.1411650127895874,1,interior
0.6142937562938587,0.1331747290926633,1,interior
0.48473143959366644,0.28725875926702765,1,interior
0.49570751805502794,0.332745960705027,1,interior
0.7536771165303521,0.19778382234648206,1,interior
0.6601088622039448,0.14483950509895882,1,interior
0.49832292783874965,0.3118051095694468,1,interior
0.4956406106436681,0.21685204386289295,1,interior
0.49087369020817784,0.29221487739732044,1,interior
0.7520881700121159,0.1962219381607915,1,interior
0.6750717933939407,0.14272308731900135,1,interior
0.5023323351356311,0.31232619916726656,1,interior
0.49662895626659126,0.33654485297548453,1,interior
0.7789556994618073,0.31954576314249866,1,interior
0.7974737484901023,0.284076485009806,1,interior
0.7639147315132875,0.3456833238063008,1,interior
0.4930366638148082,0.23575385457900647,1,interior
0.4963431138655685,0.2189388047342709,1,interior
0.5155789004167899,0.2008922883813785,1,interior
0.537636205779644,0.18550579673050172,1,interior
0.6724144797859902,0.14231854934868163,1,interior
0.7547018233464816,0.19544437512625962,1,interior
0.7708730568000649,0.3370796023609921,1,interior
0.7849125471304329,0.30359231692062977,1,interior
0.6925651051037055,0.14492194841405212,1,interior
0.7827254680682402,0.3115032144649473,1,interior
0.492489771261451,0.21809815417077594,1,interior
0.49568676975247256,0.3123176687124781,1,interior
0.6166011415749034,0.1317378720295598,1,interior
0.7136652765457473,0.1608690331038428,1,interior
0.6763678878982969,0.14670082004177962,1,interior
0.5499506485745578,0.17633191566472423,1,interior
0.7844483223140797,0.2354759687357291,1,interior
0.4891512646334443,0.27495888832499266,1,interior
0.5500260343481042,0.16536494929851658,1,interior
0.5351274225029479,0.18577639076549,1,interior
0.7829910320781731,0.3024565921371494,1,interior
0.7876964106468788,0.2602307669541903,1,interior
0.7428748365652058,0.3869066472208749,1,interior
0.7912464264639493,0.2908846363056387,1,interior
0.49599768136265343,0.2451715881806621,1,interior
0.49098391467883623,0.30565752174522687,1,interior
0.7882525539024104,0.29882505628715667,1,interior
0.7369159664718603,0.38340053111606076,1,interior
0.7298903605946321,0.3818554221090968,1,boundary
0.7890473992427515,0.24095552423701264,1,interior
0.5308661722387499,0.18787971435712572,1,interior
0.5377401983965965,0.18118350477419373,1,interior
0.49178694564797276,0.2798480630866557,1,interior
0.49929473470447333,0.33535866681417753,1,interior
0.7836656427685273,0.3178512272222545,1,interior
0.7777711648816268,0.2209996117849397,1,interior
0.7563784354839767,0.34733908222631293,1,interior
0.48178909687603105,0.2855503222250552,1,interior
0.49858802404512126,0.33120967719029853,1,interior
0.48917608873929697,0.2891914078485963,1,interior
0.4906059435119763,0.21612445418490753,1,interior
0.48726374351645396,0.2903230298282003,1,interior
0.7425094064104066,0.37705462622983027,1,interior
0.4862845003349229,0.2757203266066852,1,interior
0.49297160662379536,0.27000562057172606,1,interior
0.49225554603808747,0.26736176516500415,1,interior
0.49342349832181875,0.3107490878024689,1,interior
0.4882025396448848,0.2531788863240617,1,interior
0.49033658560184495,0.2959560007693797,1,interior
0.6886740262390996,0.1474193371026822,1,interior
0.6430250015110947,0.13723066891455363,1,interior
0.5462127642338578,0.17918586947294665,1,interior
0.7582438980236739,0.354764548701371,1,interior
0.4899615574656592,0.21335424248128806,1,interior
0.7597578819785098,0.1963330751274881,1,interior
0.7691648397028972,0.3188599848064996,1,interior
0.7830276923140106,0.22783732662137954,1,interior
0.5490802358039634,0.17796146778056207,1,interior
0.4887017789228347,0.29751320954906973,1,interior
0.7345471320359624,0.38623440001134207,1,interior
0.7524550756632704,0.19460574673624884,1,interior
0.4964253799365486,0.20972396920396452,1,interior
0.7610987167357379,0.3546472386107498,1,interior
0.48797298283929347,0.2801536870229529,1,interior
0.7668882644260286,0.3461041852411625,1,interior
0.7813437490635318,0.3146307123676199,1,interior
0.6225129961802459,0.13489537027035717,1,interior
0.7888782878899148,0.2612918799654626,1,interior
0.7441073584186365,0.17956828865508626,1,interior
0.7964910851558096,0.2852664366177947,1,interior
0.4908998133359637,0.2942833525813334,1,interior
0.7403010890322216,0.3800412508227771,1,interior
0.48841071910780876,0.2990981132034528,1,interior
0.8005120860955665,0.28100625458205786,1,interior
0.5073103775020954,0.20137344286481154,1,interior
0.6911646768792368,0.1435706585520039,1,interior
0.6978317176378741,0.15152610802214422,1,interior
0.6065106423934902,0.13178755577757667,1,interior
0.6317775882583465,0.14056199799166183,1,interior
0.4928295939828886,0.30919894534322595,1,interior
0.6530194647722307,0.1465771920649718,1,interior
0.6313768493024103,0.14280707116761815,1,interior
0.6961594319532097,0.15226222743875914,1,interior
0.5478122257910527,0.1793595958484725,1,interior
0.7917537911887701,0.26326626259138713,1,interior
0.49563120875689987,0.21224834825579905,1,interior
0.5005455069451128,0.2159565717196302,1,interior
0.48966247157017406,0.21766095963665402,1,interior
0.5991790034805641,0.13100209101273544,1,interior
0.7976511796177356,0.2709158667485008,1,interior
0.7548950292775407,0.19871311188392546,1,interior
0.5219657744574496,0.19945181875883164,1,interior
0.5489284664128254,0.17392123004626453,1,interior
0.7790957113920579,0.21978147380124038,1,interior
0.7811605548665207,0.29529776162592775,1,interior
0.5978564851644551,0.135777310161871,1,interior
0.49118425071116406,0.3093990322974779,1,interior
0.6938542210953117,0.1434949635752875,1,interior
0.7694197869558335,0.34516987137005384,1,interior
0.6927110801285186,0.1506707360519899,1,interior
0.7552434263809188,0.3619879845530728,1,interior
0.517657422587157,0.2053634792929913,1,interior
0.5003182159381097,0.20966118104144976,1,interior
0.5307444357252517,0.18459043528117122,1,interior
0.7579767135664727,0.350704054017282,1,interior
0.6334458570698727,0.1409237228662519,1,interior
0.6453824154747362,0.13892382680264595,1,interior
0.7888143438292953,0.249346441349607,1,interior
0.4952348238880014,0.3188348002577506,1,interior
0.7554419816731025,0.35857797666847685,1,interior
0.493308587875036,0.2296635967073854,1,interior
0.6765802958683147,0.1423650397695302,1,interior
0.7659125872372893,0.2041770829247239,1,interior
0.7404225840687723,0.17872975385680925,1,interior
0.7848091371326766,0.30912634897144575,1,interior
0.6807487145255404,0.14117596635779633,1,interior
0.7513768135502717,0.19277391417930545,1,interior
0.6978301854131491,0.14673771849624193,1,interior
0.7939196852180382,0.2659175140139091,1,interior
0.5393136321148376,0.1783449233881372,1,interior
0.6050378432286527,0.13022708231972535,1,interior
0.6548117155534459,0.14600452680678855,1,interior
0.7993270529409715,0.28545977646552545,1,interior
0.4993835788972418,0.30892643566571787,1,interior
0.7147920088970673,0.1577290527506031,1,interior
0.5099646455610946,0.2042254142102117,1,interior
0.7429000537831342,0.17783549092429637,1,interior
0.49198990865276226,0.31330119523828587,1,interior
0.5465650794074403,0.17741525465393873,1,interior
0.4869802200729449,0.29633841291779545,1,interior
0.7647912300978483,0.20284909588843617,1,interior
0.4847983273581159,0.2724319144659571,1,interior
0.66306225655607,0.39619755717316113,1,boundary
0.7854348231814069,0.31076051589242715,1,interior
0.4914276926964693,0.2117406944615065,1,interior
0.4859296637652253,0.2946300234385572,1,interior
0.7939828924478863,0.2634686079536038,1,interior
0.5697350148921988,0.15128946310226102,1,interior
0.7750209598697848,0.20327677145017664,1,interior
0.4997480695996934,0.23081824375438373,1,interior
0.4869974831580587,0.27399677097034125,1,interior
0.6646968677581405,0.39535116866513126,1,interior
0.7428923956653575,0.3831400091693255,1,interior
0.5038276727523096,0.20692733585108458,1,interior
0.7907076053676899,0.29232585013230455,1,interior
0.49091884541407427,0.2748727442482424,1,interior
0.7107540967557506,0.15798750952967477,1,interior
0.49961829914645883,0.21202443735868573,1,interior
0.7610022661101656,0.3508116286416504,1,interior
0.60196263358758,0.12841726619233745,1,interior
0.4891350478424424,0.3092095744951618,1,interior
0.48693312187711046,0.2599054658163289,1,interior
0.48879857044725145,0.3042968339902524,1,interior
0.7812587286709088,0.2206418137587023,1,interior
0.748237571116034,0.3676339342882377,1,interior
0.49704688956887155,0.3152911854802929,1,interior
0.6662420591122361,0.3958141472737389,1,interior
0.8007579297475159,0.2861909549513657,1,interior
0.6643882206820863,0.398274344628168,1,interior
0.6903974322710442,0.1418753184109006,1,interior
0.7585806156142095,0.1935837647650961,1,interior
0.6781373578494709,0.14285102007074674,1,interior
0.5042130234370287,0.21518578278528153,1,interior
0.7617108054359812,0.3476389321996676,1,interior
0.49843113508694364,0.23715366958727965,1,interior
0.7294103739256168,0.17103255463480438,1,interior
0.7923318771516275,0.2649164521093628,1,interior
0.7719787058887637,0.31011969974396403,1,interior
0.7889116318746359,0.2925559743550185,1,interior
0.49191695199448277,0.24660849256991182,1,interior
0.7765828090222655,0.2258881799165142,1,interior
0.7258492028837866,0.16613939101641934,1,interior
0.4911212653827305,0.22901358209154896,1,interior
0.7639268841685991,0.20742778773766626,1,interior
0.5628869729350403,0.159646464486474,1,interior
0.7750130332483455,0.32621718088605856,1,interior
0.6955779921899696,0.14594783214162438,1,interior
0.7977268900679747,0.2663321344034424,1,interior
0.4944289161720299,0.33654131971354306,1,boundary
0.7863209144356174,0.30683431298088854,1,interior
0.7940734832485817,0.29064287232514474,1,interior
0.7622829448637757,0.3458403163191077,1,interior
0.787112768506579,0.29207122689978204,1,interior
0.4970574084685733,0.3310862135834209,1,interior
0.7505771906780385,0.3677115124002719,1,interior
0.5111256815775103,0.20007338400576902,1,interior
0.4883972245773796,0.2553078393620925,1,interior
0.6981420390684219,0.15786422515723794,1,interior
0.7060398164603285,0.15440509057556778,1,interior
0.7006733674122748,0.1538554913558553,1,interior
0.7775217543703268,0.22289956877719688,1,interior
0.6587647965234625,0.1437120174522393,1,interior
0.48348386843556823,0.2737500413458134,1,interior
0.5952396924277283,0.13614693957640076,1,interior
0.4973959467545804,0.31338237322985973,1,interior
0.6628031624439354,0.14234845019970796,1,interior
0.5475655565857381,0.1761719883896984,1,interior
0.7679411725857065,0.202507315731247,1,interior
0.7132562196203274,0.15862019395959284,1,interior
0.7897353415421311,0.2388804441783462,1,interior
0.7998414110930345,0.27571146873757574,1,interior
0.5665324919885731,0.1520801252602854,1,interior
0.5962612920976147,0.13162631701566455,1,interior
0.5031038115932152,0.3237968487922033,1,interior
0.5257662880027999,0.18679790136392388,1,interior
0.7373953885834353,0.3855105492424529,1,interior
0.5137544020830763,0.1946916544514281,1,interior
0.6910826245768905,0.15551854778269458,1,interior
0.48784178358448094,0.2570319245970252,1,interior
0.6768469207044376,0.14034866663036633,1,interior
0.7438902034573128,0.3764010897914672,1,interior
0.4887392647171651,0.21612051262972698,1,interior
0.74844495574267,0.19023426729763485,1,interior
0.7536677623867964,0.3666364606637532,1,interior
0.7653809739050657,0.20136361465723965,1,interior
0.7866713634104059,0.30394004348647247,1,interior
0.5084266575544022,0.20263085456070337,1,interior
0.5070049160633089,0.20330811757120704,1,interior
0.779133130926342,0.31007792687216373,1,interior
0.711038579449171,0.1559933492625248,1,interior
0.7450601368232205,0.3740942174108817,1,interior
0.748268163914585,0.3725323419902801,1,interior
0.4925966529774082,0.2380480254755829,1,interior
0.563169828767737,0.16191845499922025,1,interior
0.4864591125330925,0.25778108773265834,1,interior
0.486093275239567,0.2995476903462296,1,interior
0.7945549546414961,0.2572816052204943,1,interior
0.7530327060180908,0.19318177208150386,1,interior
0.7710443655575625,0.20588524168730052,1,interior
0.7897860399246417,0.25752318271168967,1,interior
0.8021745161059411,0.2869309664500931,1,interior
0.784559070553471,0.3051217232868845,1,interior
0.4930743771299744,0.3177376230253133,1,interior
0.5553728358569396,0.16541978582474287,1,interior
0.5045491380747983,0.2347010902993074,1,interior
0.7441873123115528,0.3725466464904796,1,interior
0.7523672652463198,0.36907357839017996,1,interior
0.50220598504731,0.2047505797482945,1,interior
0.5516338183149532,0.1642623383167418,1,interior
0.7888034779581634,0.2940786397286827,1,interior
0.7679208088676089,0.3447939500875281,1,interior
0.5667357941132011,0.1537574664332102,1,interior
0.4908256829812122,0.2888933149015245,1,interior
0.499688012808689,0.3295827151553372,1,interior
0.707195145828722,0.15550223994758283,1,interior
0.7444842386014194,0.18953515353029135,1,interior
0.5472628359396626,0.1736238517534131,1,interior
0.49315963339961255,0.2539486471082761,1,interior
0.49447521614813855,0.3224494300159115,1,interior
0.7717750605804266,0.334781407943743,1,interior
0.4823756321632011,0.2691513401398426,1,interior
0.7880698928350113,0.23944037625593184,1,interior
0.49312248399590825,0.24479486011862667,1,interior
0.8028472204268327,0.2849470809582299,1,interior
0.49419327787303635,0.24610147130393567,1,interior
0.6890507623153074,0.144400552513736,1,interior
0.5331793485757165,0.18708633527832252,1,interior
0.771979981245885,0.21328111216343817,1,interior
0.7256860705068544,0.1678407640434136,1,interior
0.5449135440002232,0.17586584562652421,1,interior
0.7736669145169477,0.33252250276776596,1,interior
0.6386033008721784,0.14073798355037306,1,interior
0.5679023321086765,0.1495078179682232,1,interior
0.499106657312881,0.3280447642070982,1,interior
0.5462643640927597,0.1710231903209727,1,interior
0.49002896353781894,0.31218715345727543,1,interior
0.5530734289064326,0.1652636953511295,1,interior
0.7683346489709028,0.2041727192211804,1,interior
0.7418586763380794,0.17484119949304538,1,interior
0.49897164594642246,0.2409926929692409,1,interior
0.6877051398447941,0.1431954713742954,1,interior
0.4941746758218153,0.23200815940179875,1,interior
0.8030422479508997,0.27940509613667225,1,interior
0.6414052984671678,0.13896718727451027,1,interior
0.7778283162852849,0.21696205681069203,1,interior
0.794346543942075,0.29358809310140027,1,interior
0.5611576670226472,0.15794683080413394,1,interior
0.7762230022910168,0.3216610505138576,1,interior
0.4894065456876946,0.2282846303490496,1,interior
0.765609479781805,0.3481673825522332,1,interior
0.6917984970174011,0.14627127478406962,1,interior
0.5479635411306659,0.16870902502077884,1,interior
0.7432269353012259,0.3800018304507842,1,interior
0.4928591522328431,0.3157047954369234,1,interior
0.7990293042012875,0.28142330733121435,1,interior
0.4929772579480281,0.2510339008934286,1,interior
0.6886043824725284,0.14152126985413852,1,interior
0.4936404000903666,0.24102710667345753,1,interior
0.6310579826532534,0.132369591868826,1,interior
0.641283971529986,0.13724611426506222,1,interior
0.5492981102876892,0.16709272605804704,1,interior
0.6367931551110049,0.13932556630073847,1,interior
0.6952262507264355,0.1474790132807066,1,interior
0.7432264683231565,0.17596004844961105,1,interior
0.5727300559762768,0.15309969480103086,1,interior
0.7628203341759894,0.19562890310931474,1,interior
0.6789133516035853,0.1410313984514446,1,interior
0.4890588337658742,0.2765290376114767,1,interior
0.7723324583491784,0.3397516515449605,1,interior
0.745491700803171,0.1767828945797887,1,interior
0.675150126313348,0.14093662078443564,1,interior
0.7422391788683045,0.3741683724411476,1,interior
0.7558631422443889,0.19748112099209386,1,interior
0.7715190505684189,0.3324783281252599,1,interior
0.642694895877497,0.14400528638730714,1,interior
0.5952411361472948,0.13298076212872106,1,interior
0.49485557790476553,0.3154068731220175,1,interior
0.7861051438378184,0.23567024904689374,1,interior
0.7729205543053869,0.21054595934512446,1,interior
0.70198189966652,0.1525092952003478,1,interior
0.7720431105748929,0.20813522597400333,1,interior
0.6320845493012631,0.13567792192553835,1,interior
0.5430229074929104,0.17909287061372828,1,interior
0.790523784055053,0.29395606536158103,1,interior
0.6382912055412564,0.13864427983858502,1,interior
0.709570066028698,0.1569500311034652,1,interior
0.745634340641336,0.18815104927152537,1,interior
0.8009492232675776,0.27787965260157926,1,interior
0.49780605896709285,0.32725730294974326,1,interior
0.7905608890972983,0.25219295954220355,1,interior
0.7811463431604184,0.22265531774643804,1,interior
0.5187160712635467,0.19382767082265207,1,interior
0.7761395214210315,0.21321845616726276,1,interior
0.7444800792854401,0.3860411637240906,1,interior
0.6988592347161163,0.15272253137889302,1,interior
0.7892534055187743,0.25086094393186137,1,interior
0.5696680459345539,0.14895675771949424,1,interior
0.48467601567691926,0.27007600816690736,1,interior
0.49132749999820197,0.2510882535845803,1,interior
0.5451942138843283,0.18038366993680974,1,interior
0.7653912604690715,0.19919552160882228,1,interior
0.756906502584355,0.21107656276720277,1,interior
0.49202079716532654,0.3078581002663579,1,interior
0.7087470867866926,0.15545580745236223,1,interior
0.6747405233156587,0.14625199011740178,1,interior
0.7734969538521926,0.334292169788384,1,interior
0.5038934011343568,0.20427834459418986,1,interior
0.4861120876279188,0.2793264440638794,1,interior
0.48716592911330975,0.21760510198131897,1,interior
0.7598424700573668,0.3555718146226728,1,interior
0.7601813274218789,0.3623711129520592,1,interior
0.5473083706779852,0.18106062220708655,1,interior
0.6067961927009866,0.12889183389985498,1,interior
0.6861288348931972,0.14217985973334113,1,interior
0.4834411197129972,0.2576522956636481,1,interior
0.4985074852700789,0.20824720154170825,1,interior
0.6587868669397057,0.14599955786008878,1,interior
0.5047800882100116,0.20190022619765458,1,interior
0.7959510267060482,0.2936724223926074,1,interior
0.6814880283069645,0.13970066506904624,1,interior
0.48351638448479717,0.26629788800369897,1,interior
0.6896120305556322,0.1394578934240639,1,interior
0.7645165739602968,0.19172983993702297,1,interior
0.5970239274376561,0.13010442944013828,1,interior
0.7734864259231667,0.32157556839942497,1,interior
0.7473092005364871,0.18704416627515205,1,interior
0.4878397121229281,0.3012013920891092,1,interior
0.785449802343593,0.2441893961413488,1,interior
0.5690126855473021,0.14755383785037873,1,interior
0.5035236201735098,0.2107634352059669,1,interior
0.799405889151943,0.2774172684435127,1,interior
0.501288794376142,0.31943011423007056,1,interior
0.4938006013644101,0.21223084742199105,1,interior
0.5172895377790788,0.19549037542100314,1,interior
0.5008692798419699,0.3271791342501577,1,interior
0.7671249257975123,0.197068345278133,1,interior
0.7669507272070255,0.20124356995954332,1,interior
0.7582632339057342,0.367705262047043,1,interior
0.7830063564434154,0.32061787833892413,1,interior
0.5238804743876505,0.18535700655088105,1,interior
0.768484034118789,0.2009924957774996,1,interior
0.4939317468079467,0.31334848337601173,1,interior
0.48320838821708983,0.27182216451891766,1,interior
0.5461801320832567,0.17474463018637437,1,interior
0.7703795352461585,0.3464315420813375,1,interior
0.7864055533124448,0.3084859104530948,1,interior
0.7810194115517262,0.3218431525652898,1,interior
0.6501365321545693,0.1429626455421554,1,interior
0.6207069759978322,0.13370649030988666,1,interior
0.7884910250721243,0.30554548170427936,1,interior
0.78639611888166,0.2476315815027693,1,interior
0.48862619883652486,0.306495194265555,1,interior
0.7836656782537517,0.3127435222491507,1,interior
0.8009186253391298,0.28847925760031123,1,interior
0.48804289613851487,0.23061040890960394,1,interior
0.6469215256970285,0.1368796293779269,1,interior
0.48579666704053,0.2772098102865822,1,interior
0.6276148921904694,0.13103125940213523,1,interior
0.7604920440718311,0.35267144503274983,1,interior
0.7753109220333061,0.32291460995325455,1,interior
0.48426259639507485,0.2892781886604204,1,interior
0.648619721402262,0.1476982810061348,1,interior
0.7816255598824202,0.22652850310830197,1,interior
0.7460907967774945,0.17991170744610904,1,interior
0.8020700524742725,0.28136886969903685,1,interior
0.72808170993914,0.15877571953230687,1,interior
0.6487018809440178,0.13894912661524444,1,interior
0.48720844516184986,0.30271911628730724,1,interior
0.7230144627160962,0.15616184353218032,1,interior
0.7883133507203748,0.3074399312413741,1,interior
0.7547647012212149,0.3678960126633167,1,interior
0.4862344385240087,0.30571240278170225,1,interior
0.7322632741952649,0.38283719397722205,1,interior
0.6665337154703208,0.3938166394557174,1,boundary
0.5158035529741393,0.19884290856123232,1,interior
0.49891595721841014,0.210561898097426,1,interior
0.48691766459114555,0.21458969256121074,1,interior
0.771422840337894,0.20290779001725595,1,interior
0.48421515094620704,0.2796671218866161,1,interior
0.5156020260080237,0.196001490278422,1,interior
0.8000043805405375,0.26823169245810036,1,interior
0.758675967206861,0.36423010983769344,1,interior
0.7416649142727905,0.38785303747146194,1,interior
0.7439070454056069,0.187683154584179,1,interior
0.7910625393723361,0.2584286336492547,1,interior
0.6528812423783658,0.14404831876060895,1,interior
0.7466850109624533,0.17553097204010729,1,interior
0.7099746751767332,0.15378220712952342,1,interior
0.5260109024824401,0.18464088883165491,1,interior
0.6247191017336922,0.13436456708665773,1,interior
0.5210961600963482,0.1913041616990215,1,interior
0.4844797818898441,0.27814771701005764,1,interior
0.7076173012098489,0.15367904809967295,1,interior
0.5492317716972877,0.163634384758206,1,interior
0.7960725935276936,0.2891249197085392,1,interior
0.6184726505683752,0.13448286885757524,1,interior
0.7762108757684266,0.20563103676045819,1,interior
0.5023298407581286,0.20956749286334814,1,interior
0.7899992472445311,0.2674984381327374,1,interior
0.6036812541779408,0.12954159417164546,1,interior
0.6089267525237994,0.12925940962438903,1,interior
0.5618485588813483,0.15313198568652953,1,interior
0.7479574106719032,0.3692270630574283,1,interior
0.6972336235283624,0.14416518752324722,1,interior
0.687075904654375,0.14066932854884276,1,interior
0.5990094572540244,0.12788993502389603,1,interior
0.6675076913230391,0.3971027937819828,1,boundary
0.5413260847693998,0.1819205057231775,1,interior
0.4917184749965446,0.2441031390645794,1,interior
0.5232075469007439,0.1884955998847274,1,interior
0.4863748387642003,0.2672903265193625,1,interior
0.7130607298109488,0.156620206534741,1,interior
0.7643237567603891,0.3434275283904269,1,interior
0.6045256243398932,0.12808267154845926,1,interior
0.7853236398009,0.2284706802441561,1,interior
0.7588715972669605,0.3526197052949534,1,interior
0.4900030530146606,0.23100790931721651,1,interior
0.7925601470361943,0.25811441960427733,1,interior
0.6661295027697167,0.14401351827093134,1,interior
0.7598711861945896,0.3593632351516585,1,interior
0.8013049225666498,0.271869855083127,1,interior
0.625465127079777,0.1366009436965019,1,interior
0.5023753082228982,0.20313506036144607,1,interior
0.7609131913035542,0.36469192729179195,1,interior
0.5680243292860666,0.1515886337725511,1,interior
0.7796427281893029,0.32279159933047424,1,interior
0.7489666722609526,0.17739654091744894,1,interior
0.7857588992158158,0.3023116182311371,1,interior
0.7634945653622619,0.3549914192387224,1,interior
0.49139573369837075,0.23324016774748116,1,interior
0.7517942469066975,0.19123025735895774,1,interior
0.48252322737479875,0.2791394841604567,1,interior
0.6937728835302218,0.14593104392996875,1,interior
0.5414949193333364,0.178295761383097,1,interior
0.7451560359084122,0.36983114799893446,1,interior
0.7877048292631722,0.30990408326630725,1,interior
0.49470207917622183,0.21553780869581896,1,interior
0.4831048606407417,0.30002272347486275,1,interior
0.48193731591706596,0.28369514828663195,1,interior
0.4856749506026305,0.2564241095010656,1,interior
0.602071686047455,0.12591720054492073,1,interior
0.605020034226593,0.1252199463604966,1,interior
0.8041215384180201,0.27657883857468424,1,interior
0.5545108089899012,0.16371864589809135,1,interior
0.7726510315084111,0.3379269944695785,1,interior
0.4822275327429815,0.2814243649453535,1,interior
0.7445641987571869,0.3785551241034664,1,interior
0.750651749034354,0.18961357590345287,1,interior
0.5094505415086832,0.19470605236520247,1,interior
0.7611371349001531,0.3576924270201073,1,interior
0.4958243432926158,0.3293023589775932,1,interior
0.7609396792179909,0.19105690405263398,1,interior
0.4844969806601153,0.25986554499106845,1,interior
0.5437123445657128,0.17689845920743955,1,interior
0.804829461921766,0.2783737306384044,1,interior
0.7756278246722285,0.3285173265022405,1,interior
0.4817353658874697,0.2881940820577133,1,interior
0.49119386569868617,0.24861629900755922,1,interior
0.6339717182771304,0.1355404487239974,1,interior
0.6517670849306467,0.14287078128617972,1,interior
0.4815026843072149,0.2646183389376518,1,interior
0.79094537146503,0.2408549592105875,1,interior
0.5940945904554964,0.13762426127287902,1,boundary
0.7925267630534271,0.294365906566121,1,interior
0.7532309487759086,0.18817835303142866,1,interior
0.5948469425052639,0.13068313629889464,1,boundary
0.5169745350880157,0.19357174127195625,1,interior
0.7659724587097744,0.19327777715509512,1,interior
0.6788843044167283,0.13940023071683375,1,interior
0.494970909326105,0.3071780443354694,1,interior
0.6616498943956437,0.3930566822855281,1,boundary
0.5664188409023921,0.1466041240082392,1,interior
0.6503729494020652,0.13832435432552959,1,interior
0.5734130663867104,0.15108382793638744,1,boundary
0.7706086075883518,0.341072965586712,1,interior
0.5551428519907121,0.16871003923861108,1,interior
0.7626785436707954,0.19141794920939095,1,interior
0.7632407658256364,0.3565693555074766,1,interior
0.6349868206643944,0.13316820843502652,1,interior
0.7425534405507441,0.18114089576821013,1,interior
0.8029180221262043,0.2829157781439145,1,interior
0.6285753447909614,0.13472685385147815,1,interior
0.6693389231907392,0.14539844711732736,1,interior
0.7278663362212712,0.16727462308310012,1,interior
0.7883386583982561,0.24508642546605933,1,interior
0.763463723147248,0.3482234210651852,1,interior
0.7695568655584808,0.19984525283492316,1,interior
0.6524289478910376,0.1370946052025117,1,interior
0.4859733401222608,0.30133054664604053,1,interior
0.7793121542620747,0.22307049309426244,1,interior
0.49232393715375405,0.24249546346069972,1,interior
0.5233454044286809,0.18687037457573266,1,interior
0.8051381928266431,0.2846609586686862,1,interior
0.6548515669066284,0.14273775072131256,1,interior
0.7389543318390075,0.17358406474120777,1,interior
0.7495878667920218,0.36932726668835913,1,interior
0.7732393124975075,0.20317840086432154,1,interior
0.49197334235472767,0.22139737822582323,1,interior
0.5527290756403054,0.16141253714155207,1,interior
0.781079880849883,0.21866337734827435,1,interior
0.5323018752284309,0.1848121323403908,1,interior
0.48173897624469614,0.2669936025205085,1,interior
0.61174422952694,0.13260076154432018,1,interior
0.4897416966493434,0.24245014234541962,1,interior
0.8042004287746504,0.2805199190582996,1,interior
0.4796040089935131,0.27957958521082527,1,interior
0.6130187209534527,0.13674106883285841,1,interior
0.49325356058573344,0.2492735293089676,1,interior
0.7129422152378581,0.15455339766765114,1,interior
0.7610511826469454,0.19294693485231626,1,interior
0.744175718188164,0.1830687111680245,1,interior
0.7600311660047193,0.19465292006540996,1,interior
0.7876103929593337,0.31248239461191196,1,interior
0.4973670133282217,0.32940752838077825,1,interior
0.7901127996191776,0.26032355561808423,1,interior
0.779293903633332,0.22145684469820107,1,interior
0.5970758008594571,0.12770636125968735,1,interior
0.7902837809322981,0.30759678832608556,1,interior
0.6888836637453413,0.13773773046347756,1,interior
0.6395917363955849,0.13735105101067993,1,interior
0.7417647400183341,0.38050767062080637,1,interior
0.5710141137325868,0.14768156833094492,1,boundary
0.7876176071629084,0.3006355638032125,1,interior
0.7395559254963346,0.3832619387149275,1,interior
0.7625194840574755,0.3502344939993497,1,interior
0.6002335839039473,0.12577372718464988,1,interior
0.5225321724026583,0.19077073803310254,1,interior
0.7659215543544746,0.3575050931879369,1,interior
0.6642704181903253,0.4001067662600805,1,boundary
0.49104804712157374,0.266422768235825,1,interior
0.796981396377723,0.2875995381559821,1,interior
0.48687860601238864,0.30772737764947394,1,interior
0.7280239851082534,0.16207913493880852,1,interior
0.8011515922158934,0.2840239354940342,1,interior
0.7995067197977449,0.27095814497675047,1,interior
0.6309962547009822,0.13447374087463276,1,interior
0.5119579404799239,0.19622989182476136,1,interior
0.7444521670657203,0.3817504746017009,1,interior
0.7482479269423341,0.3708408003272292,1,interior
0.7258740154136716,0.15812495524998063,1,interior
0.6350201782037191,0.13679337387555207,1,interior
0.6866278168261428,0.13879730964902745,1,interior
0.7892719638346467,0.30179065260730586,1,interior
0.7570451891798321,0.1949399555745305,1,interior
0.7475451681340916,0.17924260048005802,1,interior
0.7989516470747512,0.26495701951174705,1,interior
0.4854472760072508,0.2644181950610622,1,interior
0.5572102102338685,0.16360529642983837,1,interior
0.7677055447552306,0.3479952391148927,1,interior
0.4901096818629162,0.21942587942973787,1,interior
0.48718403835777174,0.22739484049027284,1,interior
0.7886956083867044,0.2355652245001758,1,interior
0.7532124843476088,0.35258212445831183,1,interior
0.788618477919495,0.2467804532511131,1,interior
0.743518228537416,0.38480236259509826,1,interior
0.7698639985636605,0.20177489262667558,1,interior
0.4957390043063858,0.32635246750538377,1,interior
0.7902741884594816,0.24239806556593477,1,interior
0.5936951310460125,0.1348119792666812,1,boundary
0.7156101938709813,0.15497336193207528,1,interior
0.5100389316201779,0.1966264570521139,1,interior
0.47923951730589065,0.28620399773384936,1,interior
0.7065316403325783,0.15218779751643796,1,interior
0.6234070220711678,0.1320968333441884,1,interior
0.5032573811408277,0.20170531745631282,1,interior
0.7718071833335721,0.3210156432896519,1,interior
0.6679324039617373,0.14432674469380036,1,interior
0.4856478022399274,0.2544832219474885,1,interior
0.7350961596568044,0.17156061925007152,1,interior
0.698976473357245,0.14523717786037296,1,interior
0.7639562750164698,0.3581034907377081,1,interior
0.7712169427356864,0.3426342963603035,1,interior
0.4932856525004389,0.30682460996745253,1,interior
0.564640395760347,0.15550317503360978,1,interior
0.6915502117613638,0.1404287060297528,1,interior
0.7629252557257399,0.3526826241800423,1,interior
0.7834573927055991,0.23778676333173582,1,interior
0.5005981221383922,0.20218856979820854,1,interior
0.5770024135215901,0.15490119627011661,1,boundary
0.5629323148080516,0.15496527059122886,1,interior
0.7688437470728255,0.3419267520005283,1,interior
0.7297630083371304,0.16930673094272197,1,interior
0.7447136654279146,0.18158692825946554,1,interior
0.731417749068733,0.1705049669710842,1,interior
0.7402289873645114,0.17262718978677238,1,interior
0.774389820406266,0.20538253544799195,1,interior
0.5058676524176617,0.20042662991023436,1,interior
0.789443998596084,0.3091257014615465,1,interior
0.6325957409088986,0.13739054598674508,1,interior
0.7884503440507951,0.2969480153270007,1,interior
0.7533476457653262,0.19153553437421816,1,interior
0.48624077044471775,0.29799123823364954,1,interior
0.485843395179397,0.26166796201420356,1,interior
0.7034182690817977,0.15135251507862005,1,interior
0.5932998948843414,0.13632930264575577,1,boundary
0.5463338055765669,0.18327088725925497,1,interior
0.5038878193344318,0.20003765032189197,1,interior
0.4863009008335592,0.2864486085666212,1,interior
0.49247106314546857,0.21314280187130202,1,interior
0.7619528938429343,0.35945628279625597,1,interior
0.6835133423012287,0.13970415809030157,1,interior
0.4849828995977313,0.3047060943910943,1,interior
0.5069838332233875,0.19629644276904318,1,interior
0.5126902698757995,0.19193482438201429,1,interior
0.8024984872303348,0.27697959117572873,1,interior
0.4890710627380869,0.311000193046754,1,interior
0.8036247187982266,0.2744957450210801,1,interior
0.7149538310977025,0.15337446403065585,1,interior
0.7941314647695645,0.295181749341896,1,interior
0.6490612835898245,0.14047172784484763,1,interior
0.7727282004224185,0.3419129795449063,1,interior
0.7002452337904654,0.15114546900254283,1,interior
0.48839593217779215,0.29574504304155025,1,interior
0.7852694106555705,0.31881702532286404,1,interior
0.4893750933560881,0.31504163432986876,1,interior
0.7281691934042449,0.1689837510260527,1,interior
0.7180996821543678,0.15539025400113793,1,interior
0.7048825385069017,0.15253169142378686,1,interior
0.6450752157690275,0.13574253807765713,1,interior
0.49388711340404623,0.3268036392909767,1,interior
0.7912447447677642,0.24932073674474725,1,interior
0.49582091780204346,0.3248050512654084,1,interior
0.782781089272409,0.31400169699788494,1,interior
0.4901263934932275,0.3078073472337079,1,interior
0.4867955396157412,0.22973046598277938,1,interior
0.7734445049672375,0.33612023192466195,1,interior
0.5704181363989477,0.14616593319253363,1,boundary
0.4893691430311981,0.29293077273900686,1,interior
0.48881801296222704,0.2511408976124035,1,interior
0.7269143779292478,0.37928201612846707,1,boundary
0.791985463577015,0.24758408940038057,1,interior
0.48478023605719905,0.27540107730121344,1,interior
0.6230928169692381,0.1301173619750152,1,interior
0.562131635496517,0.15643197896147587,1,interior
0.5300560644906392,0.18636570135916594,1,interior
0.7729014465499019,0.3445911714143119,1,interior
0.4818388065115507,0.27480018693015473,1,interior
0.7337514132883595,0.1730141111067722,1,interior
0.536781622938578,0.18389878804773632,1,interior
0.7374258110758457,0.17428657755178356,1,interior
0.7651606713997003,0.3500587754976956,1,interior
0.6489365319053301,0.13570117934252404,1,interior
0.6610129835292027,0.14285675861272557,1,interior
0.49990643157801773,0.20438443558182695,1,interior
0.4958500720871039,0.3350936356000148,1,interior
0.7883836656253177,0.3037814715513303,1,interior
0.4813918473188951,0.2772648728031839,1,interior
0.7720546612620187,0.20150347402233365,1,interior
0.7969929201880434,0.25811347013337094,1,interior
0.7750575550667278,0.33601535448803427,1,interior
0.7460007937036304,0.1849869203088591,1,interior
0.5318257967234123,0.18629551722903753,1,interior
0.6255235569977267,0.13228489070470967,1,interior
0.7896839002854177,0.24421700242256836,1,interior
0.48871333094389696,0.3132641575195094,1,interior
0.7787699706676174,0.21471367611955616,1,interior
0.685109520468847,0.13932666501147037,1,interior
0.48983473750906287,0.22092415360982634,1,interior
0.5057366644212221,0.1989138634084942,1,interior
0.7926358807298008,0.29659717694682103,1,interior
0.6069296442905563,0.1271354300872322,1,interior
0.5024069203729835,0.20785145698764712,1,interior
0.6505191812990747,0.13984030861786106,1,interior
0.4892762625858645,0.26726252730070027,1,interior
0.4842470167680264,0.2915096066375161,1,interior
0.7969897410197124,0.26475429572661335,1,interior
0.49337950629668414,0.23383152073727914,1,interior
0.49297045351762786,0.32073037371035484,1,interior
0.775517362789147,0.21130448080678715,1,interior
0.49205780110240593,0.3224456392709351,1,interior
0.7776555520907451,0.32242248416178043,1,interior
0.6427461567552375,0.13533235926815493,1,interior
0.7909327963329602,0.3102257415241503,1,interior
0.4849651192294788,0.2582359554972816,1,interior
0.48308168412089747,0.26094961079597745,1,interior
0.4895730472879845,0.24792163608496245,1,interior
0.4945356177587375,0.23970794268936557,1,interior
0.5037379429850944,0.20862456139876048,1,interior
0.6847866068290229,0.14089254928241712,1,interior
0.7725960091504034,0.2066254419331914,1,interior
0.7975963061652189,0.26264308966346644,1,interior
0.8053680737111604,0.28172198489433176,1,interior
0.7133202450009893,0.15245278637552645,1,interior
0.7929319795645272,0.24011995440432632,1,interior
0.4883072140296071,0.2230487498455119,1,interior
0.6450634214849886,0.1373207717447289,1,interior
0.7882268081794893,0.2321318972213837,1,interior
0.7801404635960681,0.21667728382027493,1,interior
0.4974388207322582,0.33273154351755097,1,interior
0.48580907295516235,0.2251665056353513,1,interior
0.7275576418830613,0.17063207051536153,1,interior
0.774255801155722,0.34139773142683755,1,interior
0.5156487226889941,0.19442636669184107,1,interior
0.7770461785826088,0.33664287552562333,1,interior
0.5073448265539294,0.19899694636958906,1,interior
0.4915642242651815,0.3111613540069271,1,interior
0.6907706206316431,0.13815822636244912,1,interior
0.49228955884586617,0.23153879776303968,1,interior
0.8076748529710829,0.2838697386672367,1,interior
0.4801075316331374,0.2822612128952231,1,interior
0.4854379922367904,0.2963914576180354,1,interior
0.5693656646507951,0.14459872391930662,1,interior
0.5612914725036443,0.15074414175790354,1,interior
0.5402529885422128,0.17703950061037838,1,interior
0.6520747023665364,0.14015822711487388,1,interior
0.4862688797376457,0.29286228586650087,1,interior
0.6508910931419718,0.1356212532765079,1,interior
0.4844920682753661,0.2933780901954217,1,interior
0.7212070354783376,0.15566901788055298,1,interior
0.5679889299577122,0.14523987568168414,1,interior
0.701240315554925,0.14442128838763857,1,interior
0.5351769508646772,0.18411582769499682,1,interior
0.767344169493978,0.3583093793112445,1,interior
0.6688367310442097,0.14178257058099994,1,interior
0.7926265133732648,0.30842537584543106,1,interior
0.6366433230844807,0.13512891956518883,1,interior
0.48264957171437717,0.29729297040081665,1,interior
0.7627886577853313,0.36082612273911463,1,interior
0.77660454176884,0.32410298149457145,1,interior
0.5662358516340575,0.14823155178022127,1,interior
0.5413510826187052,0.1753835976073365,1,interior
0.48129282626386266,0.25752232607973374,1,interior
0.7537723877485056,0.1898106275024032,1,interior
0.7590807225210899,0.36578515789021493,1,interior
0.7547801024811782,0.18673217714302529,1,interior
0.7399073981874335,0.17528448885828118,1,interior
0.7009017063366286,0.14676858888990804,1,interior
0.6378897373333736,0.13672695298919899,1,interior
0.5180671734137468,0.19151352563575302,1,interior
0.6632643156893759,0.14662518215496448,1,interior
0.5029759363362394,0.19845975731152093,1,interior
0.702052926056104,0.1505272006732049,1,interior
0.7580018648041472,0.35782947325091613,1,interior
0.790352554323307,0.2971409662540027,1,interior
0.6630040921632585,0.1393300150668262,1,interior
0.6381998738572469,0.13460448723971077,1,interior
0.7496545939479555,0.1872595974890111,1,interior
0.49540286345396156,0.3381861546157155,1,boundary
0.5013583194523162,0.20659944292165247,1,interior
0.7454945186204303,0.38459051847998776,1,interior
0.6291332842143744,0.13111878561983278,1,interior
0.49172874040511616,0.21961896270540943,1,interior
0.4855364861262947,0.29030837970004153,1,interior
0.4987181851949282,0.3335664497416128,1,interior
0.7719425155820665,0.31615760079005994,1,interior
0.6990844555553997,0.14315977296390137,1,interior
0.7904991369499802,0.3003339730252491,1,interior
0.6493675198008161,0.13346635943894375,1,interior
0.7468748172694689,0.3760668844545383,1,interior
0.6328849084118152,0.13333989376798927,1,interior
0.7395698681163461,0.38654227564964566,1,interior
0.4926008898205789,0.3254907954795929,1,interior
0.7905985723268847,0.30332538063230946,1,interior
0.5612931981109441,0.15987248281498503,1,interior
0.7668317397375446,0.3492528240245547,1,interior
0.7719395793153421,0.19992288962135238,1,interior
0.6923426733300596,0.14231015290505006,1,interior
0.7992283243274205,0.28384581376716955,1,interior
0.48202383067611443,0.2952457824305658,1,interior
0.8072354864065563,0.2777796447783795,1,interior
0.5207819237453141,0.18734292504185004,1,interior
0.4805333793561786,0.2959894003496491,1,interior
0.7451743159926775,0.1864542849776421,1,interior
0.6646761027873628,0.39369326792251536,1,interior
0.7692180242894087,0.3491115725105798,1,interior
0.7844650401700682,0.22618785977536,1,interior
0.7562462937121984,0.19224810575681286,1,interior
0.4939514242915596,0.3240937963566695,1,interior
0.7875317236124858,0.30250634428357,1,interior
0.7661935150424134,0.35150855490890526,1,interior
0.7734552366409733,0.21695717210926047,1,interior
0.5044677911476179,0.1976670491981651,1,interior
0.7481320231321652,0.17609250328451043,1,interior
0.7521811800074067,0.18946560496069137,1,interior
0.7610579224666978,0.36073384000130876,1,interior
0.7340197809818505,0.3877153669048013,1,boundary
0.4835931073399969,0.2624280599289479,1,interior
0.47737563959806606,0.2828299491135015,1,interior
0.7952468102735928,0.2586567733190602,1,interior
0.5662457833022809,0.1504803403540957,1,interior
0.4809298142560237,0.29015722860922527,1,interior
0.6301965206692464,0.12874093913938145,1,interior
0.6650740708966594,0.39005227677574594,1,boundary
0.7899657996011147,0.2955432986657642,1,interior
0.4864521911395064,0.23313316401836534,1,interior
0.7653083840225544,0.34655581457610923,1,interior
0.5356496922356399,0.18172494718295393,1,interior
0.5462634563799216,0.16723099543587971,1,interior
0.778141821179679,0.32449403723027476,1,interior
0.6970040349370513,0.15022011757054574,1,interior
0.761807316297798,0.18920007079486018,1,interior
0.48199700949727914,0.2559246013401855,1,interior
0.4974355755929894,0.33861177538200693,1,boundary
0.7462266055403258,0.37276770543663074,1,interior
0.8070866610874469,0.27617548603722686,1,interior
0.7649101829780455,0.359845957557112,1,interior
0.6212599823041038,0.13101045666346017,1,interior
0.6667171894802604,0.14049537883888502,1,interior
0.5588161820968887,0.16251853729304092,1,interior
0.501204695115391,0.19945819643384577,1,interior
0.7868984242587536,0.23115859322671636,1,interior
0.7457349170297801,0.17430676371468481,1,interior
0.5442486227866512,0.17206807298449744,1,interior
0.7565215760990545,0.3682266902035196,1,interior
0.7364574015856817,0.17068573978529664,1,interior
0.6362610758306216,0.1377922672468582,1,interior
0.7684465521660265,0.360923692030677,1,interior
0.746636839718927,0.18252195264735857,1,interior
0.4874688013804409,0.2940164183086794,1,interior
0.7248506584772558,0.17703624991473108,1,interior
0.7755197039310711,0.3381512196001138,1,interior
0.7259494026546484,0.16459053154202283,1,interior
0.6031597418763831,0.12720941690305612,1,interior
0.4867326882989234,0.22328022992190663,1,interior
0.4870078569211743,0.24750283418234514,1,interior
0.7914673392070164,0.30596528506128223,1,interior
0.7699861921970004,0.36013653033525117,1,interior
0.48267216267632534,0.2594824208597394,1,interior
0.6799301783817623,0.1367163025031564,1,interior
0.6026358617709766,0.12437336380071941,1,interior
0.8012535073552665,0.27433569346319964,1,interior
0.4758193117421966,0.28147874042983356,1,interior
0.49712968498675125,0.20735477760938192,1,interior
0.49122627844057476,0.3204152324441206,1,interior
0.7507386954958143,0.1750684686155829,1,interior
0.7472221416709456,0.37443513610718565,1,interior
0.8090079356470893,0.27474490150151765,1,interior
0.7117967032175296,0.15251768938437532,1,interior
0.6038636689975746,0.12227919954380999,1,interior
0.4908034406583413,0.32495550772674703,1,interior
0.7622248998342817,0.3623448263496993,1,interior
0.6976857249027938,0.1411604589388805,1,interior
0.5566758633951951,0.1619700713026875,1,interior
0.6253523144274529,0.1294338882556821,1,interior
0.4841304331602284,0.2546952460642794,1,interior
0.5361399949123896,0.17882496028683972,1,interior
0.49361029465658546,0.32844057927130776,1,interior
0.7004834573836491,0.14958609494599737,1,interior
0.5319700236212973,0.18331399865498188,1,interior
0.7398236195389084,0.38497819868314975,1,interior
0.7875654328923631,0.23686492257360156,1,interior
0.7193463330813423,0.1564047852199791,1,interior
0.4913037285004536,0.24087940784371387,1,interior
0.49028606369451466,0.2448960272735872,1,interior
0.7825150365238297,0.3237270182077554,1,interior
0.7025830586052071,0.1464469052016309,1,interior
0.7800929123623117,0.22438547889211763,1,interior
0.5390202304966825,0.17540636371970744,1,interior
0.5006379211447082,0.20808722970557958,1,interior
0.555027060199637,0.16134006602993373,1,interior
0.7035436811731217,0.144390396394235,1,interior
0.7688819270719003,0.3466851314567418,1,interior
0.4825223038718928,0.29218754240968586,1,interior
0.7879171380795624,0.25749569608937983,1,interior
0.7989131652678945,0.2880643128261028,1,interior
0.6315975652630782,0.13050375446615725,1,interior
0.6605444238731937,0.14138374304939672,1,interior
0.7080280361782206,0.15702433018223388,1,interior
0.7855223873956249,0.3170060732840781,1,interior
0.7889127995004803,0.31142058055616034,1,interior
0.7754400132246253,0.33384614466430634,1,interior
0.49301207395728336,0.3357673066537022,1,boundary
0.7654846121505364,0.19613771876218386,1,interior
0.7654728708449495,0.3531725374181132,1,interior
0.7583443963025998,0.19200456581328115,1,interior
0.49026449913585834,0.22355461469195811,1,interior
0.6467667668780825,0.13521998340359076,1,interior
0.7771128972377898,0.32608972534970887,1,interior
0.7747260911596787,0.33124369381446184,1,interior
0.4799506366802164,0.28399741007123963,1,interior
0.7827157566616302,0.22936268626342154,1,interior
0.6784016419681395,0.1370529708534936,1,interior
0.49204690096761927,0.21021547631897652,1,interior
0.7641970851366019,0.362798848451714,1,interior
0.7466182504749559,0.3795925842920044,1,interior
0.4805751933960762,0.27103528391157516,1,interior
0.7474863114491223,0.18548693360465757,1,interior
0.7111091529153656,0.15071166441570696,1,interior
0.7783366543486124,0.32780007701509356,1,interior
0.47954851369606355,0.289359656997712,1,interior
0.7842427868639146,0.3257791295526026,1,interior
0.7775435533223308,0.3337741631052451,1,interior
0.491619810796322,0.25482938793366466,1,interior
0.7445602485456707,0.17188887044827517,1,interior
0.801033682742057,0.26415155400847096,1,interior
0.7827136783447857,0.21795531755954758,1,interior
0.7650620159940685,0.3556892238054531,1,interior
0.7968567818274855,0.26016521312225566,1,interior
0.7418549650614701,0.37868527476046276,1,interior
0.4890926872971007,0.23986636383884619,1,interior
0.5041065594710936,0.19592213047688592,1,interior
0.7664126274236054,0.35475812060872164,1,interior
0.7161108140748987,0.1569333912044655,1,interior
0.480840149226614,0.26002136729926895,1,interior
0.7898636181144519,0.24803289085701596,1,interior
0.4796369903390486,0.264211398630999,1,interior
0.6153445621730037,0.13052401676094555,1,interior
0.6127974419207357,0.13123213752109353,1,interior
0.7638040581552171,0.35119180302644,1,interior
0.6775729248387714,0.13842132303435659,1,interior
0.5604576961657122,0.15575787831521826,1,interior
0.6399217266777382,0.1345118012705585,1,interior
0.48541649515227736,0.30834796135587167,1,interior
0.8038263755753804,0.2729119426178598,1,interior
0.48466349691725874,0.29867225473084147,1,interior
0.5023920550563646,0.19624266632069648,1,interior
0.7390889237848725,0.3879925917727316,1,interior
0.7929562630355573,0.2504310508488219,1,interior
0.792026024065194,0.25262166525268354,1,interior
0.6653215880596951,0.14578528827400608,1,interior
0.7778545154383888,0.3055131326860784,1,interior
0.53744104125323,0.17670926921962568,1,interior
0.7322093586302431,0.16766601867020162,1,interior
0.7576398737732104,0.19045489063452883,1,interior
0.7440205654424229,0.17436739761799785,1,interior
0.5646043343133003,0.15100240601325252,1,interior
0.7764953265943764,0.3311900297472768,1,interior
0.7422337434670998,0.1728118283154375,1,interior
0.5049254124893909,0.20585089595477482,1,interior
0.7012378485004311,0.14180848538966834,1,interior
0.7405671474834882,0.18031840136259703,1,interior
0.7912570352174368,0.23559005229362123,1,interior
0.4874005146491461,0.21998334290474078,1,interior
0.702957557125287,0.1491213101962247,1,interior
0.7470731781215789,0.1775760509957669,1,interior
0.7895952453892113,0.31350299924878455,1,interior
0.4819609625835889,0.2730504530770801,1,interior
0.7504505909330625,0.18448032068819342,1,interior
0.5593925442325993,0.1607823062752835,1,interior
0.7575088354325124,0.36560553478017765,1,interior
0.6272226468361157,0.1287925685879376,1,interior
0.7449960133226868,0.3800981684893607,1,interior
0.8053013475944315,0.2739588384739857,1,interior
0.560333708199805,0.15324538376682895,1,interior
0.6168676780041333,0.1284010101677431,1,interior
0.7609737217846619,0.34920015413065314,1,interior
0.7340469389614379,0.17034457754682655,1,interior
0.6887561989272594,0.13557467200616174,1,interior
0.5569103055358402,0.1598456019520918,1,interior
0.7515396855396546,0.3714034901816142,1,interior
0.6011320804161256,0.12175278362163322,1,interior
0.5163668841911786,0.19078103706676747,1,interior
0.5219307743830889,0.18630328363526305,1,interior
0.5983312116114698,0.12541209334968023,1,interior
0.779560634776229,0.33578713203112104,1,interior
0.5509258639879455,0.1605182737584463,1,interior
0.6948204883071574,0.14169380455059039,1,interior
0.8088247496164598,0.2866080073410953,1,interior
0.638503289036744,0.1328255393786059,1,interior
0.7532658047121475,0.18605558907499767,1,interior
0.4836660680408687,0.3069983800950684,1,interior
0.6808865875389506,0.1381863391420661,1,interior
0.6000418385811747,0.12939657417004605,1,interior
0.7718771871762324,0.19704129090243688,1,interior
0.654125836277942,0.14073210114753787,1,interior
0.6596660525564988,0.1385280643929343,1,interior
0.5463550737248484,0.16877455890568155,1,interior
0.7685622555956018,0.35079236924671864,1,interior
0.7301269025978856,0.16610113391465217,1,interior
0.4826835324831258,0.29020583412044015,1,interior
0.5224759546163033,0.18417713367212915,1,interior
0.5530014288116472,0.16349935845775765,1,interior
0.5158702015075635,0.19245943980955682,1,interior
0.7908885230099418,0.24562110336796766,1,interior
0.48167282642664183,0.25330259587425275,1,interior
0.7799974901377474,0.32615971354733175,1,interior
0.5190838415184162,0.18488112087650477,1,interior
0.6840421667399615,0.13742460186796615,1,interior
0.7732795780474254,0.2090198144276277,1,interior
0.7942320086423921,0.26173602844170746,1,interior
0.7745799452894812,0.19962607576597072,1,interior
0.7678266818825793,0.19294214918536245,1,interior
0.7169978580512228,0.17125100498248663,1,interior
0.7968127881966065,0.2675565355605772,1,interior
0.7544000101930275,0.37001169102671594,1,interior
0.6966894111615136,0.1424341964488507,1,interior
0.7585640410462337,0.1891190780658553,1,interior
0.7126619716765801,0.1482416862617242,1,interior
0.7062010849571101,0.14965191491802415,1,interior
0.7042247372981659,0.14786978656471672,1,interior
0.4821267886975066,0.29366754335927153,1,interior
0.5059866131768634,0.1946513086483995,1,interior
0.6956460162309644,0.14409834399924432,1,interior
0.8000089128965718,0.258067371104297,1,interior
0.5017856691346784,0.20093427979602846,1,interior
0.6544503476284702,0.144313912495303,1,interior
0.5144792447866132,0.193212298332963,1,interior
0.49519476605614154,0.32777668337478244,1,interior
0.767093440928289,0.35282684617485205,1,interior
0.5380265953206638,0.17948561603887006,1,interior
0.7697249433674468,0.19810267571319576,1,interior
0.7780879154926039,0.2132420991593679,1,interior
0.670675275082543,0.14211977626459316,1,interior
0.7136019105263555,0.15043036139839328,1,interior
0.4989231764656565,0.20195446606539655,1,interior
0.784521031077562,0.32213322881197604,1,interior
0.7603063116063544,0.3684294474743675,1,interior
0.7510066529500016,0.3737783917785326,1,interior
0.6084931374825034,0.1257132793975321,1,interior
0.5075995281520718,0.19374393868245576,1,interior
0.48421904977809344,0.228355469876221,1,interior
0.7904522833830954,0.3116920498568381,1,interior
0.5366886281295482,0.1752121158918581,1,interior
0.5436573083439303,0.17449582016045054,1,interior
0.7853814180652172,0.32039104451107386,1,interior
0.7637972427684302,0.18890759086260167,1,interior
0.7756442926901925,0.20941033997959344,1,interior
0.6370337423125624,0.13224935366307822,1,interior
0.6445119658884475,0.1443415256684087,1,interior
0.6579005882477189,0.1417391471806808,1,interior
0.6028179697411716,0.12075332254577556,1,interior
0.4827120875438246,0.27633598096950124,1,interior
0.7875990529123684,0.2952221543250725,1,interior
0.4914317437165933,0.3183086315000459,1,interior
0.7977990955824066,0.29091835288973067,1,interior
0.4985683761732745,0.20644050650271273,1,interior
0.49206486923810794,0.3272778954291626,1,interior
0.48458325887059395,0.24892975105387383,1,interior
0.6407363994614991,0.13580426052871497,1,interior
0.48149830987814823,0.2614929251694608,1,interior
0.48471381067468433,0.3099760100011507,1,interior
0.783759520080598,0.3161329445153713,1,interior
0.5699125889590385,0.14316648520272773,1,boundary
0.6100323608982233,0.1277535265072618,1,interior
0.7086351101221685,0.1522630951868924,1,interior
0.5659385053111932,0.14429414351012584,1,interior
0.5647975911441295,0.145861625442133,1,interior
0.7047025391640273,0.14539354848117714,1,interior
0.7787216926489439,0.33835504354656204,1,interior
0.48043070081231326,0.29426655891684583,1,interior
0.7770836732298997,0.32948389291193264,1,interior
0.49956008175759,0.19574687306982855,1,interior
0.4942112306953865,0.20834080260373206,1,interior
0.48598148747973957,0.25187993713077966,1,interior
0.49021343672080275,0.23859702132147428,1,interior
0.5628958083493956,0.15008224693513136,1,interior
0.48992000701168925,0.21040523691860846,1,interior
0.4992309711840765,0.1993091287609732,1,interior
0.6045334220614608,0.12366131949560707,1,interior
0.7059014419842418,0.14786164124165066,1,interior
0.6821995037686692,0.1368287573704848,1,interior
0.7382055495405855,0.1711277659248492,1,interior
0.7554426452930642,0.19369007417038075,1,interior
0.4805477427125809,0.26938249053873986,1,interior
0.6648090083834755,0.14294257278727465,1,interior
0.7630022448950426,0.36583025482691245,1,interior
0.6184101590141888,0.13170773199699787,1,interior
0.49207941318714743,0.3306645462600895,1,interior
0.6812199744519153,0.13527958309460145,1,interior
0.8019263992482323,0.2583438388992578,1,interior
0.7431954261024091,0.18424955319804237,1,interior
0.6047432472434803,0.11895751650479505,1,interior
0.7895614080521939,0.23368935317394177,1,interior
0.7772301372590141,0.21085376941615072,1,interior
0.7700705370692985,0.19562642102808303,1,interior
0.5967894838623404,0.12505696660738053,1,boundary
0.4786834701361418,0.2814659928749801,1,interior
0.7155894579686304,0.14836708135344878,1,interior
0.6993329433587943,0.14102519390142162,1,interior
0.799470995868359,0.2899383154322523,1,interior
0.7834066995394433,0.22032078745281786,1,interior
0.7906209687063875,0.2987137708547392,1,interior
0.7745786672664662,0.20718834741287798,1,interior
0.7970988914311571,0.25599708107824304,1,interior
0.4801983296838283,0.2878640519697708,1,interior
0.6192181726215039,0.1292357948360639,1,interior
0.5007425947036628,0.19720951898254593,1,interior
0.7863938921304487,0.23895460200352936,1,interior
0.7275931008509773,0.16448593053920602,1,interior
0.7247813026135853,0.1567832146045453,1,interior
0.4757666370394445,0.28399327158682713,1,interior
0.7458041402615913,0.3775969089098746,1,interior
0.4950636347983663,0.3313098401440031,1,interior
0.6785437063922698,0.13409332610003083,1,interior
0.775956717125618,0.34324849639321625,1,interior
0.48386863457800744,0.29617430602947553,1,interior
0.5074169744612124,0.19200971918105536,1,interior
0.7362234678000309,0.16877372076646674,1,interior
0.49507338918347354,0.21064867038181775,1,interior
0.6934548044919777,0.1407438735928527,1,interior
0.5252446344603792,0.1832272505634199,1,interior
0.5200141792350217,0.18952395707276998,1,interior
0.48387515785680774,0.3018715857738297,1,interior
0.8018453460160548,0.26992549435698465,1,interior
0.4989926712417352,0.19762007197300133,1,interior
0.5481776802871903,0.16554603963686645,1,interior
0.48857133059383206,0.23243173047062615,1,interior
0.7892480775286794,0.23740091550824316,1,interior
0.6442062366262602,0.13439571783147033,1,interior
0.4945572689061116,0.3338049286423443,1,interior
0.7850550149170843,0.31336342058798655,1,interior
0.8010753454293933,0.26680911203937796,1,interior
0.6332945997294591,0.13153466630877375,1,interior
0.8058032534061806,0.28001797413607565,1,interior
0.4874390127483077,0.3158189555245365,1,interior
0.7487222732788794,0.3751102557862457,1,interior
0.6553786126341501,0.13669459245887894,1,interior
0.4864630010750175,0.2504127359396783,1,interior
0.6117406363943576,0.129383644173333,1,interior
0.7064376518125162,0.14350712554449196,1,interior
0.7344210814599815,0.16828093870481264,1,interior
0.7918283084553549,0.2434425239577384,1,interior
0.6148030887267468,0.12808433305069805,1,interior
0.7792332624932343,0.33332008671356345,1,interior
0.4970400214770756,0.2049925797185,1,interior
0.7995768896759029,0.26324765821877344,1,interior
0.558357656182868,0.15454587299178726,1,interior
0.8013897014524557,0.2920959450655091,1,interior
0.7824789858504636,0.3190987675812051,1,interior
0.5642824093703285,0.14828112356194342,1,interior
0.7630761355272466,0.18715903140616572,1,interior
0.5674682781001874,0.14249780449939306,1,interior
0.5099947450034711,0.19301709526604865,1,interior
0.7077366027387962,0.1507690598990631,1,interior
0.5279694576634044,0.1842171961594448,1,interior
0.7749830099536211,0.20158217808002443,1,interior
0.5633851875728033,0.14372940923099176,1,interior
0.4878978747849027,0.22523130283963153,1,interior
0.7779442955248808,0.3316814426632902,1,interior
0.5115421133808487,0.20480471517068227,1,interior
0.665687202008005,0.39728002663126666,1,interior
0.6836107148259876,0.13545511640604607,1,interior
0.7904655080921892,0.23087791652307826,1,interior
0.7034581429566122,0.1423515814798427,1,interior
0.4880825335125806,0.24549334165667872,1,interior
0.8072550315164615,0.27222628510658936,1,interior
0.5266679939789053,0.1880678588363314,1,interior
0.47464318389880966,0.28278012933290464,1,interior
0.7304956042294957,0.16769460156314794,1,interior
0.7556159659286855,0.1908187622946723,1,interior
0.7674900304113086,0.35670662828654676,1,interior
0.4748740589401435,0.2856620353387211,1,interior
0.8076838317999624,0.2738838465760233,1,interior
0.5334689673446055,0.1836457255858678,1,interior
0.5304837531760553,0.18209322641517436,1,interior
0.48485795237669144,0.3030613323246583,1,interior
0.7863132672597187,0.3215960310845771,1,interior
0.6652449525878099,0.1414099695112618,1,interior
0.7928867180388697,0.24201342264581968,1,interior
0.4881337567807993,0.3174198964938377,1,interior
0.4923538615655188,0.2396363277254091,1,interior
0.7500058247561903,0.37142754914572707,1,interior
0.71534083509904,0.15141437535926944,1,interior
0.5563645539574663,0.15535640089490754,1,interior
0.7670410628577257,0.1952991851303999,1,interior
0.7484479539953794,0.18839621808960105,1,interior
0.7389676453373242,0.38954112858592793,1,boundary
0.6480526040178043,0.13133888305294322,1,interior
0.7872041951488747,0.24924126940217148,1,interior
0.7697829348085278,0.3581910975832216,1,interior
0.7490582989539445,0.1834535828160954,1,interior
0.7825145887181291,0.22469636163741072,1,interior
0.7686349648124116,0.19628420771625069,1,interior
0.545182020983202,0.1734134869545154,1,interior
0.698970774409047,0.15018641011727163,1,interior
0.743924025095016,0.17044234173543701,1,interior
0.7704311372344005,0.3624338514946012,1,interior
0.48693611249741653,0.22156975116674207,1,interior
0.6851000131492966,0.13614725981994438,1,interior
0.7790277037534301,0.21159001091662483,1,interior
0.7486784845695789,0.3768487356948501,1,interior
0.7997437087697578,0.29245866483649646,1,interior
0.5958727163095644,0.1289186309774378,1,boundary
0.48878847285287647,0.3238098996905693,1,interior
0.4914439249025879,0.23553995774621306,1,interior
0.7936033638639449,0.24861635882292202,1,interior
0.7961463950932735,0.26189579258924367,1,interior
0.6657501745857171,0.4017762751634476,1,boundary
0.4831319124722794,0.2873164232673876,1,interior
0.7742202943724952,0.3396014069600351,1,interior
0.5176335182924285,0.18984440582971426,1,interior
0.667328080848388,0.3986426937726381,1,interior
0.4839722179921934,0.2228586974240431,1,interior
0.7476819329638783,0.18092123669718393,1,interior
0.6686769392585996,0.3994363633924291,1,boundary
0.5449942089418107,0.16945987690377942,1,interior
0.7553592330209284,0.18869196643376723,1,interior
0.4913784887150861,0.31621836942304676,1,interior
0.7817876142114962,0.32705687681721485,1,interior
0.6999301343013213,0.13931017913937693,1,interior
0.6105538635979405,0.12534100392321962,1,interior
0.4783485174872951,0.28406928614463045,1,interior
0.5345311480882191,0.18053204980691703,1,interior
0.5233432756407099,0.18238383286204546,1,interior
0.4803292264490318,0.27378828454352866,1,interior
0.7932225002354987,0.2380084846666027,1,interior
0.7609141010470237,0.18733033511969507,1,interior
0.5112652361288995,0.19474409889562605,1,interior
0.7102236814902299,0.15197697051535664,1,interior
0.5481996342576222,0.161447303664892,1,interior
0.7927513810132898,0.24497445029316767,1,interior
0.47223692046839044,0.2860211917744874,1,interior
0.6434378866954447,0.1328216999881681,1,interior
0.6476843186972774,0.1328220522477656,1,interior
0.7374973931892226,0.38782202561611395,1,interior
0.49208182700594194,0.2997084484126407,1,interior
0.7768301209180867,0.33944911670558103,1,interior
0.7932542747486582,0.3045936126033175,1,interior
0.48989317911951885,0.2463877332831998,1,interior
0.793732973860577,0.2987749170844762,1,interior
0.5331013287057205,0.17920261625572625,1,interior
0.48962576276262476,0.31851862916752344,1,interior
0.7166170624978291,0.14960582147402193,1,interior
0.5117656477434186,0.1932883436034688,1,interior
0.706888470754105,0.14624277911292016,1,interior
0.794401020639981,0.24415486935961986,1,interior
0.48909247465549244,0.3272686356658189,1,interior
0.6003064300369626,0.12334380493200561,1,interior
0.4806029623356531,0.2758046400256033,1,interior
0.4831696144608208,0.3048587086784402,1,interior
0.6825407743903509,0.13834488725141164,1,interior
0.6178781234210668,0.1302106147293519,1,interior
0.5461126172851462,0.16467595406817132,1,interior
0.4885783167700286,0.2365598948759186,1,interior
0.7450873912821662,0.388809248733441,1,interior
0.7411534710403118,0.38617276228705644,1,interior
0.477733726506851,0.2859444254733471,1,interior
0.528839853360546,0.18146491856619024,1,interior
0.7530808417334418,0.3746446608356208,1,interior
0.6012920479789987,0.11925468631006873,1,interior
0.7635595961205337,0.18496451419534496,1,interior
0.7685398351688393,0.35351478003599723,1,interior
0.48036643027140763,0.2544945264010472,1,interior
0.6697983770079525,0.1395635615349833,1,interior
0.6529621677419145,0.14179538564368874,1,interior
0.7934390939496124,0.25608580705578143,1,interior
0.4798310875695539,0.2569367588024096,1,interior
0.7086736206169277,0.14434246078174562,1,interior
0.5673743757182791,0.14069403302932595,1,interior
0.5446338560685418,0.16783144595505806,1,interior
0.48630525527040697,0.31063378851881596,1,interior
0.7910566589167023,0.2373553259128985,1,interior
0.8030724646128462,0.26823051207482557,1,interior
0.7937457046925503,0.26014846418652954,1,interior
0.7956832175056188,0.2389526324821652,1,interior
0.4836167457805791,0.2680010698509247,1,interior
0.5187254614030408,0.1882535844070449,1,interior
0.8033737243379044,0.2705358507476048,1,interior
0.48564192675809276,0.24515596914284016,1,interior
0.5484015195958442,0.15986716057193762,1,interior
0.7850998951619175,0.2202044923849494,1,interior
0.6979542502195862,0.13828748870838758,1,interior
0.49259611546365145,0.33287370055423576,1,interior
0.746759747286889,0.3866372559626235,1,interior
0.4903316251136153,0.32309963905883426,1,interior
0.4767398539091197,0.27987047375082497,1,interior
0.5587890247010951,0.1587673561901199,1,interior
0.6456919867370281,0.13372175696450406,1,interior
0.7782402527776041,0.34090459782423443,1,interior
0.5471084929983175,0.16293157428492513,1,interior
0.4830381438688128,0.2295983232144737,1,interior
0.48752291598995906,0.249239053619987,1,interior
0.7722669920085833,0.1946652473478833,1,interior
0.7882759769927133,0.3220839813639322,1,interior
0.48236047688191686,0.3116511555401121,1,interior
0.5499318287322217,0.15875020581204297,1,interior
0.6656609033206862,0.39914654785188036,1,interior
0.4885437518742712,0.32531126413446904,1,interior
0.4764553802051894,0.28705418317140485,1,interior
0.7095702514877607,0.14925284392723998,1,interior
0.68609930034212,0.13462758584377013,1,interior
0.7431133406754029,0.3891165454610228,1,interior
0.6201455715386982,0.1321003482740023,1,interior
0.4979222259996232,0.19327037289432852,1,interior
0.6670233560474698,0.4002786476349895,1,interior
0.7159683854424882,0.1467952964604181,1,interior
0.6353090301998551,0.13049073351174825,1,interior
0.7953925688725575,0.24606998745277867,1,interior
0.5516226849693758,0.16270280326064127,1,interior
0.751734584606937,0.1872552466626858,1,interior
0.7132797868513573,0.14581884163013767,1,interior
0.5012497875520375,0.19440753065304373,1,interior
0.650310215232524,0.13200978606381183,1,interior
0.519851741145318,0.19232065810078586,1,interior
0.7835077107542564,0.2218888013677593,1,interior
0.6937814290719362,0.13858947562042068,1,interior
0.7984950474010862,0.2594014836400075,1,interior
0.7696249908483925,0.19410375374069339,1,interior
0.4875941414214228,0.3095179452269842,1,interior
0.5139035746610288,0.19037975014015412,1,interior
0.48620108213058727,0.21897373397083264,1,interior
0.6672306236087105,0.14292867893779526,1,interior
0.782623478490335,0.21545035465168294,1,interior
0.7672523229868563,0.19031238189095956,1,interior
0.663403537349785,0.14081458024964577,1,interior
0.4866889721574552,0.32752924880126083,1,interior
0.7058613791268467,0.1420193967419575,1,interior
0.7502999262888643,0.17252873726714008,1,interior
0.7702709498449094,0.35079759024481305,1,interior
0.4831403208592775,0.22492400101405416,1,interior
0.48995496696058444,0.2344309487662309,1,interior
0.7526315718454409,0.3580231205097089,1,interior
0.7763887320134402,0.2022825414965898,1,interior
0.48705694969616137,0.2415968950431911,1,interior
0.47850842943278893,0.2875909806675961,1,interior
0.790829124419633,0.31512825910033165,1,interior
0.48700324579369575,0.32302034017146986,1,interior
0.7182749232746788,0.1486782330744601,1,interior
0.4858395612545899,0.23765021234708206,1,interior
0.6616626170093065,0.14018072663686917,1,interior
0.512656216070013,0.18947090444265938,1,interior
0.7402885788815371,0.39032463241653864,1,boundary
0.4867667752629921,0.31358133540787775,1,interior
0.4819947563844026,0.2229174394333401,1,interior
0.6590877397137079,0.1399600650938012,1,interior
0.7047060524975637,0.15015202705909914,1,interior
0.6068191134216151,0.12190737062396743,1,interior
0.7819308973579289,0.21184059515919157,1,interior
0.604371566892163,0.12055372069164216,1,interior
0.7460961586582604,0.17194665436406037,1,interior
0.5650982061618933,0.1423733623904982,1,interior
0.6401223252114583,0.1323575741419844,1,interior
0.804845150274873,0.26949204951943195,1,interior
0.5329240631004518,0.18186746760777223,1,interior
0.7602420794691106,0.1892176107023373,1,interior
0.7798328470745213,0.33093221916923427,1,interior
0.4835440276363129,0.3140092434123712,1,interior
0.4818384010911332,0.29871393931234314,1,interior
0.7680495811920801,0.3552615535709904,1,interior
0.6188899401309327,0.12711827002669374,1,interior
0.5444942990713041,0.16582220889092011,1,interior
0.47968374348059595,0.2588775552737891,1,interior
0.7144078515429759,0.14709681581500747,1,interior
0.6774389830537059,0.13557892069451608,1,interior
0.7870830821247483,0.22956317404272594,1,interior
0.4911898381628836,0.23734253023045251,1,interior
0.7920297083681455,0.3009425407136972,1,interior
0.48717771664487747,0.32023476620063523,1,interior
0.7357439657745062,0.3888515282274803,1,boundary
0.4852521963568693,0.22195330683010403,1,interior
0.7760011493235739,0.346077113905048,1,interior
0.7922088890361264,0.29930573259456245,1,interior
0.6342912619149292,0.12935972357198264,1,interior
0.6462365772034258,0.13167579651473452,1,interior
0.4819295961315413,0.30383209615820417,1,interior
0.6912521678539303,0.13656861051003538,1,interior
0.7627088555404059,0.3641690684780903,1,interior
0.7263769680675355,0.15545127496575972,1,interior
0.7692558927747913,0.36362370129617705,1,interior
0.6327286459342313,0.12908780546016843,1,interior
0.5536047600404699,0.15905589499843487,1,interior
0.7286572749070115,0.16571059317721426,1,interior
0.6514402470249879,0.13411356658425372,1,interior
0.6504254812425766,0.1295948854433468,1,interior
0.5416586478107717,0.17237972495647674,1,interior
0.7017081958667016,0.13978946148834,1,interior
0.64186094308978,0.1328951531299305,1,interior
0.4897901593743006,0.31688205888905446,1,interior
0.7501916848317741,0.1697241845626271,1,interior
0.8088325121376927,0.27211607290725087,1,interior
0.793550338350437,0.25231704977641933,1,interior
0.7710613394414125,0.34798131145256433,1,interior
0.7741378036797543,0.3436820256718525,1,interior
0.7644158221410695,0.365178178476738,1,interior
0.7579788571262454,0.3703835560280864,1,interior
0.48475245366854497,0.3154915938089941,1,interior
0.7939256051291451,0.3006213846518742,1,interior
0.7929362603429927,0.30278925181078103,1,interior
0.7706140324450459,0.19286660072481748,1,interior
0.4836525019674019,0.2316822089639366,1,interior
0.7416494332281788,0.16989850214297025,1,interior
0.4820957326512396,0.23113366831053303,1,interior
0.5151857460006302,0.1891444173399776,1,interior
0.48568956405311425,0.3124652526588679,1,interior
0.5633992362842677,0.1522783307437203,1,interior
0.723293584171554,0.15462883535038713,1,interior
0.7322716440348229,0.17347878062152713,1,interior
0.7976044045842214,0.27244342792871207,1,interior
0.7866148232451644,0.32325960047959423,1,interior
0.8041174109834913,0.25628045153347334,1,interior
0.5111042793662791,0.19101994892396615,1,interior
0.6674415984586511,0.40178080083219875,1,boundary
0.5034899140897069,0.19401804877731194,1,interior
0.7661347189178008,0.3636732205512508,1,interior
0.7567216548725794,0.18619393872850262,1,interior
0.7805020741738109,0.32414040116009496,1,interior
0.47855894876465555,0.29445325705804587,1,interior
0.4876576975131986,0.2124120695047137,1,interior
0.6209887016988527,0.12949435157323388,1,interior
0.6288185051404814,0.1273311256422336,1,interior
0.7580827275558674,0.18494458620824314,1,interior
0.8047164234468354,0.27133555830327705,1,interior
0.7528601563421706,0.18456510991627678,1,interior
0.7771890240420698,0.20887939040326553,1,interior
0.4792557029507341,0.2768722375485209,1,interior
0.737401195570995,0.1724157137963965,1,interior
0.48537706091816263,0.31724559655051565,1,interior
0.5197128745677332,0.1829838571658598,1,interior
0.724959813993312,0.1546828068868095,1,interior
0.7876895640629413,0.22751105419270543,1,interior
0.7485913281465576,0.17422464092592876,1,interior
0.7798989666808888,0.20873769830083092,1,interior
0.7918561911115597,0.3123729915550406,1,interior
0.6727362276866681,0.13926823446341935,1,interior
0.778520695346877,0.21004930027266855,1,interior
0.7788910458190005,0.20646749424193042,1,interior
0.6656120463287007,0.40360741009109924,1,boundary
0.5387686317131526,0.17311814477195722,1,interior
0.4819913757238936,0.3013954926796692,1,interior
0.7191649730687119,0.15422425611825683,1,interior
0.7121222763478409,0.14380774334021412,1,interior
0.7628889761785269,0.3674257098924733,1,interior
0.7399662369783782,0.17061798712660378,1,interior
0.6617666541146591,0.13750922858496625,1,interior
0.7164915288614526,0.152988908819021,1,interior
0.47331115578449506,0.2878930985320794,1,interior
0.7729533464983768,0.3489414077369607,1,interior
0.7609815373232172,0.3665562975004042,1,interior
0.7621578197531708,0.18425046083734903,1,interior
0.6655005922554833,0.13783129070991576,1,interior
0.766137502678945,0.19160317820119388,1,interior
0.6126674335239393,0.12656184861681063,1,interior
0.7719656043227842,0.34583787927522336,1,interior
0.7717559538868911,0.3500123361628664,1,interior
0.7666291352331202,0.3604244677788305,1,interior
0.7325112963511516,0.169305028148381,1,interior
0.7941727356343995,0.25409897441324725,1,interior
0.543017674046494,0.17001849762001672,1,interior
0.79392753988043,0.3063818691888099,1,interior
0.7706178538783202,0.35510211054689467,1,interior
0.6230614651592425,0.12776295366375362,1,interior
0.5614892632338122,0.14814733492640722,1,interior
0.6570770225602627,0.14351626609683155,1,interior
0.7667845722283574,0.3620095074476906,1,interior
0.47926106032046945,0.26147683705719,1,interior
0.5590934099343282,0.14981410216036842,1,interior
0.7071632852292258,0.13987473096704292,1,interior
0.8070397249144597,0.2704194791748123,1,interior
0.74814680192652,0.17265230585655703,1,interior
0.4909652769950545,0.32881715132166495,1,interior
0.47817197891962343,0.2729172973813347,1,interior
0.6626835849593319,0.1438727036640928,1,interior
0.4888415012749966,0.3212815999138497,1,interior
0.48442613743017304,0.2259832910265753,1,interior
0.7646667990875649,0.3669544931458611,1,interior
0.7190276185999587,0.1507928023098341,1,interior
0.7959631629760193,0.2544609493376195,1,interior
0.7807065706637549,0.3326518293882293,1,interior
0.6000038499762669,0.12036740659343019,1,interior
0.7987864939953159,0.26137501585369144,1,interior
0.4834988838255878,0.2946515430958296,1,interior
0.6536860180878304,0.13909969758626012,1,interior
0.48109766291859546,0.30557863636619065,1,interior
0.4905122050683603,0.33462101866843796,1,boundary
0.7249303173118802,0.15253956835167523,1,interior
0.6562480109961065,0.13532908870496568,1,interior
0.7383954283461882,0.3842848534954136,1,interior
0.5519034934593067,0.15924450428142967,1,interior
0.5632437976879427,0.14678511563912774,1,interior
0.7878485719407152,0.31448561427435473,1,interior
0.543032540953283,0.16832037572844744,1,interior
0.5558580296407621,0.1820224667224112,1,interior
0.7807512371683636,0.21298001605172595,1,interior
0.7779062440673172,0.20378941545992743,1,interior
0.48480680608227755,0.23331087000914305,1,interior
0.4836634010577931,0.26463339191737467,1,interior
0.7821799589491073,0.3335823485331723,1,interior
0.76173937035077,0.3708182516839096,1,interior
0.7758801766824731,0.1987692968272609,1,interior
0.5499405647922277,0.1617594455423845,1,interior
0.4876262330108214,0.3296680592212752,1,interior
0.7042873648427743,0.14076588011635457,1,interior
0.7692557584649518,0.35661355971195685,1,interior
0.7977044581468714,0.29568675427991414,1,interior
0.6968594560886718,0.13969220409858268,1,interior
0.8097641034853218,0.28793690743451616,1,interior
0.6446632549728882,0.13018632987880507,1,interior
0.7946668328117636,0.3024103437853111,1,interior
0.483907229725112,0.2517102806290642,1,interior
0.7214649522356421,0.15277882867464948,1,interior
0.8110451148181858,0.27106145138999477,1,interior
0.6118822461723488,0.12425027773164593,1,interior
0.7845559461440095,0.21547068636699665,1,interior
0.6005403465684002,0.12764773372889465,1,interior
0.48792407207579436,0.24289012621069214,1,interior
0.7863250267773767,0.31449503104209986,1,interior
0.7681610922409071,0.3647738615648192,1,interior
0.6060110499515592,0.12328338340613217,1,interior
0.795060230402332,0.25019117201630225,1,interior
0.47981927386180223,0.2980899747809388,1,interior
0.7936724141137264,0.246759825849751,1,interior
0.7301766453069918,0.1605256426324134,1,interior
0.4853868823037399,0.22036754239383033,1,interior
0.7298129831285103,0.15901258768681947,1,interior
0.7587002851308846,0.18649621580177358,1,interior
0.6556344851225657,0.1410013201742872,1,interior
0.7016409815106671,0.13725548886838948,1,interior
0.7890478312657689,0.23026893315279987,1,interior
0.4910748183789712,0.31467506401821155,1,interior
0.8027707601827856,0.2883717846702094,1,interior
0.518971728672682,0.1865927468508479,1,interior
0.7811416732776962,0.2147697124826187,1,interior
0.7655227493692317,0.18792740153338983,1,interior
0.6311807071523204,0.12707637199479274,1,interior
0.7719088906398222,0.36319064278355156,1,interior
0.4812409287042481,0.25152234371816057,1,interior
0.4850978289308516,0.23048679403819733,1,interior
0.5402970315105544,0.1735345789946029,1,interior
0.7760512620176268,0.2078387211755249,1,interior
0.4733566121859486,0.2813688298359821,1,interior
0.5501624528730851,0.15718056098491942,1,interior
0.4878512402610291,0.2920772350403896,1,interior
0.486937319630638,0.2105472087431507,1,interior
0.7864104106854419,0.21530149426167947,1,interior
0.7868942006947294,0.22601022944840038,1,interior
0.7170653373606222,0.15129488153013834,1,interior
0.5622577095291154,0.14476774534045228,1,interior
0.6262568866477615,0.1267039416076122,1,interior
0.7650493722039903,0.18982112696341924,1,interior
0.6143019679487542,0.12445173749114873,1,interior
0.4905993890150559,0.3325191678102165,1,interior
0.7827579245195708,0.21361639567946075,1,interior
0.7014720204795604,0.14831687624008458,1,interior
0.7701195135115205,0.3527069658687452,1,interior
0.7616987591054047,0.18591667177632287,1,interior
0.504878335620194,0.19309578550184053,1,interior
0.6142336610902356,0.12663019174959592,1,interior
0.6163053896601056,0.1259147113813172,1,interior
0.4777498282725118,0.27016127658869526,1,interior
0.4800021501299338,0.26717824660273837,1,interior
0.7961804485228672,0.2526135256007333,1,interior
0.7799959168903716,0.20520861849571906,1,interior
0.7816886634521387,0.32546322459484855,1,interior
0.4815423605006675,0.26306476839372367,1,interior
0.7836710777626735,0.3287996516977832,1,interior
0.48971499836299087,0.24972329592668446,1,interior
0.48437954797501975,0.21738258997623675,1,interior
0.8080981600853413,0.27907258230160925,1,interior
0.4810926918914412,0.3075033881241532,1,interior
0.6204539655067082,0.12756805998458448,1,interior
0.7730330919740054,0.35170416669582205,1,interior
0.5454046641074447,0.16179464730673962,1,interior
0.4849374601279308,0.2400698227297642,1,interior
0.7901618993343194,0.30480049981663954,1,interior
0.48121558076556026,0.22913194660552172,1,interior
0.7723128441470051,0.3604139783224663,1,interior
0.7958441742082947,0.24876031996426162,1,interior
0.7858401949846036,0.22375932776467897,1,interior
0.7726242730062821,0.35510286623556925,1,interior
0.48630551365114977,0.23591950764663328,1,interior
0.7703978547677831,0.36481392392810147,1,interior
0.48026554612847017,0.29206357298139834,1,interior
0.48434670670269436,0.234793911657147,1,interior
0.7111710819856156,0.14644625262222205,1,interior
0.7182084055441597,0.15290603584530305,1,interior
0.7882443322362164,0.31851823237244087,1,interior
0.771424911483661,0.3580472427202299,1,interior
0.5166179920962474,0.18615560854682553,1,interior
0.6134895794478153,0.1291132683786339,1,interior
0.7048896927344039,0.13865606361935756,1,interior
0.6748831654804078,0.13652365765288038,1,interior
0.4788766075813107,0.27457044105805867,1,interior
0.48032776503609614,0.3004374325374161,1,interior
0.7472427854932684,0.3882877442575006,1,interior
0.7756953329640903,0.19693812634186864,1,interior
0.6565313024374414,0.1385887124587828,1,interior
0.7316595533058936,0.16500493993859136,1,interior
0.795669384954354,0.29688739233290495,1,interior
0.6874789391365765,0.13708378505126403,1,interior
0.7931554315326498,0.2360661026685841,1,interior
0.8100170224102171,0.2774741131330907,1,interior
0.6904356110797212,0.13519831902691223,1,interior
0.7893400652908291,0.22770893369380305,1,interior
0.7987538251806625,0.25545440954017024,1,interior
0.7084613103284616,0.14775989616366664,1,interior
0.7682934336759413,0.3624413963271229,1,interior
0.746618515799197,0.3817833745232751,1,interior
0.49722666190457254,0.20165582082812622,1,interior
0.7311536631112394,0.16290726643517145,1,interior
0.5278095673355137,0.17983634919415062,1,interior
0.7559782137395763,0.37090251651190115,1,interior
0.7367875154522358,0.17674680376852392,1,interior
0.7101895302815237,0.14515926479905644,1,interior
0.6202593940851746,0.12598263263846543,1,interior
0.5649289077950883,0.15249401930053494,1,interior
0.5165232999004998,0.18793660609731672,1,interior
0.6072403910591545,0.1244961629013013,1,interior
0.6652131145279753,0.13932903029636887,1,interior
0.5043091126443172,0.19151743994666787,1,interior
0.7292627458461078,0.1639387009181718,1,interior
0.6083594960928096,0.1276855039626947,1,interior
0.7702644982436446,0.36754967665498905,1,interior
0.48183777984468434,0.31500975836854145,1,interior
0.5209886741988665,0.18207912982991104,1,interior
0.788438585843629,0.3202646555379517,1,interior
0.7730516347417022,0.35900547871402283,1,interior
0.7210899044185516,0.15105426880563538,1,interior
0.7477098945475611,0.3897357198548308,1,interior
0.5447753835293269,0.16328024799322116,1,interior
0.7775306462032714,0.20106995485242068,1,interior
0.7169924771347599,0.14408264939123494,1,interior
0.689874283999947,0.13282522851665562,1,interior
0.7929045259835769,0.233934974696133,1,interior
0.6536626462457895,0.13550134241932849,1,interior
0.7719726617176665,0.3647469107556399,1,interior
0.5594583066335221,0.15734601555711292,1,interior
0.5610350403532954,0.14621846913201794,1,interior
0.6755878686522997,0.13864235012659676,1,interior
0.6769999141449129,0.13298057517598866,1,interior
0.7884179093125279,0.31646438910103497,1,interior
0.4873357421643173,0.2385110464305438,1,interior
0.7898744010538756,0.22581171884458842,1,interior
0.4759929750830628,0.27840757409871864,1,interior
0.6922659083285737,0.13395419856478963,1,interior
0.777322047841155,0.1949589886474016,1,interior
0.4835574360184544,0.31737681154078823,1,interior
0.8062627826138048,0.26716999672536507,1,interior
0.5353653237917155,0.1764811103801864,1,interior
0.5000575866160845,0.20058773749551725,1,interior
0.49234506715455617,0.32398701101310545,1,interior
0.801917559922187,0.29027030532113834,1,interior
0.6840612638370602,0.13259110543784608,1,interior
0.59875696388443,0.12125563605466402,1,boundary
0.537123366516848,0.17169009570506968,1,interior
0.6855937403900842,0.13763883753511538,1,interior
0.6757797643080877,0.13171386735722285,1,interior
0.4857501112454634,0.22862837507668538,1,interior
0.7774846545789426,0.2072363608621215,1,interior
0.7898033633223551,0.2235025994556569,1,interior
0.7796629287868796,0.2029967568796815,1,interior
0.7030920966972916,0.13611384948056515,1,interior
0.5589806312066449,0.1474306857791185,1,interior
0.8032544575217841,0.26475148421025824,1,interior
0.7717965987286145,0.35641863524408585,1,interior
0.755757545028893,0.18496377741453646,1,interior
0.8094009114274718,0.2801936396706394,1,interior
0.53140383140216,0.180230516160077,1,interior
0.7737807566237362,0.36299762915942047,1,interior
0.4836928207729499,0.21900243122132304,1,interior
0.5090091511813324,0.1900657926285889,1,interior
0.7729947045559259,0.19811393705189986,1,interior
0.5267246801344878,0.18265962542346081,1,interior
0.5656461720269605,0.13885029707972807,1,interior
0.49366133474473683,0.330034844458865,1,interior
0.4777481521227655,0.2926891065593615,1,interior
0.6104740802751235,0.12368205619862335,1,interior
0.777289084846364,0.34825081887732096,1,interior
0.7613534550118827,0.18191760210645375,1,interior
0.4862681646873864,0.3252803216911115,1,interior
0.7652344333306028,0.34481417603817216,1,interior
0.804691848242814,0.2666647517680617,1,interior
0.4841157784681109,0.2147027137039073,1,interior
0.5468956830036114,0.15920328394606964,1,interior
0.7868098659845232,0.3193813779900577,1,interior
0.7767419794608981,0.34115701036195795,1,interior
0.48282932953115953,0.22757650687870348,1,interior
0.48952843193264123,0.32985872358208146,1,interior
0.5146201946842464,0.1849278266755482,1,interior
0.8058348521530682,0.27709714654563056,1,interior
0.7809749709001209,0.33505112761470085,1,interior
0.5515506780139651,0.15632705428749358,1,interior
0.6569276283787643,0.13708820065302024,1,interior
0.48797670683176797,0.2346066727554465,1,interior
0.47138625480799545,0.28827207678527755,1,interior
0.5181404526140202,0.18270355713493386,1,interior
0.497669776236174,0.19881736272766737,1,interior
0.6555481679508776,0.13337288289494797,1,interior
0.4872877314667915,0.3045273197016972,1,interior
0.7943328390113016,0.3127384841607347,1,interior
0.5403318596137573,0.17030897262415812,1,interior
0.5020458322313689,0.19301784013723675,1,interior
0.5372652271261622,0.17344765328383704,1,interior
0.48309126734204666,0.2365219646491238,1,interior
0.47368630908822607,0.2893736820299662,1,interior
0.4935657735964081,0.31917773976940045,1,interior
0.6414890204346837,0.13027980055478197,1,interior
0.4831135217721679,0.22081279771350396,1,interior
0.5429097023412107,0.16497869864092446,1,interior
0.5980438436504167,0.1236889012201357,1,boundary
0.48645782994163494,0.23141862740665273,1,interior
0.6828928523487823,0.13076809503761053,1,interior
0.5995924430280952,0.11805052906633162,1,boundary
0.5346560654855103,0.17804392545616649,1,interior
0.4895887243797368,0.22519585487397795,1,interior
0.80030669897042,0.2602439529938738,1,interior
0.802549360512939,0.2663820604432192,1,interior
0.6877035132737093,0.13424160834640755,1,interior
0.4784161333414434,0.268743517985044,1,interior
0.7074235391687655,0.14218768494460868,1,interior
0.7819861044973494,0.20481227108988956,1,interior
0.7803355656943074,0.3283388543881498,1,interior
0.7110577805734557,0.14840201723605445,1,interior
0.6184683742992678,0.12490135684570629,1,interior
0.5579320734963612,0.14462942644426097,1,interior
0.7276190826132876,0.15695474034743945,1,interior
0.7001677225383671,0.13767133476007148,1,interior
0.5588886566682156,0.15142523617553702,1,interior
0.7875885955189353,0.26976212433080426,1,interior
0.5260422694585323,0.18032628509049303,1,interior
0.6090259314654082,0.12309953208909001,1,interior
0.5215935292303181,0.1895528418749464,1,interior
0.556976640115517,0.15312952366746252,1,interior
0.7340242848779219,0.1656719373458477,1,interior
0.765280412469131,0.18604773705498603,1,interior
0.7571858530085285,0.3736799933887624,1,interior
0.672582428037836,0.13663623062385122,1,interior
0.5065537223294756,0.19054997365060106,1,interior
0.8073362894123748,0.26842333325833095,1,interior
0.7953861435253419,0.25599325651706983,1,interior
0.7227793607493892,0.15039923099215685,1,interior
0.79759893977854,0.2740749981543509,1,interior
0.7943690424141174,0.2345378239306508,1,interior
0.5189250185197054,0.1810875117578935,1,interior
0.7819971777609066,0.2010631782962794,1,interior
0.7954572023297464,0.24233789583918408,1,interior
0.6010126289827742,0.11644056690278141,1,boundary
0.7975359513520813,0.2930488266324772,1,interior
0.7595191601191307,0.37093165242202325,1,interior
0.4837648776495365,0.30860740496656214,1,interior
0.635790223013028,0.12698460852361435,1,interior
0.4782273099999162,0.2903887153408772,1,interior
0.7929800403816817,0.2320805216587446,1,interior
0.727098461488771,0.15406033334810815,1,interior
0.52917445910864,0.1830634375413133,1,interior
0.7535267780402158,0.3725124082549699,1,interior
0.68623361516076,0.13311254925658556,1,interior
0.5170213858845231,0.18087373617932317,1,interior
0.7602385160427935,0.18531126025966974,1,interior
0.5215760050843979,0.18060285770421597,1,interior
0.4861354893624582,0.21613146113809248,1,interior
0.5319377271212116,0.17732822757295733,1,interior
0.5428854876378427,0.16231859518559455,1,interior
0.6488406206657363,0.1373356267326138,1,interior
0.7100575027837545,0.14340848935082595,1,interior
0.4759340482483838,0.27060705192811996,1,interior
0.6640289818571631,0.1365281280206049,1,interior
0.6521980973253231,0.13862571393687662,1,interior
0.4917660678218314,0.20753201503496443,1,interior
0.7782753309775665,0.3459225695433784,1,interior
0.7619455532910548,0.36887094610962756,1,interior
0.7734158895542437,0.34643292341781173,1,interior
0.48748982848100386,0.31187852955105955,1,interior
0.7747914814193932,0.19408509377035668,1,interior
0.7662372304721523,0.1847858509848503,1,interior
0.7921613788351546,0.22773045748853774,1,interior
0.48861783845207435,0.3314308484434344,1,interior
0.797652372745965,0.24594701089649063,1,interior
0.7948711939218677,0.236864506738231,1,interior
0.5260220999864427,0.17744710359553278,1,interior
0.52499388701328,0.17911824962670683,1,interior
0.7871366586915143,0.3174432909271337,1,interior
0.7948820302920151,0.2407167221186546,1,interior
0.481743075220101,0.23415390998297503,1,interior
0.4825464381722814,0.30961195841556133,1,interior
0.7792588561260622,0.34274552003000375,1,interior
0.4758954686957108,0.29197687472937334,1,interior
0.7454024752276747,0.37560716125846133,1,interior
0.8069022789175123,0.2642385772595805,1,interior
0.6605432104958111,0.13582688722512107,1,interior
0.4828151501386321,0.21622619317623798,1,interior
0.7986036282143146,0.2573127882481249,1,interior
0.8041518930261807,0.29007858773406653,1,interior
0.6742682609159414,0.13373910282663423,1,interior
0.7750362660047343,0.360363460959244,1,interior
0.8010288228754373,0.26178541529635435,1,interior
0.797147369426789,0.29746063274283674,1,interior
0.6592220657673256,0.13660442348578603,1,interior
0.7772547261007942,0.19328490003588272,1,interior
0.7842511641363928,0.2235787196780888,1,interior
0.47389943896620973,0.2694092178523693,1,interior
0.5574398256945974,0.15702275420490566,1,interior
0.6230179601266121,0.1260119004016658,1,interior
0.5384185379775349,0.1701133552124624,1,interior
0.48828432233001545,0.2187031312441514,1,interior
0.6530730616210113,0.1338575006214682,1,interior
0.7552707718958113,0.37269674206867914,1,interior
0.7496066565759748,0.1815800011638554,1,interior
0.7463100357636488,0.38328610215689,1,interior
0.7927581967723681,0.31045166365500887,1,interior
0.528177302625072,0.1781572402455112,1,interior
0.6131989609696182,0.12244277196929286,1,interior
0.6673497807345374,0.13859913462763276,1,interior
0.7689564784746241,0.19186124587485634,1,interior
0.5207858873545859,0.17914471745927507,1,interior
0.52461871417543,0.18119534214939267,1,interior
0.4765735008728639,0.28948996234636626,1,interior
0.7747946474074942,0.34758035118975245,1,interior
0.6949954201190133,0.1399131807018068,1,interior
0.779959152231282,0.20145844753958742,1,interior
0.4806680525228395,0.2320653887984461,1,interior
0.5575220566368364,0.14792638135914715,1,interior
0.484598284402659,0.30051335058621725,1,interior
0.4840330996935661,0.2562234490044468,1,interior
0.5416444556008414,0.1634755525770935,1,interior
0.6736094487185219,0.141216395808873,1,interior
0.5013325466213991,0.19141974402083323,1,interior
0.7967854834935759,0.3002817705697941,1,interior
0.7803506262302033,0.3379368295299707,1,interior
0.7273962035195055,0.15106542051947947,1,interior
0.48358505502087323,0.2390343660410264,1,interior
0.7202788446631849,0.1471821068642954,1,interior
0.7911678599643248,0.2328407560674325,1,interior
0.6882822275214854,0.13263919747040148,1,interior
0.7670629317930775,0.18302532340997668,1,interior
0.4851124044384589,0.24744227225326415,1,interior
0.47901411654251014,0.22995068296794005,1,interior
0.6354216541860715,0.12540553256692968,1,interior
0.7231706786447237,0.14756302168263105,1,interior
0.6646473311272316,0.1340725931728169,1,interior
0.6768365052742442,0.13699009630628853,1,interior
0.7473612450204289,0.17071997362812014,1,interior
0.7477175073640263,0.3850795629221266,1,interior
0.7962399551949222,0.3038747822201261,1,interior
0.4723957839701876,0.29051681602674495,1,interior
0.789698133082732,0.3180046831713506,1,interior
0.5233447584515575,0.17846369316152852,1,interior
0.5208176755203188,0.18518216006218755,1,interior
0.5388252145514627,0.16723025539414169,1,interior
0.7843656994883068,0.20473708258586598,1,interior
0.7788635006978561,0.20027989668430432,1,interior
0.8041545789555011,0.28660031690597826,1,interior
0.7908766841532664,0.22929303262329082,1,interior
0.4799958163478065,0.252806256648813,1,interior
0.6715729059018402,0.14027945252478383,1,interior
0.7948111568130659,0.30857625984639586,1,interior
0.5203630039538496,0.1947677292758212,1,interior
0.6949772702997964,0.13697195161783982,1,interior
0.7757674720548059,0.3495431663950118,1,interior
0.785225071585841,0.22229159479577662,1,interior
0.48567348329339727,0.31933613886715534,1,interior
0.5561154719722207,0.1579254640706819,1,interior
0.5353514243894335,0.17049225537967,1,interior
0.6223915376453788,0.1333223449075925,1,interior
0.8109429092404973,0.2751135061192318,1,interior
0.7787266134287886,0.3296911276758053,1,interior
0.6702649004299748,0.13791367820685194,1,interior
0.799268285676263,0.2953097226598467,1,interior
0.799441745501138,0.29690379518285204,1,interior
0.6705065083224037,0.1360102571120449,1,interior
0.7747968510022978,0.3527831858003911,1,interior
0.6922320606102413,0.1390575825810549,1,interior
0.49577010307503416,0.19791790711977586,1,interior
0.6824107363129648,0.13420017799525166,1,interior
0.4979644244427979,0.20332019899858406,1,interior
0.7473317763148657,0.37784295794233974,1,interior
0.7948241362572336,0.3144376570307001,1,interior
0.4998664242741109,0.1927888997828844,1,interior
0.7226590626266522,0.1460843562303097,1,interior
0.7807281160883619,0.3395784250655315,1,interior
0.7951816005908521,0.3054434582626501,1,interior
0.7573236946838844,0.3720171337487767,1,interior
0.7456840367003656,0.17012397250287634,1,interior
0.48396322628296373,0.3117839429611303,1,interior
0.6816272052312481,0.1319220459513948,1,interior
0.47511527155735955,0.2883225209721844,1,interior
0.4869842528998511,0.2441547878716014,1,interior
0.4928966825702572,0.19884992000016066,1,interior
0.7265044616708788,0.15265024896800253,1,interior
0.7490708322371474,0.18521369360676218,1,interior
0.48031892164536144,0.30423199768099235,1,interior
0.7673338711747808,0.18840861788720617,1,interior
0.7601032896803597,0.37267935797445106,1,interior
0.777768293673723,0.3433751534585501,1,interior
0.7833396401011856,0.25014379341659754,1,interior
0.7965319622649956,0.24381595800369368,1,interior
0.4785847414314984,0.26005956234641825,1,interior
0.4854091405952453,0.2739484108387231,1,interior
0.48415629462069665,0.244745029499144,1,interior
0.7822412109664211,0.33189582224639014,1,interior
0.4779533604611595,0.29710360310143014,1,interior
0.48162088467953784,0.22615168371457361,1,interior
0.5072603576428566,0.18851027345338403,1,interior
0.7053899575386425,0.13560831076248023,1,interior
0.7530155361241224,0.17343385638416275,1,interior
0.47020622423164726,0.2892575581776463,1,interior
0.8059782509251144,0.2869225391224777,1,interior
0.771225013765707,0.3444128575932224,1,interior
0.7141431283025718,0.14432361853504774,1,interior
0.7851009926511379,0.3239736659240388,1,interior
0.7993927438493771,0.26666287032610114,1,interior
0.7811954581775833,0.3299699465551511,1,interior
0.6669774780357169,0.13277062612594936,1,interior
0.47474086187185727,0.28029900103358,1,interior
0.6656663500463693,0.1362390000659584,1,interior
0.48183641351079315,0.23835219499244018,1,interior
0.6936517824678132,0.13551543857943218,1,interior
0.7649234873251219,0.3686816384992958,1,interior
0.7971188283529365,0.3025425018775798,1,interior
0.6676423514481117,0.1366156172714876,1,interior
0.6431194531860054,0.12764585583019056,1,interior
0.5623468279607043,0.1418316808389932,1,interior
0.47781416246429326,0.27793823311620547,1,interior
0.785635311195364,0.23023123220235162,1,interior
0.6382830783222282,0.1280712028104048,1,interior
0.47660063675170994,0.26268227211385514,1,interior
0.63684281248866,0.12382866269746468,1,interior
0.7558873873150371,0.37485076188435645,1,interior
0.7836114773445244,0.2115656124402609,1,interior
0.6245047401323959,0.12682508234861867,1,interior
0.4798760770192926,0.3027591443119469,1,interior
0.8009515250575228,0.25659792072943194,1,interior
0.5298434631699451,0.17970478929851194,1,interior
0.7684014664266318,0.3669205371316972,1,interior
0.4861915757613415,0.32169491421849256,1,interior
0.7793455439812235,0.34474643909153857,1,interior
0.7971929472445527,0.2480606434905843,1,interior
0.7248841145760339,0.1482729000362907,1,interior
0.7808646128992542,0.20710220980084068,1,interior
0.6664653617385946,0.13435462390849962,1,interior
0.8016446950740879,0.29610955258979565,1,interior
0.6795913519734235,0.13241082230765494,1,interior
0.47837471982993957,0.3040151896570105,1,interior
0.4758420898429603,0.2940714489387524,1,interior
0.7037404686421698,0.13359939030869145,1,interior
0.48872154788978656,0.3334059092494764,1,boundary
0.7807091104072389,0.21005797600480763,1,interior
0.7505657092484663,0.18014425742332268,1,interior
0.7182272730445526,0.147067468762615,1,interior
0.7809410913976976,0.3472691129468827,1,interior
0.7357731131340386,0.16562585465440618,1,interior
0.7033813610145533,0.13924096572127825,1,interior
0.7848880305001991,0.21398899898396423,1,interior
0.5092107180189888,0.1881144499701725,1,interior
0.6467927530080618,0.1292286844806352,1,interior
0.7503268360466286,0.3578860260181896,1,interior
0.48231096797210554,0.2466790710876702,1,interior
0.49615039384477166,0.19425680880787832,1,interior
0.497956561981891,0.1965022737205247,1,interior
0.5152750574779794,0.18185460387990413,1,interior
0.6627935707305406,0.13470290780449656,1,interior
0.7829664576961856,0.3302668304191057,1,interior
0.7682629096330871,0.18692273285602043,1,interior
0.47819197725714546,0.2992213223439753,1,interior
0.7973713972601021,0.30493792595532637,1,interior
0.7574561307866021,0.1875895546542233,1,interior
0.4730410283948928,0.28443080418605743,1,interior
0.7860723845417537,0.21885658374002806,1,interior
0.4905351837933928,0.2089953289279448,1,interior
0.7226150794264203,0.1576271454932039,1,interior
0.7737940035475755,0.21395286101843047,1,interior
0.5117853255459404,0.188129823975563,1,interior
0.7857196211579077,0.3267201963664883,1,interior
0.7931310452095255,0.3161469328572551,1,interior
0.4705078215007526,0.28672878016084696,1,interior
0.782299498562296,0.3486730813208753,1,interior
0.774736722964582,0.36512831533226314,1,interior
0.7816416453677231,0.19915836745034496,1,interior
0.504509454002884,0.18996571781376922,1,interior
0.5391910967482951,0.17164500818370365,1,interior
0.7769093098178643,0.34474446529515934,1,interior
0.7072877459465362,0.13727754805857648,1,interior
0.7596135808121233,0.17993522212293012,1,interior
0.7083686942340616,0.14087396224747992,1,interior
0.7234437047624649,0.1528775884047405,1,interior
0.7773623428735591,0.19934421023451485,1,interior
0.4855592017518263,0.21295115696796071,1,interior
0.7156761727669824,0.14517842337136963,1,interior
0.7300245092410172,0.1573021006555694,1,interior
0.7842231155913539,0.20226560402706428,1,interior
0.48219131772796353,0.21786138836917446,1,interior
0.7856292333229481,0.211275055954462,1,interior
0.6028193492549745,0.11777750926857554,1,interior
0.5477028396606507,0.15782078925985096,1,interior
0.7489271583291084,0.3796622845978052,1,interior
0.772087896319635,0.3685533179634358,1,interior
0.49642687177902534,0.19610808041879768,1,interior
0.4720414991584026,0.2831677154125694,1,interior
0.7494649628094245,0.38108722831081804,1,interior
0.7920526423596501,0.2306482967944393,1,interior
0.807256683754512,0.2804946128597637,1,interior
0.7485788910530393,0.38650265185612426,1,interior
0.7763915910621352,0.363646340443301,1,interior
0.8039666918195705,0.2579138861373108,1,interior
0.8075799841892591,0.2855511768669339,1,interior
0.7826234400319425,0.339505268672155,1,interior
0.49354554692248986,0.33163794214778874,1,interior
0.5421972479969497,0.166807109203661,1,interior
0.7719232297543845,0.36696743128095727,1,interior
0.7744229596509536,0.34519366934755025,1,interior
0.8052296803336021,0.28840149464316084,1,interior
0.7190068888751272,0.14532902996499392,1,interior
0.7211632972172566,0.14875941670116566,1,interior
0.521979696971338,0.1767114104465373,1,interior
0.7931612826550004,0.31409477391025,1,interior
0.5455171317106419,0.15822994966395523,1,interior
0.6748626102064978,0.15545989920640765,1,interior
0.6953089405860201,0.1350867997059056,1,interior
0.7692076917037365,0.18998196033496081,1,interior
0.7486705870872378,0.38269142974625475,1,interior
0.7643074568382207,0.18294709869217363,1,interior
0.4851333101883061,0.32965439006864683,1,interior
0.7386544816489143,0.16916269652985744,1,interior
0.7967618915498432,0.30661331417660914,1,interior
0.6689659049005302,0.13548968624362034,1,interior
0.6109625898571476,0.12213088884372267,1,interior
0.7796648069022986,0.34858253653037746,1,interior
0.7884736640568993,0.22469340318861772,1,interior
0.8031851213086818,0.2592834423945486,1,interior
0.7982492378446477,0.2539635294324212,1,interior
0.4788188731129621,0.2323442293905302,1,interior
0.7542642482094868,0.1744468295387876,1,interior
0.6429072884428346,0.12937869894018664,1,interior
0.742438642657137,0.16847080425988517,1,interior
0.8129638784678079,0.2774390850857545,1,interior
0.7877174705786036,0.22172810662813353,1,interior
0.7736920857711757,0.36739085773971164,1,interior
0.8088196847455412,0.29052173591959257,1,interior
0.7668489023506212,0.36689192728020004,1,interior
0.48129045079483757,0.22465490297116855,1,interior
0.7947471471801388,0.3161254763533763,1,interior
0.4803341535014904,0.31056625888621564,1,interior
0.6451294223075356,0.12802030936882577,1,interior
0.4684809490542099,0.28614283805258267,1,interior
0.46696146919629145,0.2857028982989787,1,interior
0.47852724646093997,0.3089840659175269,1,interior
0.6022317749815025,0.12285273209831828,1,interior
0.5449360671050124,0.16033196306793207,1,interior
0.4758905572737138,0.2721476830469084,1,interior
0.80459588799046,0.2830989267736488,1,interior
0.7856805971721992,0.21700668776689327,1,interior
0.810747383333892,0.27896027306209803,1,interior
0.8040706178449495,0.29579647972066403,1,interior
0.47159233989370103,0.28082520875366923,1,interior
0.4687288040872128,0.2887777885855156,1,interior
0.795849667526217,0.29849480088048985,1,interior
0.478322127542549,0.306497064973287,1,interior
0.7207060088402782,0.15423376766131164,1,interior
0.6524395708194177,0.13132556638814444,1,interior
0.7497652638752637,0.3885073814612729,1,interior
0.8042608784275048,0.25447544451259113,1,interior
0.7843975690972197,0.3408660190282352,1,interior
0.5161553290560106,0.18314320110896393,1,interior
0.7958636228727849,0.2952228968030699,1,interior
0.7876008005125875,0.2233249235408803,1,interior
0.7779246460617248,0.1970565297328732,1,interior
0.5144860605453127,0.17943005194504938,1,interior
0.5187780368437799,0.1795387203786051,1,interior
0.7520995116848016,0.1689325280506808,1,interior
0.7988401047923227,0.24820001048331447,1,interior
0.5595291086487352,0.14590190809591222,1,interior
0.4905670112186783,0.205974318897679,1,interior
0.7286273292894516,0.15308660749245137,1,interior
0.7507918696287899,0.37671688546666504,1,interior
0.48317240963176294,0.23364071009065335,1,interior
0.7876859255813381,0.26819883833634617,1,interior
0.7845131485864415,0.21865110616332145,1,interior
0.7728831939738041,0.3535636657457729,1,interior
0.47332297748501884,0.29349506978211554,1,interior
0.4845624483305505,0.22429162544477632,1,interior
0.7463891427198306,0.16877075854857784,1,interior
0.4833851420454591,0.3207583373298069,1,interior
0.48473813516188596,0.3266223193600501,1,interior
0.6093059853952213,0.12146997038794717,1,interior
0.4765073262099008,0.2964777714597479,1,interior
0.7082866855802571,0.13475302213339102,1,interior
0.4944975384729244,0.20641821470313762,1,interior
0.5160524806384902,0.17923314370280174,1,interior
0.4781427773806345,0.3024238163006663,1,interior
0.47353608693162,0.2793619795808836,1,interior
0.7367616022525479,0.16680063066353001,1,interior
0.6814019890059316,0.12908149419966203,1,interior
0.5298059368010465,0.17777999520008064,1,interior
0.6962197264456904,0.13803425622392562,1,interior
0.7823211785451776,0.33772175978581653,1,interior
0.48001066748737253,0.21951350681775442,1,interior
0.4921018702148533,0.33434255285368575,1,interior
0.790787982927787,0.31693467481092175,1,interior
0.5107464200137432,0.1858049679197729,1,interior
0.47714224658295823,0.2662433378771805,1,interior
0.7758533114316344,0.36189922658562174,1,interior
0.8064936696329653,0.2912708769146174,1,interior
0.7985491337914387,0.23969585980251626,1,interior
0.792668662785408,0.31761584629479,1,interior
0.6736659071449379,0.13779843149079668,1,interior
0.6338957924894113,0.12449736971606648,1,interior
0.7088885893397789,0.13878631593775886,1,interior
0.7949836063276136,0.3108520247694196,1,interior
0.7247086515381922,0.14995844131919325,1,interior
0.8113988289700501,0.28571661971337,1,interior
0.6023453579328559,0.1154056267841442,1,interior
0.693608704941955,0.13167956144815232,1,interior
0.5402405719277547,0.16132998686625383,1,interior
0.4827597872892032,0.24847173710025414,1,interior
0.7644531618550269,0.19327961632462434,1,interior
0.8078913488716457,0.2823111407519846,1,interior
0.5488570595077953,0.15583329465124196,1,interior
0.7742170413687903,0.35019176616928904,1,interior
0.5405563603363567,0.1680001686134435,1,interior
0.5145389023563139,0.1766707060215892,1,interior
0.7591340822468439,0.3744249795131914,1,interior
0.8136445109121485,0.27571757319045903,1,interior
0.48829634753304385,0.20743989367491322,1,interior
0.47769716038072296,0.2762941991218472,1,interior
0.5174249942832393,0.17779445856112983,1,interior
0.7823824550485992,0.33576455590129356,1,interior
0.7885366322344746,0.21469483173304252,1,interior
0.5057067806845994,0.18724657852392165,1,interior
0.7489096919058448,0.17107437780915746,1,interior
0.7986720198680006,0.29836651025894734,1,interior
0.5232237881954522,0.18017571185545134,1,interior
0.7855546151088661,0.32946519390987883,1,interior
0.787714117643466,0.2200351950566827,1,interior
0.7395172328861612,0.16632902532245458,1,interior
0.7921658862463934,0.22445281189554653,1,interior
0.7401404346956888,0.16820785977583583,1,interior
0.7534763706183082,0.18310289228334473,1,interior
0.7964725138911052,0.23738863328003137,1,interior
0.48006196286773195,0.22777717188379137,1,interior
0.48841306061579415,0.20948201822590246,1,interior
0.7991282661251968,0.3045273907473091,1,interior
0.5403716442702414,0.16636649954598257,1,interior
0.7906696749185896,0.32360766303879257,1,interior
0.47899071100998997,0.27161644260243617,1,interior
0.7872521520357464,0.21253731341779697,1,interior
0.7919082329423529,0.23898681133803068,1,interior
0.4760173116357767,0.3044748422721063,1,interior
0.6065853141707235,0.12024658998040048,1,interior
0.781099543213208,0.3441771707018726,1,interior
0.5606008112438952,0.14323498259092177,1,interior
0.8090611140710431,0.2661019492308386,1,interior
0.4968516730054396,0.19061964279885157,1,interior
0.4847493229188574,0.24184124987685698,1,interior
0.554036809725786,0.15722320925046615,1,interior
0.49565147092295747,0.20239972598352246,1,interior
0.483088021113552,0.2115826466125085,1,interior
0.7322145514566532,0.16073964921450254,1,interior
0.7939024087241894,0.31998289524540513,1,interior
0.5524637136388696,0.15468682844597903,1,interior
0.8023558948509115,0.2606498157752625,1,interior
0.5358656081837819,0.16789780144670252,1,interior
0.7101854926377249,0.13972161414546402,1,interior
0.7823911863244659,0.20272458674875415,1,interior
0.49363688762922847,0.21011084549179448,1,interior
0.7858776004766912,0.2026075849264051,1,interior
0.657400167668291,0.13995648480139913,1,interior
0.61704963000075,0.12405842432080087,1,interior
0.6013400823636201,0.11426276765273125,1,boundary
0.4719047072206091,0.27920639672532066,1,interior
0.7580733834012512,0.37580308944228863,1,interior
0.7514054927930697,0.1821795709576191,1,interior
0.782603404254355,0.34109590049204774,1,interior
0.7420037236205552,0.3909069454332207,1,boundary
0.5566874284331611,0.14572195980829775,1,interior
0.7087802210354629,0.14588508008232892,1,interior
0.8030072276330096,0.2924290717552204,1,interior
0.7733434814910009,0.35650677941135134,1,interior
0.7315522783009263,0.15806553630115164,1,interior
0.7447593614960877,0.16764966933533487,1,interior
0.4760955149547632,0.30277908233083617,1,interior
0.5558204500634301,0.14708798840891707,1,interior
0.47695188846878733,0.2748326374681126,1,interior
0.47605216385341464,0.3082870153230223,1,interior
0.7829947245076536,0.3471942397829623,1,interior
0.47708524496147187,0.31163582199315787,1,interior
0.7493011292844388,0.3843517204746448,1,interior
0.5709220878500341,0.1419921989711495,1,boundary
0.47330758781074667,0.2772864254195802,1,interior
0.7897993940053999,0.21090385604961853,1,interior
0.4757146800833013,0.2983027088574279,1,interior
0.8074785456736064,0.28747653878010243,1,interior
0.5567173408924944,0.14957696806688034,1,interior
0.7870848880124167,0.32595085115246336,1,interior
0.5301797331777004,0.17602320424785012,1,interior
0.48464333796067355,0.21033641119159777,1,interior
0.5643037374453607,0.14042996864062704,1,interior
0.7825880011760821,0.3221557906703436,1,interior
0.7079586584180007,0.1492129003572489,1,interior
0.47867200122860215,0.3007596301790619,1,interior
0.7861090550310281,0.33142163990586393,1,interior
0.5556261516212713,0.15187812147349952,1,interior
0.47709340444254167,0.29506150070458953,1,interior
0.7835336696803629,0.21667642288260724,1,interior
0.7832807642383423,0.19995519674565324,1,interior
0.7920164249550259,0.2260936931466748,1,interior
0.48122820175984,0.2205626899222238,1,interior
0.4867682513147784,0.3310044281037789,1,boundary
0.7046061647903099,0.13700542121015596,1,interior
0.7880677819748163,0.20956480818837034,1,interior
0.5137163834443333,0.18813407069593788,1,interior
0.7515742523360529,0.18564541164641524,1,interior
0.7798569044391181,0.19788474943558185,1,interior
0.7974837541223098,0.3096480238129643,1,interior
0.47578294309283903,0.2764451657285446,1,interior
0.7586303272609862,0.18134788602043236,1,interior
0.4769501482856739,0.30058476392161365,1,interior
0.4782965934427474,0.2536704766811606,1,interior
0.7254068829255891,0.1465607713504222,1,interior
0.7994702777649147,0.3107687725678245,1,interior
0.7829965679330919,0.1976398057015174,1,interior
0.4786082116316511,0.3117923816108603,1,interior
0.7017187828524319,0.13417766404410442,1,interior
0.5100383701299451,0.18357203529909322,1,interior
0.7426132386581042,0.1666653865151315,1,interior
0.5437730209237186,0.1583656591071662,1,interior
0.657757179925777,0.1357788120383968,1,interior
0.7881712240396458,0.21741426016077453,1,interior
0.5319197202371425,0.17561223732729378,1,interior
0.48169431381359057,0.21356984655876365,1,interior
0.7839652511457835,0.3349762531208404,1,interior
0.530893482461991,0.17390451801624568,1,interior
0.47515838441374936,0.2613098356450267,1,interior
0.7726612501683823,0.19261124699971816,1,interior
0.7881110808639938,0.330366306980675,1,interior
0.7839591930992229,0.3318833019091759,1,interior
0.4757176670980448,0.310004765224289,1,interior
0.6610217752226786,0.13249583088346922,1,interior
0.7512493408609652,0.1711575320952039,1,interior
0.794954262126383,0.3185585595713433,1,interior
0.47919330181663355,0.22565302851031804,1,interior
0.6463235067866814,0.12689531351792224,1,interior
0.4944525178811093,0.19567837351930975,1,interior
0.8015948945329799,0.25367878636657976,1,interior
0.7586680497481127,0.3782187464555992,1,interior
0.47415987205040433,0.29999327882908605,1,interior
0.7105785766928054,0.1417211914939617,1,interior
0.5075292343268698,0.1863380952878475,1,interior
0.5500622229371658,0.15469892582795922,1,interior
0.7502299873939552,0.3867336133853978,1,interior
0.47823596913910105,0.2631041391673316,1,interior
0.7750337623142712,0.19127396796793456,1,interior
0.6343094305074256,0.1274514669768117,1,interior
0.8122102892448766,0.28759109209207184,1,interior
0.4961054248743154,0.19964678522027485,1,interior
0.47568420786589344,0.2676232152893538,1,interior
0.4769165503823972,0.26417526138454667,1,interior
0.7525207588791638,0.1758679307359961,1,interior
0.5710782431532349,0.14430725915228687,1,boundary
0.5122594215313283,0.1810065788583993,1,interior
0.7508477440211556,0.17730071116065604,1,interior
0.7888895804216898,0.21294410660055774,1,interior
0.7820672248091279,0.3425417308979877,1,interior
0.7694241718758389,0.37043399248343406,1,interior
0.808855283118091,0.26862818550378925,1,interior
0.7992975708196927,0.2526607247920015,1,interior
0.8054345529351961,0.25932608311330657,1,interior
0.8121928844656006,0.28386721783018315,1,interior
0.6662447340425063,0.13054198664696479,1,interior
0.6429351413765605,0.13135808007505348,1,interior
0.7769417319775325,0.36586712400977905,1,interior
0.786953185740031,0.3327939062742033,1,interior
0.680070362888151,0.13410626975690262,1,interior
0.7812645262439059,0.19698711522386306,1,interior
0.542407200888152,0.15909705153597045,1,interior
0.7558881276818461,0.37784166526176516,1,interior
0.7837339795681236,0.2094736428572319,1,interior
0.6755511270692561,0.1345584168150934,1,interior
0.7861123308879244,0.34189179592954977,1,interior
0.6681846033673202,0.13042911357099468,1,interior
0.7522967577228591,0.1792988889907647,1,interior
0.8057498137892785,0.2576840943377941,1,interior
0.4938128710933085,0.203585604228766,1,interior
0.48062190559829443,0.31770632756618145,1,interior
0.7867633558744681,0.32817278453755877,1,interior
0.48193531186872035,0.31653310737878737,1,interior
0.7905396511518572,0.22042940596227478,1,interior
0.6156621629399918,0.12296080562224496,1,interior
0.48271413165187743,0.2410646150278463,1,interior
0.6304040479627236,0.1249990118735608,1,interior
0.5573908138058693,0.15108564627522636,1,interior
0.5200672326710588,0.17738733526444045,1,interior
0.760526148019183,0.18374988090051075,1,interior
0.5049458836102402,0.18568470333386855,1,interior
0.7514704350950374,0.16714075976793336,1,interior
0.7114032290680975,0.15444416382489778,1,interior
0.8100932406753617,0.2698760216059701,1,interior
0.7490605289470108,0.17975554962535673,1,interior
0.4758019841806578,0.2598003120259433,1,interior
0.7808903239911156,0.19537846234995435,1,interior
0.7900164822211162,0.21900393883492086,1,interior
0.47317731822487985,0.26227770266075545,1,interior
0.6789636686523137,0.13026157370938835,1,interior
0.6686594102811386,0.1329534279551038,1,interior
0.6278634057425078,0.1259276705489674,1,interior
0.48450407939414253,0.3315107789204453,1,boundary
0.7547149190156535,0.17248480992629034,1,interior
0.6336936267264215,0.12259578285712096,1,interior
0.635373114187361,0.12282779288899572,1,interior
0.694515228375691,0.13042427327597,1,interior
0.7533139154336602,0.17074964876352666,1,interior
0.46651584727191453,0.2838413667065866,1,interior
0.48362428316015094,0.3189202340137155,1,interior
0.47349928498108357,0.31044209084953417,1,interior
0.5544333924926115,0.15005774123261126,1,interior
0.7149408423919932,0.1429915420772699,1,interior
0.4700355083545538,0.27874949393664095,1,interior
0.7826571311761606,0.20687760057198507,1,interior
0.4829165790651977,0.3223472581090285,1,interior
0.7568929126773782,0.37917451358680554,1,interior
0.7993336091741502,0.3007539677570585,1,interior
0.8118568429902285,0.2898989295514398,1,interior
0.7968105243387321,0.2333624910765965,1,interior
0.7627648882188364,0.1827966617144773,1,interior
0.7770043204514553,0.35061947194539567,1,interior
0.7579153030079773,0.1830430241337894,1,interior
0.5566787343390811,0.1429985172896658,1,interior
0.751179646104389,0.38076408299339476,1,interior
0.6104847139236446,0.11926214572561147,1,interior
0.4802846606775666,0.22350629003735006,1,interior
0.7988017374324069,0.241704703219181,1,interior
0.4701186860556889,0.2837175283194599,1,interior
0.4798675971929583,0.23425481713825316,1,interior
0.47423240672582506,0.2919556121023481,1,interior
0.6193728918300243,0.12365224119839438,1,interior
0.7879853316642987,0.20677344231774225,1,interior
0.7900620633559655,0.32099347769973546,1,interior
0.798006008553146,0.2507503521284157,1,interior
0.47144704424581124,0.27629634075379544,1,interior
0.7897590253338859,0.3278488644002292,1,interior
0.7737326480013257,0.1964180061015666,1,interior
0.7899500840337541,0.21585806574359426,1,interior
0.7444711908761434,0.38335272793748015,1,interior
0.5394882952584568,0.1640576175913565,1,interior
0.7882139814952581,0.32466899412268063,1,interior
0.48045314544119233,0.31616114197809503,1,interior
0.6885791952836957,0.13105479839215514,1,interior
0.47805032481414506,0.25602628086638196,1,interior
0.8074193009028973,0.262151756740931,1,interior
0.6325018627375744,0.12617810863335632,1,interior
0.7675860167766,0.3687449592039013,1,interior
0.7595922875806592,0.3802436679579279,1,interior
0.7529605001869636,0.16667168053427797,1,interior
0.5339589401092242,0.1754634073634155,1,interior
0.4885716859512063,0.21460693548871085,1,interior
0.5461931343203205,0.15650355658923912,1,interior
0.7122810707391142,0.14023276822546937,1,interior
0.6848692624684268,0.13114950083725538,1,interior
0.5552402543297601,0.15925383010364155,1,interior
0.5671518224669655,0.1384880202452554,1,interior
0.750816160895623,0.38254982289106126,1,interior
0.5522736878490695,0.1480495348767963,1,interior
0.5098415547063929,0.18183268337966715,1,interior
0.5351009069198692,0.1665559158448381,1,interior
0.7111294120936564,0.13813578414507893,1,interior
0.6963446354377597,0.1362841671637928,1,interior
0.7984860390355496,0.3068287945634383,1,interior
0.5045088164416316,0.18829629291309405,1,interior
0.4774581027187752,0.22672872772092575,1,interior
0.48168812201639316,0.33048984520443486,1,interior
0.49555909539998394,0.19175444593052743,1,interior
0.7900612881729738,0.3257606487801133,1,interior
0.47647588648791717,0.3060315740544426,1,interior
0.814063559063693,0.2860316161165941,1,interior
0.47346019563611036,0.27521379567586035,1,interior
0.744708263680899,0.16594348810309348,1,interior
0.5550809115262755,0.14438259128140313,1,interior
0.7962254369798561,0.3166998383391384,1,interior
0.49161886486831363,0.19565726062084335,1,interior
0.8016330319301234,0.2985407560475237,1,interior
0.4739477511451287,0.2963756091615695,1,interior
0.48100568644988456,0.2162775348373654,1,interior
0.7462733165579897,0.16585126946406026,1,interior
0.5122185055613793,0.18648336912625396,1,interior
0.48349221250440244,0.2429202552728041,1,interior
0.7516768235604884,0.3754520542827236,1,interior
0.7789514108566467,0.194883302550006,1,interior
0.7857718143616462,0.19998085795052878,1,interior
0.7997961942459241,0.30255951002562054,1,interior
0.7291284664526709,0.15535780022475967,1,interior
0.7340461767301226,0.16275333140130213,1,interior
0.7699145960322521,0.18838072320223248,1,interior
0.8067135929815217,0.28882318782475325,1,interior
0.4919346724347963,0.20034205495485072,1,interior
0.6930019705015905,0.12835433533474475,1,interior
0.6600973895475707,0.1343083644373704,1,interior
0.553919079100353,0.14604315443353763,1,interior
0.4785232840449578,0.2226030747973749,1,interior
0.6029377532246707,0.1138658452008166,1,interior
0.47570993250500204,0.2652522260454736,1,interior
0.4717751534529768,0.27412924978177483,1,interior
0.8016446907220918,0.2944505349253978,1,interior
0.795652540818741,0.32073342389216425,1,interior
0.6479791023434275,0.1278382856118156,1,interior
0.7998251544958925,0.24989031358029412,1,interior
0.7920484979226701,0.3193345431061778,1,interior
0.8031911205127605,0.262540617221508,1,interior
0.750963341719672,0.3851593308749287,1,interior
0.8049141940634018,0.2607949735453649,1,interior
0.6641236572838511,0.1323847531185077,1,interior
0.7092480475648495,0.13644493383165354,1,interior
0.5237997499435222,0.17646777604841513,1,interior
0.4953590412478744,0.20399320434406643,1,interior
0.7965695535061508,0.31828286520619786,1,interior
0.47753116832299014,0.3101574262272515,1,interior
0.7974341466432864,0.3157144756886148,1,interior
0.7533513326742192,0.37769871102934577,1,interior
0.7992523042434374,0.30821843211629946,1,interior
0.6181773969355674,0.12256874779134411,1,interior
0.4804115160343475,0.23751333469065233,1,interior
0.7360200679430732,0.16258199550653488,1,interior
0.4928810554488911,0.19709848384905937,1,interior
0.7569172203116765,0.1794140394305555,1,interior
0.7124884802292762,0.13731991745051292,1,interior
0.7571255058842845,0.1816747585862593,1,interior
0.4807856252574254,0.2408252660856665,1,interior
0.6707561957809018,0.13400220019637024,1,interior
0.49327553355421067,0.20543320093729803,1,interior
0.7971500582267622,0.32291679497113374,1,interior
0.5351001453725992,0.17404492546959469,1,interior
0.46868017586450805,0.2803466357737439,1,interior
0.8115339390231066,0.2683090560731467,1,interior
0.81593346644328,0.28474618917772987,1,interior
0.4750966436585586,0.31186629537639654,1,interior
0.8132696336745796,0.26952320080357456,1,interior
0.7919857124831114,0.2218199037435038,1,interior
0.7915472162577122,0.2154888537713786,1,interior
0.8023226107237538,0.25531934094612996,1,interior
0.7442787773706255,0.39011317227251546,1,interior
0.4945340877589307,0.19908643621605732,1,interior
0.5245432610033482,0.17354654508488818,1,interior
0.5603147537812826,0.14138561897973978,1,interior
0.617378664749928,0.12093370782597115,1,interior
0.714303276332679,0.13985183090298994,1,interior
0.6443404752661922,0.12611501272724773,1,interior
0.7871133790650248,0.20150817001873114,1,interior
0.8034567018559493,0.29397775822188466,1,interior
0.7554155267973578,0.17900560748128963,1,interior
0.558575604989761,0.14305706787746497,1,interior
0.48059088300173425,0.23579788971758717,1,interior
0.7129160383532118,0.142208871734555,1,interior
0.797599106194982,0.3117599307914063,1,interior
0.7903743733282229,0.25497898399410285,1,interior
0.5110326310518595,0.1894658060249337,1,interior
0.7903103496762084,0.32947682371329756,1,interior
0.780017649444997,0.19301081859590058,1,interior
0.802649146984371,0.24994786447969403,1,interior
0.809199080002488,0.285015709653625,1,interior
0.47758073245979543,0.22430314098627382,1,interior
0.748141580639614,0.1682724372529401,1,interior
0.769364320181389,0.18450362704857529,1,interior
0.8031439925709098,0.2532004951307768,1,interior
0.6143078825754508,0.12026325023411956,1,interior
0.48058634612003254,0.3200738480305818,1,interior
0.8102019497780357,0.2637105088864614,1,interior
0.4735965241572514,0.2666972781488574,1,interior
0.5264205319771947,0.17590927057489605,1,interior
0.7710234645648348,0.19133010685788943,1,interior
0.5284813541968618,0.17655118668909583,1,interior
0.7265232526055257,0.1479606621026822,1,interior
0.4734776020018356,0.29859656797637035,1,interior
0.7531965789460399,0.17759439253014558,1,interior
0.7677427560381772,0.18535142461971513,1,interior
0.7944945779178849,0.2323568444021085,1,interior
0.5541568797526856,0.1544999818335284,1,interior
0.8138581713545426,0.28860656879331276,1,interior
0.7710073312965154,0.18291900607824263,1,interior
0.8084421860832219,0.2889103326033405,1,interior
0.49921313895657143,0.1942007310272949,1,interior
0.47527526784628266,0.274284953537008,1,interior
0.48480946511715456,0.23633619466001,1,interior
0.7975456548098472,0.31419149648575195,1,interior
0.4690063849164394,0.2763269269472218,1,interior
0.7266582985099992,0.14951629992090834,1,interior
0.4666470129053526,0.288618128840409,1,interior
0.47698812998256185,0.2609046715080855,1,interior
0.7304270373540204,0.15113895171134198,1,interior
0.7145415079879601,0.13793069313767067,1,interior
0.4715179515179817,0.2705801375253483,1,interior
0.47729776360159637,0.2589361928766874,1,interior
0.4828626477671085,0.2504244355072886,1,interior
0.749756931546245,0.1674945159892969,1,interior
0.671701656212233,0.1325142225741437,1,interior
0.7938203755109728,0.22830527030786704,1,interior
0.6869739440892251,0.12949318038556903,1,interior
0.5534264650542081,0.15211423302472787,1,interior
0.7999436932780379,0.30638610133344635,1,interior
0.7748575025720209,0.35520607635247137,1,interior
0.7931598612563131,0.2230703253830327,1,interior
0.6647501348196875,0.1279553437519288,1,interior
0.4747490660687759,0.26303003246344336,1,interior
0.47938783037324234,0.26571601715871573,1,interior
0.61213256933494,0.12074424954113121,1,interior
0.5180334418524707,0.17563176479146095,1,interior
0.8096947630473665,0.2822046041332279,1,interior
0.6938995248358935,0.13372714351821643,1,interior
0.5330181644004006,0.1728260185101008,1,interior
0.7348989451133987,0.16071027389817463,1,interior
0.6781463232624353,0.12783340115473468,1,interior
0.7937969317031035,0.22606510440284297,1,interior
0.7978805157172099,0.23528087345709073,1,interior
0.5553817394831075,0.14875982443559463,1,interior
0.7963597773342747,0.31281139273121794,1,interior
0.5204360619449193,0.1757354060216046,1,interior
0.47320344912302725,0.2726057815163781,1,interior
0.7546304821819243,0.37651202591315264,1,interior
0.4886025857710983,0.21119734056916922,1,interior
0.7308157189719631,0.15528563336334653,1,interior
0.6072615934329197,0.11807970754539018,1,interior
0.6374734431928256,0.13050145213099915,1,interior
0.7700803254008289,0.18623552435618496,1,interior
0.7723360758980996,0.18998817921465452,1,interior
0.5147263933350872,0.18658443580144365,1,interior
0.8110384241000117,0.2725870742701247,1,interior
0.7822036075338358,0.19104057329954557,1,interior
0.7461081541707308,0.16416759191346117,1,interior
0.48977776604926937,0.20318176986116374,1,interior
0.8028928625979536,0.2974069835210821,1,interior
0.6505540500949587,0.12738809381851662,1,interior
0.5687441786173681,0.1388836225209195,1,interior
0.8011440202586284,0.2479088609725242,1,interior
0.5619079505700603,0.1393033660840307,1,interior
0.750607778988481,0.3789665497161979,1,interior
0.754699241252424,0.17736621640535394,1,interior
0.484158214981536,0.32379800442985895,1,interior
0.724211809410931,0.14544452038863304,1,interior
0.5356390969415984,0.1725745021446604,1,interior
0.7921108504566384,0.32783271455090435,1,interior
0.786977111661856,0.20525138952148408,1,interior
0.7842958885565767,0.20655694051883192,1,interior
0.691695504891193,0.13218323634883838,1,interior
0.7560403875627255,0.17332044941370892,1,interior
0.7853081613481486,0.33290837711415516,1,interior
0.7890435986010256,0.3319464148413747,1,interior
0.6583480021200708,0.1341780279645993,1,interior
0.7569093912499057,0.18911203691673517,1,interior
0.7554328840100623,0.17593328560424518,1,interior
0.8106114370453037,0.2668312267515583,1,interior
0.812164930998882,0.28123425073033476,1,interior
0.7411351814605943,0.16600389935375032,1,interior
0.5273440937076552,0.17462918925919038,1,interior
0.6081787768687286,0.1203123285370358,1,interior
0.7570446187171086,0.17201583739760054,1,interior
0.6914131074754326,0.1303466594638549,1,interior
0.6082591180188538,0.11567763285280426,1,interior
0.8143568109670203,0.28364899052928305,1,interior
0.7972658712638406,0.2410387887648131,1,interior
0.6188460579478989,0.12053564297815922,1,interior
0.4934507688459496,0.19290107092487438,1,interior
0.5291399194491289,0.17385217244342951,1,interior
0.8016066315799368,0.30420525467721715,1,interior
0.784855714413868,0.33641375297972964,1,interior
0.6955948915254306,0.12801655930140654,1,interior
0.6898983688041193,0.12988995394686634,1,interior
0.473214303655272,0.2638716757116578,1,interior
0.8130820142282249,0.27919134242248506,1,interior
0.8035614824830686,0.2513268364653844,1,interior
0.7107717867675635,0.13602380562595742,1,interior
0.4948284398898635,0.20067477751819368,1,interior
0.8000922376914705,0.2940258642891969,1,interior
0.7543688203094453,0.18011820535557937,1,interior
0.6483646122050372,0.12981203790872986,1,interior
0.8022409128772989,0.3079399150501528,1,interior
0.7445241927275356,0.16442808940020004,1,interior
0.6739945507149215,0.13204199132184313,1,interior
0.5027390273524782,0.1894812069228668,1,interior
0.7520293688582976,0.38677727574844656,1,interior
0.7810026307298116,0.3414189942494814,1,interior
0.7921665231530107,0.329612592683717,1,interior
0.7935376467337517,0.21687109732639998,1,interior
0.5531530792690557,0.1443618106201269,1,interior
0.695304978085548,0.13256790234585197,1,interior
0.7539666351649813,0.16915535504413148,1,interior
0.6962965687316159,0.130736432731227,1,interior
0.7711668836174997,0.18487709871754612,1,interior
0.802054119087613,0.31024993362154246,1,interior
0.601706842783274,0.11272739098156176,1,boundary
0.7260387478152855,0.14321804211975325,1,interior
0.7877949454259293,0.3354871194632482,1,interior
0.6771482521808099,0.12651788868779124,1,interior
0.6180609191505132,0.11913358011087376,1,interior
0.783941590376912,0.34411578417495503,1,interior
0.5137350438041902,0.18228051022310668,1,interior
0.7169794727822121,0.1419165728537959,1,interior
0.7995611394400051,0.3159077646060928,1,interior
0.7823291830651234,0.20888193426943708,1,interior
0.8149256595179252,0.2769685962357224,1,interior
0.48062522324822643,0.2500364950997989,1,interior
0.7380540686102426,0.16549636983015056,1,interior
0.6088835275366498,0.11762613807605989,1,interior
0.5343673226398755,0.1643671192557776,1,interior
0.4793346002809186,0.23879394210248692,1,interior
0.6725680074712337,0.1349486435941864,1,interior
0.5420918299995751,0.16078708596027558,1,interior
0.7618811292467653,0.18041167020511792,1,interior
0.47438713844361347,0.3064376808694422,1,interior
0.4824271808600886,0.20994596752433567,1,interior
0.4788230505927323,0.3133896809077908,1,interior
0.4712046699156634,0.29242164176319596,1,interior
0.7427704275439427,0.16397240787703765,1,interior
0.6153038291666828,0.11867497256098826,1,interior
0.48495515584928595,0.24343698027594118,1,interior
0.7539066031225355,0.3791453564068493,1,interior
0.5029508941675981,0.18738551237508566,1,interior
0.6867313025079018,0.1312435987386203,1,interior
0.4902760608905468,0.19696106144238743,1,interior
0.7585360528804473,0.17328355456797337,1,interior
0.5497524048810349,0.15168469101947485,1,interior
0.7578062708580005,0.3811874193817854,1,interior
0.7604291848677818,0.1780924671155557,1,interior
0.7398781737817951,0.16361992659414223,1,interior
0.6727463209747668,0.12997050133028676,1,interior
0.7746881381879344,0.3585756425425373,1,interior
0.4790467074398201,0.3172110372253154,1,interior
0.732499740408326,0.15574172011781534,1,interior
0.4932299489599578,0.2019385359687261,1,interior
0.6980410009685253,0.13509791989948436,1,interior
0.6435852026463683,0.12394512250125711,1,interior
0.5575631391894909,0.14163204746058072,1,interior
0.6210757997872476,0.1240694513811329,1,interior
0.647963660725184,0.1254743490711008,1,interior
0.8127240632016677,0.2649951526369589,1,interior
0.8106268468974448,0.2840606530879632,1,interior
0.7990915076918539,0.2375216011234005,1,interior
0.5227162040550756,0.17499662494836968,1,interior
0.8069140005959172,0.258817012214206,1,interior
0.6264262655554991,0.12482820262016625,1,interior
0.49251188820612424,0.1943954715910137,1,interior
0.4777156243456008,0.3156717723667549,1,interior
0.4886703446762595,0.3197721859931764,1,interior
0.6041350748266406,0.11493635454946936,1,interior
0.7642947380072298,0.1802255779046919,1,interior
0.47802454864919874,0.2520645692097718,1,interior
0.7488394939326847,0.3915680546843206,1,interior
0.4823912375159176,0.3247962653707028,1,interior
0.7825658507271774,0.19528440617093168,1,interior
0.5041576750116445,0.1830130151183528,1,interior
0.7852186201425269,0.20903241749129722,1,interior
0.8148540490919362,0.29067066202216935,1,interior
0.7285594722158432,0.16065560393144349,1,interior
0.5378602282767605,0.1652169450791357,1,interior
0.7548029738767307,0.16756533849059238,1,interior
0.7425137229889541,0.17120341372512363,1,interior
0.7908522000722839,0.21748000066848794,1,interior
0.47442732220364353,0.3082091590310499,1,interior
0.801047592207521,0.31215709130020175,1,interior
0.47928466860060864,0.24761534375986896,1,interior
0.4761545301129828,0.2517179148415016,1,interior
0.7748800571642525,0.35705640110854975,1,interior
0.4910624523801178,0.19831853749906803,1,interior
0.7775895415323976,0.36247079177492353,1,interior
0.7453608280436428,0.392165088768181,1,boundary
0.7094565677311446,0.1335139735823444,1,interior
0.6800496926009337,0.1282310260441134,1,interior
0.7560485783934942,0.17018392044115155,1,interior
0.6158545230030599,0.12093738565121921,1,interior
0.7943818846446743,0.32184990863425755,1,interior
0.7862495357629682,0.3356278802465982,1,interior
0.6425388683535329,0.1253417213184549,1,interior
0.6729286917952165,0.1277960344131025,1,interior
0.6318953281035099,0.12219884800549917,1,interior
0.6775079451712795,0.13147196610410067,1,interior
0.7597759652415111,0.37591285829578547,1,interior
0.5407021837050385,0.15805407270072194,1,interior
0.7490553908163948,0.16569880535915066,1,interior
0.7545452835525404,0.3807908012495368,1,interior
0.6324954650871608,0.11969576400043161,1,interior
0.8111928883844978,0.26497364290599645,1,interior
0.6035320612801884,0.1113688772636741,1,interior
0.7516871373088411,0.16555922222269834,1,interior
0.4834932412423125,0.3286253056278327,1,interior
0.7483394076764673,0.1636820854939393,1,interior
0.7761201471046313,0.3539608941035357,1,interior
0.4785104419825609,0.23705482670312605,1,interior
0.6137852329419689,0.11823342508573612,1,interior
0.7585701176950721,0.17858322302536436,1,interior
0.7919783681609219,0.21939712242600595,1,interior
0.7605756966295674,0.17458192646998175,1,interior
0.7584567460806234,0.17074244117108994,1,interior
0.6202042679250104,0.12162909893780015,1,interior
0.47842535500727623,0.23517085703808016,1,interior
0.7987314308035499,0.3181755041261539,1,interior
0.805198425375042,0.2940814726713773,1,interior
0.7471250177335731,0.1618133557516709,1,interior
0.8159149298969179,0.2797908903904725,1,interior
0.4776345439744812,0.2335134984941568,1,interior
0.636877558619612,0.12883905617752286,1,interior
0.6206541389018262,0.11846596866016308,1,interior
0.8134017779795931,0.27228544283067074,1,interior
0.5428859133923962,0.15594660423450973,1,interior
0.6392555371234929,0.13096233384221437,1,interior
0.6701925690579077,0.12696751325500077,1,interior
0.7164710369510349,0.13816429730595117,1,interior
0.4755279226123471,0.2351857290346864,1,interior
0.746217307664667,0.3905656516731944,1,interior
0.564834127117044,0.13696786256388194,1,interior
0.4714227070728579,0.3057980183430305,1,interior
0.782596780736234,0.3449806512132371,1,interior
0.6762998853736524,0.1294717086653784,1,interior
0.7861988442212268,0.20678449142491068,1,interior
0.4825568378196178,0.326598508792353,1,interior
0.4990329956778257,0.19020678889064033,1,interior
0.8109251243280995,0.26218447783557913,1,interior
0.7570778935361699,0.17738365695344277,1,interior
0.541100471318075,0.16497808477295442,1,interior
0.769043606203471,0.1823782258709528,1,interior
0.6409100509612835,0.1287291061257893,1,interior
0.8028841291719454,0.2456724829362071,1,interior
0.7965032209980673,0.23167129826249125,1,interior
0.733549608503148,0.16421812047683187,1,interior
0.5210205274392347,0.17422929203890491,1,interior
0.469846564007453,0.2813595371759945,1,interior
0.79377129611424,0.230560799849222,1,interior
0.5530548355704693,0.14266717902803608,1,interior
0.7048005641313564,0.1432645302844024,1,interior
0.638624553971356,0.12625370170043632,1,interior
0.7872816593211486,0.33722535601439735,1,interior
0.78881987515861,0.3340650721943691,1,interior
0.802562871600254,0.30545423932693677,1,interior
0.4796805926379768,0.24589293168145707,1,interior
0.5072443244788333,0.1838604278927914,1,interior
0.46843355666482017,0.2903294980128103,1,interior
0.5664253077501054,0.13602944660298347,1,interior
0.48040387018554337,0.3140752289371257,1,interior
0.6710534813477099,0.1300782100001375,1,interior
0.5616559484653036,0.13644480599429454,1,interior
0.7599438753958542,0.3831646591124942,1,interior
0.7553023525084557,0.38253837614574554,1,interior
0.48095637208251024,0.24787535139994793,1,interior
0.47534698902868155,0.2336664137706174,1,interior
0.7332622753387561,0.15764144054034984,1,interior
0.8051123896332777,0.26237972184003483,1,interior
0.7203709567881308,0.1445997122272174,1,interior
0.8107285450682864,0.2919136630101021,1,interior
0.7570227585219921,0.17470947188202163,1,interior
0.541577099835143,0.15464875567861422,1,interior
0.7428418407394786,0.1623362964080694,1,interior
0.5638926135399337,0.1384836978212624,1,interior
0.8142589758374327,0.2707764428226812,1,interior
0.6848013265319361,0.12850165916484038,1,interior
0.533260627077755,0.16270266154401414,1,interior
0.7723988960818413,0.18629950702375736,1,interior
0.7839842142598219,0.3376786410360973,1,interior
0.48102886316824245,0.30919291548442884,1,interior
0.48211867596374847,0.33269289486838166,1,boundary
0.6399438479117694,0.12705580830388932,1,interior
0.6594008584635376,0.13264648474620025,1,interior
0.7603685379982881,0.1722657092565678,1,interior
0.7197735534232729,0.1429042352659965,1,interior
0.7925262920779571,0.21354667726827747,1,interior
0.4745297557485247,0.30292498956631897,1,interior
0.5498688570111254,0.14651060951785871,1,interior
0.48223145902220604,0.31959891629762804,1,interior
0.804594294457231,0.2920638133806507,1,interior
0.47277886925217794,0.3076740921647012,1,interior
0.8130148096603876,0.2914517887193015,1,interior
0.7918433014247358,0.3261477276514251,1,interior
0.7640027335436521,0.3700605137885752,1,interior
0.7759956110205838,0.3518381614163158,1,interior
0.8072710454187748,0.2659010457070047,1,interior
0.7520884891964766,0.16267481620955365,1,interior
0.48871854053608493,0.20492224678250706,1,interior
0.8027198723416338,0.30116055320990087,1,interior
0.48167980295218604,0.24374832711605995,1,interior
0.4762929416068854,0.256851067008985,1,interior
0.6322010407657993,0.12461451984125659,1,interior
0.7906374596862453,0.20906096803768737,1,interior
0.7452319333262709,0.1626081914560694,1,interior
0.7758293302886938,0.19536024557305673,1,interior
0.516995004953766,0.1844144342547314,1,interior
0.7661435152250848,0.17981276274188776,1,interior
0.7122296199022962,0.13299180770274055,1,interior
0.7503528217292752,0.16313568488256172,1,interior
0.725203757791515,0.14078598307259965,1,interior
0.8057373359015203,0.256132306906831,1,interior
0.7615480532423555,0.37608946902188994,1,interior
0.7926583886045279,0.3213251518024536,1,interior
0.6214832683648541,0.12246450650835572,1,interior
0.7999516659391599,0.29920955095517904,1,interior
0.49050147872954286,0.2012609228276204,1,interior
0.47432800561741423,0.2325172541630852,1,interior
0.5638752560202501,0.13460443520899015,1,interior
0.7169712311286124,0.13974665287340177,1,interior
0.4757128016144779,0.2552218990697201,1,interior
0.5394546500493745,0.15919038034993804,1,interior
0.7852374361924294,0.3472378232611148,1,interior
0.5549311207691036,0.14273354875073094,1,interior
0.809507480181183,0.29318507991147763,1,interior
0.4867297094992777,0.3180994516757573,1,interior
0.47748159846383625,0.2385370015803345,1,interior
0.792898659551697,0.32384163051109205,1,interior
0.7777665918126838,0.3608886546560353,1,interior
0.7887915030598948,0.20520965771168245,1,interior
0.7456115372712255,0.1606195807384039,1,interior
0.7983599222882436,0.32170713978980386,1,interior
0.46495368301186896,0.2847836430642044,1,interior
0.7855072617501606,0.3383066412729764,1,interior
0.4770239577941436,0.31416442534014555,1,interior
0.7508057644058739,0.3928903453541039,1,interior
0.4768004473702864,0.24027955029393294,1,interior
0.7153555820472502,0.14113203410884115,1,interior
0.7600233281039989,0.17616110948697397,1,interior
0.6048446200175653,0.11637835765598296,1,interior
0.4654878386228595,0.28624465531871757,1,interior
0.6836135508091195,0.1266466261497407,1,interior
0.797392120175719,0.31969949034561684,1,interior
0.6628575375947511,0.1272112816547807,1,interior
0.7562297748174817,0.1834425470729766,1,interior
0.4914605642245837,0.2039004177576115,1,interior
0.4729581231893712,0.25968103186814256,1,interior
0.7282650055663741,0.14877910785201157,1,interior
0.4728666735661969,0.26810803417977447,1,interior
0.7940892548935746,0.2192700009279301,1,interior
0.674772840322874,0.13040910637687136,1,interior
0.47115333414788313,0.2971085179790332,1,interior
0.8070033817998427,0.2605794451239132,1,interior
0.46607862952545304,0.2813484238538588,1,interior
0.645259752995172,0.12490589544975808,1,interior
0.7556567793715966,0.18124433803653459,1,interior
0.8053273035864071,0.2640033063753105,1,interior
0.7342163983299633,0.15540836012908166,1,interior
0.7663473788806175,0.3653883990260477,1,interior
0.6138249803186125,0.11538804747441779,1,interior
0.8047218907719472,0.29795951945264515,1,interior
0.7194834814755036,0.14102915237020136,1,interior
0.47137187205014314,0.31177178586455895,1,interior
0.8085027517443378,0.2586314653509417,1,interior
0.8036636020497809,0.2436369628333717,1,interior
0.6571158782350122,0.13301754479773803,1,interior
0.7026376826451942,0.14101715463903114,1,interior
0.4729639368739833,0.25617799107429495,1,interior
0.8123030359980017,0.27368005325562467,1,interior
0.49461401606838,0.19402031696753805,1,interior
0.5446163650298286,0.15449439721329047,1,interior
0.6494498217479108,0.1258797624332172,1,interior
0.4717549183600925,0.2669939519403712,1,interior
0.6244031299523939,0.12520378666974274,1,interior
0.7993151777399001,0.3138550748485457,1,interior
0.6214584001001643,0.11690065630295067,1,interior
0.6548852746694248,0.13125982002759057,1,interior
0.680453751855806,0.13089130774084198,1,interior
0.48135919519079634,0.32266461795850027,1,interior
0.4742161571340675,0.2713613387729338,1,interior
0.7055404817306319,0.13403958278036746,1,interior
0.7726980569640328,0.18459210167003984,1,interior
0.549296657495686,0.1533798554643983,1,interior
0.4804800304729171,0.24270406356510255,1,interior
0.4808135414363888,0.31234285508747256,1,interior
0.7957284576878727,0.22973243667601362,1,interior
0.7521505080913519,0.3787105039014496,1,interior
0.6753845574107078,0.1282104098482731,1,interior
0.5383107219651735,0.156884813977913,1,interior
0.7748105927137202,0.1853785077187577,1,interior
0.815868681681576,0.2712810038014141,1,interior
0.7777150539320927,0.35370249075195964,1,interior
0.5230973874508981,0.17276736929134287,1,interior
0.7603150884607777,0.38543039609366336,1,interior
0.7289943305631176,0.15017991652025353,1,interior
0.8071219834906057,0.25503453187071834,1,interior
0.5324118624000069,0.17071291869535285,1,interior
0.47894148987862395,0.2506892070207472,1,interior
0.7306241440101293,0.14944069573787286,1,interior
0.7752098376990456,0.3670736910534113,1,interior
0.7880378644925655,0.32732257024863887,1,interior
0.7666640286164923,0.1813408503066678,1,interior
0.8059233832955046,0.25323216640682084,1,interior
0.7132151270863232,0.13873037059237572,1,interior
0.7412802289775532,0.16138908182634557,1,interior
0.7490654721044736,0.1617752125565706,1,interior
0.5259701336607182,0.17244207065880107,1,interior
0.475261173439049,0.29058522109172263,1,interior
0.761641367829901,0.37283196240372773,1,interior
0.5706039449144426,0.1389885303080118,1,boundary
0.5699591282700025,0.14036841061385155,1,boundary
0.5338611026890665,0.169714247908427,1,interior
0.536731646658601,0.16967784200816022,1,interior
0.5025703683722006,0.1846128536330101,1,interior
0.7314528450769531,0.1528685084078913,1,interior
0.47128651211583744,0.30002809872689185,1,interior
0.5316387179656095,0.16903080013041752,1,interior
0.5678319223731294,0.13512019496616123,1,interior
0.8121588701234962,0.29430365753847465,1,interior
0.7772114954719845,0.1904770557944056,1,interior
0.7198883488831633,0.15283782517611497,1,interior
0.5678120215465969,0.13709585700231894,1,interior
0.7378684270356966,0.16394045849188266,1,interior
0.652462897574147,0.12849435008092616,1,interior
0.7956002250824178,0.3227707829468502,1,interior
0.5471369541832145,0.15031956599845367,1,interior
0.6294199321496561,0.12230362487512271,1,interior
0.4773779355774732,0.25039214700032336,1,interior
0.7530094862438329,0.3852868852885693,1,interior
0.7323709109859858,0.15045061158103182,1,interior
0.7909388141638014,0.2132091158449534,1,interior
0.4676415678470537,0.2783383494227284,1,interior
0.5303083822879283,0.17148356488796476,1,interior
0.5330453272701091,0.1682904090928208,1,interior
0.669657266613265,0.1308138276448353,1,interior
0.5512378981769605,0.15350708159521598,1,interior
0.47758425324637604,0.23064909124535038,1,interior
0.8166841049284821,0.282439359215049,1,interior
0.4832119899182248,0.2534436313741739,1,interior
0.5123132440179827,0.18346873156184593,1,interior
0.7771782157698912,0.3589054004827725,1,interior
0.8081000673566427,0.2537263421515522,1,interior
0.799625739143903,0.32030331222578545,1,interior
0.5504418917767836,0.14490152572871975,1,interior
0.7683312846326414,0.18008378747555392,1,interior
0.4720788515718094,0.29515154554146605,1,interior
0.6346846908482447,0.12029944700602381,1,interior
0.5003564136229988,0.18760673185232382,1,interior
0.477625433026555,0.24635421232717888,1,interior
0.8163399351956445,0.28898374333233007,1,interior
0.47046645985555147,0.29399765007512524,1,interior
0.6792279804580802,0.12660902401147844,1,interior
0.7615733069235884,0.37959197882105294,1,interior
0.805415187631197,0.25089272185207884,1,interior
0.5551264090634196,0.14035064593975455,1,interior
0.5100222041279522,0.17937079602668202,1,interior
0.6363317594642597,0.11890359043510584,1,interior
0.803071951480985,0.29913465915964027,1,interior
0.4805963708773444,0.21076723539603526,1,interior
0.7933164501415494,0.32682303324960094,1,interior
0.5435393758355431,0.15288834195757658,1,interior
0.4863482678941623,0.20903383397543687,1,interior
0.6094796706639001,0.113473217751371,1,interior
0.8018635780495504,0.2519196264849416,1,interior
0.7899620777661357,0.2035915895950544,1,interior
0.6830266824092086,0.12909857585229625,1,interior
0.7963751953387475,0.30856905749324043,1,interior
0.761016575507935,0.3816925533816213,1,interior
0.47378676106640566,0.23721534367199562,1,interior
0.8000258318379778,0.24659648086934244,1,interior
0.7583795970269362,0.16897325399867338,1,interior
0.7937376991983821,0.3286927274604627,1,interior
0.6109293037805045,0.11506681790031173,1,interior
0.8041066390879822,0.3043625857162703,1,interior
0.4790874369974952,0.3193167134949573,1,interior
0.623021003806306,0.12306220922338042,1,interior
0.5055504401033484,0.18420344096664085,1,interior
0.7769001256644282,0.18565983002169476,1,interior
0.4882179669533344,0.1980381549510759,1,interior
0.7079304040082568,0.13308942859768252,1,interior
0.5588238719334403,0.13932810015523944,1,interior
0.47826472070695847,0.21994389861638128,1,interior
0.4709730577004285,0.30857544698152795,1,interior
0.6575413179689868,0.13080198180479008,1,interior
0.6968264907405236,0.1253047734658772,1,interior
0.75200156924455,0.3885143881776548,1,interior
0.5621715348629835,0.1348868133935961,1,interior
0.5376549241056945,0.16247036598934034,1,interior
0.630615891867296,0.12010407930688552,1,interior
0.47667860831542075,0.23203438626877934,1,interior
0.47039821414867994,0.2910631476263643,1,interior
0.6676516545863899,0.12802720170238605,1,interior
0.8003685643456563,0.25469560946092856,1,interior
0.8094647716121613,0.25521833928971427,1,interior
0.7279063519687954,0.1457269003185846,1,interior
0.7934309031327226,0.22083088990003263,1,interior
0.4697720052745139,0.2682689472343011,1,interior
0.8000282632099373,0.2390903611615082,1,interior
0.477736123195569,0.3184134980452915,1,interior
0.518625740030007,0.17360518768702463,1,interior
0.8032243339603714,0.31283909994694153,1,interior
0.7715712363308835,0.1882257643139406,1,interior
0.8161358448009733,0.27382634506984016,1,interior
0.6507303674559597,0.12364766451708399,1,interior
0.531816710852847,0.16655808690407892,1,interior
0.7770133185111671,0.3563745975018599,1,interior
0.47526525146359866,0.2954997092075772,1,interior
0.8047348995256146,0.3018993157230101,1,interior
0.4761021376606848,0.31740632514829276,1,interior
0.4897051117280274,0.19978995113429168,1,interior
0.5287319185599524,0.17207240652134786,1,interior
0.5287110676949119,0.16836083325660378,1,interior
0.7845357024177833,0.1960002500505046,1,interior
0.806846441336288,0.2930561761775447,1,interior
0.7618609897608332,0.17604358042846474,1,interior
0.6931468536492397,0.12645285599823383,1,interior
0.817813811022143,0.2753016875381075,1,interior
0.697247763551158,0.12845958398101837,1,interior
0.7880438785646126,0.2111083851731182,1,interior
0.4731059752714062,0.3042142012854101,1,interior
0.7792494909293123,0.36408987120819175,1,interior
0.5089447275786271,0.1852889720389308,1,interior
0.47879162830452887,0.32137045377094103,1,interior
0.7789187324134406,0.35222696895254085,1,interior
0.8057218928813746,0.3000534880850763,1,interior
0.5205430177746607,0.17231923665714424,1,interior
0.6161417047808269,0.11726722503359169,1,interior
0.46976679872769456,0.3110910051065329,1,interior
0.47637015900318014,0.25371261780635396,1,interior
0.47622644293183125,0.2296539316209042,1,interior
0.5515237391723629,0.15195420725358194,1,interior
0.46819664613674605,0.29641991697009823,1,interior
0.48866737701333807,0.19596567158178982,1,interior
0.6695345211533258,0.12905003269081025,1,interior
0.5162793260247394,0.1749199597311942,1,interior
0.794716540661749,0.3039701829974863,1,interior
0.6167601898642949,0.11482842620337516,1,interior
0.6997145499385256,0.13576452889784058,1,interior
0.7632893848053991,0.37446970464391627,1,interior
0.47896120406286014,0.21824679796776703,1,interior
0.5339678620282777,0.17162741751140098,1,interior
0.7793404656730796,0.3550896952768212,1,interior
0.6968935275129414,0.13219488237396274,1,interior
0.8144015527870012,0.2737119676673954,1,interior
0.5125420361315004,0.17750136513304107,1,interior
0.6911026275041245,0.12871519915426452,1,interior
0.4770161007670342,0.3197749624174579,1,interior
0.47507850053482453,0.3135207999566594,1,interior
0.8150823693857654,0.28759946822909027,1,interior
0.5521348791895423,0.14618334802232402,1,interior
0.7759874029475887,0.18346753174690858,1,interior
0.4903479429973965,0.1938282822809355,1,interior
0.701080574313626,0.13227082083041328,1,interior
0.7479612599308931,0.15893140080629026,1,interior
0.5372568862212203,0.16696443575321346,1,interior
0.7739412268012992,0.18807993175870744,1,interior
0.6185001715611066,0.11523352604449719,1,interior
0.7866113428566995,0.3438067164906575,1,interior
0.6817701854851023,0.1270381359655897,1,interior
0.7822201678970124,0.19314145308504302,1,interior
0.4731745999343919,0.3022073970599809,1,interior
0.6116233043105128,0.11794901033606409,1,interior
0.750641321864134,0.39083544904434636,1,interior
0.55104616437716,0.14240491485273146,1,interior
0.7276248798750791,0.14016812775224158,1,interior
0.8087686006145327,0.260591466199558,1,interior
0.7839554376881507,0.3459501807445576,1,interior
0.5145360475592964,0.17442554532656437,1,interior
0.8087504599736188,0.2645413601429875,1,interior
0.6676602662875314,0.12577720287517627,1,interior
0.7984990968919017,0.22969268446811889,1,interior
0.4791806625620104,0.22117942485792677,1,interior
0.5300076752791636,0.16965632948889156,1,interior
0.7135177833948814,0.13604224878029608,1,interior
0.5563383412142643,0.13760060355977008,1,interior
0.8002555341473138,0.322633246161608,1,interior
0.7785468069040525,0.350557245481947,1,interior
0.4665820621286776,0.2904090783891559,1,interior
0.5470555855604526,0.1538812623222067,1,interior
0.7784287231845645,0.19214121451257057,1,interior
0.6236200047495368,0.1160161458148461,1,interior
0.7170650623756158,0.13528633420359504,1,interior
0.6851282549678283,0.12581574163973588,1,interior
0.7764325010771288,0.3351781086962405,1,interior
0.6438406813878994,0.12237321968289892,1,interior
0.4965545654681722,0.18799962743757445,1,interior
0.6072405938143094,0.11440526307346872,1,interior
0.47247873400317286,0.309296624598549,1,interior
0.7357603630200371,0.15694953447187635,1,interior
0.7651487075794686,0.1772962562572488,1,interior
0.7620514970595468,0.17846901290936534,1,interior
0.5156739775221033,0.17775667707775272,1,interior
0.47000708664241636,0.2959038876288762,1,interior
0.5378305094443546,0.15899643581735268,1,interior
0.6623599831204224,0.13061826141157679,1,interior
0.7954438309345607,0.22817560157880945,1,interior
0.47740963833928507,0.2168235460815858,1,interior
0.7940311093943397,0.21103113755373037,1,interior
0.8073707612950094,0.25687918831076434,1,interior
0.7217916815807033,0.1428511393546102,1,interior
0.6543074922624931,0.1296278507653832,1,interior
0.5361218563503835,0.16457054862137596,1,interior
0.5129140694314694,0.18490392962176408,1,interior
0.7987902835514112,0.2273317025254972,1,interior
0.7878814987476696,0.3451362351955197,1,interior
0.8057396566940473,0.2957565636237165,1,interior
0.46480441253427607,0.2882991532264867,1,interior
0.7050254655804907,0.13257494150094243,1,interior
0.6989687226782136,0.13330713364627714,1,interior
0.5314887382890798,0.16505550153249288,1,interior
0.5475415334718927,0.1522461491358281,1,interior
0.5360900273921548,0.16248113902006325,1,interior
0.6658681452167927,0.12902641486381317,1,interior
0.6629316500063731,0.12889243916040277,1,interior
0.4668953223850146,0.2796652080920636,1,interior
0.47036879563786355,0.30350051932721084,1,interior
0.7547232441553597,0.38751750921630024,1,interior
0.8102909231621354,0.2894513874468185,1,interior
0.752703797148849,0.18097100261115076,1,interior
0.6966531321803178,0.1340653876341922,1,interior
0.46843003506623887,0.2935812119446963,1,interior
0.6645761895761467,0.1306284144899057,1,interior
0.7938403369550961,0.3302498100940289,1,interior
0.6812277658518211,0.12483962564542656,1,interior
0.7531852236529594,0.3912514985988,1,interior
0.7982942122513531,0.24378121335195704,1,interior
0.4689120501161815,0.2920971086114017,1,interior
0.6055943611367975,0.11415561186573721,1,interior
0.7648004391593503,0.3726174810225339,1,interior
0.7338248029657085,0.15311463434102518,1,interior
0.7119657723748787,0.13500286416244892,1,interior
0.4788663721321878,0.21362649075899032,1,interior
0.6388826454182095,0.12376669656129777,1,interior
0.4777997412263844,0.24484353548682214,1,interior
0.47447303907223104,0.2293184394411123,1,interior
0.8068341449812518,0.2517153939708643,1,interior
0.47160381267131124,0.30169943677158234,1,interior
0.7712311889467788,0.37020487373512906,1,interior
0.7742270269374742,0.37047107921165273,1,interior
0.46964391570458214,0.2975103403545253,1,interior
0.5687302842362008,0.14140697158505994,1,interior
0.4996843166391353,0.1837133355927608,1,interior
0.7787520525643897,0.19053332856087296,1,interior
0.744151540420537,0.1600469638538349,1,interior
0.6051206028858809,0.11075872770659964,1,interior
0.6960181061730147,0.1234213448565968,1,interior
0.6416069043553078,0.12333632168339392,1,interior
0.7737166596468638,0.36117237707966154,1,interior
0.7688222988442691,0.17835803811586715,1,interior
0.49855652448402393,0.191726251414192,1,interior
0.7325972272212333,0.15419316522286286,1,interior
0.6708310137432029,0.12450689798415876,1,interior
0.47490299775781053,0.30140192187388654,1,interior
0.4856893312045312,0.19798633984904057,1,interior
0.4702987699047671,0.2726860644528684,1,interior
0.7825363621899909,0.2104381824544553,1,interior
0.4810205474849743,0.3257533080195339,1,interior
0.5009007774302953,0.1890398240625743,1,interior
0.6916345326746111,0.12601649837578824,1,interior
0.7584030451709494,0.1764240875104669,1,interior
0.7898731575050406,0.2074846946053764,1,interior
0.7852370189317728,0.3450156574616282,1,interior
0.7549052148770601,0.16535971995615859,1,interior
0.8035437068634698,0.30932794078999615,1,interior
0.4638643056905974,0.28120466905368124,1,interior
0.7799874689514946,0.35872100886653774,1,interior
0.7309959490004481,0.14679205777818347,1,interior
0.7150773083449264,0.13575710303329216,1,interior
0.4910785631927859,0.19178380489574323,1,interior
0.6608166151666112,0.12940027279117208,1,interior
0.7473955725427974,0.16693678182282823,1,interior
0.46828435884844716,0.28415210724906514,1,interior
0.5693924958007454,0.13750665756976388,1,boundary
0.8141710297911485,0.2820693841945351,1,interior
0.4626038318395733,0.2797395408849207,1,interior
0.7563919814507207,0.37632387269508466,1,interior
0.6426960394496762,0.12111194375792562,1,interior
0.4646039718572913,0.2899317319485639,1,interior
0.4763309504437329,0.22564024122933077,1,interior
0.7810085785274663,0.3512116173776758,1,interior
0.5444571969692431,0.1565163137437084,1,interior
0.47527922403636363,0.31593071503682657,1,interior
0.7327463895942029,0.1486626937117417,1,interior
0.5332708574134487,0.1658846745935662,1,interior
0.800851215624052,0.31462543258525316,1,interior
0.4686871804856995,0.2996884980286835,1,interior
0.5200197935555447,0.17047458655461145,1,interior
0.5370135196997183,0.16033938196069486,1,interior
0.8123020909940241,0.2669100736352653,1,interior
0.4764642258134539,0.2198388874293176,1,interior
0.5069092251055883,0.1823464767373156,1,interior
0.8063084662000165,0.2830075589388079,1,interior
0.7520867861477692,0.3836645049075957,1,interior
0.46717682104825264,0.29207140224574063,1,interior
0.7837674910506119,0.3333917827180828,1,interior
0.7695061339621008,0.17693008892568612,1,interior
0.7636692705383078,0.17795404641325718,1,interior
0.7545610581260384,0.38959893106671395,1,interior
0.4882267139301191,0.19341104433730208,1,interior
0.6656533904474287,0.12585206334930785,1,interior
0.7837390876408729,0.3424485190167696,1,interior
0.736912781122509,0.15812998506486126,1,interior
0.475881680424363,0.22803481963490105,1,interior
0.6402884980109549,0.1251008825194211,1,interior
0.7358874100152861,0.1549607847093962,1,interior
0.8174938157546952,0.2785866777336223,1,interior
0.5076512186780537,0.18098441753993805,1,interior
0.6184181990349582,0.11683072353100737,1,interior
0.4654023092027053,0.29732381159014903,1,interior
0.7510811659745207,0.16033912559539043,1,interior
0.5146546177340662,0.17267612102062696,1,interior
0.7238728543952989,0.13912221554112178,1,interior
0.7661359074559561,0.3715342337452429,1,interior
0.5346560726387987,0.16025449710870043,1,interior
0.4861511723762624,0.20487419036582866,1,interior
0.512383161376033,0.17938502278734775,1,interior
0.7865726301353008,0.19850980773467758,1,interior
0.7915173814663906,0.3324747562979501,1,interior
0.7354009077609057,0.15901144676353857,1,interior
0.7278517963432856,0.14369172448338752,1,interior
0.795359464692041,0.3323844266459394,1,interior
0.7638519381285469,0.17640788961979817,1,interior
0.47032376861629,0.30698493569871355,1,interior
0.7733383073731258,0.19118887395911502,1,interior
0.7879256853165807,0.34802293249773136,1,interior
0.5384677428833612,0.1539597295916037,1,interior
0.761666083877891,0.37774921125687266,1,interior
0.7942624761955884,0.21479219370694672,1,interior
0.7963628003521289,0.2174601503378753,1,interior
0.7190691769010173,0.13902931268401328,1,interior
0.5355885872166086,0.15854269414911973,1,interior
0.4696683161945131,0.30117116230556223,1,interior
0.5129537277687607,0.17467833547949804,1,interior
0.7760621503836544,0.3685254181314353,1,interior
0.5593486953133213,0.13785227116112886,1,interior
0.6991207391594746,0.13143409195650307,1,interior
0.5007398103882504,0.1860670429132252,1,interior
0.7415953130687607,0.15891509416478813,1,interior
0.8012735748039009,0.24179432354641153,1,interior
0.5060926062014164,0.17947435486127783,1,interior
0.4803429684488735,0.24451944539366724,1,interior
0.7063377200682496,0.1305506973837427,1,interior
0.4711396385368775,0.2631689914479909,1,interior
0.7843424438416939,0.34857024299837813,1,interior
0.48220893674477244,0.31322551458308345,1,interior
0.6626391176189633,0.13293822304055644,1,interior
0.8171975126997303,0.2702236268688551,1,interior
0.7970818759593854,0.32493605018434774,1,interior
0.7873650514829111,0.2031014358227157,1,interior
0.7939144008349909,0.32527045527973947,1,interior
0.621588258331345,0.12057135695082845,1,interior
0.6888891636754797,0.12653084677856566,1,interior
0.481589850069536,0.32883833363736736,1,interior
0.7210087289334319,0.14041175991197308,1,interior
0.7990935323077548,0.2331399535938226,1,interior
0.7868000056355404,0.2082335215595854,1,interior
0.46584689785165007,0.29411728836855244,1,interior
0.7947685290043139,0.3350368410359081,1,interior
0.6676743237602706,0.1238593898835032,1,interior
0.5403433675310357,0.15581036949363758,1,interior
0.756052196250916,0.3804829948890633,1,interior
0.6529744009369074,0.12407837351288169,1,interior
0.48569539717570837,0.20695869541268652,1,interior
0.5047307233000627,0.1810935206435705,1,interior
0.6278272892640459,0.12055973076213218,1,interior
0.7604109334627787,0.1704050331771459,1,interior
0.6176915984378031,0.11328199034864338,1,interior
0.6489279785252738,0.12379419311630771,1,interior
0.467393161855776,0.2872565934877765,1,interior
0.4746750245645828,0.25268919436345916,1,interior
0.527616962558722,0.17015443435194616,1,interior
0.6393005622115526,0.12931520863110585,1,interior
0.46720745433353494,0.2742653692921873,1,interior
0.7429532319817441,0.15788042171830244,1,interior
0.6864605379256561,0.1267340769165664,1,interior
0.7258652684780437,0.15119085605542182,1,interior
0.7804927393355119,0.34580842426615593,1,interior
0.7885452440827575,0.3288297627898112,1,interior
0.8048149960557166,0.24510022909126308,1,interior
0.7532321511482518,0.16450912786335942,1,interior
0.8049236571700837,0.24108841886127078,1,interior
0.462462807647766,0.29066856403765173,1,interior
0.7875941528225419,0.34042745577112105,1,interior
0.637115241734666,0.12603877147110243,1,interior
0.7967542312909761,0.21500682668595344,1,interior
0.7633646124571049,0.17391521547268096,1,interior
0.795575272617813,0.32440828068331756,1,interior
0.8174826024610382,0.27702373469621044,1,interior
0.7065954655598585,0.12896277244832355,1,interior
0.7674667463443782,0.3724516189837718,1,interior
0.4744472940076195,0.2578249272208788,1,interior
0.5509982709320738,0.15027577135570672,1,interior
0.4980198810637449,0.1861912459728946,1,interior
0.7297965273951651,0.14566601230095957,1,interior
0.783375789702755,0.349890221506024,1,interior
0.7735933899097052,0.20094979482354391,1,interior
0.48052378753326164,0.21239486998595933,1,interior
0.7090394209433283,0.13119088355037542,1,interior
0.6651314097196535,0.1234461773176455,1,interior
0.7796347701555748,0.18839836912259394,1,interior
0.7183036739478879,0.14331716081845589,1,interior
0.7137786572447927,0.1340195535669713,1,interior
0.6986408386807771,0.12977936206272345,1,interior
0.8025499800040158,0.3150283108258404,1,interior
0.7374242064823503,0.15992473373607988,1,interior
0.8118145814259267,0.27638043383170635,1,interior
0.7379594534239126,0.15610465217129346,1,interior
0.7336531312268828,0.15143439200012956,1,interior
0.7636579437036501,0.3809622732228326,1,interior
0.8011316195237096,0.3170471008290214,1,interior
0.7499051845237035,0.15905248119943985,1,interior
0.4761247191931513,0.23722356176187273,1,interior
0.7618458385640637,0.1718559467545915,1,interior
0.4792044014057361,0.33290794670298995,1,interior
0.767236145648869,0.3742975396594387,1,interior
0.6724944703809227,0.12566067049383992,1,interior
0.5220607332503968,0.17076852997282774,1,interior
0.7933518746166384,0.33216134192208474,1,interior
0.7380356396959018,0.16777277054760653,1,interior
0.7407513926235303,0.15685641021572516,1,interior
0.48377589075113825,0.20859123585951547,1,interior
0.6883773381582876,0.1288787412622664,1,interior
0.47458529114254444,0.25629703717874874,1,interior
0.7555635360938006,0.38435553150624896,1,interior
0.8159559860463892,0.2690493794368611,1,interior
0.6523189255360912,0.1262342513881393,1,interior
0.4876057102652694,0.20290900344700316,1,interior
0.7338680418508512,0.1591089696661954,1,interior
0.7745481130003803,0.3687765966022782,1,interior
0.7374445291165449,0.16194464656497812,1,interior
0.5301217031920014,0.16581471119406715,1,interior
0.47338822884284226,0.3130296663409114,1,interior
0.7392869667865182,0.15743465633245746,1,interior
0.7920042394696757,0.21144819921997537,1,interior
0.7376399820327867,0.15403936803853452,1,interior
0.8073243082242086,0.29459094798331675,1,interior
0.516758266261745,0.17345890244675372,1,interior
0.7670050675922344,0.178071245670873,1,interior
0.5494002719897714,0.1431190758178691,1,interior
0.46802772712389495,0.28184470316180155,1,interior
0.8004503464115431,0.25130009370628364,1,interior
0.5248562184268738,0.17112593085218014,1,interior
0.5559948397481472,0.13560766409266006,1,interior
0.468811066320519,0.2718963370249245,1,interior
0.659207371991686,0.1311124724092258,1,interior
0.5319023738626909,0.15951229945514325,1,interior
0.47628451533308946,0.22326193192087274,1,interior
0.5526342340684776,0.14957809320281676,1,interior
0.5699939586749453,0.1352526004559183,1,boundary
0.7531701191237118,0.38204632731941457,1,interior
0.6264314853845006,0.12297871221764015,1,interior
0.4743622016753569,0.22176909891135446,1,interior
0.7853092398753612,0.19456628463264453,1,interior
0.7763476538746987,0.37096829566430656,1,interior
0.7258864675873892,0.13888950202965097,1,interior
0.7755653201774615,0.3735922425740869,1,interior
0.7868021694604398,0.34625550570260943,1,interior
0.7240516221584496,0.14343766771442512,1,interior
0.6550792573201343,0.12721961542686158,1,interior
0.6454772626878059,0.12202000708748047,1,interior
0.7389730382405593,0.16069245590494127,1,interior
0.6213434840939612,0.11530868516933396,1,interior
0.46809821309536176,0.2680646135109911,1,interior
0.7030321405708354,0.13220936786273896,1,interior
0.6586914966925846,0.12930077445345878,1,interior
0.4851450734596061,0.31402246495882447,1,interior
0.8162527938078237,0.26695799236078943,1,interior
0.5181919416274979,0.17153851348105983,1,interior
0.7667738025618634,0.3762938477883132,1,interior
0.7357363588963379,0.15298344103516007,1,interior
0.8088824679619883,0.2566655216612582,1,interior
0.6477537202063263,0.12173070773095604,1,interior
0.7292854363273434,0.14110541479057578,1,interior
0.636608728085263,0.12189495897110429,1,interior
0.7984236785605284,0.2181942370965069,1,interior
0.46873412725124725,0.3024364082423742,1,interior
0.47916397997122345,0.31513549272111396,1,interior
0.7904277822846993,0.3345339418434751,1,interior
0.786454791753697,0.3499109202703658,1,interior
0.6227160085409281,0.11883525224396459,1,interior
0.8001009441973774,0.24448991713541657,1,interior
0.5422200755319229,0.1575137828032314,1,interior
0.47233887978500716,0.2530279981185276,1,interior
0.7720351497458128,0.3716294729048598,1,interior
0.8081388576438567,0.2919908026735485,1,interior
0.6538266247155932,0.12601319746724554,1,interior
0.48928515676972706,0.1916278289417385,1,interior
0.5540556196346462,0.13625708539160272,1,interior
0.49452985527153936,0.19013405467848316,1,interior
0.668270619008021,0.1216405649835252,1,interior
0.8015529973057118,0.2438052225292679,1,interior
0.4786151655733121,0.24911788773121937,1,interior
0.5000159869700249,0.31183873478554536,1,interior
0.7623051585707443,0.16918627290792665,1,interior
0.8025849068420023,0.2407547829828587,1,interior
0.7688951520464523,0.3759730080429996,1,interior
0.5092187408659568,0.19159211107201113,1,interior
0.8064216771747786,0.29858906077015773,1,interior
0.7557696055664938,0.38862223698892023,1,interior
0.4788847713174028,0.24263370194284584,1,interior
0.5315728485459656,0.16338811081013954,1,interior
0.7285047703198093,0.13820716870771318,1,interior
0.4982606529085375,0.18882498316282145,1,interior
0.6560892593220993,0.12867542279061012,1,interior
0.6984715357903684,0.13670112011585223,1,interior
0.5133360507310863,0.17114338174726987,1,interior
0.4694069535625525,0.30567396827192467,1,interior
0.7953042878979104,0.2133816071736069,1,interior
0.7837493053476421,0.19254132825444062,1,interior
0.7513002567353279,0.39454210046512983,1,interior
0.4719419109077389,0.2610651997931406,1,interior
0.7662015255186799,0.3696712698801681,1,interior
0.8108560839622968,0.2575621433447844,1,interior
0.5300799456498549,0.16295257948566733,1,interior
0.5418164049751089,0.1517051469706897,1,interior
0.47427005509638637,0.22636761232689884,1,interior
0.71772297268491,0.13676224506980023,1,interior
0.5042823630148283,0.17924751287201904,1,interior
0.6878330979523535,0.12480752064522586,1,interior
0.7927754291410234,0.3341594397518713,1,interior
0.4766164228968029,0.3232510187855869,1,interior
0.7674492782561037,0.37056933980686174,1,interior
0.4711710989185911,0.284925768240303,1,interior
0.7948973615195793,0.22276055280446527,1,interior
0.4743534371917324,0.31884873112992873,1,interior
0.6088722699030272,0.11200036196186405,1,interior
0.7259960378337132,0.1450152040317692,1,interior
0.8113960445540713,0.25533439834493415,1,interior
0.548557869711885,0.14535995862628578,1,interior
0.46606259357789975,0.27606369692311017,1,interior
0.5573273847157332,0.13983511368916288,1,interior
0.7962341623808943,0.235648774672672,1,interior
0.7666940944513829,0.17606217666333607,1,interior
0.7927384893429748,0.2090897240005475,1,interior
0.5364767651099943,0.1566707494735422,1,interior
0.6629139700987509,0.12456722910135946,1,interior
0.5449819093808546,0.15228831004517443,1,interior
0.5101364200816294,0.1765754305181891,1,interior
0.46192431924568217,0.28918700574061185,1,interior
0.6238881623569034,0.1214538071177306,1,interior
0.7960479297335568,0.221688105782648,1,interior
0.5606754609866466,0.13421670895035565,1,interior
0.6662198904411424,0.12745136868101448,1,interior
0.6573001683641673,0.1268373403283267,1,interior
0.7889024102372966,0.20057537568818026,1,interior
0.7192431566122536,0.13354263933660201,1,interior
0.4756178541367294,0.21588991278950273,1,interior
0.48011785043777094,0.32713689407532254,1,interior
0.4746979833365072,0.2395156463481177,1,interior
0.4674727270298258,0.2978995270574696,1,interior
0.4659439328709726,0.2727969051860943,1,interior
0.8095512884376417,0.2523246044145145,1,interior
0.49560152260176427,0.1852496094098054,1,interior
0.4622668239730063,0.28123548300012835,1,interior
0.8002578197291669,0.22929222572236807,1,interior
0.6863189574158121,0.12420351513996328,1,interior
0.6287305263801096,0.12379193083965334,1,interior
0.7632781071383294,0.37882752448433055,1,interior
0.8039845509719489,0.3064878618584866,1,interior
0.7634132537609297,0.1712181557332741,1,interior
0.7808579800738135,0.18941550332190316,1,interior
0.7940446722801503,0.3367588497466334,1,interior
0.5580014093585673,0.13467289612960465,1,interior
0.7161468048522381,0.13314299444617836,1,interior
0.5501939681180585,0.14851869287397026,1,interior
0.4787792266438108,0.24081932801056224,1,interior
0.47848113643805285,0.3251819222454527,1,interior
0.7880863167116091,0.2341714697055932,1,interior
0.7573095889179886,0.16784797624740297,1,interior
0.7908140615577125,0.3311222280391679,1,interior
0.8047979812059611,0.31366685608744943,1,interior
0.651112234579404,0.12526529446796963,1,interior
0.6384328639662976,0.1175962891222583,1,interior
0.6842537914513248,0.12380412562722351,1,interior
0.8109906501072881,0.25321749257423687,1,interior
0.801544367330699,0.3200729143551198,1,interior
0.8005981848319367,0.30902228136527454,1,interior
0.5656303124020914,0.13314645713923445,1,interior
0.46915223417396473,0.2745522394283181,1,interior
0.7803634370800275,0.3538882212698298,1,interior
0.47969061108873984,0.32372451185610446,1,interior
0.7044142940285868,0.13008534758638418,1,interior
0.6641372838074234,0.12607851028218678,1,interior
0.7905201641691807,0.34399705942427267,1,interior
0.7891352531383355,0.3365126967987314,1,interior
0.6780064143705615,0.12445930116537444,1,interior
0.46266890841964886,0.28778231056671727,1,interior
0.46580609230900316,0.2785485907453083,1,interior
0.8107919535714757,0.25947910596921137,1,interior
0.6062716580743717,0.11247046977341796,1,interior
0.814494607355552,0.29305645319817325,1,interior
0.7303328032596246,0.13932606700912278,1,interior
0.7749265290949481,0.18963245495302722,1,interior
0.7652075695858815,0.1752266566695114,1,interior
0.4717542920093753,0.27209751891502804,1,interior
0.4756298737272027,0.24976775668165302,1,interior
0.4859814605888682,0.2011013317727409,1,interior
0.4621298274745804,0.2837847748509042,1,interior
0.797642153171098,0.2195144475460463,1,interior
0.4785221684583104,0.3280397528307928,1,interior
0.6113169335863894,0.1132435019976507,1,interior
0.524228099020281,0.16943870603464367,1,interior
0.7959849312191336,0.3271850872286317,1,interior
0.6263758267415042,0.12130118496893887,1,interior
0.48817866561749346,0.19976009582206233,1,interior
0.46993397399709463,0.269913177241937,1,interior
0.605029093004152,0.10907755118176624,1,interior
0.7899110609515483,0.2017506787142644,1,interior
0.6024711235712213,0.11023544195589632,1,boundary
0.7703788327689899,0.3717529167624685,1,interior
0.8068910870438762,0.3027605244053766,1,interior
0.6068749464713248,0.10908419386991325,1,interior
0.685484796954754,0.12165393221519347,1,interior
0.5154497998243539,0.17084148764725016,1,interior
0.49360098344459424,0.1879297842827722,1,interior
0.4772545611393422,0.22138283248647764,1,interior
0.77474510295634,0.37190276013005386,1,interior
0.6559948514610773,0.12393446253227756,1,interior
0.6794530746165232,0.12494770696572671,1,interior
0.8125164629716211,0.2631421498316279,1,interior
0.6926141665786102,0.13732888664950554,1,interior
0.7080228651850667,0.12757257719772128,1,interior
0.8109719026073124,0.25024165388939773,1,interior
0.7890506375615691,0.1982712392787728,1,interior
0.8203822808809074,0.2741164764439066,1,interior
0.8179658220158105,0.28059895823461295,1,interior
0.8076268743549768,0.24478363728496308,1,interior
0.7889613334207272,0.33946050525897187,1,interior
0.46045485814159004,0.2839754969632735,1,interior
0.7849663469667209,0.19074313627185233,1,interior
0.48381868163563685,0.24629248612865673,1,interior
0.814837518049343,0.2639512205457503,1,interior
0.4832282864388564,0.2003480576846655,1,interior
0.4686229900099474,0.30723429660845386,1,interior
0.463851437144352,0.2787143953399417,1,interior
0.5542060416178716,0.13790702852355186,1,interior
0.8142336838995906,0.29532153672241135,1,interior
0.6730908291960314,0.12376535476555173,1,interior
0.7889509509641728,0.3464829173574341,1,interior
0.47620089568561247,0.32520963783862533,1,interior
0.4723820147420561,0.229829406878768,1,interior
0.45995357359409844,0.2869214368706884,1,interior
0.7585437359081509,0.17489158275274055,1,interior
0.6612268396603133,0.12723371575334896,1,interior
0.6565936415632314,0.12537979189225185,1,interior
0.5388983953707946,0.15153778907761856,1,interior
0.6633672847081344,0.12155127633901344,1,interior
0.7999622472952534,0.2406166622843072,1,interior
0.7917847302603412,0.20688096721503177,1,interior
0.7740067983691925,0.3743231595504477,1,interior
0.4739873319955229,0.25445895694791715,1,interior
0.48842182186685423,0.20159336023933577,1,interior
0.46308353952030784,0.27621620509011335,1,interior
0.4582364834280781,0.2840281622468714,1,interior
0.6746614324110428,0.12592449668276945,1,interior
0.4721985591752776,0.26528680175299907,1,interior
0.6993418141830007,0.12637605647572922,1,interior
0.7809966993455302,0.35679387268211454,1,interior
0.6711193064706928,0.1281964478504064,1,interior
0.7395792820952577,0.15496425703594158,1,interior
0.6692964643855265,0.12048537520258794,1,interior
0.466406321856176,0.29557527541731554,1,interior
0.5621902516803121,0.13244273321137165,1,interior
0.472349526236508,0.24121625345230915,1,interior
0.7694181949278054,0.37410220076274814,1,interior
0.47368811719543785,0.25002986037976044,1,interior
0.6787479949178512,0.12291662027619173,1,interior
0.5385915199171198,0.16067795766107268,1,interior
0.8105580147879101,0.2944407729679093,1,interior
0.733385180384827,0.14708714738681936,1,interior
0.8092954706925323,0.2438642528985852,1,interior
0.802557253906693,0.2388168978660061,1,interior
0.8041715616766208,0.3108735664541243,1,interior
0.5533710137761442,0.1343859763633808,1,interior
0.7373539740203663,0.15117571486073428,1,interior
0.6066054973616907,0.11657448195017604,1,interior
0.47854468976914366,0.22814027461812864,1,interior
0.7883046940546019,0.1967346935505876,1,interior
0.5124107649173715,0.1731311894388372,1,interior
0.7632419545624783,0.3723093383476977,1,interior
0.47977700562759007,0.32938850172843814,1,interior
0.46466448126281684,0.2774187383422177,1,interior
0.6076813619733414,0.110858633580794,1,interior
0.6104635304647151,0.11680261388478852,1,interior
0.7721303209958925,0.3732936909842047,1,interior
0.7958196129652542,0.3287538855247705,1,interior
0.7246136476376104,0.13675638677059343,1,interior
0.5576976893228386,0.1364161586711639,1,interior
0.6606979689113043,0.12575572636968252,1,interior
0.8097225546098918,0.3033040174992639,1,interior
0.46524942270957803,0.27997087095202505,1,interior
0.7527192907273828,0.3802831674571046,1,interior
0.4704646150071839,0.26065283553807794,1,interior
0.8141997043167559,0.2668489359889371,1,interior
0.4826120080087083,0.2451733414626249,1,interior
0.5021700950318535,0.18284111638875808,1,interior
0.8141931800497368,0.28030835966899154,1,interior
0.4752444605742317,0.21871260668734793,1,interior
0.6870338390669773,0.12236791971129807,1,interior
0.80580270662887,0.31167245901617796,1,interior
0.761550368134171,0.3743996513493525,1,interior
0.7787971700901515,0.1855426275895402,1,interior
0.8061044076544469,0.2467816563919319,1,interior
0.5428914799904242,0.14925512246607425,1,interior
0.7764022844272891,0.18725947770691825,1,interior
0.7972562829489273,0.33224334477717793,1,interior
0.46932926765928096,0.2581577555542081,1,interior
0.7832817390393796,0.3515232133650411,1,interior
0.6886050482867613,0.12331105216619735,1,interior
0.6810205526606544,0.12311930893884734,1,interior
0.5696581600843147,0.13357808021616913,1,boundary
0.46915703225090416,0.2667738498323168,1,interior
0.47232996573532465,0.2580550054545286,1,interior
0.6384670994557424,0.12136323408654413,1,interior
0.4746243496642816,0.3230961557653457,1,interior
0.8041388499172273,0.24718423282138596,1,interior
0.7774955775886826,0.3674549077190627,1,interior
0.7616039926891707,0.3843420988126795,1,interior
0.7725935475845339,0.18254235401947888,1,interior
0.47947559241211973,0.3075315275518754,1,interior
0.7953596781548431,0.33084700597771477,1,interior
0.7743109071208819,0.18359907673813466,1,interior
0.6579211591036453,0.12251454142658413,1,interior
0.8081725957036512,0.3123646717852889,1,interior
0.4764966911910581,0.24790439349745236,1,interior
0.49329712370461354,0.18509766999915828,1,interior
0.6379155163493525,0.11993848379068643,1,interior
0.6201488572274627,0.11388905497059576,1,interior
0.46959807784925733,0.31315936262145266,1,interior
0.811434332860875,0.29682091853476084,1,interior
0.6590074466685679,0.12402663493662287,1,interior
0.5368436290491493,0.14958660139343305,1,interior
0.5598754478749094,0.13565838466447913,1,interior
0.7491775170785628,0.39343321285573857,1,boundary
0.47676283955473314,0.3271174248160352,1,interior
0.7550591542907081,0.3859575810189456,1,interior
0.776908356078027,0.18891379239566533,1,interior
0.46487246504284757,0.29193201704106597,1,interior
0.7809048180466155,0.18631477461323487,1,interior
0.4675747445218621,0.3102228098139867,1,interior
0.8144566508470877,0.26848278177210194,1,interior
0.47436552948724936,0.32490608187294695,1,interior
0.7773621338584077,0.36976080736676714,1,interior
0.8005785483306864,0.31874001411023356,1,interior
0.8124432986229729,0.2610872331552124,1,interior
0.7953487503587581,0.20870783767820567,1,interior
0.7390473398367369,0.1591720868538407,1,interior
0.6694109308544554,0.12504955471723989,1,interior
0.46708896221004603,0.30156923101704536,1,interior
0.4604131372176044,0.27519106674432997,1,interior
0.8027172906791347,0.24776245631988958,1,interior
0.46424469301066895,0.2952946168696269,1,interior
0.7644599533947296,0.1725078500526968,1,interior
0.5527641469904959,0.14014701658422862,1,interior
0.7805412398803755,0.36218259300825806,1,interior
0.7532237371771164,0.39461080133730164,1,interior
0.7820235771837654,0.35258849999725195,1,interior
0.8125985705351816,0.2583805056527171,1,interior
0.7459081738727483,0.15787236341866173,1,interior
0.6368140612254523,0.11598139992551455,1,interior
0.6749747730802932,0.12433368896252231,1,interior
0.6714900663514708,0.1226991643244026,1,interior
0.791392437387618,0.33666941661083705,1,interior
0.548827001173887,0.1496445840115246,1,interior
0.7598425688661157,0.18234558139009405,1,interior
0.7785568160048619,0.35664812287553493,1,interior
0.5667573710691579,0.13191715756983335,1,interior
0.5023744317770164,0.18110571114008148,1,interior
0.8053103047140782,0.24834588014304979,1,interior
0.8188706786180908,0.2710106204933404,1,interior
0.6529600495740778,0.12130832473695893,1,interior
0.6398380144922954,0.122516219143086,1,interior
0.7938742236263174,0.33830917168556934,1,interior
0.763618714351944,0.37720355396210165,1,interior
0.801313197192635,0.3024925768942146,1,interior
0.467727034643231,0.26965140587590647,1,interior
0.6824047499989181,0.1222963624369957,1,interior
0.7394674917975971,0.15041313615797713,1,interior
0.6615213028448184,0.12261509864498972,1,interior
0.775895905803981,0.3754523069522971,1,interior
0.729467074625951,0.14397162029144125,1,interior
0.4806204178083983,0.3320428058780668,1,interior
0.7206889424153955,0.1375986024625559,1,interior
0.6967076646799673,0.12137836608874773,1,interior
0.6346286383542024,0.11545063327697787,1,interior
0.7651541448322153,0.37422207652717665,1,interior
0.7825290604974628,0.1884481155527895,1,interior
0.5675818259327473,0.13347606239069718,1,interior
0.7083360334968292,0.1293629237320718,1,interior
0.7643181994162604,0.37571889317557217,1,interior
0.46588159445424654,0.3102553091678755,1,interior
0.8087212845241817,0.26301101329502324,1,interior
0.7977921401986905,0.3281553187056664,1,interior
0.4873542244080589,0.20594108709461287,1,interior
0.4634788569363821,0.2934444245782128,1,interior
0.48374676306076597,0.20618630043519068,1,interior
0.4816849706129455,0.20684388239565113,1,interior
0.467037562179131,0.2997318275399966,1,interior
0.4750664976205527,0.24726557224457404,1,interior
0.8186398609721759,0.28491139368648044,1,interior
0.4789154900006052,0.2106266637815682,1,interior
0.7866510687778644,0.19640945790962588,1,interior
0.4722366022454845,0.2547550010565177,1,interior
0.731805915956385,0.14530500666978505,1,interior
0.7333944326710606,0.14344422588312686,1,interior
0.46367724781367514,0.283905697569877,1,interior
0.7952822453927744,0.22454324946608176,1,interior
0.7962270944423947,0.226013871989641,1,interior
0.4708692170880759,0.2566646085862194,1,interior
0.4850144877563408,0.32071159535248117,1,interior
0.7615096724648491,0.1733606458254163,1,interior
0.8049055141867502,0.30815245428694743,1,interior
0.7220203854089876,0.1445116012303917,1,interior
0.7050621551298502,0.12838958902539868,1,interior
0.729020284717015,0.14737307431165433,1,interior
0.6544890027360649,0.12448807598585755,1,interior
0.8185652367988916,0.28231828031251077,1,interior
0.791189517899233,0.339011985969478,1,interior
0.6923506292395999,0.12357402407984261,1,interior
0.6131338990906595,0.11306143155596712,1,interior
0.6243846832387961,0.11763350726184735,1,interior
0.4660933947878996,0.26769491530475786,1,interior
0.7739456359373331,0.3766502365879328,1,interior
0.4787046079166009,0.20859218461560908,1,interior
0.8062461802036532,0.3095212996797063,1,interior
0.47342250303396194,0.24384302111701187,1,interior
0.755239370143163,0.16306492030394512,1,interior
0.7721571089874686,0.37521158967978424,1,interior
0.5035610093948271,0.17756820062366244,1,interior
0.4793690722047224,0.21656863770187557,1,interior
0.7659816924771783,0.1699464620248181,1,interior
0.5481364920877126,0.1405822134703562,1,interior
0.46146097181419743,0.28574240202227635,1,interior
0.7607662404476152,0.1682467269613793,1,interior
0.7907037425607049,0.1985165356946122,1,interior
0.7519007171743991,0.39673202806448565,1,boundary
0.8062600725585178,0.3052051060071238,1,interior
0.8030224395833899,0.31940020686418236,1,interior
0.7835531215335368,0.1863976116030033,1,interior
0.6548598692953497,0.1217407113947577,1,interior
0.7012256049117584,0.129926589676967,1,interior
0.5084436054914984,0.1778220640674983,1,interior
0.8080048818132544,0.30480386771991025,1,interior
0.6200057603186024,0.11638184463205083,1,interior
0.791886182977334,0.19595297044906596,1,interior
0.7890841718187229,0.3423459534555341,1,interior
0.8166153094465459,0.26394671415541804,1,interior
0.5064406971625152,0.17679373780140653,1,interior
0.7905321918879845,0.20587145001227497,1,interior
0.4783335874853049,0.3307763901849634,1,interior
0.7817022133890601,0.18360786203309368,1,interior
0.6804426947360789,0.12111538981110295,1,interior
0.563271343319071,0.1363264441144291,1,interior
0.7238395776114193,0.1352781301644752,1,interior
0.5076775413903063,0.1794417101156653,1,interior
0.4681492542428429,0.30431434305573907,1,interior
0.802427740028876,0.23628206234933047,1,interior
0.46726842823171066,0.27157938128336284,1,interior
0.644183529959234,0.11858557308671265,1,interior
0.8078019698350416,0.24958102071459262,1,interior
0.8073432261384121,0.30069838893473005,1,interior
0.7921662083396014,0.19992876324434913,1,interior
0.8071227945599041,0.2971678372809564,1,interior
0.8083040389497655,0.2989568097681398,1,interior
0.4844460825804636,0.32228813273815443,1,interior
0.8046559629725756,0.2392398798263218,1,interior
0.7310387609939768,0.141643600385516,1,interior
0.7659369920601028,0.17312496029628682,1,interior
0.46384552147953895,0.2977711807266795,1,interior
0.659101271268198,0.1263699716399079,1,interior
0.4652814705814075,0.3024894444614179,1,interior
0.4737157907380278,0.31472779966312087,1,interior
0.47396210493266444,0.3173477439027669,1,interior
0.6597138392887186,0.12789022930294358,1,interior
0.47037685032380094,0.2550352952553535,1,interior
0.7910625441395988,0.34681515834896665,1,interior
0.49813394894886504,0.18195961627572735,1,interior
0.4634621851005188,0.2863679549885909,1,interior
0.7667637513882508,0.17449641662783044,1,interior
0.7684151967866156,0.17375554562496665,1,interior
0.47551734576055693,0.2457394038732298,1,interior
0.8008385418159886,0.2268927357957578,1,interior
0.7973499263713163,0.22789069814279148,1,interior
0.49671619499797887,0.1826436762098619,1,interior
0.47422806569883613,0.32679005773327885,1,interior
0.5328818345481354,0.17434340130687223,1,interior
0.7176640734853323,0.13258687459674842,1,interior
0.8051331774017714,0.24287976889942595,1,interior
0.4739033394106017,0.21382575693028205,1,interior
0.8153471832938106,0.25773714253515156,1,interior
0.6763917254222174,0.12224009995840637,1,interior
0.7139884069134914,0.13116409202710327,1,interior
0.5227118643433425,0.1686024172147213,1,interior
0.6499748704115257,0.12101359738507889,1,interior
0.6229168834343589,0.11426200201214173,1,interior
0.46506262523756453,0.28311246540156215,1,interior
0.47434220642279806,0.22357763233034475,1,interior
0.495032320817366,0.1886442892898677,1,interior
0.7919409902988384,0.20293576907227814,1,interior
0.7905757082920735,0.3409131187981253,1,interior
0.8065698678255153,0.31315020181081826,1,interior
0.7158111806689545,0.13028220935589233,1,interior
0.46734142874280443,0.3056283497987769,1,interior
0.47186279147210775,0.22205028923164924,1,interior
0.7524294505489294,0.1577182350060462,1,interior
0.8066603277262945,0.2434187151781179,1,interior
0.5089910825626653,0.1739829588459408,1,interior
0.7617992360594061,0.3863112754034177,1,interior
0.477069223474226,0.2432510877882568,1,interior
0.8063822218497595,0.24155161806821887,1,interior
0.683875159936959,0.1191319453948167,1,interior
0.7851095451436524,0.3509193933024053,1,interior
0.8019452699770323,0.2279770221258614,1,interior
0.6256619905746059,0.11583972925036586,1,interior
0.8076067989204628,0.24633932427260785,1,interior
0.49735229006367415,0.18459588112063474,1,interior
0.8181107029646862,0.2653332079629473,1,interior
0.5363876385770238,0.15324864695427126,1,interior
0.6035678510606938,0.10804268536769361,1,boundary
0.6348230795296541,0.11792835972539194,1,interior
0.7350062427699513,0.1506020569972125,1,interior
0.48086701263924414,0.33398147437419595,1,boundary
0.4768274565213361,0.3304223126393321,1,interior
0.4715285832312879,0.31399327930518656,1,interior
0.7097869525454914,0.1251835369093075,1,interior
0.47647480748693677,0.32876872735875545,1,interior
0.4614483433023358,0.29512119858619495,1,interior
0.4792382442529869,0.3347835735072009,1,boundary
0.7919299263216174,0.3424556088884622,1,interior
0.8171833006606022,0.2618477630343081,1,interior
0.4591146472728763,0.2814262650912025,1,interior
0.803450903107671,0.2343501523553855,1,interior
0.8044684254642388,0.23668867812860211,1,interior
0.614834684782096,0.11293434816981533,1,interior
0.5076021585649948,0.17461999601323588,1,interior
0.7927863654842164,0.19777406356329044,1,interior
0.7535189125566097,0.16206654978891674,1,interior
0.5335139729695177,0.15907956688869693,1,interior
0.6877422151039331,0.12052431494750734,1,interior
0.4671939812938263,0.25809853743794764,1,interior
0.8062354328357754,0.3067891550126605,1,interior
0.7493216391615621,0.39498035748559496,1,boundary
0.4694677835542533,0.30933523217569975,1,interior
0.8157350155333015,0.29698850513769276,1,interior
0.6445475328321972,0.12010438251556359,1,interior
0.8084935403243367,0.31064143428222724,1,interior
0.7923981015064593,0.2046071474670458,1,interior
0.7658252420208814,0.3782739417719285,1,interior
0.8151410315380052,0.29861168115824865,1,interior
0.798363404906941,0.326053619529064,1,interior
0.7193348578549663,0.13143403072613186,1,interior
0.46486411368157626,0.299405644136335,1,interior
0.7897075861969676,0.22198463852382283,1,interior
0.46565366798389657,0.2699998619268154,1,interior
0.47405727011337717,0.24106045195139508,1,interior
0.8131152231154789,0.2975013531401816,1,interior
0.7066874687938108,0.13209738407704424,1,interior
0.6976691679938513,0.1238674762371505,1,interior
0.7875829589922507,0.1938301624312753,1,interior
0.817126503549298,0.2995309520570562,1,interior
0.7271187485596274,0.14190551818572433,1,interior
0.779796126587103,0.36653958625895694,1,interior
0.7903812249906729,0.1966404254441915,1,interior
0.7234122638879937,0.13279990552254797,1,interior
0.48395814227772255,0.2131394625842145,1,interior
0.4730937484613298,0.22845571660703384,1,interior
0.4681599067881296,0.31194254685931916,1,interior
0.4646122413499745,0.27529658336044077,1,interior
0.7392857534103491,0.1621930513287027,1,interior
0.7173889524575572,0.13053336722252426,1,interior
0.5300672141176479,0.1584292063116907,1,interior
0.6900954308666436,0.12362554737100244,1,interior
0.46333915901033074,0.30388637191771234,1,interior
0.7222357856073931,0.14131627070409514,1,interior
0.6939073277924825,0.1204664872051418,1,interior
0.49613835911885523,0.18067339165052126,1,interior
0.7713427410548744,0.3768189719386384,1,interior
0.6467316444479663,0.12305109612767255,1,interior
0.47445217373541937,0.3287896720732947,1,interior
0.6043762798489318,0.1131063791028667,1,interior
0.7688719938822,0.17543102185956597,1,interior
0.7927313695701387,0.3359201652820334,1,interior
0.8182414540662566,0.26896045172403416,1,interior
0.7596242140522286,0.16630586377183737,1,interior
0.7918159311940983,0.34492523354174565,1,interior
0.4770873066091977,0.3326242213721352,1,interior
0.6257013006048542,0.11973305976973353,1,interior
0.8002134531002496,0.23624053049607366,1,interior
0.4706557290671419,0.31652877912965927,1,interior
0.46639077411556173,0.3075168753875868,1,interior
0.484729565764698,0.20428061263254044,1,interior
0.46459374967863926,0.305944005723291,1,interior
0.7404484928364934,0.1599651954599026,1,interior
0.8001545211508042,0.22399646577805846,1,interior
0.5509654321073979,0.14084708325601694,1,interior
0.5473581549897246,0.14258907062945025,1,interior
0.7705851760899779,0.18097166321097402,1,interior
0.5568903794554344,0.13290048571734928,1,interior
0.8027551303994632,0.3175502448360394,1,interior
0.681625970543987,0.11868202636369994,1,interior
0.8170064262372296,0.2956773568391352,1,interior
0.4708321116830121,0.249475765851123,1,interior
0.7566814133207446,0.16562766824223366,1,interior
0.8085050023922341,0.24227085285232847,1,interior
0.5664030026081752,0.13451087288372635,1,interior
0.47715926906995704,0.334310858866175,1,boundary
0.8097114691277773,0.3016795812692064,1,interior
0.5404868256553881,0.15050299496173886,1,interior
0.7002883625786525,0.12243482852855674,1,interior
0.7985470551531385,0.21391534254548872,1,interior
0.47167705564462337,0.22481365846284962,1,interior
0.7806460575727631,0.18477381035735288,1,interior
0.7803939364106812,0.18117407121329454,1,interior
0.7676253197662701,0.17239381381870575,1,interior
0.6401747029678391,0.12082054719512941,1,interior
0.47326760915578636,0.2515377356262906,1,interior
0.6312069935403669,0.11807829842584298,1,interior
0.7704415238181312,0.3755452263321154,1,interior
0.8092983244533093,0.25050669535386294,1,interior
0.4727514864411068,0.23141202053806784,1,interior
0.46098528894998647,0.29140868950019533,1,interior
0.6978921251891377,0.12701836871856212,1,interior
0.7975630990679958,0.21151024647355746,1,interior
0.7065380758024226,0.12597372947145635,1,interior
0.4725267093326307,0.24755618105641647,1,interior
0.4725079923880305,0.22017943349727148,1,interior
0.8200354850097709,0.2837600975096755,1,interior
0.8084746597533584,0.30870283424618994,1,interior
0.6567554801650085,0.11968277407445126,1,interior
0.5327674992706715,0.15737442528259812,1,interior
0.7982187429887597,0.23174308017539286,1,interior
0.46390146704844415,0.27206199189789465,1,interior
0.7848398637620636,0.19756253661824857,1,interior
0.47003431691810954,0.2507847132410263,1,interior
0.7904442637386744,0.34907844164201973,1,interior
0.8016323991054601,0.23386258818253758,1,interior
0.7823841367388873,0.354116079336381,1,interior
0.6150890993222068,0.11449363556970246,1,interior
0.5165550148409032,0.16913524229699994,1,interior
0.7957424960056735,0.3382531179899459,1,interior
0.49464618826777923,0.18160069308214677,1,interior
0.6159376607966478,0.11185781528591991,1,interior
0.5268708541755511,0.1688304954988532,1,interior
0.7467689130483407,0.15657722390533566,1,interior
0.7123572269188134,0.13052630913393226,1,interior
0.8133270763200573,0.30034653680848755,1,interior
0.5657991372595484,0.1410119024381083,1,interior
0.4654149490111395,0.304459012229663,1,interior
0.7468818769679249,0.39222442805293634,1,boundary
0.6130197341009626,0.11673110914766677,1,interior
0.8095701356580566,0.24812227195700787,1,interior
0.4691871707909292,0.31473042403692564,1,interior
0.7788921382821626,0.36975493928296965,1,interior
0.5517973975855183,0.1379554671225222,1,interior
0.4758445447609767,0.24231656251389977,1,interior
0.7523672613098398,0.3932448380478475,1,interior
0.8085188566636413,0.27693788464810964,1,interior
0.8069790821947286,0.2399525825169118,1,interior
0.8150353761602092,0.25485696178250594,1,interior
0.7826031498288573,0.3584970436836198,1,interior
0.8105419908907929,0.31181783085350484,1,interior
0.46193974247856484,0.29958742039113406,1,interior
0.7953698205845621,0.1974863680470182,1,interior
0.5024318050413964,0.1794536306295011,1,interior
0.8026317010145997,0.32210224421135875,1,interior
0.6668971821459967,0.11936414325166478,1,interior
0.7570887366199957,0.38270868732595836,1,interior
0.544759158068099,0.15066983491605693,1,interior
0.4743613706228447,0.21688073573430053,1,interior
0.6825706003301146,0.12078056699810415,1,interior
0.4705406873173716,0.2657680075356425,1,interior
0.5410154985363423,0.1530885614629714,1,interior
0.4760423640082111,0.3217312925535993,1,interior
0.4719989032236922,0.31783828529960617,1,interior
0.48768378422310216,0.19136318860385615,1,interior
0.5507931520465986,0.13927037186251573,1,interior
0.7712520787813418,0.17511922497298402,1,interior
0.47097211358396224,0.22032970905952443,1,interior
0.8114216744550746,0.2991728114297548,1,interior
0.6161281560827682,0.10990608107014808,1,interior
0.6667531791952213,0.12198576492713241,1,interior
0.7643117017311788,0.16974725653230086,1,interior
0.6656715664772117,0.12081394524189093,1,interior
0.699824502200919,0.12822081097809213,1,interior
0.7403055410388458,0.15347059381634795,1,interior
0.6890785605069142,0.12133880994692244,1,interior
0.7942980706220619,0.3435161279023545,1,interior
0.4728065899476985,0.2353868739772698,1,interior
0.8103425534840711,0.24550287639759177,1,interior
0.7820622400350954,0.36006544505904725,1,interior
0.6697871398529476,0.12298082294151529,1,interior
0.7755836035062125,0.18106755383166886,1,interior
0.7257965998973775,0.13570698874400347,1,interior
0.6742081438881179,0.12216171354850594,1,interior
0.5588680381639374,0.13216231978376183,1,interior
0.46113044666626696,0.28016846413015595,1,interior
0.4644347791249742,0.30895505161903064,1,interior
0.7819984691840107,0.3639218481109532,1,interior
0.8042824642798312,0.23249551704585275,1,interior
0.607063787007766,0.10729245186132493,1,interior
0.8134220540787249,0.3021398993589159,1,interior
0.5105471140064507,0.1712041165523673,1,interior
0.6701472230215627,0.11904895898575434,1,interior
0.47131897544812124,0.22673428114685534,1,interior
0.6955694872664321,0.12632792844622598,1,interior
0.7626013985781414,0.38230390719887464,1,interior
0.4604807099609051,0.28844727974911755,1,interior
0.6145538714381782,0.11018881572453536,1,interior
0.7585529589075136,0.1640655094110904,1,interior
0.800058929281196,0.24283628168268032,1,interior
0.6942664034058761,0.12476664512852456,1,interior
0.7570914292458126,0.3869272703136429,1,interior
0.7715953150882857,0.1782090204862686,1,interior
0.7851285083271935,0.187535427122611,1,interior
0.7111059492110039,0.12910367092543698,1,interior
0.4755673203559847,0.24411250963224707,1,interior
0.5467306477290464,0.14424722261868875,1,interior
0.4561952367086075,0.2820359577212083,1,interior
0.4834722706021933,0.330241521842351,1,interior
0.7802785550058848,0.19128862192623772,1,interior
0.5005455584032992,0.18044403979600504,1,interior
0.6581912387533043,0.13793260071613206,1,interior
0.8064205385889605,0.3147890563996469,1,interior
0.77391764452587,0.18094003930503946,1,interior
0.8095570567264341,0.23923614910575222,1,interior
0.8185504348243082,0.2725914489426924,1,interior
0.47184256790211804,0.23972764706686392,1,interior
0.5617247679480155,0.130462881756044,1,interior
0.8170378735555418,0.28590129245149104,1,interior
0.4717252299490354,0.23278672713775295,1,interior
0.7426054297216942,0.16040122286219216,1,interior
0.47596294727188615,0.2109465510673917,1,interior
0.8193239808012208,0.27700774482350554,1,interior
0.7028353324999855,0.12830418007649264,1,interior
0.4702853866844741,0.3188312379217511,1,interior
0.7648253006788989,0.37968548807747143,1,interior
0.6477676726480206,0.11952987578060813,1,interior
0.7921797531313591,0.34033167120549934,1,interior
0.5473971729221442,0.1465344140290953,1,interior
0.7273171213630422,0.13667878744891593,1,interior
0.47246527826852275,0.32057837284802243,1,interior
0.486042829158355,0.20330514819189852,1,interior
0.7444074861212541,0.15627052309744918,1,interior
0.4698367260131325,0.32075373475339025,1,interior
0.7720292372729229,0.18007562999505888,1,interior
0.6829278450185672,0.12501785855353723,1,interior
0.8188923076726317,0.2792180608180984,1,interior
0.4701139213992442,0.2306716730322333,1,interior
0.691008808478235,0.12180483460524519,1,interior
0.4582582602887636,0.2864474664476083,1,interior
0.5324048636951207,0.1612808393372752,1,interior
0.677988932843225,0.12148224917029254,1,interior
0.6961801404608006,0.11937606612022766,1,interior
0.7702394069775403,0.17370518938136956,1,interior
0.5303319169939856,0.1679546243440817,1,interior
0.7791037657305281,0.3720867016311802,1,interior
0.46973617087772707,0.2213304421275037,1,interior
0.7219415927305578,0.13502531745364516,1,interior
0.761988301549956,0.16683719910051445,1,interior
0.7903919157076025,0.31936389944601334,1,interior
0.801613142607605,0.23182756554156206,1,interior
0.7816112335768721,0.3685252415727782,1,interior
0.8070272706707643,0.24808972395625892,1,interior
0.4702051858825066,0.25294097867202875,1,interior
0.8162715856740635,0.2927799667971447,1,interior
0.8100184513344876,0.30525150911588156,1,interior
0.47270743178536495,0.3226847876899712,1,interior
0.7613901220972684,0.16396326205858605,1,interior
0.8025990336685106,0.32378026220251177,1,interior
0.8086109458916032,0.29630701393809594,1,interior
0.480960014625149,0.20843825474559846,1,interior
0.7883257234302561,0.34964202467185407,1,interior
0.6055269786017953,0.10755683886724281,1,interior
0.7070692023652969,0.12410477643535278,1,interior
0.8001611347180002,0.21961441438212057,1,interior
0.7973541363775684,0.33418209690633893,1,interior
0.4609119113015859,0.28203182463328585,1,interior
0.7626105736371172,0.16187532006666216,1,interior
0.4836730293213453,0.1975667133848853,1,interior
0.7650004482658515,0.38219247099369547,1,interior
0.46133645445830734,0.29671080458862487,1,interior
0.7775337639064054,0.373429255389993,1,interior
0.49297445313010496,0.1896243167421363,1,interior
0.8098130198025865,0.298712593822501,1,interior
0.6191523001493047,0.11249501523807963,1,interior
0.7942209784076617,0.20134658099362335,1,interior
0.6323241125131537,0.11505497144394569,1,interior
0.6369217951304187,0.11380633088314834,1,interior
0.5383650786691025,0.15005555764502096,1,interior
0.628724429041553,0.1190844133126733,1,interior
0.6767943090180895,0.12051639157731198,1,interior
0.7590138330644605,0.389046632090254,1,interior
0.6576505401365109,0.11806403464341884,1,interior
0.46347392150722505,0.30209448245001297,1,interior
0.7121167304848401,0.12782631889264823,1,interior
0.6911148112576981,0.11969605842787691,1,interior
0.7992582325981893,0.3244972127517734,1,interior
0.8110756981632459,0.300770299399969,1,interior
0.47741342180014856,0.2183446830724388,1,interior
0.7964439327975282,0.33652322730441225,1,interior
0.7486441202410868,0.15530658116744592,1,interior
0.7193043657301211,0.12887619263792796,1,interior
0.812698036062152,0.25410059452487394,1,interior
0.5233816083666963,0.1660390682620405,1,interior
0.626918382284893,0.11773633522024052,1,interior
0.4604872100443956,0.2928995673362419,1,interior
0.46347995428938954,0.30050630150557367,1,interior
0.6931976908526913,0.12218391823002231,1,interior
0.7937209067379833,0.19645446591385146,1,interior
0.4806301600015451,0.2179962968037215,1,interior
0.7640486969975705,0.16745782354325917,1,interior
0.7482881327070011,0.1570821424814552,1,interior
0.4607269303479954,0.3009833490482789,1,interior
0.7798208041292936,0.3682864714934015,1,interior
0.7304908191767819,0.13737271333095147,1,interior
0.6902888286199521,0.12516844543191807,1,interior
0.7373826256240308,0.14936686835085877,1,interior
0.8188782993243569,0.2993213105156897,1,interior
0.7804169839537285,0.3603573131452114,1,interior
0.8179605542416222,0.28998341759364765,1,interior
0.7863685271793891,0.3527959104458155,1,interior
0.47342266365473956,0.23373644066409097,1,interior
0.7557476736001572,0.39073047253642784,1,interior
0.4740496782896282,0.32146583200363116,1,interior
0.7041443325019568,0.12506453280126412,1,interior
0.8014623614055496,0.30663027899913997,1,interior
0.47582726100994377,0.33174585970079556,1,interior
0.6984255169537252,0.12221541859906875,1,interior
0.7610915761699987,0.16553331682120145,1,interior
0.7977882742747003,0.33021987788160867,1,interior
0.8156534391769636,0.2619659115123425,1,interior
0.49276734033468983,0.1914187610931485,1,interior
0.8186748020642368,0.29159773093863456,1,interior
0.4698953718851791,0.24780113084797528,1,interior
0.47434100521987704,0.21998671219833232,1,interior
0.7940875540833571,0.3399104082965927,1,interior
0.6984189453663809,0.12038801541812667,1,interior
0.5445629207019916,0.14330509736496358,1,interior
0.7999299578388345,0.2345952222466121,1,interior
0.7384672213591124,0.15243867379360126,1,interior
0.6107663591763466,0.11081784223272464,1,interior
0.609611919738413,0.10721619102170121,1,interior
0.7939222330372446,0.34158689187850555,1,interior
0.7760566097322962,0.2003139156558064,1,interior
0.6124229260998157,0.11478493444005487,1,interior
0.7325500845318296,0.13883836052487916,1,interior
0.46953090331937203,0.32282371428982953,1,interior
0.47095432916835767,0.25873442305150435,1,interior
0.8126156699320997,0.2525801827599606,1,interior
0.7845089602971189,0.35876636765615155,1,interior
0.4618708179491516,0.30272661948149876,1,interior
0.7943392803951549,0.2075500410869903,1,interior
0.4670785385159547,0.3132939837782114,1,interior
0.646722109813127,0.11816270045342814,1,interior
0.6294912328191864,0.1175399812009856,1,interior
0.7932567040297357,0.2059256578930965,1,interior
0.779402349883131,0.18258634887180109,1,interior
0.46162470438359104,0.27832198181642637,1,interior
0.7842713614219405,0.18921753641616787,1,interior
0.6367744380966739,0.11145334789247859,1,interior
0.5638870630714892,0.1328784229681801,1,interior
0.4734720058206788,0.24615106021053748,1,interior
0.5408627303372051,0.1597746273098329,1,interior
0.47393271529037556,0.33067223164500303,1,interior
0.8028612156950252,0.22521408106038118,1,interior
0.7574294323608509,0.38533121821333294,1,interior
0.4713452697731351,0.2685873668996441,1,interior
0.6787568761481971,0.12012025845293012,1,interior
0.7558120861246964,0.16160473753616197,1,interior
0.6832499577936973,0.11737656680704717,1,interior
0.7240256572143512,0.14181201871237517,1,interior
0.46258365295192033,0.30806663746226165,1,interior
0.7946392435931259,0.2049322676518969,1,interior
0.47359147937245694,0.3322085235849044,1,interior
0.8000375501484984,0.32693220309138943,1,interior
0.7542187482224508,0.3957883139366505,1,interior
0.7569502629147196,0.16398086919504623,1,interior
0.6220913956556335,0.11173253663016584,1,interior
0.6074514047266398,0.10553355688565136,1,boundary
0.7297491686576089,0.13514152027199217,1,interior
0.4777705556726113,0.21491164087875295,1,interior
0.5479319501142189,0.14800999020341352,1,interior
0.8162055029058133,0.27572828102740043,1,interior
0.8153066624284059,0.3031656918732944,1,interior
0.6858099326659101,0.11615931632434001,1,interior
0.7573341867393361,0.38931010229568147,1,interior
0.8207430228867458,0.2710268741886656,1,interior
0.6650736185152792,0.11893833383237226,1,interior
0.8222815197944043,0.26936022819020716,1,interior
0.47681067121557696,0.21323856457223866,1,interior
0.8011487804517856,0.32497257696108267,1,interior
0.6927149053175065,0.11935758268697122,1,interior
0.7421589109132407,0.15371944873666485,1,interior
0.7797788673996849,0.17968811318113428,1,interior
0.4642295256698484,0.2688868666837181,1,interior
0.46791275553468226,0.25090430032476874,1,interior
0.7146642256555836,0.13277906857353813,1,interior
0.7818019022268988,0.370372533138805,1,interior
0.7193481882353057,0.13617730530472566,1,interior
0.6784230290134546,0.11739422301239445,1,interior
0.5118276292870366,0.17033855605320058,1,interior
0.5108249067307246,0.17299787949382914,1,interior
0.7968141494073979,0.34039840233825513,1,interior
0.7457630581835727,0.15537487394380403,1,interior
0.7272446374782074,0.13497772096404287,1,interior
0.7109304278093644,0.13167507878713874,1,interior
0.6126077317829571,0.11029886084779271,1,interior
0.7965269327392653,0.19599606030489602,1,interior
0.7890529378870845,0.3511391472602211,1,interior
0.4586386622216782,0.288010589309447,1,interior
0.778666881403292,0.18718803717799617,1,interior
0.6563639349858157,0.12150854081514392,1,interior
0.6889886290055759,0.11917068358280124,1,interior
0.8114406905676241,0.24799727808459662,1,interior
0.4654212132058354,0.3150015053991177,1,interior
0.4721696959935066,0.33060945657348545,1,interior
0.6722525107175779,0.117990544874176,1,interior
0.4924267345363381,0.1865850721767294,1,interior
0.6854376915183752,0.11983448597390772,1,interior
0.6419139099606898,0.11952355356125334,1,interior
0.529068768275672,0.16100602510351114,1,interior
0.8206720333451454,0.2685650836945755,1,interior
0.8047812324437555,0.31818159860729966,1,interior
0.7959062395085776,0.21104849843607432,1,interior
0.7523849769586739,0.15926256205609426,1,interior
0.697574781223364,0.11844862352512293,1,interior
0.7217268841498443,0.13291130473256665,1,interior
0.5599186950067558,0.1303538746115272,1,interior
0.7628829957783262,0.16358955239772438,1,interior
0.7828543761134859,0.3617892314016747,1,interior
0.7994308357387072,0.21549206493475803,1,interior
0.7892598149287325,0.1940223808039167,1,interior
0.4637095306094006,0.2668664094173186,1,interior
0.7872573898069781,0.3515324125147483,1,interior
0.7867048434439436,0.18798914492001956,1,interior
0.7341959265514215,0.14142062297723695,1,interior
0.7204174534303939,0.1299241598024303,1,interior
0.7551407441987406,0.3941629868096487,1,interior
0.472225700796502,0.3333017370348643,1,boundary
0.7837902161449847,0.36419539056340483,1,interior
0.5501971777446357,0.13635356389990294,1,interior
0.8039033600725664,0.24894304037631038,1,interior
0.7859581435650399,0.3402912243212621,1,interior
0.475249584817068,0.21311096292203768,1,interior
0.5277532755104097,0.16359612919681266,1,interior
0.6752285091808579,0.1205929766627722,1,interior
0.5112252191020326,0.17828987665309903,1,interior
0.4948999896316299,0.183511730858291,1,interior
0.4922429678982673,0.18358785165372257,1,interior
0.47174778206382467,0.3267265902685802,1,interior
0.7636509889150271,0.3858354897330556,1,interior
0.46773582167779737,0.22144926096807493,1,interior
0.5458525624198894,0.14609874666738024,1,interior
0.6999701195100098,0.12412740173619002,1,interior
0.7590452417057805,0.38638171737890825,1,interior
0.6384947535260687,0.11502368620124526,1,interior
0.6090848712327834,0.10928637124995869,1,interior
0.47828035772269156,0.21216812614080688,1,interior
0.7323613429466989,0.13725605804438204,1,interior
0.808854804922296,0.24065812831966593,1,interior
0.7347142931919688,0.14818878800705088,1,interior
0.7765393117108631,0.19194485697966415,1,interior
0.7021062481668724,0.12521190593630038,1,interior
0.5683948720995242,0.13159720954855325,1,boundary
0.4683282011711252,0.3210619670928662,1,interior
0.6109803604529784,0.10593674062867518,1,interior
0.4788973150192059,0.2070284002201786,1,interior
0.4662783567584773,0.22293282730458938,1,interior
0.558207538670699,0.13025447728360004,1,interior
0.6247369040775735,0.11323909340799385,1,interior
0.8067630182141752,0.23640000376849982,1,interior
0.486276508940213,0.1956371586759083,1,interior
0.6735784611437465,0.12045628271437941,1,interior
0.8135468578206663,0.3054784702999742,1,interior
0.750874942092837,0.1575958449861348,1,interior
0.47319160326660137,0.21855376445758185,1,interior
0.7607271823468981,0.38789148093630826,1,interior
0.6884645739020294,0.1169413079274361,1,interior
0.8141177178192969,0.2625098241662546,1,interior
0.5149559752710495,0.16896081963251405,1,interior
0.5347479021559702,0.1557236427624772,1,interior
0.787818179908984,0.19106795753486008,1,interior
0.7838286158629414,0.3704067595828652,1,interior
0.77687227870914,0.18196692727601507,1,interior
0.4617358239950632,0.3043422902215524,1,interior
0.5205815384481017,0.16792378607260047,1,interior
0.78411829785584,0.36830842265336616,1,interior
0.8148431298278165,0.30135406738948406,1,interior
0.46669524074311247,0.26536486594900405,1,interior
0.47704734117755787,0.20813594572883487,1,interior
0.8035018360895562,0.24199820732546576,1,interior
0.49639081622115777,0.3177966330668908,1,interior
0.4950698969556205,0.17830262342946746,1,interior
0.4717160048989311,0.25155870487352494,1,interior
0.474766412616886,0.3345805703312996,1,boundary
0.4678853750063606,0.31849661427445597,1,interior
0.4651307776077283,0.2218974944542361,1,interior
0.7636532390504811,0.16583335337829364,1,interior
0.740253208635779,0.15193694425372054,1,interior
0.8115976476141405,0.24418061311844097,1,interior
0.8206240457970285,0.2661847798255264,1,interior
0.47272196790607796,0.32799601397007305,1,interior
0.4713195201901214,0.32430701263757045,1,interior
0.7220468053925272,0.1366962927761561,1,interior
0.5282047272444975,0.16688702059726704,1,interior
0.8006961802682235,0.21455332868171362,1,interior
0.4688988554320351,0.25582895246093823,1,interior
0.754120102027056,0.3838252340554397,1,interior
0.4984717693326105,0.17871391936587464,1,interior
0.8172952345324815,0.2875704135307768,1,interior
0.6521291550251798,0.12281291760351642,1,interior
0.47277154253990744,0.3250664382855073,1,interior
0.4703203698827018,0.3316354548452688,1,interior
0.4594363441558126,0.279840498461219,1,interior
0.7914907687246111,0.19431371046684026,1,interior
0.6515144698043689,0.12044298800795743,1,interior
0.46824767446404025,0.33011256572690834,1,interior
0.8067257586790647,0.3173306593515431,1,interior
0.7944344880618367,0.20331767097150222,1,interior
0.7993017679343555,0.32919237190961426,1,interior
0.679833152613437,0.11898164557199771,1,interior
0.7204822885923631,0.13451641531259953,1,interior
0.4692645161898874,0.3173243030096385,1,interior
0.6497542785634164,0.11903343480357192,1,interior
0.4599740436294697,0.30275792397565343,1,interior
0.5338617909380831,0.1539339550350566,1,interior
0.7544598225753056,0.39220926663771283,1,interior
0.5551739253180383,0.13357050328445091,1,interior
0.7958516144384299,0.34388773294448366,1,interior
0.7861584111575582,0.18945783726963164,1,interior
0.5304205057527464,0.16031477401369676,1,interior
0.4672476991665481,0.3163677418192784,1,interior
0.7598400076939238,0.16282934125404513,1,interior
0.4578938809641618,0.30165859701711684,1,interior
0.46200647576604537,0.3106602204873966,1,interior
0.4721540053766289,0.23784919377513936,1,interior
0.4559978408181342,0.28473425110393397,1,interior
0.7914144253738111,0.19246545593341918,1,interior
0.457464575315107,0.28948330830123636,1,interior
0.7953954510242679,0.34098060714613376,1,interior
0.7223123384711194,0.13917057255896115,1,interior
0.628073731601903,0.11658825869335039,1,interior
0.46817747961909567,0.2537585664246987,1,interior
0.46181141894583244,0.265303842607333,1,interior
0.5310099327710287,0.1572122935750753,1,interior
0.47029629849934484,0.21865736456945892,1,interior
0.7632304090557258,0.38372589245455646,1,interior
0.7832349169212386,0.3561385975878023,1,interior
0.7978172237207483,0.20715942481525385,1,interior
0.4906582965601275,0.18259796948357848,1,interior
0.6904355565979077,0.127195018016427,1,interior
0.7314249886921099,0.14311396527392045,1,interior
0.47527844591766905,0.3203884281630054,1,interior
0.8208526772498568,0.27888403102315495,1,interior
0.5086354829548252,0.17606553315046164,1,interior
0.8152549809329167,0.3047669752767071,1,interior
0.7816608002056992,0.3669110839095433,1,interior
0.7990101981941825,0.33376995188312025,1,interior
0.47337836848011566,0.21563821673156683,1,interior
0.7532282639594652,0.15614427715213344,1,interior
0.8133547743714622,0.25591746887358224,1,interior
0.4704802592307535,0.2235760482891202,1,interior
0.8195157932949892,0.27543299550070904,1,interior
0.7650506573662569,0.3838165864930401,1,interior
0.7995991779948477,0.21091032921998076,1,interior
0.7411364519999608,0.15510915708829937,1,interior
0.4693566782480658,0.23671347290868477,1,interior
0.4673456706537623,0.33175253634531404,1,interior
0.7691004625955161,0.17088095092229166,1,interior
0.6948897185108716,0.11740683053940748,1,interior
0.47153766774685996,0.24563510821613277,1,interior
0.4802310237201164,0.20565665798296398,1,interior
0.807040457870655,0.238243565228208,1,interior
0.6145860619750254,0.10849358323339311,1,interior
0.7254330115417913,0.1331135289302998,1,interior
0.8210914642445778,0.2805641247316629,1,interior
0.5009086432132499,0.1788951029154221,1,interior
0.45891196541322177,0.29926181893772236,1,interior
0.4622152742530786,0.29805536683918493,1,interior
0.7738559676932532,0.3789294606950752,1,interior
0.6262115821706878,0.11193067197992061,1,interior
0.6122165563969428,0.10701338622214517,1,interior
0.4645855074669374,0.3127061532719288,1,interior
0.8089204275695903,0.3149442647273669,1,interior
0.4657288981771093,0.31899629063324897,1,interior
0.8045374177817863,0.31520062729822707,1,interior
0.7932030341018321,0.34574640858397276,1,interior
0.4642414106201008,0.26453251456491744,1,interior
0.7545288263670464,0.16056329069871736,1,interior
0.49128499414527355,0.18942467117332112,1,interior
0.5430846541524482,0.1543934598570013,1,interior
0.7961393442833115,0.20525688000385944,1,interior
0.8169163968366567,0.2586018666094816,1,interior
0.6694894699837303,0.11719022777836595,1,interior
0.47208685512359616,0.31566638180203677,1,interior
0.8033979428794702,0.3250799284993429,1,interior
0.8131359385968489,0.24350953811749818,1,interior
0.4575764963880038,0.3001223804039266,1,interior
0.7791754303116816,0.17745505202589604,1,interior
0.7533521047292621,0.39860231998278167,1,boundary
0.5490092870198598,0.13913302434253758,1,interior
0.6401972584556271,0.11284425479348523,1,interior
0.4685710585208277,0.2600513411229749,1,interior
0.7841104712564646,0.1837510569882976,1,interior
0.45763302588209676,0.2825258490011144,1,interior
0.5458616046795847,0.14911987708125854,1,interior
0.5183634249249088,0.16974385417660465,1,interior
0.6492486021123108,0.11717633825921413,1,interior
0.5543795102139184,0.13141035038511564,1,interior
0.4556701463991275,0.28768223986962305,1,interior
0.8186646017508926,0.2962070913338972,1,interior
0.5285792002614451,0.16530174743316944,1,interior
0.7643366674221207,0.16247805793678474,1,interior
0.7778014010382578,0.18345051666000156,1,interior
0.4678560194003222,0.2190999238138735,1,interior
0.8154080612031306,0.2656293616781141,1,interior
0.7018783506054243,0.12699163551873366,1,interior
0.7840868122907145,0.3658663862902186,1,interior
0.797634767955486,0.20946602329275488,1,interior
0.76254026169539,0.38825473264705096,1,interior
0.4847660284236014,0.19609560974300952,1,interior
0.47160737665066593,0.21734790547722563,1,interior
0.7737053457515269,0.17870788110814334,1,interior
0.759426651083775,0.16127995865934452,1,interior
0.8189658902206899,0.2627449627398945,1,interior
0.7559913625276128,0.39566661706524237,1,interior
0.727998795341053,0.13287544082833064,1,interior
0.5446000040374429,0.14704938867834497,1,interior
0.6756254749015687,0.11902949030266152,1,interior
0.5618437543661481,0.12850531164447848,1,interior
0.8049875959131629,0.23388378224678774,1,interior
0.6288258735978097,0.11394134351562006,1,interior
0.7861126734676122,0.36509274366432387,1,interior
0.8145282652003466,0.2520343488405339,1,interior
0.7230741673791815,0.1303514249044559,1,interior
0.5294001970413148,0.15470472716189096,1,interior
0.7424782371742542,0.15036065155965558,1,interior
0.7999087723421796,0.20538693239499928,1,interior
0.6598921794006759,0.12194227474675397,1,interior
0.47737190493168347,0.24172372347400972,1,interior
0.5169363298286465,0.16725003981095862,1,interior
0.7991038556700937,0.33169725566317787,1,interior
0.5637034141421094,0.13136479136561333,1,interior
0.5424850837691263,0.14529807044311122,1,interior
0.7451917451229781,0.1531933289568452,1,interior
0.7923215826101832,0.3478023506385751,1,interior
0.8077498717666309,0.3071934001738428,1,interior
0.7352845047484703,0.13829256736899442,1,interior
0.7810977471631705,0.36539968803742456,1,interior
0.7984440737872442,0.19460504317816563,1,interior
0.7889529044082267,0.35282308170904364,1,interior
0.5116385391341483,0.1762713225879275,1,interior
0.7711718913716235,0.17076756806028878,1,interior
0.7977775791940099,0.3450359590330023,1,interior
0.8213682781659504,0.2622590192354554,1,interior
0.46605637299681213,0.2530447068371915,1,interior
0.5040014020425838,0.17481029714602925,1,interior
0.7944531381056864,0.19456144662899522,1,interior
0.4631058320298625,0.27367334660869813,1,interior
0.7211221638938003,0.1314996650798334,1,interior
0.699902500124976,0.12004427175808112,1,interior
0.4655857109527404,0.3009395037291602,1,interior
0.4594811637755741,0.2852226448524121,1,interior
0.4587167770304603,0.29231137450278283,1,interior
0.7995079138549949,0.20927800207902272,1,interior
0.6592520356051568,0.11985146102385412,1,interior
0.46132728725286803,0.26765492813020403,1,interior
0.7883597778950648,0.1891250777738409,1,interior
0.6996302643083497,0.1184012021860607,1,interior
0.6614706102488229,0.11949049863400557,1,interior
0.5107058737618957,0.1749477976094602,1,interior
0.7758896632051734,0.37852738355900184,1,interior
0.7567243040692794,0.15990083823745704,1,interior
0.47186460925484536,0.2437238216467894,1,interior
0.7966640876870249,0.1993218846535058,1,interior
0.6108417997853004,0.1086797308313132,1,interior
0.5482302182692459,0.13694126171097432,1,interior
0.7581143299375757,0.16210672723668723,1,interior
0.8129134677531352,0.30377413830049604,1,interior
0.6614022282876351,0.12429631143376099,1,interior
0.7940486500256192,0.34729016376082233,1,interior
0.7716188411799911,0.17223232223305235,1,interior
0.7846396355113459,0.3529961360790456,1,interior
0.45484262612303633,0.28909148103676896,1,interior
0.6869751559845023,0.11869867130403106,1,interior
0.45474054691866295,0.2860943610006879,1,interior
0.5263432175483361,0.16510876144138842,1,interior
0.4685949731834937,0.21717799796175735,1,interior
0.4744849080082381,0.21171995560315515,1,interior
0.8021660169360232,0.212210809108698,1,interior
0.7861178977922098,0.35579670477752656,1,interior
0.671148725793361,0.12078297832885758,1,interior
0.7013364253656992,0.12110636738710731,1,interior
0.7853645208441128,0.36019596007371724,1,interior
0.7686931934345446,0.3781314499072723,1,interior
0.8015241865498948,0.21079336265659793,1,interior
0.8030591736612246,0.32732414646163266,1,interior
0.4671175374574578,0.3235946008874877,1,interior
0.4746024531723356,0.23096906644804518,1,interior
0.8118048524975059,0.3026870859318404,1,interior
0.6245519313749164,0.1228205974598833,1,interior
0.7565150105191286,0.3926972316111314,1,interior
0.677362426905063,0.11869609457581826,1,interior
0.6263656831281171,0.1141775556430463,1,interior
0.4711683307475811,0.23565913067843314,1,interior
0.8131991465033936,0.2461856094223945,1,interior
0.7934889105055742,0.1925354033491928,1,interior
0.8011043859023534,0.20731515931547786,1,interior
0.7580836576708385,0.16633130719125497,1,interior
0.7605386394544594,0.1601987595699307,1,interior
0.7660738602936895,0.16817590245477493,1,interior
0.8089132330276937,0.294812145072983,1,interior
0.7657797268129024,0.16536820633624777,1,interior
0.8013834196381405,0.20890795232273987,1,interior
0.7755512238389275,0.38053297097353006,1,interior
0.45941898472085285,0.2901283363309664,1,interior
0.5461803164024153,0.1411042677085501,1,interior
0.7982053983331964,0.34322660474089994,1,interior
0.7859517509907711,0.19316630816325275,1,interior
0.7863612888181626,0.3713959955787153,1,interior
0.7862844943911775,0.1916053980062686,1,interior
0.8001533998957304,0.2128777667247048,1,interior
0.4687395255270943,0.21500919443043987,1,interior
0.7043664293137628,0.12687157802563948,1,interior
0.7647567442344192,0.16416545450653117,1,interior
0.6199451520990767,0.11072300017291742,1,interior
0.8171968749247428,0.25315075624238054,1,interior
0.468862211753542,0.2343281050067626,1,interior
0.7032123150880306,0.12273457849316316,1,interior
0.4854956855914341,0.1996567727119862,1,interior
0.6684393868305998,0.11867287626005565,1,interior
0.536228072199424,0.15504051322042742,1,interior
0.7580426891067077,0.3935689488732033,1,interior
0.6102502055190155,0.10437224356652315,1,boundary
0.7765949208055796,0.17883596970080592,1,interior
0.45898628521540286,0.2776712461231199,1,interior
0.4530521397824125,0.2841686909387508,1,interior
0.7825442451640384,0.18499767002759118,1,interior
0.7871313263070439,0.359049050897245,1,interior
0.7029652356563456,0.11982163122698741,1,interior
0.8201959062078249,0.3015622452513095,1,interior
0.4577972959904324,0.27968980153039186,1,interior
0.6951473000419661,0.12180051018950958,1,interior
0.8160086124002451,0.27819587831131937,1,interior
0.5241499064444884,0.1646306551736742,1,interior
0.4551230899939343,0.3010699743856736,1,interior
0.7963776476644645,0.34242792367066816,1,interior
0.8108122041230101,0.31348677225551286,1,interior
0.781873459884485,0.18022365997598389,1,interior
0.7951401243115961,0.19231049400675412,1,interior
0.8230013697947285,0.278504132620042,1,interior
0.7548917391363321,0.15860286610632213,1,interior
0.7358991764441227,0.13573026989226983,1,interior
0.795897859243746,0.2072189495667796,1,interior
0.4813799164646718,0.20011916642052086,1,interior
0.5598043225896987,0.12833993631385554,1,interior
0.45694960210894037,0.29235217446166817,1,interior
0.8034186037654261,0.23121242250926854,1,interior
0.6146808353404906,0.1058359959782454,1,interior
0.47310569667587443,0.21031598827210138,1,interior
0.7018123084885224,0.12362241377651423,1,interior
0.7981027305128364,0.22570737948207284,1,interior
0.7960385581838881,0.2027681437670028,1,interior
0.7094572641424065,0.12830834613235914,1,interior
0.7587285293667224,0.3842104066350834,1,interior
0.6900932150798174,0.11736872673692317,1,interior
0.5294030408513752,0.1525927922167352,1,interior
0.7956511906767239,0.1895374604229679,1,interior
0.47069253596783217,0.32931021744181427,1,interior
0.7665970473539786,0.16241664299053402,1,interior
0.8030652061963973,0.3030987750373568,1,interior
0.764120298161296,0.38828659372325275,1,interior
0.702042029659749,0.11851818409794103,1,interior
0.767911090824373,0.1672469148832,1,interior
0.7471189237149419,0.15400315315447577,1,interior
0.8110979283761155,0.3095228221969898,1,interior
0.7649311673927202,0.16085325691996652,1,interior
0.7670264296297372,0.382643953251471,1,interior
0.4639460698242559,0.314134575955881,1,interior
0.6126744563231774,0.10453077187422781,1,boundary
0.47050788131949906,0.21578712743045697,1,interior
0.47006094331458487,0.21364270032440158,1,interior
0.640858643856791,0.11728762492775159,1,interior
0.4684521745062218,0.24897803950647873,1,interior
0.759434342512713,0.39066194843727925,1,interior
0.4671404505629946,0.21606667123073792,1,interior
0.4536447611325901,0.28142381301481934,1,interior
0.7958650638609548,0.201020925160639,1,interior
0.5451572962189709,0.13993190113274082,1,interior
0.8009668652413564,0.23788176513103262,1,interior
0.525080481316403,0.16670510651527612,1,interior
0.786739834808306,0.35722591590657626,1,interior
0.45483871309293766,0.2991044536496876,1,interior
0.7689410894271562,0.382250191745616,1,interior
0.6708919933070727,0.11638950594026073,1,interior
0.46883440659916914,0.23871274576502743,1,interior
0.5467273287292849,0.13796647293503234,1,interior
0.7911530073768972,0.3508345041264423,1,interior
0.8117643725022696,0.306874960052373,1,interior
0.46279220239033036,0.30612892178271156,1,interior
0.5019120597767639,0.17763355534480466,1,interior
0.7586735871750244,0.15982218284214816,1,interior
0.8077315826607032,0.31606885252186023,1,interior
0.782690766186781,0.18203377110977786,1,interior
0.6742008950166383,0.11782661292829943,1,interior
0.4527718859747076,0.2881978894090721,1,interior
0.7863597766624164,0.3669769156315837,1,interior
0.8225220275939017,0.27438217424181555,1,interior
0.6463947449588409,0.12051285605437914,1,interior
0.821198376746103,0.29900338357919903,1,interior
0.7437239641677508,0.1538886715331431,1,interior
0.7845157307334657,0.35467929853968033,1,interior
0.8021114283145644,0.22094690336524833,1,interior
0.8014100739337512,0.3286312802993431,1,interior
0.7575117007878212,0.3956362298905614,1,interior
0.7555503085300909,0.15705464527465962,1,interior
0.8156958146681736,0.2601309322634385,1,interior
0.48784699859298813,0.18979133501790516,1,interior
0.5373507338342247,0.15154711792344913,1,interior
0.5500682850618587,0.1334231719847453,1,interior
0.6392228960892521,0.1191542034503522,1,interior
0.47166873277173305,0.21127866380805804,1,interior
0.6961349539638932,0.11646907426698878,1,interior
0.8167304120978774,0.3010862134780227,1,interior
0.785209442274679,0.18598995251968667,1,interior
0.8052284277261788,0.32839810650344736,1,interior
0.7976757010580479,0.1879598956630549,1,interior
0.7434985961450278,0.15225471620873074,1,interior
0.8231869884497188,0.26755760292043507,1,interior
0.8119445604087644,0.3049517626782766,1,interior
0.6753342196618732,0.11630898189249571,1,interior
0.4657500479542683,0.2511732540443862,1,interior
0.8224680122654034,0.2766073087545377,1,interior
0.7427516130479292,0.15540157097516025,1,interior
0.8178297004591312,0.3046801579826657,1,interior
0.7782564564856125,0.18092821015227328,1,interior
0.7038828389131714,0.11845706533818776,1,interior
0.7008862510702656,0.1166576607873058,1,interior
0.5607061502356926,0.13194619620194015,1,interior
0.4814934538040522,0.1985671270251759,1,interior
0.45210589020253994,0.28038455034872883,1,interior
0.6886443893950269,0.11431857003119007,1,interior
0.7288848928163241,0.13646305461847028,1,interior
0.8222493830641621,0.30327193056831353,1,interior
0.6939099062758537,0.1147210798814158,1,interior
0.8183056300550313,0.3030240056576887,1,interior
0.5446596894734511,0.14505150130653102,1,interior
0.5330095531259843,0.15529974394612975,1,interior
0.7949495420945856,0.3491865498544153,1,interior
0.7973157863890057,0.33867063604180464,1,interior
0.6143016617878446,0.10415814477373814,1,interior
0.8224528752889154,0.30172969160272006,1,interior
0.4645726054418679,0.2237793122545274,1,interior
0.817587905970968,0.2978577358917334,1,interior
0.6127342577213558,0.10862739201910081,1,interior
0.8189984066419074,0.26002586787530063,1,interior
0.8006237115266742,0.22179162469384586,1,interior
0.7781769181194336,0.1791035232256887,1,interior
0.7874707123969337,0.354437791986811,1,interior
0.46966629688653333,0.24605291304801308,1,interior
0.7892117098031493,0.19201286265802434,1,interior
0.47236813558018365,0.24914397899543944,1,interior
0.6554573622654424,0.11876105825151789,1,interior
0.4709694140170067,0.22909032711083718,1,interior
0.6851828314128241,0.11764101260656568,1,interior
0.8017297570932358,0.22974901820375462,1,interior
0.7312667492408804,0.13525386185382562,1,interior
0.7960804259216268,0.2199337231987672,1,interior
0.7850623579959343,0.36289629336925666,1,interior
0.7924486870583188,0.1907481298360854,1,interior
0.7112016204974528,0.1264293192679974,1,interior
0.45465851914211564,0.3029859157592697,1,interior
0.4675186622884798,0.24019447919786763,1,interior
0.8246738367311848,0.3040235577655741,1,interior
0.4865634246471368,0.19251974204408223,1,interior
0.7320489179639172,0.1405031622389154,1,interior
0.4569497396454923,0.2760507133707987,1,interior
0.7837397199767675,0.3733945966289113,1,interior
0.45311855205017043,0.2862130931981984,1,interior
0.8240356862622364,0.27568731279922526,1,interior
0.7556471155646708,0.15436136149802404,1,interior
0.6636996266932269,0.1177382137143768,1,interior
0.5518646112732843,0.13614787325920955,1,interior
0.5561490538866488,0.13106879076893033,1,interior
0.6204680656102307,0.10880207528272548,1,interior
0.6465959419321831,0.11551428880992796,1,interior
0.4707419722651609,0.24092624000177112,1,interior
0.7727453654653355,0.3699976194329156,1,interior
0.46664531926289704,0.24881193573822816,1,interior
0.7875905410685773,0.36094679109165323,1,interior
0.46393074561323383,0.31804985804946817,1,interior
0.7328785630190915,0.13578381107784793,1,interior
0.76465344857515,0.39014059168814014,1,interior
0.7980626330934857,0.20167979465745886,1,interior
0.45975921963234884,0.2947785548171823,1,interior
0.6534940878930328,0.11956749259395197,1,interior
0.8068847866027491,0.2319454763448641,1,interior
0.8032641509115568,0.3302950622105911,1,interior
0.6733593845043602,0.11598786844118023,1,interior
0.8219978302104013,0.28400293806753996,1,interior
0.5292823981681288,0.15625445204285515,1,interior
0.474677345405113,0.20797019825003266,1,interior
0.7452329992806598,0.15145420826873096,1,interior
0.776599889331765,0.37715464516322617,1,interior
0.46580443914294783,0.21822993677520852,1,interior
0.7980109802316421,0.34170953369742835,1,interior
0.7699941273383752,0.17942478333962633,1,interior
0.7739445825296504,0.17106778025089492,1,interior
0.8197437120979868,0.2543110819867155,1,interior
0.7931181017701108,0.3496492514650103,1,interior
0.7978074888098626,0.20536757457613206,1,interior
0.7311338457964139,0.13331251471504268,1,interior
0.4988836712209767,0.17625766853601899,1,interior
0.7848218725812494,0.3570901220425995,1,interior
0.5015512873661953,0.1747219958574337,1,interior
0.7135649050790711,0.12733090473591313,1,interior
0.8195419375674817,0.297877683293825,1,interior
0.7719742588053984,0.16808710812394007,1,interior
0.5166243134164741,0.17181751613224694,1,interior
0.46629670442260635,0.32172784038582464,1,interior
0.7984902522412423,0.22319702232742786,1,interior
0.7166302780623354,0.12785540990235314,1,interior
0.799513299804449,0.33757530021830917,1,interior
0.8006902662073005,0.21720474617230823,1,interior
0.5558884336257386,0.1294829160757774,1,interior
0.5120765948271385,0.16881020998419904,1,interior
0.6726357293690624,0.12168726557006274,1,interior
0.4902871032919321,0.18523407387451488,1,interior
0.4607385524068159,0.2637757694506469,1,interior
0.5358642028207765,0.15099508966164218,1,interior
0.7128618833819607,0.12576454488117328,1,interior
0.508955049954453,0.17133108195986124,1,interior
0.4699372143552922,0.32628835675892215,1,interior
0.4662291461769038,0.3119659394708348,1,interior
0.46332028802057057,0.31159386930549043,1,interior
0.8181785308022795,0.2673175375805229,1,interior
0.7362457315961621,0.14000235661316743,1,interior
0.7502879624708962,0.15576457085283194,1,interior
0.46187251289367476,0.31234263871601003,1,interior
0.8134768819055123,0.25963392048820744,1,interior
0.4627006245464516,0.31563119190175803,1,interior
0.8016779952593804,0.21588002493459854,1,interior
0.6978734509364128,0.11636342619253878,1,interior
0.813886062851537,0.24778876082408147,1,interior
0.6674649549529628,0.11682475114562635,1,interior
0.4678845742127804,0.24675259662135735,1,interior
0.7996937301588675,0.22576681146036334,1,interior
0.7991126183039093,0.22162238204897403,1,interior
0.7937575590491223,0.21254186312365178,1,interior
0.6716022726277152,0.1136955438001445,1,interior
0.676550243280826,0.11353104733690776,1,interior
0.7674146113633644,0.37986383397665124,1,interior
0.6396262047846705,0.11636841125540401,1,interior
0.4985327823566246,0.18046861813331544,1,interior
0.7873901377897741,0.18624312735582474,1,interior
0.7354254927036276,0.14260137211477164,1,interior
0.7990998738473064,0.33554681397951347,1,interior
0.7993858661221147,0.20709611273324807,1,interior
0.4665982603116221,0.30335693519510154,1,interior
0.6914982383200925,0.11803832935505515,1,interior
0.4649621087655066,0.31651094322576995,1,interior
0.6445429828195224,0.11598648593202344,1,interior
0.7726988439534175,0.16960031681412294,1,interior
0.7979103545499854,0.21664027662123422,1,interior
0.5495237194132431,0.13194036715713733,1,interior
0.6767746892531973,0.11726191370026069,1,interior
0.7656970917119231,0.38557430720843716,1,interior
0.48521726918919406,0.19053161106755936,1,interior
0.7751772116747386,0.17380631582561376,1,interior
0.7585123771780218,0.39190106517734913,1,interior
0.4855484487430763,0.19382186934028198,1,interior
0.8100345211158515,0.30691490822095285,1,interior
0.8122594683590737,0.3142152516711462,1,interior
0.47222322015472384,0.21341283183682933,1,interior
0.7054151051977424,0.11775804211505754,1,interior
0.47115623947058194,0.3219165366832256,1,interior
0.755492790036857,0.1522684772631918,1,interior
0.5062496488277038,0.17244076511881035,1,interior
0.5663893103371598,0.12939546647930786,1,interior
0.7674253261791095,0.1705829045103297,1,interior
0.6176510160108609,0.11081060303054086,1,interior
0.5194931339940567,0.16570717756470085,1,interior
0.4663382249902212,0.24708779831190492,1,interior
0.7504181679075872,0.15395031051290148,1,interior
0.7132708695978273,0.12907518557080774,1,interior
0.6581019501634442,0.12090333110615006,1,interior
0.7978376545285655,0.20374145841135494,1,interior
0.7971992223444885,0.2244469724355408,1,interior
0.7886281559272703,0.18720889836409774,1,interior
0.469247635287638,0.24057184477827395,1,interior
0.6217140886730094,0.10693487356491344,1,interior
0.5090947127617446,0.1688923078180057,1,interior
0.4703381275716239,0.24365952966647372,1,interior
0.4686670517331372,0.2446808259927382,1,interior
0.47174363139294784,0.21488359590628545,1,interior
0.6621567292839298,0.11711178345045196,1,interior
0.5109578975403078,0.16774603116232156,1,interior
0.4564105321088593,0.2788547553486447,1,interior
0.45929527834784806,0.3055299304754192,1,interior
0.46240742623498166,0.31379191601648665,1,interior
0.800202609004596,0.1892628693192052,1,interior
0.5429339130600681,0.14284046742359283,1,interior
0.8112567456037717,0.24160441447651285,1,interior
0.7384051629123491,0.13405095959134258,1,interior
0.6040147769851493,0.10635858837343544,1,boundary
0.7731435761023254,0.38091592992767703,1,interior
0.553804577905827,0.1292105721341541,1,interior
0.7561774832282079,0.39767964084178375,1,interior
0.6839240322916434,0.12193686970548001,1,interior
0.7571094118234994,0.39919811821493195,1,interior
0.7992970726613853,0.20298236423960037,1,interior
0.46715650561358624,0.23190228425629072,1,interior
0.7946098412985458,0.19904249666666815,1,interior
0.8046738740674526,0.323286545240036,1,interior
0.5272441158356476,0.15805613606869387,1,interior
0.7676667370843411,0.16425285327962205,1,interior
0.8054278545083555,0.33100150765232594,1,interior
0.8167616358844628,0.2555380833847585,1,interior
0.7256589643256384,0.1294690828856489,1,interior
0.7515798904656341,0.15494787561260204,1,interior
0.7882822377877031,0.18466596826415854,1,interior
0.47451299025218163,0.20970897917396183,1,interior
0.8081197241882482,0.23394674157649722,1,interior
0.7710665584467464,0.17675789899585528,1,interior
0.46131429428630133,0.2732648846754477,1,interior
0.8162992173704088,0.25067635365455393,1,interior
0.8008577366359821,0.33357869236470383,1,interior
0.5528692801117077,0.13201186914278523,1,interior
0.46897601353375823,0.21163669912349684,1,interior
0.6244448566625481,0.11112908510033186,1,interior
0.7870747352051681,0.36313197915676776,1,interior
0.7981430057267597,0.19850629918682028,1,interior
0.4681706051911102,0.22979896034845548,1,interior
0.4749963717551412,0.33302322562769265,1,interior
0.6956521649508511,0.11475440670158618,1,interior
0.7949964238608735,0.34594937215458,1,interior
0.7247872787982068,0.13153574977777693,1,interior
0.804081669667478,0.20944822480422937,1,interior
0.8016328857407348,0.32672501650449093,1,interior
0.46697714333203455,0.2552161939361125,1,interior
0.6313722201106376,0.11650853591713342,1,interior
0.7048847796773973,0.12232871881616646,1,interior
0.46803499190332537,0.23590644513478967,1,interior
0.803617337458764,0.22876841943324827,1,interior
0.6424459896891467,0.11582124302935143,1,interior
0.7042119287256229,0.12077091379355999,1,interior
0.46980024600225057,0.23240809842456508,1,interior
0.720188011509252,0.1272321018690408,1,interior
0.4660017029240597,0.22048552476393316,1,interior
0.5489206908011232,0.13445254269443294,1,interior
0.7578706238506083,0.39745232292249943,1,interior
0.7983017537234971,0.339904925444661,1,interior
0.4791756607028309,0.20385048447244175,1,interior
0.49792260009268313,0.17496754566877135,1,interior
0.5444635818865916,0.1413434067988538,1,interior
0.8050875040786949,0.33270007696288945,1,interior
0.8213576424947922,0.26020484495698265,1,interior
0.8100797822967706,0.23511710850589143,1,interior
0.8017094303138057,0.20551677690588485,1,interior
0.6930996572493872,0.11719125622535602,1,interior
0.8128556331238952,0.24900151192146402,1,interior
0.4671252546976307,0.26091390019840743,1,interior
0.8159603786734168,0.2945546447368017,1,interior
0.7693003096750863,0.16871042109839413,1,interior
0.6186279557894746,0.10824320718929113,1,interior
0.45642774500840466,0.29887608535102916,1,interior
0.4887861248245729,0.1871528023962247,1,interior
0.4828590492006259,0.20448330816179655,1,interior
0.7364542496910479,0.14781783171957275,1,interior
0.4704109021790894,0.3336790991117019,1,boundary
0.7817125069294341,0.17865862165709673,1,interior
0.5679629780487963,0.13011039844817746,1,boundary
0.7991098082791905,0.19032659201175187,1,interior
0.7476643635995933,0.15256701250290194,1,interior
0.8139223944302619,0.250233622524332,1,interior
0.5257303924846751,0.16336407806087463,1,interior
0.6967440356637709,0.11334231232988769,1,interior
0.4668263637136673,0.2452581592735337,1,interior
0.8159557053276827,0.24302993046494112,1,interior
0.45738310232513335,0.27753710539667203,1,interior
0.784942851637337,0.1815995890071434,1,interior
0.4639936017061724,0.3073858512761682,1,interior
0.7295540898214404,0.13281157944073646,1,interior
0.8089429078654238,0.23781631990561933,1,interior
0.7336373200704782,0.14000487129657926,1,interior
0.46517014672440243,0.24805953074316373,1,interior
0.45768066994791146,0.2745622198653219,1,interior
0.46873692941365874,0.3329796510178649,1,boundary
0.4652499376745227,0.25684024470149885,1,interior
0.7829777743843537,0.37202751489062935,1,interior
0.45959507800845834,0.2966172299712477,1,interior
0.4572783316185291,0.2975883704849344,1,interior
0.7881364974390294,0.34362973864157,1,interior
0.566490132454125,0.12782281721743477,1,boundary
0.451345399203135,0.28277585853734716,1,interior
0.806727613037031,0.3287291246216744,1,interior
0.5047784917373811,0.176303194081305,1,interior
0.820440829125992,0.2820636737631451,1,interior
0.6093929164631388,0.10567421731482238,1,interior
0.7316341603796419,0.13167424242331338,1,interior
0.7603979640218029,0.15812230146311762,1,interior
0.6277925286108635,0.11275193031538878,1,interior
0.715119683148783,0.12876476343605459,1,interior
0.7992484526162983,0.20065496588632853,1,interior
0.45453243100532237,0.29327619919802006,1,interior
0.6636099182854155,0.12311839828409918,1,interior
0.6807635675652333,0.11686049927908068,1,interior
0.7848221587656011,0.3720638294696973,1,interior
0.540810398533675,0.14370856561557377,1,interior
0.4630178035404817,0.2578748847578405,1,interior
0.4692791759332839,0.22783165611442116,1,interior
0.796803851259134,0.3476858200680173,1,interior
0.6059405321540988,0.10573836910102762,1,boundary
0.8026754418378774,0.2027277373448847,1,interior
0.46433014405414436,0.2544546054897072,1,interior
0.47960633979536554,0.19847668924227302,1,interior
0.7664191170505139,0.38960029525406725,1,interior
0.7580300966677589,0.1563340878337499,1,interior
0.5579692881262001,0.12808716257828104,1,interior
0.6615736531621041,0.12109147770921641,1,interior
0.8117446549488466,0.23934233554715295,1,interior
0.7661076391820199,0.17157696179921358,1,interior
0.454304978543013,0.27893371729085464,1,interior
0.6343051892994048,0.11282208433687732,1,interior
0.7012340286707418,0.135709865648853,1,interior
0.5277891753829803,0.16013906689911467,1,interior
0.5648817822432658,0.12767927518774705,1,interior
0.8055987365775252,0.23104802443117461,1,interior
0.6172119298734375,0.10485835847936209,1,interior
0.4833784421047519,0.18966127829797766,1,interior
0.4644978706364046,0.32070643206063204,1,interior
0.48087237345645756,0.20299187155066434,1,interior
0.4682972199617732,0.32649999284093006,1,interior
0.774289046332634,0.1770739493529214,1,interior
0.7904987025993105,0.2001764588521691,1,interior
0.47868391773615465,0.20547357891014095,1,interior
0.4691008924713899,0.26154768547055796,1,interior
0.46587360806008765,0.23451145250879118,1,interior
0.8259656132312999,0.2770072463456275,1,interior
0.4764072226058117,0.20555600706739452,1,interior
0.703895396553642,0.1158362956530459,1,interior
0.4638835775312196,0.22042820468992147,1,interior
0.4698776872630661,0.2641661482083134,1,interior
0.7601863520959736,0.3934739827563637,1,interior
0.8025637269156889,0.21457232452098826,1,interior
0.49106947691751496,0.18091158532006732,1,interior
0.8153215752283295,0.3064915845331261,1,interior
0.8168266450953707,0.30879071156665727,1,interior
0.7701598281478343,0.16724337872866918,1,interior
0.5079627415750799,0.17277422639125592,1,interior
0.49453021409035425,0.18660847915712897,1,interior
0.7870606899602048,0.18303734338842298,1,interior
0.8240542858814636,0.28041303109818533,1,interior
0.45122663517232814,0.28635596452149736,1,interior
0.8182222411978399,0.2513631964593246,1,interior
0.5517739418614787,0.13404529527961995,1,interior
0.6657373710449217,0.1164550209905605,1,interior
0.46897259535667307,0.3285334910419836,1,interior
0.46734444709801154,0.23402325741157862,1,interior
0.4675696543365349,0.21275189599412891,1,interior
0.7720291728955416,0.38231447890209763,1,interior
0.4659988082082893,0.32506484736420854,1,interior
0.8170791336739707,0.2570727165004322,1,interior
0.455114774796481,0.29664694763597194,1,interior
0.4929527387008066,0.1815733210629126,1,interior
0.8092761907141297,0.30017985183836127,1,interior
0.6216386208612713,0.10997939875083042,1,interior
0.6160805377717296,0.10317762350668669,1,boundary
0.45116223153133067,0.28437202455711685,1,interior
0.768704895440743,0.16586615261742327,1,interior
0.46486849262590835,0.3238005337868685,1,interior
0.6562711704954916,0.1167552820871844,1,interior
0.8061157888459026,0.2280060229468078,1,interior
0.8197905613098426,0.3037373537704506,1,interior
0.46350660597411847,0.2466544479106214,1,interior
0.7332556186662437,0.13316642055239755,1,interior
0.6765760459840989,0.12500048510624595,1,interior
0.7683783771266636,0.38478147558900955,1,interior
0.6332554255081454,0.11637210102187037,1,interior
0.49611581072730326,0.17702499517305698,1,interior
0.46176006240508904,0.2713025490690623,1,interior
0.8173395352517178,0.2839879977559285,1,interior
0.4660251642901252,0.3301068085753106,1,interior
0.4648144776426283,0.24958630000280554,1,interior
0.7273342930911426,0.13094939911809456,1,interior
0.8040239004149647,0.2267806795101044,1,interior
0.5648050760217102,0.12968857387621013,1,interior
0.4771966670194824,0.2032806859378783,1,interior
0.7623858446021398,0.15885760290386503,1,interior
0.6386512636496224,0.11317569134033553,1,interior
0.8208908331853441,0.2768137909151827,1,interior
0.4623521744560624,0.26887676050072523,1,interior
0.5012010300145898,0.17628592247597735,1,interior
0.8251964408695737,0.2793655927605919,1,interior
0.46931940030447694,0.2256973227391384,1,interior
0.7356271248122874,0.1443850289915217,1,interior
0.8146423142732415,0.241894103592931,1,interior
0.8185806915201786,0.28651616548412356,1,interior
0.8162042639264087,0.24582910262237456,1,interior
0.6410044656545647,0.11423094628982408,1,interior
0.7902920431934919,0.1907992151121933,1,interior
0.7492532074210968,0.1523837144205574,1,interior
0.6846621472314374,0.11498406405982932,1,interior
0.7696007788964243,0.16219346164981807,1,interior
0.46728166350290756,0.21111821925646546,1,interior
0.7874715751954604,0.36973415262205234,1,interior
0.8187553673902712,0.25776948915902126,1,interior
0.8017832899596843,0.3364379067362217,1,interior
0.7976163202278561,0.22115781266351245,1,interior
0.6776714902362849,0.11565219651096088,1,interior
0.6164605925195954,0.10817652129565128,1,interior
0.791247411337374,0.3532798940941034,1,interior
0.4636700491042364,0.3220874698268388,1,interior
0.7622037883738269,0.389881669769896,1,interior
0.7746490301926332,0.1691861947619496,1,interior
0.8255964693327578,0.26754704961685283,1,interior
0.5271973591380424,0.1619716361427794,1,interior
0.80509286698238,0.31668295903170174,1,interior
0.7945906842668318,0.35147319210036776,1,interior
0.44859355246393146,0.28471283287156074,1,interior
0.5278579638510594,0.15496540212971746,1,interior
0.6901587988547543,0.11528404114253657,1,interior
0.7822397904088453,0.37476880266720797,1,interior
0.5106722359038298,0.16594060454737045,1,interior
0.48825974734593264,0.18398731830336576,1,interior
0.4966446911582998,0.17903642311605406,1,interior
0.80378055643082,0.2218223221134184,1,interior
0.8188558644264605,0.2884351345709299,1,interior
0.8036642566952307,0.20016470257421803,1,interior
0.8228455957477132,0.27185540210860953,1,interior
0.4678952477843027,0.22665655452037178,1,interior
0.4789847504210805,0.20068769601921338,1,interior
0.8181348617053918,0.2938346701073909,1,interior
0.5345574034616143,0.15253390732341332,1,interior
0.7372548735897384,0.13722135994798368,1,interior
0.8015771497437596,0.2234310377737059,1,interior
0.7998710732096322,0.23117756098307332,1,interior
0.7961838548164005,0.3513941277475607,1,interior
0.8155762740026209,0.2532264496944895,1,interior
0.7978521650667808,0.1925962130107691,1,interior
0.5211393525796967,0.16408589930542844,1,interior
0.8186240163320742,0.2555034137976773,1,interior
0.4622644152723174,0.32122762550081957,1,interior
0.8124589860745988,0.2333134287582184,1,interior
0.4997886496450998,0.17751755521342313,1,interior
0.7979028663578493,0.19672061183218942,1,interior
0.5068604756147318,0.1708166599492941,1,interior
0.5641208879268959,0.12588900298371822,1,interior
0.4674309735060085,0.3280089800087557,1,interior
0.46220033311202313,0.26230851125184323,1,interior
0.8235172370320143,0.2828115924213734,1,interior
0.8121401180856864,0.3106731318247798,1,interior
0.8205982164127473,0.2854768994482435,1,interior
0.8227952701828638,0.298750705821061,1,interior
0.7616802501335803,0.39142797800464696,1,interior
0.46047654374621666,0.27706484768363143,1,interior
0.482445244923414,0.2025813443627484,1,interior
0.464020381324458,0.24409725614789266,1,interior
0.808685830037764,0.317528550323958,1,interior
0.7837176914343895,0.17991534861732617,1,interior
0.45258897664488024,0.2901750424508918,1,interior
0.7889972350183516,0.36634977083376175,1,interior
0.5059063745010774,0.17421723763298458,1,interior
0.8069197942846098,0.3324396335257098,1,interior
0.4849383574054382,0.20225466160653682,1,interior
0.796640401406169,0.19138427059686688,1,interior
0.7550504649417544,0.39981864728666683,1,boundary
0.5249056623105686,0.15967755961352165,1,interior
0.6137380505180635,0.1114779343761043,1,interior
0.45963623894249916,0.2732347928486964,1,interior
0.6595405442661996,0.11717118268233108,1,interior
0.7546215795499304,0.3974876567162666,1,interior
0.4688342004882397,0.22329670015349343,1,interior
0.7570179592199051,0.15764606988934346,1,interior
0.7507868683586135,0.15231202274869632,1,interior
0.7565840501362567,0.4010375714758887,1,boundary
0.5309663039803802,0.15366616235427763,1,interior
0.8032895982068836,0.3385177802702988,1,interior
0.6450818436499342,0.1141708295423506,1,interior
0.8183106914603804,0.30103782445909383,1,interior
0.6239154858877504,0.10852819466116137,1,interior
0.8041540550770059,0.33718114648118785,1,interior
0.6296524500700478,0.11119994582576656,1,interior
0.8020465866243711,0.21803934827271124,1,interior
0.7838162476341589,0.3602130382011617,1,interior
0.4634162239758142,0.22260419800807618,1,interior
0.4842263273397846,0.1927201042959563,1,interior
0.4687451559665388,0.2652217439292771,1,interior
0.7677707222752183,0.1688378761222904,1,interior
0.8118652123055752,0.23699753845781024,1,interior
0.7736663289167548,0.1669488554464336,1,interior
0.5636487486988264,0.1286384159021961,1,interior
0.8142689686436009,0.3097980883590047,1,interior
0.45620865615212225,0.3021591695627558,1,interior
0.5277529770035989,0.15221240799437763,1,interior
0.7897558441065987,0.185738013536157,1,interior
0.5626561422614808,0.12711812739799896,1,interior
0.760922108762076,0.15538976665024828,1,interior
0.6266244296700983,0.10968940583129674,1,interior
0.5309561791992611,0.15549327332357712,1,interior
0.46847230879679824,0.3247276271668527,1,interior
0.46328647276774737,0.270173357818489,1,interior
0.6872328999269518,0.11554530774817326,1,interior
0.793742119635434,0.18807848017562717,1,interior
0.822596125786645,0.2858353896317842,1,interior
0.46783599901846856,0.3087144872253253,1,interior
0.48793438243329235,0.18567421166899675,1,interior
0.8028344521507009,0.21933884321717284,1,interior
0.8034980921978523,0.22382848505515784,1,interior
0.7626423305422244,0.3935705836879838,1,interior
0.4585688361143122,0.2759304598069496,1,interior
0.46059831879720825,0.29858381463856487,1,interior
0.8015611764587368,0.33048260018623365,1,interior
0.4677693762754478,0.24184997558829974,1,interior
0.800122230680234,0.3394849088987628,1,interior
0.8066121203503557,0.22074392074724106,1,interior
0.4630671371415041,0.29625941604173694,1,interior
0.4637001803924703,0.32617566899748746,1,interior
0.7673770320927448,0.3881752810740178,1,interior
0.46497129254424857,0.2590649152618886,1,interior
0.7217997993160549,0.1288639515083199,1,interior
0.8006964425493865,0.19280692637473082,1,interior
0.8236038567629074,0.30054803939048097,1,interior
0.6631565316178114,0.11997298559002116,1,interior
0.4932176890711979,0.17918678679555314,1,interior
0.7702731502521177,0.37948324721545246,1,interior
0.46565599047500245,0.24422696458996054,1,interior
0.8056273971129196,0.2230378294557883,1,interior
0.8211101995531221,0.2883700244581965,1,interior
0.7180559179851156,0.12655570227460775,1,interior
0.817337666211467,0.31163862973213735,1,interior
0.4635277882666369,0.25268660036962287,1,interior
0.7733074215264082,0.17423116396121127,1,interior
0.7080894341438557,0.12147834427327607,1,interior
0.6827347996764037,0.11519230189619631,1,interior
0.7530408242267792,0.15261304390767058,1,interior
0.7287581008942794,0.1300895553959994,1,interior
0.46067267489776603,0.2694352185750871,1,interior
0.5420111722722191,0.1469918583500269,1,interior
0.643529885839235,0.11468125560035168,1,interior
0.7378576511396832,0.14263226627811462,1,interior
0.7539903483862094,0.15046968526654578,1,interior
0.7771464240752665,0.38053457850883027,1,interior
0.7726343420495551,0.3777810223932614,1,interior
0.815800383162691,0.24865066174423536,1,interior
0.8264380473979315,0.29970959863986935,1,interior
0.7859963746158669,0.18464224736593868,1,interior
0.7709678175567549,0.1645848675336848,1,interior
0.8094176889513311,0.2330683651211709,1,interior
0.6922691921771298,0.11519681325258499,1,interior
0.6196231485742908,0.10677612167844756,1,interior
0.6285772542658176,0.10940110758495362,1,interior
0.56229387430136,0.12348584501125388,1,boundary
0.6423661236072246,0.11806319393605867,1,interior
0.8252328738322169,0.30093024042068317,1,interior
0.6542480842266508,0.11612836262095237,1,interior
0.762113265917348,0.15730700817945673,1,interior
0.5211166408865483,0.16569797575549128,1,interior
0.46322115538037295,0.2182822373026872,1,interior
0.6575059695504153,0.11545044838971011,1,interior
0.8035631303535659,0.21790383643768407,1,interior
0.7383120171583194,0.13833448957782177,1,interior
0.7998793063079931,0.19699882151471382,1,interior
0.7941840995843414,0.19023387383566953,1,interior
0.4497257863234804,0.2821233761259241,1,interior
0.7722868741443577,0.16595560160722442,1,interior
0.6788496355014672,0.11328547793511735,1,interior
0.7064077376742677,0.1206401742990026,1,interior
0.7969744115988525,0.21292561995133263,1,interior
0.7114069904189824,0.1235906662352442,1,interior
0.6929128847896194,0.13004055033282114,1,interior
0.8129227196474533,0.3081340229286679,1,interior
0.8204644882542838,0.25702294952639604,1,interior
0.47696226038795075,0.20969291888627273,1,interior
0.4639889520626024,0.2615406536176015,1,interior
0.8241158229153488,0.26893964920962155,1,interior
0.7566745889464018,0.3942519023472443,1,interior
0.664202553383355,0.11613409985192934,1,interior
0.673219395232402,0.11335731950730894,1,interior
0.7961500950631348,0.19419801542795384,1,interior
0.5516358674888358,0.1310813500617382,1,interior
0.4607703639452084,0.306435249080334,1,interior
0.4673891917188492,0.24357212224058442,1,interior
0.8029853928110218,0.3410608781419756,1,interior
0.45997119688320726,0.2715935990121467,1,interior
0.7774245578140635,0.3758116159985692,1,interior
0.6168050329328352,0.10665028512607971,1,interior
0.46243142990618474,0.22092667703316515,1,interior
0.8185353613743591,0.30627442109623443,1,interior
0.5267441447073257,0.15625924357985074,1,interior
0.7028848307880443,0.11710306452135288,1,interior
0.7237225753915606,0.12812089979973748,1,interior
0.45305973071701916,0.302747097013713,1,interior
0.8108272288920703,0.3156510049303029,1,interior
0.7682245107521843,0.16145904426124932,1,interior
0.8271351489225689,0.30181856568268506,1,interior
0.5128653665690819,0.1671835064838617,1,interior
0.7835775330954375,0.37702771986902944,1,interior
0.6747112488312024,0.1147528430996429,1,interior
0.8058980871598904,0.23514977249000332,1,interior
0.8058686130334451,0.2254884520774798,1,interior
0.466584700235722,0.3266057616474707,1,interior
0.7339360227113917,0.137253427269155,1,interior
0.4821955922916611,0.19595141140240172,1,interior
0.4866626227919264,0.18839084035555193,1,interior
0.7710800245033474,0.3843498771009693,1,interior
0.8027841579062561,0.20767045454195382,1,interior
0.47716028186350334,0.20029848244311801,1,interior
0.8011183229964898,0.3002655492935858,1,interior
0.73431651715961,0.1454757483663658,1,interior
0.4605875390924145,0.30795467957178396,1,interior
0.506760691716419,0.16814850464068035,1,interior
0.7691296861172441,0.38968822936786146,1,interior
0.8041356674278045,0.21636457731672168,1,interior
0.7153222111637176,0.12673440667239977,1,interior
0.8222866472624343,0.25355687901314594,1,interior
0.686259140481817,0.11398242226757535,1,interior
0.7898918678250026,0.33810858622967893,1,interior
0.4578450931604525,0.29553180461965173,1,interior
0.739730683185685,0.13682447401411973,1,interior
0.4612177411415126,0.32291597628847546,1,interior
0.46216850458333786,0.21942266533956245,1,interior
0.8011953930802995,0.1904749144378738,1,interior
0.7810179125029718,0.17616147274667426,1,interior
0.674625307144485,0.11216475164882268,1,interior
0.47333044413208214,0.22493209638041547,1,interior
0.803618878302508,0.3321997578518284,1,interior
0.6723330414085122,0.11953824528051613,1,interior
0.7977541127907354,0.23828467595335898,1,interior
0.8243574308120928,0.27334349288358206,1,interior
0.817901225373183,0.2498100056541745,1,interior
0.466595448877157,0.2638091781065904,1,interior
0.8009397425418847,0.20048126031923966,1,interior
0.5568473014242971,0.12691092998100054,1,interior
0.7078199168522484,0.11978857392087439,1,interior
0.5607324192527922,0.12702081660070172,1,interior
0.741226579775363,0.1381197823340572,1,interior
0.8205031226085098,0.25862628083043687,1,interior
0.7845518893803165,0.17819462483154833,1,interior
0.5098054471290968,0.1644028820421545,1,interior
0.46700546710150803,0.22469394915009275,1,interior
0.49637475932928404,0.17521900872257,1,interior
0.8085841205810124,0.228530670426072,1,interior
0.781329156049549,0.37323469087173067,1,interior
0.7656881190928109,0.38768822162728844,1,interior
0.5612094969869624,0.1252598687293453,1,interior
0.5380099605167455,0.14348282390236186,1,interior
0.7651345083009027,0.3920567692093871,1,interior
0.5414685684374636,0.1410409379480352,1,interior
0.763453544849781,0.3919906015310803,1,interior
0.7998298245519195,0.3428680499532496,1,interior
0.46620934214427356,0.24148183117995112,1,interior
0.7054829764751405,0.12395467746863201,1,interior
0.45570046959666777,0.29111449779535575,1,interior
0.46741691194562485,0.23735694716265254,1,interior
0.4501658381671038,0.2793912652189447,1,interior
0.8242350744810062,0.26632790628176173,1,interior
0.8012847686331666,0.22506584595210427,1,interior
0.800840111293097,0.20369548968012507,1,interior
0.7993065656202409,0.1920519758840078,1,interior
0.46807560541494764,0.2633017833458095,1,interior
0.7080179572183993,0.12562213627834518,1,interior
0.534350433784807,0.1572306675252088,1,interior
0.4621947661377715,0.2925562864413668,1,interior
0.4565621714894286,0.3050420057939158,1,interior
0.619049818577515,0.10477608677442622,1,interior
0.7589845891296686,0.3961306962658838,1,interior
0.4659903905090259,0.22624861629832613,1,interior
0.8084192051526766,0.23550045865132732,1,interior
0.7026930865538137,0.130342245350401,1,interior
0.818644759083281,0.2482205982552023,1,interior
0.804333286432251,0.21168713973048503,1,interior
0.4530623559062281,0.2975669718101329,1,interior
0.46200212134996027,0.2749353515044638,1,interior
0.48911456332106346,0.18261348907181832,1,interior
0.4651559780007451,0.2660616277358331,1,interior
0.7664857173406586,0.3811752121082899,1,interior
0.8215108474862491,0.27307981530837383,1,interior
0.8271242925871454,0.2785815881198081,1,interior
0.5248160631942094,0.16205320551895566,1,interior
0.8212687855154037,0.30578278851485624,1,interior
0.8056666886166999,0.21400074711102396,1,interior
0.4659839519007225,0.2301874553039194,1,interior
0.823191611779059,0.26299807767151057,1,interior
0.4718709746016542,0.20883157242628345,1,interior
0.6995289291386513,0.11590449964718885,1,interior
0.4623201877610194,0.25468057105408937,1,interior
0.46077047161527396,0.25154159469050014,1,interior
0.7375344983274087,0.1354017297307862,1,interior
0.7390417844884527,0.1478833552674491,1,interior
0.8016063122474628,0.19764349936559972,1,interior
0.8144158856490326,0.24013452429326823,1,interior
0.49069993912731386,0.18774680170351818,1,interior
0.4590090058208922,0.26793723303263234,1,interior
0.4595683786794469,0.2545088781828919,1,interior
0.7576070230490165,0.1539135979331949,1,interior
0.48242391417957253,0.1925443372903347,1,interior
0.8146373314978507,0.3082291746784048,1,interior
0.6801635415200084,0.1144029124350186,1,interior
0.80370429479982,0.21333126646991163,1,interior
0.46644154183955966,0.31765522979183375,1,interior
0.4532013527217418,0.2924375716456166,1,interior
0.7895562538559134,0.3587895538111475,1,interior
0.8197294600631857,0.264277464611725,1,interior
0.7904679897058804,0.18834740878885323,1,interior
0.8052284930075012,0.21993275739703488,1,interior
0.8165509970692043,0.23948718563231855,1,interior
0.47048404167950525,0.23893032346498702,1,interior
0.7980977238784247,0.33676908384809884,1,interior
0.4657275830558732,0.2619882729368607,1,interior
0.7632566839058668,0.15577375936267784,1,interior
0.539458674249184,0.14752705174767844,1,interior
0.4635106493736967,0.2425532378247877,1,interior
0.7856482785466832,0.3684985663579458,1,interior
0.8173815163486016,0.24721292617121968,1,interior
0.4628610709691337,0.26046214996944667,1,interior
0.7995128848377342,0.1873913451006403,1,interior
0.8220267845599711,0.29658845398479633,1,interior
0.5589899364776978,0.12597362896950284,1,interior
0.8014465692696661,0.3418016566108833,1,interior
0.5425303087880708,0.13991278095447257,1,interior
0.45767190488097165,0.30395470951495146,1,interior
0.7791290374194546,0.3761577286091989,1,interior
0.7789089614277631,0.37408953818198687,1,interior
0.7911108337231714,0.36617626121049107,1,interior
0.6696143794990489,0.11548506642202423,1,interior
0.7645846374988738,0.15781850693059077,1,interior
0.522729776121391,0.1632714796008407,1,interior
0.8233026448870611,0.2584624886792852,1,interior
0.4525623605877852,0.29601409987434196,1,interior
0.8127795407403217,0.24177529889480137,1,interior
0.8015899164558777,0.3401958750528668,1,interior
0.4498593826939448,0.29067258038719546,1,interior
0.6938167173833345,0.11306105461880966,1,interior
0.4507414396305967,0.28806137672813664,1,interior
0.4832237688483871,0.19431030201395882,1,interior
0.4544581874914488,0.2831160978032625,1,interior
0.7889266480358684,0.1823140357436634,1,interior
0.47540062543806644,0.19931737020228776,1,interior
0.820514774405545,0.29342717912267485,1,interior
0.6517465204107561,0.11707858044623544,1,interior
0.5654224927766065,0.131078855382395,1,interior
0.4475637445555783,0.28215141128970483,1,interior
0.45625453692547013,0.295179443938666,1,interior
0.46069453334655136,0.22034361825198326,1,interior
0.7675763843787593,0.38654969978554476,1,interior
0.5521836604608876,0.1295303547222133,1,interior
0.6873316863463266,0.11154500411686191,1,interior
0.7976173959011444,0.18996200197268287,1,interior
0.4630388241415442,0.2159064651529632,1,interior
0.7357027929179556,0.13351308805713216,1,interior
0.7880018794411788,0.3643957474938895,1,interior
0.4807362332222519,0.19720318559587308,1,interior
0.4557025925332549,0.27704496323840877,1,interior
0.8051518940277044,0.3212416786504976,1,interior
0.4652210705855169,0.23282652936997586,1,interior
0.8256477549641835,0.29832661449910214,1,interior
0.8071210906780871,0.2119594151243514,1,interior
0.45805338284080166,0.29393162613729346,1,interior
0.8017011837277934,0.3385371916764836,1,interior
0.7131564638865531,0.12150650365169036,1,interior
0.6238580839502399,0.11990815423664197,1,interior
0.7892535781317818,0.3680751530164736,1,interior
0.6434245781651727,0.11307679298691264,1,interior
0.4493914803048459,0.28725493625415244,1,interior
0.5439892447531122,0.13849960770822076,1,interior
0.4996045703882814,0.17447544720787736,1,interior
0.7887143330749462,0.35626604321989663,1,interior
0.668089399600348,0.11477671164642386,1,interior
0.473401445854763,0.20527674702441548,1,interior
0.6902441410703919,0.11182393057898916,1,interior
0.690360883186321,0.11362155503248418,1,interior
0.6332250091989922,0.11831141100196935,1,interior
0.7520510537568514,0.15121813948458768,1,interior
0.7975442054789064,0.3491814749626129,1,interior
0.4907583093983546,0.179224668039631,1,interior
0.4515273451834378,0.291548040747935,1,interior
0.5657938899034449,0.12622895737118756,1,boundary
0.6985326394653788,0.11257831888681957,1,interior
0.8061604481881126,0.2181725384192789,1,interior
0.5539192828295976,0.12690192657275934,1,interior
0.8019898466124976,0.3324361947785723,1,interior
0.7955579080765584,0.1874336062730402,1,interior
0.8279072112099028,0.30436737775664263,1,interior
0.5401176982667969,0.13908230902857716,1,interior
0.7056821659017644,0.11593065528672845,1,interior
0.7051266582858902,0.11933439724346746,1,interior
0.4646788277917255,0.273661483766267,1,interior
0.8224452349486678,0.2930413037176663,1,interior
0.806511137269256,0.31892302943472123,1,interior
0.6848835239074264,0.11305653208327805,1,interior
0.8142277654799351,0.3124542668512654,1,interior
0.7902804267060114,0.3645249674105615,1,interior
0.8078998167709532,0.22665014297705943,1,interior
0.7912562054656802,0.18448862985897949,1,interior
0.4617519738010515,0.2233805738659671,1,interior
0.7010367044323025,0.11502053027880871,1,interior
0.5002360301384913,0.18216952803101444,1,interior
0.464099747618793,0.25101646966527985,1,interior
0.7258886744496615,0.1271059504316129,1,interior
0.5456290814588706,0.13687703649737676,1,interior
0.7482249761472964,0.1498607232270362,1,interior
0.45342593270684445,0.2775889507488508,1,interior
0.449037308433112,0.27743887388394933,1,interior
0.5249645644613502,0.17521544041963047,1,interior
0.4534395481271065,0.30119714911215856,1,interior
0.8047812271737897,0.3396466025931828,1,interior
0.47286517240298054,0.20738122175406987,1,interior
0.7162011193465024,0.12516951473556356,1,interior
0.8005980508900977,0.34447078640934015,1,interior
0.706646736988085,0.12233841732208613,1,interior
0.7912690468691844,0.18602952308511816,1,interior
0.7994550222129162,0.34094975672072925,1,interior
0.6312638434935031,0.11234363721891713,1,interior
0.8101570072605289,0.23675730373216514,1,interior
0.4633783026576703,0.2558662544048943,1,interior
0.47475844077224394,0.2031745044392753,1,interior
0.4633033984598281,0.22549426109754303,1,interior
0.7675627241357087,0.3917617737010228,1,interior
0.8232621594050401,0.26486454502990914,1,interior
0.7081677771345939,0.12303951696563725,1,interior
0.7765084316828897,0.3824886497452109,1,interior
0.6277237968652266,0.11499842844740442,1,interior
0.5408564700281554,0.1486187084082758,1,interior
0.4625939803014281,0.324290844294017,1,interior
0.6280820823152706,0.11088235922567959,1,interior
0.45755645847541965,0.3068804170413859,1,interior
0.46471701019270373,0.3324295061581018,1,interior
0.8104269220126553,0.22853093689258358,1,interior
0.7450907496164143,0.1493538252624149,1,interior
0.4619972212950166,0.31970174100575965,1,interior
0.7596970443884608,0.15669845806337315,1,interior
0.4603364514676992,0.32085194378360554,1,interior
0.6656253459413247,0.1142595789353957,1,interior
0.7595278629237001,0.1536706667346889,1,interior
0.4607140609539047,0.30979273243287747,1,interior
0.6298525260588266,0.11584061164789754,1,interior
0.7573488385485885,0.15233872009636884,1,interior
0.8237060013945694,0.2963048179457899,1,interior
0.46362529259380997,0.23095171377102808,1,interior
0.7589671806082013,0.4000196654280368,1,interior
0.5078173628016601,0.1635961470712575,1,interior
0.48243889577966437,0.19096888214923033,1,interior
0.8092138076888727,0.22066888520006783,1,interior
0.7180744384613297,0.12490776175364257,1,interior
0.7194236150292167,0.12562847240507546,1,interior
0.5259813793019041,0.16085125647761844,1,interior
0.8206012651816263,0.2910261616383699,1,interior
0.532393338664414,0.15288331220467924,1,interior
0.787442537022273,0.36589575668840274,1,interior
0.7896137593405277,0.18373030249152417,1,interior
0.7435304424503395,0.1389716650219273,1,interior
0.7099640148917242,0.12116653386247407,1,interior
0.7531306994787637,0.1544555266877684,1,interior
0.5370764891042391,0.14496947704766214,1,interior
0.639177849565182,0.11142995926152348,1,interior
0.7100667498133768,0.11944591673704645,1,interior
0.7218799083100728,0.12666859279908588,1,interior
0.4561561055881571,0.28044386995407744,1,interior
0.8060287355461946,0.21572730509410737,1,interior
0.8042783037453484,0.3354383053155075,1,interior
0.7272733518136661,0.1288075858588568,1,interior
0.6198928741589914,0.1033837197115034,1,interior
0.8057850470111037,0.3384313239889194,1,interior
0.8055126566788211,0.3344629193254755,1,interior
0.4499527261203835,0.29716566169611003,1,interior
0.7720269324978122,0.3792382529849424,1,interior
0.6772909930275317,0.11161617356015228,1,interior
0.7742294654581522,0.16412230637227015,1,interior
0.48965640173031966,0.18923387053311344,1,interior
0.46447903384518835,0.22761827457461895,1,interior
0.8005300949955374,0.195271624358259,1,interior
0.523357294700253,0.16063271157234255,1,interior
0.8244166374425381,0.2850762912640532,1,interior
0.7670607393774974,0.15982763454864812,1,interior
0.5642701951175203,0.12428007753957665,1,boundary
0.4508436987519013,0.2999975096412978,1,interior
0.7372560077004182,0.14651775657949506,1,interior
0.7395327182686858,0.1401198027118602,1,interior
0.7498148486697868,0.15019443949312786,1,interior
0.4547047275467977,0.306235502215179,1,interior
0.46362581391369745,0.23416022628428054,1,interior
0.7706546497549029,0.38121677192918435,1,interior
0.5397728552774986,0.14171289874086992,1,interior
0.4670483261549319,0.31986527176626944,1,interior
0.7699308376041952,0.1602119076527978,1,interior
0.6324421230976124,0.11353952870814805,1,interior
0.7601665345513562,0.39833634374322485,1,interior
0.4653838431972676,0.23653047488490653,1,interior
0.478224431830316,0.19680198402503818,1,interior
0.816828233088323,0.29132871225976087,1,interior
0.734573966224876,0.13491148026450692,1,interior
0.7410553460455052,0.14585966581522827,1,interior
0.8154747938485141,0.31095165397472346,1,interior
0.7632944019734524,0.1604646741363653,1,interior
0.452802761692888,0.3052115613545573,1,interior
0.7303587568549825,0.13008851621056416,1,interior
0.5034164009447042,0.17288751603417588,1,interior
0.6980928715903465,0.11446882727646417,1,interior
0.8284034220025436,0.26658258010350544,1,interior
0.806401881311052,0.33695551070122115,1,interior
0.48608155931129476,0.18302307248603475,1,interior
0.7862023590029786,0.3748100140077479,1,interior
0.8216385284929734,0.25081188377355973,1,interior
0.46963999197254297,0.20929038652687135,1,interior
0.7901676481014145,0.3701205820926326,1,interior
0.4863843299317093,0.18615495170209412,1,interior
0.738172405832699,0.14467330302915968,1,interior
0.46396640290286234,0.235701893569997,1,interior
0.5183798830627636,0.1678093848730131,1,interior
0.5213076092744986,0.1617265325757348,1,interior
0.7299360544658333,0.1286135118988449,1,interior
0.47134338849695545,0.20578315159288577,1,interior
0.4628929417620776,0.23233786973512563,1,interior
0.7999558203553396,0.1988215688644248,1,interior
0.8198575508138254,0.2952510275697335,1,interior
0.4650278855275538,0.21687327925776886,1,interior
0.7869899201664153,0.37345798563047033,1,interior
0.46322060417030536,0.329569168798918,1,interior
0.7378356000940531,0.14084541069604847,1,interior
0.7725644839362791,0.17629351301813553,1,interior
0.6516880200748625,0.11544256936517139,1,interior
0.5216882819525697,0.15982007918542196,1,interior
0.810171288626964,0.31708530836340937,1,interior
0.6538876004572465,0.11803249242180057,1,interior
0.512246706875131,0.16424293748588809,1,interior
0.8123586586817875,0.23483712883939092,1,interior
0.5378105071696628,0.14785546090087995,1,interior
0.7965593041595183,0.3460346387346005,1,interior
0.44953969421610035,0.295166805056411,1,interior
0.8031125654141446,0.33373875918775386,1,interior
0.8216940853684158,0.2949982126812288,1,interior
0.8146980526588106,0.24481062842096102,1,interior
0.4582036915072877,0.27139496137652624,1,interior
0.6688624570791771,0.11301820718544153,1,interior
0.8244455395553643,0.30233087338877757,1,interior
0.4688354031134239,0.242955084208823,1,interior
0.4655541027516543,0.21384397196106641,1,interior
0.8258704695539081,0.3028578480796314,1,interior
0.8042956876011179,0.20675416866710367,1,interior
0.8077716526047464,0.32014795759015263,1,interior
0.5187197187814233,0.16389576338068207,1,interior
0.7586303315949647,0.15817964654578068,1,interior
0.4566204918790105,0.2862749121457709,1,interior
0.5146743615713898,0.163468157104094,1,interior
0.47911114098887464,0.19528661306919493,1,interior
0.7769731009507893,0.17710394280206423,1,interior
0.8269021373165362,0.2813189161241694,1,interior
0.792121953669578,0.1885554839777586,1,interior
0.7853740243983648,0.3701438203819966,1,interior
0.8083369391948614,0.210374454261639,1,interior
0.7098041786602292,0.1228663691664008,1,interior
0.7611729819586118,0.39670232590701676,1,interior
0.5331707039264059,0.1509999264151447,1,interior
0.5031317556955262,0.17004228789822495,1,interior
0.7883608937574704,0.37188479311377437,1,interior
0.7578213890443978,0.402292273752904,1,boundary
0.8194472813112177,0.31279252867996277,1,interior
0.8226919508368219,0.281480516759697,1,interior
0.8024464720121715,0.2012116095785163,1,interior
0.7419288746818231,0.14847935425892686,1,interior
0.4548678462828526,0.2739874143260142,1,interior
0.6477541340329598,0.11682789790885426,1,interior
0.8024726641112311,0.19920223322157946,1,interior
0.6675831228474621,0.11204134125667804,1,interior
0.46716176978958407,0.22845163808650504,1,interior
0.6822537595012463,0.11338690734412636,1,interior
0.779180711013533,0.3800084688250507,1,interior
0.6303672930902943,0.10930562853960696,1,interior
0.5015597517055039,0.17155556483571915,1,interior
0.7826749190318342,0.17653235395779973,1,interior
0.5161025114466502,0.1641118958691877,1,interior
0.8063591008440418,0.3231375746045064,1,interior
0.7577716327579274,0.15065072391371004,1,interior
0.6178054371644125,0.10295266507501549,1,boundary
0.8120526278504021,0.31247685415636095,1,interior
0.818487734981337,0.24611544853245376,1,interior
0.5219229776100823,0.16698998905199902,1,interior
0.4905839750046514,0.17743538692052194,1,interior
0.8027132951139694,0.19645941023486505,1,interior
0.6331294895772818,0.11103695873422151,1,interior
0.8244313254986306,0.2779741134954361,1,interior
0.8020552658564313,0.18793988408214932,1,interior
0.5246868121724156,0.1576446241736626,1,interior
0.7691536805539736,0.3872678046131798,1,interior
0.7689419809741888,0.3806982805675269,1,interior
0.7878870028481308,0.18069525597653247,1,interior
0.7644009409110605,0.39393321730943764,1,interior
0.4499224495698645,0.28551904322554406,1,interior
0.8112316771458283,0.22997985481097394,1,interior
0.6287780580143384,0.10647757198447853,1,interior
0.45314647286405374,0.2943767437100901,1,interior
0.7800754386252414,0.17442426728691876,1,interior
0.8239581897118569,0.2941179337731627,1,interior
0.6495094341868909,0.11468194340213433,1,interior
0.7168500413717847,0.12267370586278141,1,interior
0.45860962588251536,0.3084944329167585,1,interior
0.8084912372442886,0.23015919007163785,1,interior
0.45415672056437006,0.29097411529826533,1,interior
0.7556445116861469,0.15030898680386648,1,interior
0.7782551090844216,0.17615288474398927,1,interior
0.8096036570922694,0.20934900901015896,1,interior
0.5191623585754869,0.16036129189164805,1,interior
0.7207657750489719,0.12292251165633657,1,interior
0.7406288054999058,0.14762724448701814,1,interior
0.754357350791051,0.15351058587900052,1,interior
0.8252720937361588,0.28212923787996036,1,interior
0.8289077255593688,0.3014262538156024,1,interior
0.7665492131216821,0.15753825972422708,1,interior
0.4997657874212469,0.169782527628268,1,interior
0.8226949288790807,0.28756000502844564,1,interior
0.4564336484606916,0.27364331527619673,1,interior
0.8008519468962303,0.2021257386976007,1,interior
0.4806745508850757,0.19425977100305394,1,interior
0.4880542821402321,0.18150455930318338,1,interior
0.6303376670947172,0.113769148298247,1,interior
0.7391024640026937,0.14627073933773382,1,interior
0.8199722667373738,0.2872642862891537,1,interior
0.711487774796759,0.12168618544033973,1,interior
0.449877246174478,0.29329168452930127,1,interior
0.8029005822392166,0.34394410149803906,1,interior
0.8100863620539452,0.23137421291622473,1,interior
0.803009014725523,0.19370942039154276,1,interior
0.49566543353620823,0.17338873368627114,1,interior
0.4976751151176921,0.17340365922674944,1,interior
0.7475306421470783,0.1482154589484793,1,interior
0.7145629380589127,0.1245520268222608,1,interior
0.7716041264647964,0.16162997927996353,1,interior
0.4523362203399116,0.27550397577381275,1,interior
0.4972587533414697,0.1700915985633867,1,interior
0.7911904782991348,0.3679530562807917,1,interior
0.8227765014623799,0.2566028197613788,1,interior
0.8249777889426795,0.25803983261033403,1,interior
0.7903174739704666,0.3628245238975259,1,interior
0.8092787777798842,0.2247387654033879,1,interior
0.5010289812224306,0.1732649083631057,1,interior
0.7526189232622789,0.14917904178827174,1,interior
0.4617911919843561,0.22780103615651534,1,interior
0.4528905198604151,0.2996775987139757,1,interior
0.5361194396399377,0.14265871408571865,1,interior
0.4545406421325424,0.2758345512835147,1,interior
0.5501662022264415,0.13014615963268697,1,interior
0.7937036824883684,0.35272238208381407,1,interior
0.797523044088941,0.18614998574900893,1,interior
0.6207990684634733,0.10530653622756632,1,interior
0.792889464830363,0.36828946070282387,1,interior
0.8041626998393163,0.2041467523544984,1,interior
0.7993993978214881,0.3461845327400889,1,interior
0.6834294829971779,0.1122864896471534,1,interior
0.7484967578981311,0.14701295502525494,1,interior
0.7843029306439008,0.3754415240532112,1,interior
0.7757009979488458,0.17589965578462724,1,interior
0.8230020844908988,0.30485084192103623,1,interior
0.8311048242740673,0.30181591390732165,1,interior
0.4581849767715664,0.3106289674024069,1,interior
0.45982029546011755,0.2186230845716816,1,interior
0.7657563134061867,0.1590064115982171,1,interior
0.6232981020584071,0.10690922114292344,1,interior
0.47297561187437054,0.20372565888920863,1,interior
0.8092998847779874,0.3190750080019055,1,interior
0.4666368469989584,0.3335025620281391,1,boundary
0.6266579453858566,0.10762551657995166,1,interior
0.45246839707480935,0.2788646845493416,1,interior
0.488642995300854,0.17817900596746258,1,interior
0.6414803759105827,0.1109321183475788,1,interior
0.7619107620664787,0.39880828179268246,1,interior
0.5399133813048473,0.14579548176685153,1,interior
0.5476625667546955,0.13245992995891637,1,interior
0.7752680666041265,0.16594670983277826,1,interior
0.4629119043731718,0.2498404544284211,1,interior
0.6608621075290003,0.11546472808807794,1,interior
0.4519007987924639,0.27742840085530635,1,interior
0.7896910715569204,0.37263006625549977,1,interior
0.7430482230798507,0.1473859277523743,1,interior
0.8255607708398472,0.29617453449190756,1,interior
0.6553324954342142,0.11337437922126116,1,interior
0.7780037471912731,0.37877512506995614,1,interior
0.7370891668783768,0.13243505253149784,1,interior
0.8258238813436456,0.3063342253426396,1,interior
0.7679824665019787,0.1551699125396435,1,interior
0.8211663555466523,0.2551401765688473,1,interior
0.47030783582918617,0.20782037669778497,1,interior
0.8211491773860069,0.2524741525966218,1,interior
0.45703187143188356,0.3093272721947037,1,interior
0.7700398878113403,0.385974007154617,1,interior
0.48234923733747825,0.18834043712827905,1,interior
0.5461469840268092,0.1342538964606234,1,interior
0.5026366822940901,0.1677593091881091,1,interior
0.802832036884124,0.18598949946957305,1,interior
0.45135635857370493,0.30273327585264537,1,interior
0.6593061127805577,0.11305234617783123,1,interior
0.46499924035506324,0.3288589815618509,1,interior
0.4976779562833267,0.1716803042737306,1,interior
0.7566042582166348,0.14863796155657752,1,interior
0.49413710057865745,0.1766427532434399,1,interior
0.46325084076183937,0.33116723462452524,1,interior
0.4505371052744509,0.27536778102611315,1,interior
0.4606043340000808,0.2606296322409744,1,interior
0.49300228620014014,0.172460455876688,1,interior
0.8052994519699643,0.20213800631164666,1,interior
0.744595359464501,0.1474184437870872,1,interior
0.4748304214005933,0.20594190873901191,1,interior
0.8036145437222229,0.1978105980161408,1,interior
0.5071733153046003,0.16658495435255513,1,interior
0.723756684453463,0.1256702941719007,1,interior
0.7902274438908141,0.18111758349019927,1,interior
0.49595154458425234,0.171114322392898,1,interior
0.47693283764274225,0.19562070478109503,1,interior
0.49283616410226605,0.17444942801644472,1,interior
0.4990790411662382,0.172701943398237,1,interior
0.631994170402055,0.10934660003087576,1,interior
0.7491823213651283,0.14842088297727615,1,interior
0.45816917986901284,0.2658696769229971,1,interior
0.8160907738953807,0.3125767326768746,1,interior
0.5148442589663791,0.1668418919575291,1,interior
0.8108182110231426,0.23367906582787604,1,interior
0.6626333338374413,0.1135796872892986,1,interior
0.7778725887593182,0.17252288359988466,1,interior
0.8051778791664234,0.19558433752464882,1,interior
0.44547053528808966,0.28265065488733787,1,interior
0.8231702293122845,0.24941604326329975,1,interior
0.5275200150782021,0.17302754688253563,1,interior
0.8174444590153286,0.2445571635933824,1,interior
0.4516628475990404,0.2930671770414396,1,interior
0.7451066996689176,0.1389141907618306,1,interior
0.46102325106378333,0.2582887976515016,1,interior
0.7903381160752421,0.3554953885971677,1,interior
0.7352695497852163,0.14675313262035486,1,interior
0.6525066197278817,0.11330392242052334,1,interior
0.63135900613915,0.107912988937655,1,interior
0.8069722941792131,0.3350552908763668,1,interior
0.7919042726774957,0.3549678005913135,1,interior
0.8076329515757071,0.3299752656038581,1,interior
0.8148895637197124,0.31486932257755573,1,interior
0.8029394029577184,0.18936508000938718,1,interior
0.46099739471116863,0.2323291202129746,1,interior
0.750955968451625,0.14872707550900577,1,interior
0.7782767138918927,0.38175600704807683,1,interior
0.8012941849319608,0.3470314470894371,1,interior
0.7927232470362738,0.18372747642856696,1,interior
0.7963557919586423,0.35309255944698525,1,interior
0.7922674365363994,0.37074221173584987,1,interior
0.4614216737621669,0.2259251388180077,1,interior
0.8064912447763963,0.324694663506809,1,interior
0.8258049090709201,0.27519090045558225,1,interior
0.5450490016223238,0.1316230854492093,1,interior
0.7996312498499696,0.1857847635500451,1,interior
0.8026583801201564,0.19148971473038395,1,interior
0.7464075539874306,0.15047532564447963,1,interior
0.7420964777379715,0.13982170847082687,1,interior
0.7616048873111001,0.15285205596112778,1,interior
0.7430321852053254,0.1412479365095594,1,interior
0.502719648827202,0.1759356354734692,1,interior
0.7025644805208089,0.11477412677817529,1,interior
0.46273727688394,0.2639450193922692,1,interior
0.45979548408737575,0.25633368917441407,1,interior
0.4628525022751283,0.22893703215019762,1,interior
0.8050362302304765,0.22942328968461545,1,interior
0.8264472052962392,0.2936675893073765,1,interior
0.804244701960558,0.2147503835160498,1,interior
0.7540396423610771,0.1482824857121532,1,interior
0.7120751462328223,0.11919137927309827,1,interior
0.6538374169891288,0.11416676850699499,1,interior
0.7914995899334967,0.35770786474376454,1,interior
0.7707929482467935,0.16913934225823324,1,interior
0.785815509763199,0.3785429474939607,1,interior
0.7652111962015644,0.15559286368497666,1,interior
0.6467769197676004,0.11314511128833296,1,interior
0.7861465180910554,0.17853337426953603,1,interior
0.5402415504593162,0.1366613512691605,1,interior
0.6218616804723801,0.10177520057678362,1,boundary
0.6348494189201418,0.10979812696917442,1,interior
0.8242547494685094,0.287859968839932,1,interior
0.8191730084060703,0.2527642829302919,1,interior
0.8120698814739906,0.22069630169786664,1,interior
0.6256341379119424,0.10631057158428935,1,interior
0.7410096469916768,0.14992850696052804,1,interior
0.7723942635891072,0.16349344731830756,1,interior
0.5276715871830951,0.15064183996011424,1,interior
0.8082554327608112,0.3282817974085566,1,interior
0.7905450140228545,0.3744740006600455,1,interior
0.460574325889475,0.31432194228125465,1,interior
0.4651473188440823,0.2460706172234996,1,interior
0.788055331306634,0.37524292914250185,1,interior
0.45462503067519344,0.30899998011182245,1,interior
0.7879817272124161,0.17803773739473538,1,interior
0.6967724732079407,0.11088043536835453,1,interior
0.8231903356084149,0.25999096250524506,1,interior
0.7763370276830671,0.17228142081832643,1,interior
0.7743267582467862,0.3826899682281306,1,interior
0.6338953720476521,0.10853114964922973,1,interior
0.4671195992938064,0.31483442417886454,1,interior
0.4946256169300167,0.17997111877899702,1,interior
0.45748276209611066,0.2686281346817239,1,interior
0.777608583988584,0.1741456506059075,1,interior
0.6876815084003103,0.11308334787496785,1,interior
0.68026017351906,0.11149213183381167,1,interior
0.8043116360269338,0.3263766897518387,1,interior
0.48667955878972746,0.1789183801336548,1,interior
0.8084760281763189,0.3339103261255989,1,interior
0.7399158780800409,0.14231416768397276,1,interior
0.4937139615056802,0.16963851342082228,1,interior
0.7707132578635721,0.15887167364769542,1,interior
0.44765280994454315,0.29296403470146654,1,interior
0.79897302520036,0.3482013224774266,1,interior
0.4469014142060481,0.29530250914499073,1,interior
0.46234733894343083,0.2516991493326603,1,interior
0.7702241748966213,0.15723764032338516,1,interior
0.824738408316947,0.26011745740745496,1,interior
0.7696566350002465,0.3924079247657372,1,interior
0.49767688896996337,0.17731745453817394,1,interior
0.7015413173151495,0.11210973395628422,1,interior
0.7565739117501498,0.1557336400945716,1,interior
0.7598955438936199,0.40280947471736395,1,interior
0.4469193810823685,0.2836453531674622,1,interior
0.5435312735963087,0.13472977117271298,1,interior
0.8282100053704691,0.2998581308436898,1,interior
0.4577705246422327,0.2728770962155154,1,interior
0.7938412319099796,0.36507551071057526,1,interior
0.5524334244704654,0.12777106259128915,1,interior
0.4667756948526899,0.20857886938843553,1,interior
0.780241184608963,0.37060129974435085,1,interior
0.8296226776754466,0.30370442215472293,1,interior
0.6557149755099936,0.11506038665156222,1,interior
0.7767919910078606,0.3841256175633545,1,interior
0.806278490581262,0.20370992884970288,1,interior
0.8083670833671216,0.21283344201047083,1,interior
0.7803270099852452,0.3815138653573063,1,interior
0.8069764339492406,0.22990848409709083,1,interior
0.8245142314936175,0.25441243012490367,1,interior
0.7005964749429723,0.11343020990406315,1,interior
0.7449444765812113,0.14058726584321568,1,interior
0.4488332689982605,0.2919905250632289,1,interior
0.7284130472928098,0.12718744027302942,1,interior
0.5371191692211971,0.14115388856179487,1,interior
0.6247116425646102,0.10456124861797886,1,interior
0.4868398680774284,0.18050799799080697,1,interior
0.4924728805052501,0.17777844677783777,1,interior
0.4963730056421964,0.16757348213163667,1,interior
0.49142104186820684,0.17245738694341117,1,interior
0.8080766534239299,0.1961236644158265,1,interior
0.8253911026906627,0.2868185031044406,1,interior
0.4999877344026023,0.1714128741820609,1,interior
0.8240629352111519,0.2893794010547583,1,interior
0.8114564010196467,0.2266630724957636,1,interior
0.4615438831673051,0.24722255144998834,1,interior
0.7404946127431962,0.1440359377665825,1,interior
0.8047173922819683,0.341767981023609,1,interior
0.8057372607483867,0.20577873721492088,1,interior
0.46243005245409224,0.24469120636657837,1,interior
0.46701875386322006,0.214412361632262,1,interior
0.5268556406648223,0.15372126559394916,1,interior
0.81311405975287,0.3164528863120157,1,interior
0.7693899552557208,0.172423579254015,1,interior
0.7065424374386418,0.11460587682704064,1,interior
0.45407508477404174,0.27256663184869995,1,interior
0.72608641946679,0.12527382630541425,1,interior
0.6433391363688507,0.11113945504830214,1,interior
0.8199586055514608,0.30834821375244736,1,interior
0.7376942158190632,0.13026368854422626,1,interior
0.6495616025418451,0.112638736718683,1,interior
0.8094100129371546,0.21172537522011822,1,interior
0.46601284558312117,0.20672779365369254,1,interior
0.5228022495610165,0.15763699701022232,1,interior
0.6515408504350158,0.11866779148643761,1,interior
0.7144718052985574,0.12226635699382156,1,interior
0.4595562192730426,0.3252417030243306,1,interior
0.8043648185568258,0.18679021277176283,1,interior
0.8045894829083392,0.34372244468143265,1,interior
0.6382746662147096,0.10924975923429249,1,interior
0.5351960814526368,0.14439272969045716,1,interior
0.8279405739099782,0.2976241882045099,1,interior
0.8119128230180485,0.2316757513826639,1,interior
0.45142223033026235,0.2947669976272239,1,interior
0.7854481813251667,0.17995611792923213,1,interior
0.6417652481189415,0.11263876222673248,1,interior
0.7920874069413858,0.3645745183750934,1,interior
0.4905362061057263,0.17497357801223343,1,interior
0.7726159679744351,0.15949413426001724,1,interior
0.8194515533450568,0.2504087979287128,1,interior
0.7690928170260213,0.16371200807718678,1,interior
0.4596033958396517,0.3114854635327367,1,interior
0.8147698244562127,0.31774528294353754,1,interior
0.7524986183204534,0.14631083683393542,1,interior
0.7214274665402055,0.12451783233417069,1,interior
0.47109271658953744,0.20354313534026247,1,interior
0.7801150314440284,0.38321181882994615,1,interior
0.8131661448785207,0.2194032264121986,1,interior
0.46520483527981765,0.23926437155334343,1,interior
0.7004576807439581,0.11101628464952645,1,interior
0.7083050164868042,0.11834589969767025,1,interior
0.7928239451280757,0.3664421426221309,1,interior
0.7660491854969749,0.3935114442347326,1,interior
0.5046904084968591,0.17036198799646812,1,interior
0.4456795115143861,0.2929654610022378,1,interior
0.8233523702840018,0.2520419872844018,1,interior
0.8146771876314901,0.234221212707047,1,interior
0.4659594933169006,0.2050458950229257,1,interior
0.8305450912293543,0.30568561643577485,1,interior
0.7769057990881277,0.17043336767296988,1,interior
0.4760251791163927,0.19789539581456364,1,interior
0.723360033654716,0.12418911792461691,1,interior
0.46671920672142064,0.23880222426022454,1,interior
0.7961971226320499,0.35592010487719755,1,interior
0.6704587310530298,0.11055651996016926,1,interior
0.5052831444618457,0.17789799807354406,1,interior
0.5160450800557878,0.16149984884063456,1,interior
0.535145802367852,0.14879773188954937,1,interior
0.8123422487836705,0.31797088487395714,1,interior
0.8067036560186127,0.3396648650634161,1,interior
0.8241177838269367,0.2704854707133831,1,interior
0.6450937732622944,0.11175899449243844,1,interior
0.5162338960928161,0.16578078326592946,1,interior
0.4549542378311396,0.2670813339273446,1,interior
0.535595948358255,0.14698574084155355,1,interior
0.45731703958026454,0.31252836185861455,1,interior
0.5240241196076364,0.15439309030277756,1,interior
0.8168492557656022,0.3063577248687471,1,interior
0.513205330245429,0.16567883109703851,1,interior
0.7718463708359504,0.3871074684197427,1,interior
0.45534000397562174,0.2713846196719986,1,interior
0.8253692848158396,0.2837539904864353,1,interior
0.82828364270584,0.275670656869585,1,interior
0.771569859342133,0.39011723409442395,1,interior
0.7929236170442608,0.18631060265387572,1,interior
0.8222050488781311,0.29025818947547705,1,interior
0.8256391359297821,0.25115219708091563,1,interior
0.8159518569859217,0.2194506457889496,1,interior
0.77585953983568,0.1682541266145267,1,interior
0.6404660863382492,0.10949193952420262,1,interior
0.6811172143562815,0.10998501101016726,1,interior
0.4520148032377862,0.2735171889877713,1,interior
0.8136158815157104,0.2211247186961401,1,interior
0.46601022597360625,0.21224549239945054,1,interior
0.4523819253051016,0.3071601603498819,1,interior
0.629431980215103,0.10791442565238907,1,interior
0.6200235385615867,0.10144489278046327,1,boundary
0.6271068044821516,0.10540177434689223,1,interior
0.4498543419971626,0.3041765379328487,1,interior
0.7668406362885832,0.38427338487002044,1,interior
0.716098422286737,0.11999535722763281,1,interior
0.5255706160186031,0.1552600014011572,1,interior
0.5106133793183321,0.1629509064900241,1,interior
0.5328071673366488,0.14712411168301226,1,interior
0.5176793622132568,0.16514518209385326,1,interior
0.8079206830147356,0.21567651962574144,1,interior
0.4755510839873439,0.19352358316453247,1,interior
0.4773343350270034,0.19876646287355387,1,interior
0.4640787710661411,0.21440504391356413,1,interior
0.8053955422783697,0.20815239154909154,1,interior
0.5092731784995921,0.1618108207700271,1,interior
0.7909377827600078,0.1827206215015344,1,interior
0.7889190700474854,0.3617553768940354,1,interior
0.5549670843095378,0.1247189724210743,1,interior
0.8083292867312661,0.22233151894638212,1,interior
0.8097145781929341,0.3214882571619424,1,interior
0.7949565502771564,0.18582652235357552,1,interior
0.7427982461413801,0.14457935071651382,1,interior
0.7612822526109716,0.3947175402203565,1,interior
0.7348345396800231,0.13116794437352106,1,interior
0.8137553012237918,0.31892932239858474,1,interior
0.8119786140742399,0.22815275567976137,1,interior
0.806910497945667,0.3415123616227056,1,interior
0.8158427109275938,0.24084791582192477,1,interior
0.6732029304007384,0.1114000737558056,1,interior
0.8081055696550149,0.3388384446405936,1,interior
0.7686042044971416,0.15804344642413892,1,interior
0.6425241485296889,0.10866313940041772,1,interior
0.651814399986571,0.1116492389281126,1,interior
0.46758974131360415,0.2068949948151374,1,interior
0.8059215640633267,0.2103327005186066,1,interior
0.622158491766399,0.10388151611711094,1,interior
0.743485664772753,0.14309032561960255,1,interior
0.8293104867582042,0.2794069843928172,1,interior
0.8197670049261173,0.3053704994664745,1,interior
0.4850983996115323,0.18699745532958695,1,interior
0.8084166026643018,0.3440335229998695,1,interior
0.8139133010150102,0.23846253886625599,1,interior
0.7220297984094084,0.12198959078394216,1,interior
0.4947709306554115,0.17485955734972838,1,interior
0.7823309515541108,0.38177073131944034,1,interior
0.7954954101373422,0.3577112816221639,1,interior
0.7744459582960943,0.16229787953096564,1,interior
0.47576907037098504,0.20108923720541685,1,interior
0.8272499153560948,0.28279964632102517,1,interior
0.4886347372028911,0.17988968523544258,1,interior
0.7807340963939128,0.3789645914182558,1,interior
0.44863120862675054,0.28003952536989885,1,interior
0.4596119531479219,0.2626534586479237,1,interior
0.8100547003265012,0.22195081892456045,1,interior
0.8085374351889995,0.3469957556265729,1,interior
0.8256349619756266,0.25660470425268117,1,interior
0.6922056237875793,0.11210147903009463,1,interior
0.7819650531572451,0.3775877471005802,1,interior
0.5138066216825404,0.16188962146425553,1,interior
0.7296171304968717,0.12601513469674322,1,interior
0.7032876644730774,0.1129482353667035,1,interior
0.4607575237721525,0.3283181045814953,1,interior
0.8155553864121832,0.23832831345464253,1,interior
0.8128663020611306,0.2226541137704611,1,interior
0.4633827975445985,0.21260788709761733,1,interior
0.46114463807417416,0.3165247078667934,1,interior
0.7996685927401005,0.35020268924329784,1,interior
0.8106006958182597,0.2106086785504514,1,interior
0.5060220774010321,0.16477037726793084,1,interior
0.7411331608298726,0.13526973520582694,1,interior
0.4615581723778053,0.23574526188977854,1,interior
0.6239392624502869,0.10042567549923993,1,boundary
0.8010030758150586,0.18652859373736497,1,interior
0.714376115822748,0.11938557467149018,1,interior
0.7956058815108593,0.3635725783577937,1,interior
0.45162061283450367,0.30861531942023795,1,interior
0.543031229173587,0.13727648311910418,1,interior
0.7054829002878585,0.11333792863492076,1,interior
0.4472977365367703,0.2875244729667761,1,interior
0.8053859579164876,0.19736186322713767,1,interior
0.8120793612954645,0.3196474536837283,1,interior
0.5014174587981051,0.16945016165554516,1,interior
0.6952504245431874,0.11075999170403024,1,interior
0.7826909107756437,0.1746429637803568,1,interior
0.8200857363982066,0.26128608877546594,1,interior
0.8077794526268309,0.21757803104062748,1,interior
0.46149064210154384,0.3262373594490519,1,interior
0.8076586239220046,0.20781681132224053,1,interior
0.8296993598785685,0.29896264674082873,1,interior
0.811751780723711,0.2242920185688788,1,interior
0.4568382683932943,0.2562566801536045,1,interior
0.7237898949946622,0.12256717096410252,1,interior
0.672070460479946,0.11517401552942448,1,interior
0.7945826809248439,0.3540952168493741,1,interior
0.8072106797897222,0.3495068834133989,1,interior
0.4560420351549859,0.3078817071394068,1,interior
0.4618532850984337,0.25635588492271816,1,interior
0.7876336705526119,0.3678894988041575,1,interior
0.8090326673529817,0.3354938627770093,1,interior
0.8095507226819547,0.3318217503391041,1,interior
0.7731722742704886,0.3842266065215598,1,interior
0.7809488595458406,0.3761672888220721,1,interior
0.8176142874966917,0.2413710489722037,1,interior
0.8277229246173116,0.30604217744133017,1,interior
0.6356099081343283,0.1080195629259326,1,interior
0.8193457723469433,0.23943024079868758,1,interior
0.6989454228684885,0.10969247105382979,1,interior
0.4606003991250046,0.24993034963310018,1,interior
0.7648007167269488,0.153735707025871,1,interior
0.7907817356720254,0.3603798445820952,1,interior
0.7721289918941867,0.3854799014196312,1,interior
0.7632764424747996,0.1511129539372594,1,interior
0.4603160496024008,0.2658045036889626,1,interior
0.809576079897908,0.21382705019252748,1,interior
0.6841764196806854,0.11049741685531787,1,interior
0.5214835694250746,0.1549898832424313,1,interior
0.7131377071703353,0.12386518213922615,1,interior
0.6703623896747479,0.11231722518723851,1,interior
0.8256840799405267,0.28840084907434427,1,interior
0.45871147129178463,0.32249464520767523,1,interior
0.4888273656185191,0.17238324201690028,1,interior
0.4615556980236593,0.23409775340067104,1,interior
0.8261749679190945,0.3045838983893395,1,interior
0.823999597644967,0.30658411788801393,1,interior
0.4622623350589732,0.21413672701339778,1,interior
0.45967429531829207,0.23389590856567555,1,interior
0.4721629391330844,0.2018755196415944,1,interior
0.6301959221193496,0.10471236036359997,1,interior
0.5189530760010652,0.15579853363397167,1,interior
0.5411823635459028,0.13793838897693655,1,interior
0.7593610179953761,0.15102897309889218,1,interior
0.5148123231022503,0.1651284046552379,1,interior
0.8096308376980091,0.226677454875872,1,interior
0.7800136543472848,0.17223239350169828,1,interior
0.7186973150635904,0.12345609545653291,1,interior
0.8242564698058066,0.26182323694002396,1,interior
0.5468369128337504,0.13038558612798887,1,interior
0.8180340355588154,0.23840702854708742,1,interior
0.7679974783894092,0.39364149204221993,1,interior
0.8266256500451113,0.26491748545395793,1,interior
0.4619322674902307,0.21711820154340966,1,interior
0.8072088104143182,0.2139014971285875,1,interior
0.8013738028612043,0.34907494180580606,1,interior
0.6325286045265689,0.10642263426998047,1,interior
0.8270382226275007,0.2849480793812694,1,interior
0.7782226794309962,0.38489885493019504,1,interior
0.7926064959563145,0.35163546697067183,1,interior
0.8274229403559668,0.3085593443400523,1,interior
0.7699055146153653,0.3939417913174051,1,interior
0.4633307749810783,0.23710154701500782,1,interior
0.6655324634083989,0.11128972042609449,1,interior
0.7889345881214754,0.373963391518678,1,interior
0.7165127243579626,0.1180478128721623,1,interior
0.7957625114702614,0.3602605959054596,1,interior
0.7879070074430038,0.19932757668486992,1,interior
0.8127657269046376,0.22995958441572606,1,interior
0.4632995435846929,0.3278863265487557,1,interior
0.7845478413544521,0.17294882301976827,1,interior
0.8192118591235236,0.2410157366959993,1,interior
0.4979508360992831,0.1685259967013725,1,interior
0.46955697981978894,0.2062633135333663,1,interior
0.4477248593966349,0.30329481151736737,1,interior
0.8066546146846404,0.3215725403718182,1,interior
0.4455623718537777,0.291021219282407,1,interior
0.8089513138197618,0.3232042884242304,1,interior
0.8137851123765453,0.23152895276970048,1,interior
0.45855888792266336,0.25870074453835185,1,interior
0.8198415632362249,0.31029990610010044,1,interior
0.8173286211236006,0.2601735396785576,1,interior
0.48682587581972603,0.1769975505169725,1,interior
0.44991090497638553,0.3095363208908211,1,interior
0.7944332127928622,0.36781631060796527,1,interior
0.8061499253557376,0.18632296900314324,1,interior
0.8172619042861055,0.314422239960946,1,interior
0.8210367412213978,0.24569049147553218,1,interior
0.5256755037935318,0.15264036404874323,1,interior
0.8113516478293713,0.2130734919747889,1,interior
0.8319154949312567,0.30327847274896697,1,interior
0.49931693749665274,0.1665736739001824,1,interior
0.5200027332338085,0.1630137820085633,1,interior
0.7277082619480454,0.12518238385577848,1,interior
0.8089020882279842,0.33706545208488276,1,interior
0.8045474333870117,0.18930205465098696,1,interior
0.7112435355568694,0.11750993190599579,1,interior
0.8085008620744115,0.34180812344502576,1,interior
0.6630396697968844,0.11508136654596042,1,interior
0.8198621748044187,0.31441517119377027,1,interior
0.45814334900478,0.3159630823553262,1,interior
0.4808557315629858,0.1900170332450912,1,interior
0.8108347004861829,0.33328095007744213,1,interior
0.8103215728700545,0.21843886897949089,1,interior
0.4505540386457348,0.3056491417167372,1,interior
0.5048249718957257,0.1675975401232014,1,interior
0.8064667831462554,0.1932282199868841,1,interior
0.7320945913410861,0.1298864819599322,1,interior
0.8091996679418907,0.3252992636196939,1,interior
0.7280679073661788,0.12370058236895201,1,interior
0.6576872051845878,0.1129474108712982,1,interior
0.7394197321845385,0.1353042586398161,1,interior
0.7851548949894099,0.17509816023965555,1,interior
0.8216498779364907,0.26463266649889633,1,interior
0.4625198462991009,0.332520329740121,1,boundary
0.7947987471769785,0.36999507733950643,1,interior
0.8302088628297033,0.26646454844593725,1,interior
0.48615942266925743,0.17153081182526178,1,interior
0.5181542536807071,0.1620828891336825,1,interior
0.8293124897680492,0.30726406267781897,1,interior
0.8221946364603946,0.2660951472853477,1,interior
0.8043683808515809,0.34906839299235215,1,interior
0.7786573827253934,0.3864392087580158,1,interior
0.7986563304110621,0.3550695830769398,1,interior
0.4616195457615157,0.2108114366872531,1,interior
0.7407855173948227,0.13372393084846487,1,interior
0.6824537504838714,0.10912259216293385,1,interior
0.6305066227066399,0.10624705743623661,1,interior
0.8047315124112765,0.1927509693304286,1,interior
0.6259847396075837,0.10267282947452405,1,interior
0.538675088244311,0.14017685551344536,1,interior
0.46020401495984015,0.24643839868593057,1,interior
0.4942992042006307,0.17158667336498507,1,interior
0.7017453388650409,0.10984336507773916,1,interior
0.7891157393997225,0.179297507903758,1,interior
0.44595995652370374,0.28670123422015176,1,interior
0.45053735533689565,0.27309744185181745,1,interior
0.7304167692213246,0.12251418026510756,1,interior
0.7703463337981822,0.1540621267251,1,interior
0.8045519449236832,0.1911225821444886,1,interior
0.7610725422923752,0.4004982137000301,1,interior
0.7704286931570038,0.38858843503076107,1,interior
0.6542611519986811,0.11169141794288147,1,interior
0.45449312445685963,0.2580916432147597,1,interior
0.7994902353822823,0.18317718722043455,1,interior
0.7834954940939362,0.3795071556826804,1,interior
0.4655119385221597,0.21045433642452815,1,interior
0.8030710787922917,0.21075815320760366,1,interior
0.8089625571106519,0.20405635142759623,1,interior
0.6411205809594923,0.10751171665876838,1,interior
0.4514813529977633,0.29826797954456624,1,interior
0.8106334942030873,0.32294053206048423,1,interior
0.458929711744399,0.23559741656896627,1,interior
0.8299260602140822,0.28557613255806347,1,interior
0.7313989426942219,0.12431458788269469,1,interior
0.8167212480703068,0.23373380394692486,1,interior
0.805796195190391,0.3476913342061168,1,interior
0.4838148323268262,0.18111728898006213,1,interior
0.8068630883586815,0.3435269493551536,1,interior
0.797845414803722,0.3534025706904624,1,interior
0.8247689215275033,0.2643046078908023,1,interior
0.44959407810833213,0.3112177022087879,1,interior
0.7605341544479739,0.14997986754466494,1,interior
0.45782729454504045,0.2550007075342832,1,interior
0.7070695338803202,0.11662545341750505,1,interior
0.7646660523900644,0.3961272587314219,1,interior
0.8165831574606838,0.31970271784330123,1,interior
0.4569413339897306,0.2187761991526299,1,interior
0.5209407866357195,0.15778840811633416,1,interior
0.49475103992738806,0.16547958726676737,1,interior
0.7129432323746888,0.11765269014201281,1,interior
0.8070107882502379,0.20927408140900144,1,interior
0.4598881092663071,0.22333195029088238,1,interior
0.7416853887236305,0.14277683449945794,1,interior
0.46344505655200874,0.23871102379794135,1,interior
0.7673115796958115,0.3950792980117749,1,interior
0.4496959821444486,0.3076798313860853,1,interior
0.460800562520763,0.21524663722489437,1,interior
0.6610205446683046,0.11349075225015902,1,interior
0.4610697150909565,0.2126377904977952,1,interior
0.7000855051335633,0.10718752030802409,1,interior
0.8268622608190852,0.28742229741083386,1,interior
0.7675129604921597,0.39804590256388583,1,interior
0.7863688298169393,0.37669545467219046,1,interior
0.80952383588999,0.20636640727298194,1,interior
0.4646360366420785,0.22935387956200243,1,interior
0.6709131352967334,0.10884037334622232,1,interior
0.4886828617925385,0.17633062988230266,1,interior
0.8282257981304448,0.28397837102442003,1,interior
0.8282382837923673,0.2950862523384279,1,interior
0.7741734548023674,0.160446675290874,1,interior
0.6913451874281942,0.1164389600371715,1,interior
0.5050883302157868,0.16352292780868877,1,interior
0.4474265260928223,0.290019534735504,1,interior
0.4583943749070555,0.2570881130988684,1,interior
0.46806450251428294,0.20966833298907034,1,interior
0.8109229322321894,0.2080317524302948,1,interior
0.5141192451155185,0.16020854268967122,1,interior
0.8279877014644853,0.28613960245315084,1,interior
0.4651821055665087,0.20872723153128128,1,interior
0.4478862192860215,0.31047193464576195,1,interior
0.8059075905555014,0.32660361341027794,1,interior
0.4559790900093952,0.21759846271387115,1,interior
0.8116734467958534,0.21538251905937972,1,interior
0.816126681199018,0.23223548992912305,1,interior
0.4564072462764562,0.26006951145197843,1,interior
0.807485520937368,0.3259361362104855,1,interior
0.4781739088513775,0.1938053086449889,1,interior
0.45767249631533585,0.23724932898003143,1,interior
0.4543181897689819,0.26036232258019976,1,interior
0.4747789974788497,0.19204416238328023,1,interior
0.5342171597543174,0.14564881510904618,1,interior
0.4630718480822624,0.2091108775292285,1,interior
0.4589030346829984,0.3128985329117418,1,interior
0.6326065941785158,0.10417651092400822,1,interior
0.4759804949637226,0.1897719686114545,1,interior
0.7664801648145898,0.3966722627304531,1,interior
0.463120127622598,0.24812285024541328,1,interior
0.7083505464223917,0.1154863337740463,1,interior
0.5313625017662992,0.14487418134721158,1,interior
0.44829713420758743,0.29848874145984905,1,interior
0.48842732794933474,0.17010116018800678,1,interior
0.8240201124824902,0.29200972765081146,1,interior
0.8099969090356665,0.3287669449719835,1,interior
0.4444116275601979,0.28417490119455857,1,interior
0.7426828077219043,0.1363930269090214,1,interior
0.5006495876880398,0.16779291786151418,1,interior
0.4808423037033447,0.19167910085723133,1,interior
0.8063758246200753,0.1998124199383466,1,interior
0.7581825381145276,0.14833013313704005,1,interior
0.4588738145113676,0.2483670576360127,1,interior
0.5244347548179117,0.15103106404416466,1,interior
0.8113629926154863,0.3418735499391579,1,interior
0.6727818543514866,0.1091039930705124,1,interior
0.4465619137900195,0.285189084885939,1,interior
0.6646354009249915,0.10883767985973063,1,interior
0.7770213847881354,0.16077075347342148,1,interior
0.5354886496270412,0.14082526402251433,1,interior
0.8134700183505421,0.22641632168712011,1,interior
0.7600089896478883,0.4043456091888777,1,boundary
0.7938639963517654,0.37308006572314417,1,interior
0.5575305650124035,0.125403190347573,1,interior
0.8253337688906804,0.24833347697805724,1,interior
0.6574462922711555,0.1112195420901063,1,interior
0.8160792665456125,0.2211740382314747,1,interior
0.7994843983537752,0.3531483501915635,1,interior
0.5188773069956653,0.15404218863906757,1,interior
0.8101595100671058,0.3451084445986175,1,interior
0.829999229133381,0.2881395954541392,1,interior
0.8123783786753861,0.207363815549877,1,interior
0.5386863037753793,0.13754139861060474,1,interior
0.45336986979172844,0.30996205752163897,1,interior
0.4642759044121257,0.20684140001746196,1,interior
0.8173859855810535,0.31609011229101475,1,interior
0.44888693371608906,0.2887831964693785,1,interior
0.8258877162746845,0.26292919756716276,1,interior
0.7284075115926567,0.1204873197874843,1,interior
0.7002365359505542,0.10883471368006165,1,interior
0.512180337617846,0.16196033536815402,1,interior
0.4589986201903157,0.3266610084613098,1,interior
0.7779075079979688,0.1578688768769486,1,interior
0.8165083586974367,0.31740177513434154,1,interior
0.8032202645978783,0.34673240272119465,1,interior
0.762431044801969,0.15442370808410077,1,interior
0.827078452491144,0.26112518981896343,1,interior
0.7322526660734674,0.12619186637765517,1,interior
0.4706689426279864,0.23412183756933003,1,interior
0.7445570353885935,0.1443698068204798,1,interior
0.46274028094645553,0.20696787708878017,1,interior
0.7255931726930568,0.12378051449262092,1,interior
0.718811908069372,0.11733171800763426,1,interior
0.8225299507148298,0.30739312329236507,1,interior
0.46422727371183814,0.20433259024445793,1,interior
0.8261052089990317,0.2534722335047764,1,interior
0.8066922991668417,0.19474804874476498,1,interior
0.5599687632596627,0.12382699041213682,1,interior
0.814635435167831,0.22482709681929589,1,interior
0.8285787128436635,0.30965780933270615,1,interior
0.8220342962355381,0.3128780721219666,1,interior
0.4697693495983024,0.20207330405051116,1,interior
0.5488309465268424,0.12909312999496608,1,interior
0.770276620187957,0.39859706513804644,1,interior
0.8006409517118571,0.35529834840868874,1,interior
0.4553083182879682,0.21964450643176014,1,interior
0.8139256200143011,0.32050669280706545,1,interior
0.748647538378392,0.14510690761531447,1,interior
0.6473802456349211,0.11134896433460237,1,interior
0.5289168299828386,0.14570356768287654,1,interior
0.8073586471960668,0.22519010178484578,1,interior
0.472902578526405,0.19817759800209328,1,interior
0.6800147846343888,0.10842732308828149,1,interior
0.47525456105751207,0.1964740196125064,1,interior
0.747005709376144,0.13823830906729215,1,interior
0.5549897684395462,0.1282326532604998,1,interior
0.8051019603125773,0.34579481516774174,1,interior
0.45112249102110674,0.3125398200745212,1,interior
0.45550546944707787,0.3107630495425317,1,interior
0.8157804512813179,0.32189090680409976,1,interior
0.46056105567170585,0.23747269839718996,1,interior
0.49154375828628283,0.16939139988169805,1,interior
0.8176867853599875,0.2358473838162605,1,interior
0.8160444405905959,0.22777850565606808,1,interior
0.4615810289935739,0.3296837698621449,1,interior
0.4547621414274255,0.215635362256922,1,interior
0.79928086780538,0.18092690642496081,1,interior
0.6921327212406189,0.11366484359329766,1,interior
0.634255810967655,0.10587572371481861,1,interior
0.44779006873603766,0.27458816075718584,1,interior
0.5472209516292661,0.1277637247313548,1,interior
0.5316444047852131,0.15137478910366664,1,interior
0.8324843146154925,0.3075543938323756,1,interior
0.7724173538091731,0.3928713040972596,1,interior
0.6813211129617233,0.10752090189037998,1,interior
0.7335523007294166,0.12843376716355995,1,interior
0.8256802583529022,0.2704846192831,1,interior
0.7502317645056538,0.14633015887402706,1,interior
0.8116314447690651,0.32563166285457945,1,interior
0.7563025343201857,0.14659430480636024,1,interior
0.7273704036972624,0.1223316050852611,1,interior
0.7733450276110523,0.3904209001426413,1,interior
0.8216680026958881,0.24843113050348364,1,interior
0.4600318449117699,0.21076593542016467,1,interior
0.8263037355592404,0.2723619239453383,1,interior
0.537082547344853,0.13603980825458076,1,interior
0.47792410897412985,0.1917389520483901,1,interior
0.8297600001230884,0.2815945152760534,1,interior
0.6781222825569693,0.10991648215338663,1,interior
0.6291095408681193,0.1035767342339638,1,interior
0.5365188773394851,0.13906701242424616,1,interior
0.8187014631674044,0.32181553923147876,1,interior
0.6308451536805938,0.1024341701749665,1,interior
0.8049322518545798,0.18448141296341591,1,interior
0.8131939758161326,0.21623199689447223,1,interior
0.5060364990858767,0.16949154945266845,1,interior
0.44571848246696544,0.305534892620625,1,interior
0.4571046037609599,0.32511762117178583,1,interior
0.7865149263208254,0.17692525343698282,1,interior
0.4915980070538381,0.17616039191508823,1,interior
0.813776659747578,0.2083581712191533,1,interior
0.5177772365314789,0.1571408627885378,1,interior
0.5333659530638397,0.1404226072217695,1,interior
0.8060815552546584,0.35070627750308286,1,interior
0.8237837401179512,0.3083720062111927,1,interior
0.8265000282684374,0.2908723488545804,1,interior
0.5103906227927226,0.1606831573459457,1,interior
0.48049389363205114,0.20147150395030597,1,interior
0.45732039591167817,0.2506362122883502,1,interior
0.4529602613953526,0.26839097928124134,1,interior
0.47941472768650095,0.19255781669611552,1,interior
0.4610799690148608,0.2218735188057402,1,interior
0.4487272959830126,0.30544072967161234,1,interior
0.8126337960439922,0.25105636723939917,1,interior
0.6979705649002977,0.10838141488311358,1,interior
0.8273712327361562,0.2545501225106973,1,interior
0.781411704550409,0.38033657813512345,1,interior
0.8118768723174772,0.33559943835652506,1,interior
0.44763169754553567,0.2785160097154579,1,interior
0.45869869791843454,0.260997982086665,1,interior
0.4563290053748254,0.23599580884062807,1,interior
0.8186648474687714,0.3182337867840798,1,interior
0.8131722126078091,0.21010238661481906,1,interior
0.7583077967630087,0.4040327905500873,1,boundary
0.7739166478352776,0.3856362353732612,1,interior
0.81928436186845,0.31640632418775866,1,interior
0.6690025793398037,0.10965007896232606,1,interior
0.5553644227426962,0.1262339870466788,1,interior
0.8144504942958788,0.23696139780635178,1,interior
0.44608122051300947,0.3034727920345822,1,interior
0.45937623780716524,0.2395740204537145,1,interior
0.7837785240018645,0.17019046876977156,1,interior
0.8294932858495279,0.26181306908872903,1,interior
0.6273290234388599,0.10359290877943556,1,interior
0.7615708399911405,0.40315369714019955,1,interior
0.8270838875678328,0.31136302285717743,1,interior
0.534314554681751,0.13805258921178573,1,interior
0.4866332889363885,0.1741555300445967,1,interior
0.7149257089192113,0.1178547389334712,1,interior
0.508526706686458,0.1673749509454144,1,interior
0.7865495660299905,0.1814864329118045,1,interior
0.5358827873080175,0.13701358347050158,1,interior
0.8286016875677064,0.26413169554367066,1,interior
0.8104997283166692,0.22340768935661917,1,interior
0.48250863122262233,0.1857544474546769,1,interior
0.6479871736728334,0.11484788068607003,1,interior
0.8138082816002252,0.23556475658565898,1,interior
0.7451086429961317,0.14594105587472225,1,interior
0.47375563213832145,0.19990447499489106,1,interior
0.45271989167482585,0.2707641332574367,1,interior
0.6392586593594208,0.10753228829031931,1,interior
0.4640061925027031,0.2110188205550736,1,interior
0.65221070109869,0.10965167711015296,1,interior
0.7201471085762069,0.11910671871314038,1,interior
0.4674801237766125,0.20527192666219224,1,interior
0.5319803281862238,0.14898791204688813,1,interior
0.79544404794843,0.3651724094035547,1,interior
0.8124885477934316,0.3296917165205705,1,interior
0.4476013843347627,0.3013866955601085,1,interior
0.49718701994014886,0.16513925294281886,1,interior
0.49200541604626674,0.16756092124543695,1,interior
0.7330848378396395,0.13110378389953425,1,interior
0.636431649688145,0.10968513326419593,1,interior
0.810932686186692,0.20460810461784185,1,interior
0.7895400626449003,0.3772299819637032,1,interior
0.44870084408236527,0.27329009145412236,1,interior
0.7730980743087899,0.3880024852088784,1,interior
0.8301981423994126,0.2767269413156728,1,interior
0.5291943234372757,0.14346847674624164,1,interior
0.8310741788506857,0.2649684196065112,1,interior
0.6695626820134692,0.10785943783867638,1,interior
0.7392502364519169,0.1324976692631403,1,interior
0.48496753017118516,0.18543173366721477,1,interior
0.7428899139261247,0.13469033077828527,1,interior
0.7628058540767109,0.1486910536931367,1,interior
0.4720134053004229,0.19953424514992696,1,interior
0.5503070690605415,0.12814534334881308,1,interior
0.6953120729612736,0.1124586060299262,1,interior
0.8201592796361309,0.23798385177749176,1,interior
0.7611598422146244,0.40594935030034457,1,boundary
0.4591280494612507,0.2140108313335264,1,interior
0.7439539437571278,0.13225545365063018,1,interior
0.6509200831074716,0.11361463298636904,1,interior
0.6645272613051549,0.1126094687484947,1,interior
0.45933205535984145,0.23054972237067953,1,interior
0.7174637210779155,0.12102686973003086,1,interior
0.6624144230406792,0.11196003085004234,1,interior
0.8182420478655266,0.3081033998099889,1,interior
0.806901663608459,0.18927492362946022,1,interior
0.8295634949153091,0.2970931790109292,1,interior
0.6959825887075242,0.10906843938637592,1,interior
0.6226398076271482,0.10538342773130346,1,interior
0.5417657020603796,0.1364249443345449,1,interior
0.831002067294039,0.3101846587448384,1,interior
0.7360333860302276,0.1296239225024316,1,interior
0.8026517527227673,0.18311790964657698,1,interior
0.6504854764558813,0.10808563527714311,1,interior
0.48415831856657376,0.17355754574499266,1,interior
0.6618245497013289,0.10942262150145801,1,interior
0.8300594816279318,0.28346157621217516,1,interior
0.7078218812045328,0.1131475050937632,1,interior
0.8318839068656045,0.2871896466615281,1,interior
0.8183830677315342,0.3096809146045525,1,interior
0.7228027188931176,0.11961886617965764,1,interior
0.7097575189498652,0.11684928977971352,1,interior
0.7822706532613428,0.17098231717373946,1,interior
0.6948117730937842,0.10789143178519038,1,interior
0.7918075453978404,0.3615709614039423,1,interior
0.7937731841981314,0.3562666943707489,1,interior
0.7181945736946795,0.11968264323442239,1,interior
0.5295995212694077,0.15057930896150462,1,interior
0.4495075702577941,0.30236289691994017,1,interior
0.7981868664943194,0.3516447162752816,1,interior
0.5221927998307017,0.15339147817281493,1,interior
0.48449969391705655,0.18276675511403292,1,interior
0.5382606874512165,0.13448699790382457,1,interior
0.8039891395108053,0.3512634061437591,1,interior
0.4839198054905056,0.18417929094501348,1,interior
0.4792813273147855,0.19093508986256139,1,interior
0.6927994132442409,0.11041423807652896,1,interior
0.7462370969051555,0.14725747830565258,1,interior
0.4576824396916158,0.25234207287768684,1,interior
0.6606574553868395,0.11155582064473407,1,interior
0.6120551950074365,0.11176116804541278,1,interior
0.7657104338003461,0.1520465305395718,1,interior
0.8030176593936289,0.3482650802183352,1,interior
0.5537017426021074,0.12387908484584986,1,interior
0.8125647485570703,0.3280251807528896,1,interior
0.7894631810422063,0.17714722504157393,1,interior
0.4450963678981936,0.3021823763583718,1,interior
0.8197522528515072,0.24343855857396984,1,interior
0.45649352399148524,0.215347885608385,1,interior
0.7171903090336833,0.11567609744670701,1,interior
0.5037611156251133,0.1657638922502954,1,interior
0.8212961863282499,0.2392465123342175,1,interior
0.5324057528926447,0.14272764788001172,1,interior
0.8107557527987673,0.33682041014158526,1,interior
0.44597828688918434,0.279650614050215,1,interior
0.7926906622044722,0.18067966631728974,1,interior
0.4612976783175834,0.2301295412495466,1,interior
0.4604778899509156,0.24365486626620472,1,interior
0.8317018842218603,0.28914511086171135,1,interior
0.48514557614932213,0.18870197309513514,1,interior
0.76175694939764,0.1509343467582277,1,interior
0.7928326307255774,0.3629991120407807,1,interior
0.4443102788086957,0.30693821916948916,1,interior
0.8266985877715975,0.2693475191869222,1,interior
0.6373865580178686,0.10754507245816382,1,interior
0.8022915237352148,0.3510145290283571,1,interior
0.807994543220124,0.19971274636820335,1,interior
0.7343562404536156,0.12530781511874972,1,interior
0.8129389488751532,0.20501519228408568,1,interior
0.7523208639060274,0.14466859702783416,1,interior
0.8078721450449277,0.20600091554785938,1,interior
0.4582092331445488,0.2218701591773216,1,interior
0.4781661751935532,0.18980908134837599,1,interior
0.6766062771117145,0.10981779022478207,1,interior
0.45931385866468505,0.25225248124742483,1,interior
0.6844425773726661,0.10825337399694222,1,interior
0.8083436716804763,0.21931246055529138,1,interior
0.8217476681939192,0.3097196960780816,1,interior
0.7034579242029626,0.11058049501907162,1,interior
0.8279243407079452,0.2917428197978324,1,interior
0.6638325839452885,0.11075330748953108,1,interior
0.5165342041609858,0.15394757305045273,1,interior
0.44364843002239573,0.29057958391453337,1,interior
0.6783734489820692,0.10810192837946839,1,interior
0.4598198255016008,0.3175587511528352,1,interior
0.7855640881584879,0.17114661850890678,1,interior
0.44405023473253014,0.30474479160094714,1,interior
0.48241487357618984,0.18384715840141844,1,interior
0.5121753684891618,0.15956062429386283,1,interior
0.8093292381488667,0.19506945159701913,1,interior
0.6967317410367365,0.10723793232510523,1,interior
0.8176521800578944,0.22026310855508277,1,interior
0.8138360365257686,0.20350177073467926,1,interior
0.7540095077720327,0.14591243356944944,1,interior
0.6860071627123839,0.11045657165444374,1,interior
0.48437733292083773,0.16973515797725022,1,interior
0.4489925947727779,0.3000716492917755,1,interior
0.6820021065135569,0.11148932970837641,1,interior
0.8141544434827381,0.32861810595669705,1,interior
0.45428271486851884,0.3047570960193158,1,interior
0.46100218173743823,0.3311795090776151,1,interior
0.807048624837451,0.20175588342249198,1,interior
0.4582082153282192,0.2294625162828023,1,interior
0.8103737401655541,0.2162482181806994,1,interior
0.821669216722714,0.2360344968454657,1,interior
0.4620874775984905,0.20553240163796072,1,interior
0.7652080956055258,0.15024279336548957,1,interior
0.5191803192302721,0.1586734935653134,1,interior
0.8223903567953881,0.31538519061178427,1,interior
0.7629447366566886,0.39682501100913853,1,interior
0.727554049024173,0.11778484104330732,1,interior
0.7193617321845942,0.11541622977747884,1,interior
0.8070670313063683,0.19739069522643068,1,interior
0.6746509765203573,0.11060814079663625,1,interior
0.466013451406604,0.20331545531803635,1,interior
0.7849038649725072,0.3816568199333596,1,interior
0.7118750027856965,0.11569516144753035,1,interior
0.6719254598771088,0.10741817453073638,1,interior
0.63667089690402,0.10591391353058516,1,interior
0.4594967233578472,0.2257272498771359,1,interior
0.508108987978696,0.16516047123410552,1,interior
0.7951702727487076,0.37414123761102347,1,interior
0.455028170107466,0.3126928972468544,1,interior
0.7452317923252935,0.1426141026037269,1,interior
0.46122165655345837,0.2536118378389868,1,interior
0.4609805464552468,0.32468637080056734,1,interior
0.6591960675495883,0.11075803835454172,1,interior
0.8081130856138135,0.19168129065332729,1,interior
0.7748044746504533,0.39198333951934883,1,interior
0.8147693835975509,0.21159140404384721,1,interior
0.45895443330825264,0.25023187683065645,1,interior
0.4735535643619654,0.19383638037903608,1,interior
0.7755681812979209,0.38702994024689963,1,interior
0.8304008991063113,0.2631367387763511,1,interior
0.8156871273183893,0.2078691444490359,1,interior
0.8137822806611298,0.22876160312440086,1,interior
0.7950546076203623,0.18339432416805773,1,interior
0.8161639364154927,0.23570054480571198,1,interior
0.7743673614256336,0.1588949093072035,1,interior
0.7962271289319476,0.36737007386517984,1,interior
0.768961887458085,0.3958559864811063,1,interior
0.7641268561397794,0.3989079760797732,1,interior
0.7091362578706482,0.11415956130085539,1,interior
0.8021265285768797,0.34566104551090543,1,interior
0.44832554029336086,0.29675179783325134,1,interior
0.44677598502932603,0.2999465151970793,1,interior
0.8286488402647968,0.2520166607897955,1,interior
0.8168422299169422,0.22278636305264196,1,interior
0.735243762072278,0.1270035877546777,1,interior
0.7776056192462399,0.1687844076826996,1,interior
0.7449257793244433,0.1366220920565,1,interior
0.8271711095222192,0.25802725537580645,1,interior
0.4954889435925379,0.16932629633825502,1,interior
0.4476070415957953,0.3069224648968022,1,interior
0.4442296647553713,0.2784939337525297,1,interior
0.4495477207576885,0.3130907709825834,1,interior
0.52064356512299,0.15251681014024224,1,interior
0.7627605245350954,0.4005749604048866,1,interior
0.7796937235546374,0.16129711600546232,1,interior
0.4590977480395143,0.22757914126304563,1,interior
0.772873746962769,0.15646938919616568,1,interior
0.6598662511990144,0.10847499712699107,1,interior
0.819013310307955,0.23660096071655204,1,interior
0.4465039556629574,0.29762125215376856,1,interior
0.7927259130396482,0.35889799737575045,1,interior
0.8340267076414195,0.28822204888250796,1,interior
0.7866018430765943,0.38226284402452543,1,interior
0.7668596970246324,0.15336732444100795,1,interior
0.8120256512768436,0.3212590883113293,1,interior
0.7626085648280515,0.40465798747950643,1,interior
0.45843205283863303,0.2154212802540456,1,interior
0.7880000716022869,0.3776629552074784,1,interior
0.6589116916913909,0.11484987333779668,1,interior
0.5284592767520855,0.1482054647006487,1,interior
0.5165490093611094,0.15611630885649544,1,interior
0.8262379990791667,0.259771235572645,1,interior
0.8007281631039634,0.35136296814394535,1,interior
0.5228740205933501,0.15164761453524153,1,interior
0.4839971913695158,0.17552054361293248,1,interior
0.7229630978617023,0.11691996888710253,1,interior
0.8279646873564828,0.2682684230684056,1,interior
0.7711562047242155,0.39691625784865997,1,interior
0.8066077462541451,0.2335889812321084,1,interior
0.5591481367902434,0.12237175967035968,1,interior
0.781796207694357,0.1726434700323595,1,interior
0.8058407357626931,0.18816866042978683,1,interior
0.8283026991135609,0.2592240573572565,1,interior
0.5454365742037803,0.12787358317976924,1,interior
0.8118948498286176,0.331288297322732,1,interior
0.4591637746094923,0.319693236294076,1,interior
0.4593040850247648,0.21227597766626702,1,interior
0.6930168861022752,0.10842039938470141,1,interior
0.6236566238816866,0.10333973950583489,1,interior
0.820395681518923,0.23483181499451106,1,interior
0.5260977359338924,0.14939812620506554,1,interior
0.813313986366051,0.21448594517783065,1,interior
0.81184724375648,0.21770072257823372,1,interior
0.5576191143141241,0.1237294648271179,1,interior
0.45770577759690073,0.32122704500096455,1,interior
0.8289107664086013,0.26960842516571676,1,interior
0.4592592167300481,0.33021879500915813,1,interior
0.4454723805661726,0.30799016622790804,1,interior
0.4619893171524422,0.3179435431857562,1,interior
0.7311651479490751,0.12761523686860762,1,interior
0.45786326105029523,0.3279835412422996,1,interior
0.7968005250496486,0.18363275820985406,1,interior
0.8094213706842764,0.3400368287804244,1,interior
0.4489158103379354,0.27586267737615056,1,interior
0.458545844882907,0.3240316235320454,1,interior
0.8277215495180883,0.2504952255150675,1,interior
0.6289501177580905,0.10204343276355525,1,interior
0.8150770473648381,0.2171728804607884,1,interior
0.4747342680593957,0.1948604638297613,1,interior
0.5335992376680173,0.13546460200830684,1,interior
0.7245475318728123,0.12119153441459835,1,interior
0.8095058624328367,0.19877415867129092,1,interior
0.8245759309502783,0.3097930328199284,1,interior
0.6944940731028297,0.10509842466477799,1,interior
0.45446499282326086,0.324643722479759,1,interior
0.7461217870052098,0.1443592837664825,1,interior
0.5105860745327672,0.16928111719859634,1,interior
0.7971667601202695,0.3572795691301261,1,interior
0.8330941973041585,0.28547862163033966,1,interior
0.46829369017502104,0.20109150465173856,1,interior
0.6954465810104318,0.10641602115810932,1,interior
0.5236580216522856,0.15635140148369903,1,interior
0.8356979933785326,0.2859826692917627,1,interior
0.8131341052119475,0.21250131571087194,1,interior
0.45573813667603735,0.3218449603503528,1,interior
0.6791856371947099,0.10650090538422637,1,interior
0.49466948042302283,0.1672456906207467,1,interior
0.45420011340569794,0.21778142072754111,1,interior
0.8138788287922424,0.20646516687121433,1,interior
0.8200051998265696,0.24749143390615058,1,interior
0.49239063566903635,0.17090214461173506,1,interior
0.7818474189915408,0.38323613665367007,1,interior
0.45796027049184335,0.22482013501001238,1,interior
0.4593188940697494,0.2646152432630801,1,interior
0.44620890074340186,0.2750131127973591,1,interior
0.5519685183222764,0.12429606274627246,1,interior
0.7762560943958046,0.3884073670467943,1,interior
0.6576468916880239,0.10925053010814427,1,interior
0.45719724468509887,0.27020504153846964,1,interior
0.4590480228615195,0.22021695708843145,1,interior
0.5173877979511337,0.1518036123551512,1,interior
0.517421613105865,0.15952087973602552,1,interior
0.8059796363918131,0.3523491400302811,1,interior
0.7981649208138091,0.18458904416041388,1,interior
0.7408719427353128,0.1410441698009333,1,interior
0.8331365834933927,0.264942626207505,1,interior
0.8308375767378136,0.3079117116500136,1,interior
0.8134878320161829,0.32626917457312804,1,interior
0.7158332417993112,0.11657260982091719,1,interior
0.4640956837962753,0.24112541244572627,1,interior
0.7028615130970068,0.10834495246061555,1,interior
0.7943021866269228,0.3595711612102069,1,interior
0.813014297421064,0.32370415358840987,1,interior
0.8047771392717418,0.1990861383449577,1,interior
0.7727685872526844,0.3944353531381855,1,interior
0.7641407069461719,0.40129739900580663,1,interior
0.8229524661331442,0.24670120119958872,1,interior
0.8082171698292383,0.35156379491912243,1,interior
0.808741372844961,0.3534148270390915,1,interior
0.8071463505628776,0.22356887142193657,1,interior
0.48309511897346147,0.17721932908953297,1,interior
0.4581346316793916,0.33197994871467307,1,interior
0.8311864532283187,0.2993176032996857,1,interior
0.8117973784283982,0.3470271330065067,1,interior
0.4562603466920947,0.2540794243131827,1,interior
0.8178627808096527,0.24306398518040073,1,interior
0.5304558551859938,0.14619880020365214,1,interior
0.8087427957109019,0.32679769434981504,1,interior
0.4559643148890323,0.23923766756880638,1,interior
0.7770027464653144,0.3862497824035163,1,interior
0.48020971010236274,0.1769968171047304,1,interior
0.7472472014450849,0.1427645831670243,1,interior
0.726029101957098,0.11984537173983054,1,interior
0.7559746769474871,0.14391062705851385,1,interior
0.4690393259263933,0.20442153144013947,1,interior
0.8016538367135528,0.3526854069373524,1,interior
0.7508650587141913,0.14297898604475734,1,interior
0.5426112943873467,0.13349525751160035,1,interior
0.74122385960268,0.1316917549251483,1,interior
0.809596314635627,0.34306312822754687,1,interior
0.7471743007534992,0.13530144506468447,1,interior
0.4797579843012533,0.18593356875447054,1,interior
0.5153899232901644,0.15815026201960367,1,interior
0.5471900923173052,0.12558768508182816,1,interior
0.7469163760527336,0.1458595860102875,1,interior
0.5355387765646944,0.1349066701753708,1,interior
0.4851618468555682,0.18016655657656522,1,interior
0.5101506927059739,0.15785993369560847,1,interior
0.4790090414209338,0.18778652322855358,1,interior
0.7777761065150798,0.38840010334539243,1,interior
0.8201293059611902,0.324358839965272,1,interior
0.5216094562287652,0.15054296157825603,1,interior
0.5052805594068628,0.16060570063059704,1,interior
0.8270482856849422,0.2522694376394871,1,interior
0.833441005506885,0.30566746760707053,1,interior
0.5028892391676749,0.16366839075531403,1,interior
0.49462122490311383,0.16359263695069404,1,interior
0.453207931316862,0.3145753744261772,1,interior
0.4549335927436362,0.26549420065935747,1,interior
0.7328236637903787,0.12361341350471852,1,interior
0.655269519371155,0.10947951210969102,1,interior
0.776158569327829,0.16450548297371811,1,interior
0.7981306771541405,0.3589701053420185,1,interior
0.8108219952533878,0.3385221295785377,1,interior
0.7658964455063507,0.4000751412298718,1,interior
0.7760839473844412,0.1587520465151635,1,interior
0.7501564185731052,0.14470633663072166,1,interior
0.7760020329655837,0.38990425712667215,1,interior
0.46708619195180057,0.2021486155650618,1,interior
0.682102760487803,0.10483330857738637,1,interior
0.7694834477521496,0.40033146303262573,1,interior
0.4559325389353989,0.3143037453051184,1,interior
0.7134319464537692,0.11450901991518421,1,interior
0.7775770111461492,0.39096738678524806,1,interior
0.6255098522547936,0.10090304299366062,1,boundary
0.7792443396910685,0.1706222715549425,1,interior
0.47235987052442735,0.1957505525426782,1,interior
0.8329058565736447,0.26267575506074065,1,interior
0.5407849519705841,0.13364385942124113,1,interior
0.4616661342218138,0.241345493564907,1,interior
0.5474338364484709,0.13509364132696308,1,interior
0.7710772726296109,0.4003707645572998,1,interior
0.8157060133093212,0.22598421330700358,1,interior
0.8283657792463197,0.28062439166621306,1,interior
0.4536194565225879,0.31185927049481715,1,interior
0.6503828727502483,0.10989890735372952,1,interior
0.7720805439467472,0.15373506453177954,1,interior
0.8149097590333401,0.21355075161659226,1,interior
0.47818768532344075,0.2020813837526023,1,interior
0.8011994311921986,0.35675978387393864,1,interior
0.4835156833191985,0.1872078877705335,1,interior
0.8327809490811633,0.2665107949721902,1,interior
0.4576384099010451,0.23397248971882548,1,interior
0.8277035075333975,0.28921489633090924,1,interior
0.4567270591830381,0.26303653421210593,1,interior
0.8312870309378394,0.2613366928851889,1,interior
0.5562075762628418,0.12272614309425503,1,interior
0.692565903047522,0.10332150357424318,1,interior
0.7774387406316781,0.16319913930204286,1,interior
0.4699194132804828,0.19825599036327704,1,interior
0.67705985399071,0.10663373865870641,1,interior
0.8314323260104556,0.27989508520373424,1,interior
0.45501689353413377,0.2345817977762472,1,interior
0.8036944489856207,0.19516008143305452,1,interior
0.8341911177998859,0.2807715544116804,1,interior
0.7781967216352236,0.16686230143967837,1,interior
0.8055455152615953,0.18206053405149672,1,interior
0.45178765314499986,0.3102206907706644,1,interior
0.7071098405040522,0.1102206349461439,1,interior
0.7972873747840344,0.36059739975638805,1,interior
0.44722011590864247,0.30484158133043876,1,interior
0.4479239255408439,0.3085131281350802,1,interior
0.6887166027454777,0.10926753700733105,1,interior
0.5129261509121441,0.15758112418407952,1,interior
0.8308214952467091,0.2784564203431087,1,interior
0.779780617833796,0.3777174389393468,1,interior
0.8132763616333624,0.3329627755425622,1,interior
0.6537577586627297,0.10919142990894048,1,interior
0.8185272889412819,0.23395837199986416,1,interior
0.8294962007598586,0.25789153057384895,1,interior
0.7217249560124012,0.11826496615805315,1,interior
0.44288635314524166,0.2934111674049703,1,interior
0.8160366766712199,0.20945584492151584,1,interior
0.5074137767974257,0.16109924232921388,1,interior
0.7806475803698257,0.16824175880037912,1,interior
0.6746423301244495,0.10806099611996717,1,interior
0.8292753164571629,0.2908531336562145,1,interior
0.5433010674416168,0.1260480731786761,1,interior
0.7914500783605312,0.37219548269117286,1,interior
0.8311519263250736,0.2563655836446232,1,interior
0.8087120253452902,0.20215837460369238,1,interior
0.481385308550642,0.1823326514484629,1,interior
0.45729544661477656,0.31879908572355603,1,interior
0.7369632697027361,0.1283843814948627,1,interior
0.7786512310303773,0.15975599684957636,1,interior
0.6717775093683963,0.10496584529845743,1,interior
0.7773956625411685,0.15608899983734825,1,interior
0.7956719944590452,0.18134989599269993,1,interior
0.6911959439030484,0.10931319199613783,1,interior
0.8175510011369203,0.21568689238585384,1,interior
0.8290418641968003,0.29364761624992997,1,interior
0.8202763576944924,0.24907114699446128,1,interior
0.7478180516106385,0.14106210654968002,1,interior
0.48638872110143083,0.16926984842482765,1,interior
0.6334541536676782,0.10259030132854728,1,interior
0.791232217154461,0.17963205479208386,1,interior
0.8120219968237481,0.20316732278616526,1,interior
0.8103546025618139,0.3486896240577181,1,interior
0.771095370169495,0.39538844636328796,1,interior
0.7705777138026604,0.15198055919245662,1,interior
0.7737112606023613,0.3965673698202616,1,interior
0.7197910605167233,0.12170427785667254,1,interior
0.46957489787275497,0.20024480927044974,1,interior
0.45081469809246005,0.27096690045095295,1,interior
0.8223984106652594,0.2335811261769131,1,interior
0.7939709487996972,0.18460570364592255,1,interior
0.7058523523869916,0.11157553043911597,1,interior
0.7964571166648072,0.36990457539708516,1,interior
0.46694119818525504,0.19908027074699117,1,interior
0.5497009063797467,0.12634410321050826,1,interior
0.8109105183841415,0.3529558738715418,1,interior
0.6488338948762488,0.11032475975471875,1,interior
0.8185929762487362,0.22154329308583787,1,interior
0.804443329130148,0.3527695286641393,1,interior
0.6697614571973992,0.10580232827263349,1,interior
0.8233153403335132,0.2349510424319722,1,interior
0.731671312948843,0.12145604463554735,1,interior
0.5150214157713437,0.1562624384660955,1,interior
0.7923210936588525,0.17798607857384088,1,interior
0.8070126962582286,0.34628306483088256,1,interior
0.7459053257963881,0.13432830833991422,1,interior
0.6798937010672053,0.10382915906253974,1,interior
0.8104945954906101,0.327299123787295,1,interior
0.8043779306874995,0.3544053707722121,1,interior
0.8338603374972723,0.3011572723374972,1,interior
0.4810221411451332,0.17935605535391555,1,interior
0.7939537109200294,0.35779541454097225,1,interior
0.454008220578932,0.269720875150301,1,interior
0.7907598984817783,0.17805701810036914,1,interior
0.7495877957534952,0.14110585452033111,1,interior
0.4459777917387675,0.2734771874835263,1,interior
0.70414217075615,0.1069824490999356,1,interior
0.47379537042801245,0.20143951608177,1,interior
0.5238691659509007,0.14929647118726355,1,interior
0.825607088359087,0.2455717724666391,1,interior
0.8121354368971084,0.2112867682409599,1,interior
0.44262849802549953,0.3076281890737243,1,interior
0.7747321341754041,0.1570607297185328,1,interior
0.8319343649364055,0.28245215259039913,1,interior
0.4583012003620903,0.3143658896641876,1,interior
0.45932052298686543,0.24172111050436032,1,interior
0.8317608013838207,0.28418584625553595,1,interior
0.4423034250462163,0.3016583148209822,1,interior
0.4565138811231134,0.2583584409808699,1,interior
0.8086458121203292,0.34862613536005604,1,interior
0.5327329682978575,0.13870470591998574,1,interior
0.8233978869391315,0.3120188659714331,1,interior
0.8211001776813476,0.3112138503714768,1,interior
0.492568822951973,0.16534319219185975,1,interior
0.44464309125443946,0.28088290099301094,1,interior
0.8279231012916184,0.27368812049547925,1,interior
0.8097608233639607,0.35179292150964564,1,interior
0.6351262147623272,0.10381398422690513,1,interior
0.7706382633370098,0.15556335991639594,1,interior
0.46780731997136066,0.19780349102074507,1,interior
0.7760948692517045,0.155254029900778,1,interior
0.46086940398859394,0.20917259943641311,1,interior
0.8296692294833717,0.3117738920870947,1,interior
0.7875012525965385,0.1746031961723077,1,interior
0.6565122948638802,0.10703084463857551,1,interior
0.7726629667022201,0.3994568903410146,1,interior
0.4453519071658247,0.27638837577267983,1,interior
0.4442943283663899,0.29524360195994076,1,interior
0.8143851797021266,0.3311275612628065,1,interior
0.8117649813223559,0.34001611902343454,1,interior
0.8169312232829324,0.2295416797382534,1,interior
0.802902923931995,0.3536057758415177,1,interior
0.8339483194033749,0.28338078075543666,1,interior
0.7881912773901502,0.17603611151281442,1,interior
0.8156502463328485,0.3252847071930811,1,interior
0.45912732126692185,0.21705800505691833,1,interior
0.5607844919320635,0.12135759286394282,1,boundary
0.458329925162163,0.24288599849127063,1,interior
0.8331193176633959,0.27923053133110726,1,interior
0.810891638955386,0.19549953928137292,1,interior
0.8308837044837956,0.2932740825221416,1,interior
0.793025634230074,0.1821715034846944,1,interior
0.6618654435100358,0.10779829581180253,1,interior
0.4596398879531113,0.31568228603891574,1,interior
0.4575400759829786,0.23127289752912705,1,interior
0.7970421797578228,0.3653767017061125,1,interior
0.45765930663678006,0.24538586579627966,1,interior
0.5334697559308038,0.14950013190939054,1,interior
0.4808226471769394,0.18452297670114134,1,interior
0.5450201632153837,0.12965796159795764,1,interior
0.7973914070164722,0.36306776657436224,1,interior
0.46490286911471,0.19780669391965508,1,interior
0.5438073692805211,0.127546405216007,1,interior
0.817872171310181,0.21768394942302574,1,interior
0.814184467992022,0.33529143950771717,1,interior
0.4551367605473985,0.31700117661419736,1,interior
0.8008025473228878,0.18078396955933346,1,interior
0.821521389989383,0.3166824399993066,1,interior
0.817700667188865,0.21130022514206914,1,interior
0.816713346307918,0.2138527286391006,1,interior
0.4443748276565155,0.3002207190656537,1,interior
0.8000480852266133,0.3598410272119457,1,interior
0.4565520673340913,0.2652376889842143,1,interior
0.7720723479615647,0.1498550564420353,1,interior
0.45909599011732993,0.26955636068084576,1,interior
0.687236152813938,0.10866919717104384,1,interior
0.4429493040455016,0.28181732423875216,1,interior
0.4613825293676541,0.2033045403935667,1,interior
0.8185098939717799,0.23116525247309813,1,interior
0.4592399490094509,0.24506603261192694,1,interior
0.4536025270823905,0.23363147721754962,1,interior
0.8138016080566551,0.33707522909572213,1,interior
0.7944747639561923,0.3616415457554394,1,interior
0.46427299982510406,0.2028076746254853,1,interior
0.8201154296667609,0.2195344788085012,1,interior
0.4557179205349487,0.24627264857169567,1,interior
0.4538682950475977,0.3075298364507909,1,interior
0.6397062000510295,0.10563448760421527,1,interior
0.8194536409916062,0.2167563263480596,1,interior
0.7054886657062052,0.10979240263320293,1,interior
0.8165871452630207,0.22453870056121672,1,interior
0.8109124949767781,0.1996375007659783,1,interior
0.6446367501184926,0.11029559468172966,1,interior
0.6534551027654407,0.10630686916317122,1,interior
0.4547538500434131,0.32007894900960365,1,interior
0.7911113806117812,0.17587017829759044,1,interior
0.6601766432297119,0.10560721184554742,1,interior
0.7936757275143793,0.17878848759121982,1,interior
0.8107363623461775,0.350277913450475,1,interior
0.45044148337830237,0.26727499813207645,1,interior
0.8261542359290962,0.31007886827521874,1,interior
0.7580968720584469,0.14575851279313953,1,interior
0.4626495294069996,0.20225178249671408,1,interior
0.7180812940703396,0.11384770760799649,1,interior
0.4480338100841539,0.31228957745105473,1,interior
0.8158137820775072,0.3236189576084581,1,interior
0.6673943581623519,0.1075213225114952,1,interior
0.8274153983842243,0.2628357196363008,1,interior
0.44463493319050934,0.27264198111171434,1,interior
0.6916476937659051,0.10152500757461638,1,interior
0.8336304235975877,0.2608708028552937,1,interior
0.5452854478518405,0.12490542831793865,1,interior
0.7539023201100636,0.14368687424350138,1,interior
0.4603160032173635,0.33286907119482895,1,boundary
0.48060287820867004,0.18739072731263537,1,interior
0.8329842241257103,0.2776031628740511,1,interior
0.45649413772641717,0.24149070762851638,1,interior
0.8225024891396296,0.24417665989991613,1,interior
0.8351324820243107,0.27952604634066325,1,interior
0.7640509897295782,0.4052748147805416,1,boundary
0.8162475907403314,0.21237086427880436,1,interior
0.5601033337835571,0.11936968003357916,1,boundary
0.652216553107332,0.107693743871011,1,interior
0.4444937043349261,0.2744455455123048,1,interior
0.7999385085962994,0.3580355683128099,1,interior
0.8291407256352906,0.3141370294768414,1,interior
0.8150989903673677,0.215591650794288,1,interior
0.45610096977763426,0.3274929954641906,1,interior
0.51115886510318,0.15650561239618774,1,interior
0.6368881298222803,0.10361613947644478,1,interior
0.5187801243848079,0.15085527780634325,1,interior
0.45533318559276365,0.21379283598971668,1,interior
0.8027387225938524,0.35583528010809623,1,interior
0.5012910069652486,0.1655667429033085,1,interior
0.7686129304259726,0.1525702867917102,1,interior
0.5135154259544537,0.15503500084548835,1,interior
0.8244955255164067,0.23223141997316848,1,interior
0.7730241378269462,0.15172843551145704,1,interior
0.8013090964530973,0.1839168485162104,1,interior
0.7742788636712805,0.15543633459445244,1,interior
0.8299346190939486,0.2601358798667201,1,interior
0.7922039281798815,0.37444757871631495,1,interior
0.4709793063057672,0.19695845231270373,1,interior
0.8223636893437767,0.23105005987867397,1,interior
0.8280118882017428,0.2714281700826385,1,interior
0.7424336332171466,0.13295544549666322,1,interior
0.7961180638038158,0.3617475449124314,1,interior
0.7041435302459873,0.11422700541977175,1,interior
0.4452147026252153,0.2894585118059243,1,interior
0.6414290755481955,0.10552475808648928,1,interior
0.8323240195651429,0.29655167797933485,1,interior
0.7486989011463956,0.13479298939781445,1,interior
0.6382395178153263,0.10230901374273363,1,interior
0.693128978199221,0.10621947077453503,1,interior
0.7540806310066049,0.14085009127823211,1,interior
0.8064889995677148,0.18477880833997,1,interior
0.4658175428576088,0.20021058303283673,1,interior
0.8139001834012521,0.3222213016612174,1,interior
0.8300315702988735,0.2537372496734483,1,interior
0.4737166073024059,0.19687635458828587,1,interior
0.8354467516140927,0.2839066154966632,1,interior
0.7792223187891818,0.3905979619336406,1,interior
0.6386271350617999,0.10405877997871038,1,interior
0.7822805060141789,0.3852357210278399,1,interior
0.461166565178117,0.20767460467665774,1,interior
0.504355083211361,0.16217621943809304,1,interior
0.45939767702458,0.23217769358521462,1,interior
0.8131637619655913,0.20078201067749177,1,interior
0.6355850444861809,0.10230716213474195,1,interior
0.7737289156957088,0.15388760716568672,1,interior
0.8342369934611303,0.29951878031569457,1,interior
0.7158233802417642,0.11376138974588401,1,interior
0.8181067441987946,0.3246044317240286,1,interior
0.4543255584740009,0.21186671018334485,1,interior
0.4842319292430487,0.178265723033295,1,interior
0.44656088262415355,0.30921556583043214,1,interior
0.4901191616527245,0.16401221345385059,1,interior
0.8198066424221586,0.23260518145415662,1,interior
0.7884143016597194,0.17222954904409196,1,interior
0.7976260114222316,0.18180437184167567,1,interior
0.8321693997310178,0.2686392465555778,1,interior
0.4609036681348612,0.23987403121875853,1,interior
0.456767196677767,0.24775253201202158,1,interior
0.8143908269865471,0.2225818104777842,1,interior
0.5306848653371805,0.1479532982403021,1,interior
0.8253214136806339,0.3123364087947269,1,interior
0.8187792969180773,0.21469604285757302,1,interior
0.8162947588888408,0.20258334004831086,1,interior
0.4525150333993053,0.21417926922233027,1,interior
0.4632922079023277,0.20069908857810675,1,interior
0.6912693533013264,0.09902347150638638,1,interior
0.4541613703491871,0.2406469181649689,1,interior
0.8148059181984281,0.23017424629406366,1,interior
0.46966952239358234,0.19487163452673767,1,interior
0.7523721530687248,0.14236595356657022,1,interior
0.8253767284736464,0.30809436395175954,1,interior
0.7803712873404725,0.3862471043189829,1,interior
0.7091475396595888,0.1113187411675657,1,interior
0.8100872205959362,0.3469014662753867,1,interior
0.8321426233199224,0.25881024641095607,1,interior
0.8027084823529788,0.17967661670319043,1,interior
0.8042514205308992,0.18288566836910505,1,interior
0.5142404680836101,0.1532567525053718,1,interior
0.7659610242084399,0.14813006756662472,1,interior
0.4819952846049419,0.17451681550630394,1,interior
0.7826110142786243,0.16842884950156178,1,interior
0.8320054104927395,0.27630447733342245,1,interior
0.7754865439191205,0.39954957734867336,1,boundary
0.8185116981330864,0.22891618131341407,1,interior
0.7937135400164822,0.3714123079882531,1,interior
0.5251953223103623,0.14789753063510044,1,interior
0.7622255511875029,0.1470143298527422,1,interior
0.443090397971556,0.28909225720049764,1,interior
0.46456457929341344,0.2630122295675818,1,interior
0.7814202594945501,0.16634928864432316,1,interior
0.8061583596226588,0.35516389779872715,1,interior
0.6454920545068641,0.10786129349800627,1,interior
0.69199746714107,0.10514688283872319,1,interior
0.45662292519504905,0.3161295320404282,1,interior
0.7987032587465367,0.35665638159445795,1,interior
0.6410219745013399,0.10368002246248638,1,interior
0.838050961709172,0.28715289617384,1,interior
0.4548227497680547,0.3154727743161272,1,interior
0.8214693414806933,0.24100040491372604,1,interior
0.6461670823079992,0.11038709903307187,1,interior
0.7527867520372654,0.13937184529582944,1,interior
0.8326512240354724,0.2809983079391766,1,interior
0.8087093496230369,0.19354017526519435,1,interior
0.4418021155726736,0.2901330813661244,1,interior
0.5213014271735584,0.14859347409297144,1,interior
0.8197307037953652,0.3206083457030418,1,interior
0.7844768071428194,0.16882765106317277,1,interior
0.8123321039695269,0.35238213564932075,1,interior
0.8119279991300622,0.34904340018182345,1,interior
0.8019123783311283,0.3590669724273943,1,interior
0.8349423501694754,0.28217997418465474,1,interior
0.7848137061610534,0.17665950018390772,1,interior
0.8156103339473071,0.3325612930796754,1,interior
0.7900279902825355,0.16986096898066486,1,interior
0.7692499882573118,0.15026515061967347,1,interior
0.4469702512106201,0.2718463536090177,1,interior
0.4880785157087395,0.17475748592701354,1,interior
0.4568541168329081,0.24328778315657068,1,interior
0.4545806469889413,0.32929041663978104,1,interior
0.8317821442241543,0.31370787827420954,1,interior
0.7951334859409487,0.1797567870021978,1,interior
0.62694597539281,0.1004015566324773,1,boundary
0.8338012675187951,0.30277695161658846,1,interior
0.7806577403834475,0.38863258043176657,1,interior
0.7776707615677092,0.16502145837348003,1,interior
0.4536424686253225,0.24236060951474672,1,interior
0.7464614129258026,0.14011681926202804,1,interior
0.7875501780206576,0.38470721477048914,1,interior
0.7888571114942056,0.37967397295586613,1,interior
0.8136077885884976,0.19831114407359338,1,interior
0.4408191435500927,0.291594118574644,1,interior
0.45363990001887555,0.25458998016030193,1,interior
0.7670311449622159,0.15028545890346492,1,interior
0.45689156055029756,0.32335265909414523,1,interior
0.7719118184522537,0.15782777657848182,1,interior
0.7991061723017322,0.3612090079059016,1,interior
0.7894930893833532,0.17449655671122408,1,interior
0.4574510344025785,0.2401993153193744,1,interior
0.7585493385053117,0.1432098028124973,1,interior
0.7866963856580451,0.17242170591740713,1,interior
0.8306212522032812,0.29519384274311256,1,interior
0.5318202836182523,0.1373908612521745,1,interior
0.6407302826054732,0.10218417413861115,1,interior
0.4964593448008753,0.16139969941581536,1,interior
0.7644164640620386,0.14723885696180528,1,interior
0.7782364207165509,0.1538874928007879,1,interior
0.8278831467621329,0.3130066295353808,1,interior
0.8083112340409103,0.18477532857255347,1,interior
0.7214447865363767,0.12040566539978693,1,interior
0.5145792717015888,0.1516673012018435,1,interior
0.5582053412336284,0.12010621939753194,1,interior
0.8060449723540385,0.1797550116482853,1,interior
0.4446778852908629,0.2875860307190312,1,interior
0.8365549850115113,0.2895445231550026,1,interior
0.5492381654114579,0.12363629518701924,1,interior
0.7198803419461641,0.11278055839591825,1,interior
0.45509169338015026,0.25265240719568793,1,interior
0.4495254252668909,0.27185479312754146,1,interior
0.4421397776988155,0.2728425748198053,1,interior
0.7633557903976925,0.40289273365080003,1,interior
0.5117303485797047,0.1547210933592154,1,interior
0.8108651633817248,0.31864847549355435,1,interior
0.8277452404914989,0.2565079445884564,1,interior
0.5310440616990624,0.1419985202209147,1,interior
0.44503935451777654,0.3104696198850958,1,interior
0.8261451100903653,0.23332617919771773,1,interior
0.5355304567310752,0.13290965702414836,1,interior
0.7970755365176849,0.3714743838351169,1,interior
0.8158057989107093,0.3278053554530773,1,interior
0.5274442491765117,0.14614488260003222,1,interior
0.8138204040944735,0.3519535550554909,1,interior
0.543480070453272,0.13155275194428837,1,interior
0.6832174728105721,0.10613301715060997,1,interior
0.8021138835984201,0.19502816604175013,1,interior
0.4974554125744505,0.1602031416095553,1,interior
0.7758400450527453,0.15368149302665884,1,interior
0.8107071549929408,0.20160080392291993,1,interior
0.8251973936436331,0.31387768033629554,1,interior
0.45582411312402654,0.24956668695449644,1,interior
0.45572811619839937,0.2694579152563979,1,interior
0.6855776917049325,0.10583248511584926,1,interior
0.4904283035481083,0.17105266846202125,1,interior
0.4583899722679871,0.2109643431315561,1,interior
0.8346954836475424,0.2767148389697102,1,interior
0.6903861970171908,0.10528151697738306,1,interior
0.823671132548378,0.3143102565573631,1,interior
0.68368723349509,0.10348155948890868,1,interior
0.6584192663866223,0.10368208449089122,1,interior
0.7243189438116465,0.11924907215171016,1,interior
0.7982445322594979,0.3685994122134342,1,interior
0.4853000919339269,0.1763928625204539,1,interior
0.8111585088940607,0.19255136799582873,1,interior
0.7812742820060377,0.15830825616665747,1,interior
0.698714521489802,0.10629584168034865,1,interior
0.8296698298263281,0.255619986130516,1,interior
0.7141745735403869,0.11623979960902706,1,interior
0.816237595221496,0.3304877930131206,1,interior
0.8203361075114209,0.3225943674137819,1,interior
0.7066546082473872,0.11872730555917041,1,interior
0.6892520461986167,0.10674660817840222,1,interior
0.4763965971522009,0.19219331810027168,1,interior
0.783373834759436,0.3839746136402282,1,interior
0.823842365936042,0.24519927948622866,1,interior
0.6441471590000567,0.1063330352046465,1,interior
0.5489665590285064,0.1209523477429739,1,interior
0.8139808938327263,0.3503824584058677,1,interior
0.8146335611976142,0.19597702725194607,1,interior
0.8182385781074512,0.3199217081105457,1,interior
0.8095755023302478,0.2005482790145152,1,interior
0.7110587704075142,0.11347201683868688,1,interior
0.760890310325877,0.14832821971276125,1,interior
0.6868927849818143,0.10714404047816563,1,interior
0.7246365278950575,0.1166409315865593,1,interior
0.807823127457328,0.3546891369007559,1,interior
0.8029763837000817,0.3574649391562257,1,interior
0.4501520518681215,0.31460544487203734,1,interior
0.8307713519542367,0.27420244750560085,1,interior
0.7836196998965089,0.16708321182734315,1,interior
0.6738773842652,0.1052165546317658,1,interior
0.8029109395267707,0.3602385007054403,1,interior
0.4567789526561417,0.3311927236989941,1,interior
0.769285281586742,0.39742276542794186,1,interior
0.45230367566427626,0.32676345029049025,1,interior
0.4977998528896572,0.16244343153423027,1,interior
0.6801196700845127,0.10159146558818649,1,interior
0.4505386034968229,0.3172834859893755,1,interior
0.7796129419523098,0.392819594217823,1,interior
0.8070987210049069,0.18168078349814248,1,interior
0.7832317450078043,0.3867265302148472,1,interior
0.8297533296840631,0.2729389099329059,1,interior
0.6875055806951695,0.10515116913995133,1,interior
0.6585441278774324,0.10529361687073681,1,interior
0.6617753281714042,0.10587338149718833,1,interior
0.4951212943803647,0.15904728925323375,1,interior
0.7946529756425592,0.17696506750287672,1,interior
0.810098355217202,0.19137754966850395,1,interior
0.7860522158233538,0.16700701966719972,1,interior
0.4831116124620845,0.1797174681769566,1,interior
0.5034062833662857,0.1583378861803217,1,interior
0.7755353462620301,0.39483113720128665,1,interior
0.5015715502724551,0.1626048292553525,1,interior
0.8325794992159922,0.25560480131541247,1,interior
0.8155438936872067,0.2048658230558098,1,interior
0.8242562366689474,0.2417858097523078,1,interior
0.4600897730455444,0.2018895475299844,1,interior
0.48994824454227925,0.16878215025001467,1,interior
0.7400749567116892,0.12960467215403002,1,interior
0.8105577438447298,0.21995863752838973,1,interior
0.7873260747812606,0.37920665224017275,1,interior
0.8325051266605008,0.3113845221409343,1,interior
0.5120618426089211,0.15015107078716305,1,interior
0.45205785432736617,0.2194869773430879,1,interior
0.8009357707522751,0.3629497212308364,1,interior
0.8339525873782337,0.2749501120312289,1,interior
0.4933831601359984,0.15785352857505824,1,interior
0.45496555695757,0.32629195027009916,1,interior
0.4477166120770621,0.3147512338067564,1,interior
0.8195946006884013,0.32629723748187905,1,interior
0.6720727667512558,0.10259198260091176,1,interior
0.4433699919692549,0.3093372606492815,1,interior
0.5081160429055511,0.1562958990365437,1,interior
0.751305265929921,0.14065454041734332,1,interior
0.4602159631509972,0.22861132609321985,1,interior
0.7464719789782925,0.13676817827284785,1,interior
0.7880528826751815,0.17058856295884084,1,interior
0.8288816360299363,0.27765105916046595,1,interior
0.6671488699316421,0.10939387671055995,1,interior
0.4552341858615001,0.2510944192096849,1,interior
0.4796707156807206,0.1784250525923032,1,interior
0.7769433937443371,0.3930542548907901,1,interior
0.8090280998626126,0.18284350764004412,1,interior
0.8177996018014809,0.327649959375918,1,interior
0.7118552964838033,0.11155836089907169,1,interior
0.723930654110489,0.11431981886817859,1,interior
0.67334221286642,0.10673178767893461,1,interior
0.8136780009711323,0.3486567460579864,1,interior
0.6453527941445608,0.10474941256857663,1,interior
0.7847349397196276,0.16535878454503888,1,interior
0.4537512779335308,0.250308474972906,1,interior
0.45524713966104374,0.24313526029997531,1,interior
0.44923033214393343,0.3158398671480294,1,interior
0.49045130850574586,0.16723612845415725,1,interior
0.829491406956646,0.2681859186529013,1,interior
0.7705776381321212,0.14912048585503998,1,interior
0.8172323510034597,0.321398812805048,1,interior
0.7996913830725532,0.37081930907174665,1,interior
0.45307682991101844,0.26571596179939566,1,interior
0.8293543575971317,0.3161832386278733,1,interior
0.8363963581071902,0.2807823623424757,1,interior
0.6473250561155013,0.1091019819704585,1,interior
0.7652511621653405,0.4034578093309786,1,interior
0.7212959983542482,0.11599229984707388,1,interior
0.4898229612173269,0.17360921921731892,1,interior
0.8381830277178285,0.2831557784821003,1,interior
0.7685960862965141,0.14792853142486026,1,interior
0.45222676559813074,0.3173974729126925,1,interior
0.6613240638931662,0.10428596763834155,1,interior
0.7667120426811418,0.40289792171519506,1,interior
0.443171104441489,0.3126758589916173,1,interior
0.4742358117658764,0.18880627535393085,1,interior
0.5094468498930486,0.1550848490746065,1,interior
0.454767622089373,0.26251266162421927,1,interior
0.4564447093727449,0.23239045173312925,1,interior
0.4566892570947954,0.3292246708818751,1,interior
0.786907591355741,0.3806765536408102,1,interior
0.8346005362185471,0.3076433079684585,1,interior
0.8163181409461526,0.3339887934077678,1,interior
0.44215317163159756,0.2795711558248848,1,interior
0.8062339025502495,0.1911855054525567,1,interior
0.48883508675763804,0.16485909016838274,1,interior
0.8103455224499696,0.1839564709245814,1,interior
0.8125195691640089,0.3508068466664693,1,interior
0.7979638194037026,0.1797723364183028,1,interior
0.4417200633038244,0.287691169735749,1,interior
0.7659104857084487,0.39835712989072913,1,interior
0.8241861721577464,0.31600344071003567,1,interior
0.5084357459785552,0.15896362769693434,1,interior
0.835964596088727,0.28772353548524504,1,interior
0.7796186795370087,0.155404545235884,1,interior
0.5311605580146612,0.1398842146730971,1,interior
0.4777697044223545,0.18573159083819327,1,interior
0.8108143099384043,0.18202137002984234,1,interior
0.6902558031725409,0.10314864506693869,1,interior
0.7725705381575424,0.3976398329094073,1,interior
0.5289274875666448,0.13678512361786974,1,interior
0.8172113906740855,0.3319591311001267,1,interior
0.6489998317315971,0.10731860029550735,1,interior
0.5300834305712839,0.13788049625789803,1,interior
0.7331823511807071,0.12190036525690755,1,interior
0.690989048116636,0.10780879035749377,1,interior
0.7747995316216159,0.3978891414987177,1,interior
0.6824910075749608,0.10244763457554819,1,interior
0.725436511146793,0.11821756173375025,1,interior
0.7595137406827553,0.14513269951708263,1,interior
0.7044522487884264,0.10857339887775302,1,interior
0.4754290809414423,0.1876015631758192,1,interior
0.8302069726690626,0.2492444914673914,1,interior
0.5066819092313236,0.16252012213289083,1,interior
0.8340664339597396,0.29465139774494054,1,interior
0.8319949530950915,0.3051636189249548,1,interior
0.47333248527940114,0.18585572718171176,1,interior
0.7752722760614686,0.38388748207202056,1,interior
0.7850861508142772,0.3801169785762543,1,interior
0.8235221375799493,0.24010729284888915,1,interior
0.7709192208834909,0.3915120927815055,1,interior
0.8174708571324603,0.3230213143454688,1,interior
0.7746622909025597,0.39356422441760486,1,interior
0.5422936057957471,0.13060283236040654,1,interior
0.4601803015983665,0.20438822176119847,1,interior
0.4545897713295926,0.24774308217069294,1,interior
0.5002128479850259,0.16395839263943157,1,interior
0.4884634928743125,0.16660013925086145,1,interior
0.44052237060449034,0.2859658652721866,1,interior
0.5384027214987772,0.14595060703218254,1,interior
0.8247147597491381,0.23594853127335166,1,interior
0.7136250514180152,0.11257959433531635,1,interior
0.5426562099509901,0.1285490921040778,1,interior
0.7993933914770299,0.17834638910941278,1,interior
0.7214652982433392,0.11420097706432798,1,interior
0.4821580383858852,0.18091634605265886,1,interior
0.779619269884258,0.16547944216453508,1,interior
0.6885091060458817,0.10347212625310809,1,interior
0.7809517131180388,0.17011951547468854,1,interior
0.45277204932824094,0.2639669693851671,1,interior
0.8170552660407199,0.1948544936365207,1,interior
0.449040264371986,0.2699210106383347,1,interior
0.6641714032895415,0.1064332185224978,1,interior
0.7965086230984516,0.17889676163814502,1,interior
0.45386377485623214,0.32169420579087,1,interior
0.4961967943840049,0.16289992948967508,1,interior
0.45284256724190425,0.32328220566102467,1,interior
0.8083164957805299,0.1781188018469396,1,interior
0.7881680230240733,0.38240150369683856,1,interior
0.48641713923431884,0.16483789335842575,1,interior
0.7476521573187067,0.13198894901422872,1,interior
0.7871605439925986,0.16377316148509913,1,interior
0.8186951803080328,0.33289482964015377,1,interior
0.8240433632726026,0.24364188046059007,1,interior
0.7744615603733509,0.38899583925339953,1,interior
0.4573554695160389,0.2168534738580467,1,interior
0.758803203891496,0.1414783393907719,1,interior
0.512294368293362,0.15296446452104925,1,interior
0.7565108061948504,0.14177424504828334,1,interior
0.5567477799649424,0.11829338460534342,1,boundary
0.5338984198315898,0.14244462194328308,1,interior
0.8153807630685977,0.35196784390323627,1,interior
0.4516211505612689,0.3248411661399488,1,interior
0.5334533121551874,0.14407232069919637,1,interior
0.4529844097750181,0.2520939695111341,1,interior
0.45414201371423946,0.23587549505805594,1,interior
0.6889222135133166,0.11085861056924903,1,interior
0.7827198339924318,0.1650906569028587,1,interior
0.4980355438916858,0.15831582924212562,1,interior
0.7997393381318675,0.36413696097613385,1,interior
0.4507752755039821,0.21538548830383628,1,interior
0.514897067445161,0.1488195249703486,1,interior
0.4877754949552908,0.16822451186374396,1,interior
0.4444314298179218,0.29830641417632764,1,interior
0.7677407357714237,0.14532041805471407,1,interior
0.7791472645510886,0.394916781083848,1,interior
0.7294119594650478,0.11794087722759226,1,interior
0.5246962608907012,0.14547817802843316,1,interior
0.8312118888246973,0.27052820839459646,1,interior
0.5531559060717619,0.12558879984788524,1,interior
0.8188124602581541,0.33490103459307974,1,interior
0.809717427956944,0.19718595405902992,1,interior
0.7298024874587767,0.12418703984833002,1,interior
0.8046092868483044,0.17807769787765393,1,interior
0.47577109617061214,0.18585167941988465,1,interior
0.45501031249744356,0.25582488194805314,1,interior
0.8104915861079985,0.19395400769830473,1,interior
0.4571069335073009,0.26714799609717965,1,interior
0.7764835008898096,0.15125930390944162,1,interior
0.8178646043608804,0.22569223449415143,1,interior
0.7299185158102978,0.11987906264755414,1,interior
0.8076592055211962,0.18002616543413488,1,interior
0.5023063476587382,0.16005045593036402,1,interior
0.7845979851070576,0.38572958472899016,1,interior
0.8027084056283667,0.36373157906283615,1,interior
0.8378290092000982,0.27878185797268845,1,interior
0.4420367817284134,0.2769514666508655,1,interior
0.7416716317951373,0.12990950078113483,1,interior
0.7793653873571837,0.16300157646688063,1,interior
0.45184774072849554,0.25701822866881713,1,interior
0.6780745012653104,0.10437664174927329,1,interior
0.8207708553560507,0.2141179448752496,1,interior
0.8098467073930173,0.18859851326381483,1,interior
0.8200199587488022,0.22926257488206303,1,interior
0.722665311061839,0.11295502404236385,1,interior
0.45063516662640957,0.21308521071194575,1,interior
0.7613887503383147,0.14508783206307102,1,interior
0.7808726192122047,0.16400059610138165,1,interior
0.4805185715585293,0.17391132175695745,1,interior
0.5264637554732251,0.14380341685278858,1,interior
0.4441721170226386,0.28576640390724284,1,interior
0.7677366966371103,0.399768190768567,1,interior
0.47870435154762897,0.17456282691861533,1,interior
0.8310019812954818,0.2976624659343988,1,interior
0.48178423789259905,0.1780100570771172,1,interior
0.4778635143480591,0.17720980073300718,1,interior
0.44862141817582757,0.21721803208061008,1,interior
0.45106572995800714,0.26913076226266575,1,interior
0.8116648243806478,0.19739409730980256,1,interior
0.7932373201377686,0.17624276208250308,1,interior
0.45557872994120957,0.23107743647918821,1,interior
0.6702163531242465,0.10353569085236243,1,interior
0.5030594291079539,0.16137245875997877,1,interior
0.6310955207818176,0.10089476594595423,1,interior
0.4507147727652719,0.22067127037766252,1,interior
0.7979423374303953,0.36689664982898584,1,interior
0.7592809571478272,0.14717889361171319,1,interior
0.43844315711894005,0.28448813588784727,1,interior
0.5398270649217084,0.13507208792820505,1,interior
0.47364873748576536,0.1904298486689671,1,interior
0.8075370364548925,0.18753282547735642,1,interior
0.46823841081584855,0.19597393635014346,1,interior
0.7491905179345867,0.13692008141715067,1,interior
0.8212457700500685,0.24262690516029575,1,interior
0.4591171856292424,0.20608313720521995,1,interior
0.7749191631850252,0.15055283129434124,1,interior
0.5465389391008841,0.12015776741891462,1,boundary
0.8129374172243138,0.33862100673145545,1,interior
0.5442225157717155,0.12296278418560413,1,interior
0.8175543758771597,0.20562864917990092,1,interior
0.5220407912697017,0.1457497682382161,1,interior
0.8102403050525728,0.18051111975132988,1,interior
0.6437610885480011,0.104748303297604,1,interior
0.4516086013783493,0.2533516842253691,1,interior
0.7443762097631471,0.1338982865870216,1,interior
0.7952586353466091,0.37639870788531943,1,interior
0.4430477271221116,0.3060301602928661,1,interior
0.45003623835213963,0.2550961442113183,1,interior
0.8381054559292894,0.2814479681659508,1,interior
0.4398479922444022,0.2900791148992162,1,interior
0.4923773140485314,0.15984240661338403,1,interior
0.7584955651256909,0.13927992917616008,1,interior
0.6294926570967065,0.10015258803431076,1,interior
0.7952344328428453,0.17409934445665237,1,interior
0.47684118507022627,0.18818294890995196,1,interior
0.44010199177855613,0.28443348647996697,1,interior
0.5516174380273082,0.12603271557494033,1,interior
0.7816626042662421,0.39152277634081534,1,interior
0.805537573926475,0.3587585317981675,1,interior
0.8378184785321687,0.2907103210227246,1,interior
0.7461757244544451,0.13253970367603887,1,interior
0.45597809256917876,0.22935093119022212,1,interior
0.44711683943223646,0.2766994066170604,1,interior
0.6737117639701429,0.10335481891526932,1,interior
0.6843227652996132,0.10081064889110018,1,interior
0.5482459504284717,0.13096648823303597,1,interior
0.8136312420612698,0.3407248124637326,1,interior
0.83436376747036,0.2684387118725621,1,interior
0.4550968810951543,0.2378969538091787,1,interior
0.5052375177376555,0.15836991017142177,1,interior
0.45215047439616524,0.23848474655017182,1,interior
0.49969593536808665,0.1595912704511299,1,interior
0.4727091943734774,0.19247626949755398,1,interior
0.4996499151304518,0.16120140792929089,1,interior
0.7630609624110264,0.1456909498406272,1,interior
0.8349262413172093,0.26477443503372505,1,interior
0.522949609692695,0.14783609923571037,1,interior
0.8338129571133329,0.31009339132916064,1,interior
0.7634549849812173,0.1526422454068134,1,interior
0.4513641755786701,0.23577303690718135,1,interior
0.7999939194797282,0.3660779193373434,1,interior
0.8338592688404035,0.2569738964150021,1,interior
0.7979289560537232,0.1767755307229437,1,interior
0.7872048972150695,0.16871767805161925,1,interior
0.4490243707406366,0.3177973222420681,1,interior
0.8010399668199452,0.36826608014182666,1,interior
0.4534506333046935,0.3164429361508114,1,interior
0.8274636233852286,0.24737577142819075,1,interior
0.6463023557133172,0.10326438677169777,1,interior
0.8189599529758943,0.21228881161748575,1,interior
0.8365155792452251,0.2823777140864823,1,interior
0.7905605244277284,0.17190698316445896,1,interior
0.5089702107579417,0.153049408180329,1,interior
0.5012537687747787,0.1581765811208434,1,interior
0.6658750867224457,0.10790532693713778,1,interior
0.8046594991957753,0.1753861937796015,1,interior
0.7439199290569389,0.1292205938017284,1,interior
0.5193505393053128,0.14897598277269242,1,interior
0.8272118404244619,0.3153971463155263,1,interior
0.7387965983946962,0.12807860914591707,1,interior
0.4918976363118419,0.16301980541858474,1,interior
0.8204418548660481,0.31858167997826725,1,interior
0.45290682099145696,0.23712494325031033,1,interior
0.5067379292829717,0.15892292687969686,1,interior
0.7645573734012171,0.14878143659021328,1,interior
0.7627906164906924,0.3951034973180174,1,interior
0.8345200935403587,0.2703217218058847,1,interior
0.48390002410342847,0.1712436576131415,1,interior
0.45221098331272364,0.32052744517315984,1,interior
0.506334374141321,0.15726799385543977,1,interior
0.4535013163085961,0.22928778550211917,1,interior
0.45097501844344856,0.23749658701681425,1,interior
0.8159311581697614,0.3500860059540761,1,interior
0.48776398947197996,0.16301424348153642,1,interior
0.45866718715086907,0.2466309654935448,1,interior
0.8387488791488128,0.2887534529825915,1,interior
0.7792009235049024,0.3878679869401968,1,interior
0.8172908165817387,0.20047279031060014,1,interior
0.7812074816379881,0.16113436199014766,1,interior
0.4691440343230184,0.1930940497590966,1,interior
0.8346139904138589,0.266893965978261,1,interior
0.8012197314636009,0.36088684110428854,1,interior
0.7922176076326751,0.1734764736125827,1,interior
0.45282451551727454,0.32831116296187984,1,interior
0.8308496022874593,0.29137811997528096,1,interior
0.7805623122026555,0.15349823850174818,1,interior
0.8225242996232093,0.3270505634655557,1,interior
0.8261858847499265,0.3167136812187641,1,interior
0.4496045394905105,0.23943166964509047,1,interior
0.8322126478925184,0.29490401998623295,1,interior
0.4540303883704178,0.23113067337127918,1,interior
0.8163718732173901,0.33608899040997575,1,interior
0.8153925963686822,0.3163541284018104,1,interior
0.5387354389419223,0.13286746809289526,1,interior
0.8150596894095505,0.1976431950255991,1,interior
0.8313183625289782,0.27212772230016324,1,interior
0.8396969498368462,0.28478198940790683,1,interior
0.4693738318622249,0.19121884869012992,1,interior
0.4987335446370242,0.16502555714827472,1,interior
0.8044938294136235,0.35596903666060126,1,interior
0.4508550711027967,0.2280468805110587,1,interior
0.7658841925546586,0.1463062453655748,1,interior
0.7783628027596309,0.3833037189858338,1,interior
0.681674868822097,0.09959557100658287,1,interior
0.7717845033124311,0.1481727292594853,1,interior
0.45038685520606553,0.32863012939031777,1,interior
0.7942929131741928,0.17246164342814546,1,interior
0.46733545735388415,0.19093881997854018,1,interior
0.8059418712066734,0.3612621523653381,1,interior
0.8172735939147939,0.19188606782128664,1,interior
0.8184014690269543,0.3292334207671435,1,interior
0.48570190682807607,0.16696739327812551,1,interior
0.4578874124549115,0.21287352571152385,1,interior
0.4569550821102969,0.22090458412212513,1,interior
0.6796845204770668,0.09972307079954786,1,interior
0.43938367921209015,0.28862161459903785,1,interior
0.6877374632649926,0.10196119456563163,1,interior
0.7492166084235362,0.1430672255548785,1,interior
0.5406294156017399,0.12842677830543922,1,interior
0.7820331406830018,0.16278754857643613,1,interior
0.7551294080446812,0.14257095981121323,1,interior
0.45009095352025746,0.3231218708629188,1,interior
0.529174146236859,0.1352778051738394,1,interior
0.82092914496637,0.3275568460366252,1,interior
0.4568831878531922,0.21069166983745713,1,interior
0.6358110009017213,0.10048225677254956,1,interior
0.8134775262971535,0.18056344084211876,1,interior
0.4740501257672033,0.18416465489228423,1,interior
0.7489101834874404,0.13930641477983963,1,interior
0.8259269783562464,0.24020614897646142,1,interior
0.4496842947939175,0.3261969457218924,1,interior
0.6857535596879049,0.10340267876246825,1,interior
0.804451219444951,0.1807188981266961,1,interior
0.5459720516097331,0.12324333213987441,1,interior
0.7894640710936874,0.1643313066678155,1,interior
0.44031199252659753,0.3031146207761793,1,interior
0.642543848205766,0.10316218761684126,1,interior
0.8218261695498396,0.32183482687736364,1,interior
0.8349566595941784,0.25924310916360066,1,interior
0.45218343169358616,0.24070370014991366,1,interior
0.835758644560346,0.27813670090066406,1,interior
0.47604740226833825,0.17513283016856632,1,interior
0.7642835106022169,0.14449964873218565,1,interior
0.8346415069042608,0.289756272023207,1,interior
0.6631508214686833,0.10484337094038378,1,interior
0.48338884564993434,0.16467157847204614,1,interior
0.7977851902494885,0.3780182317892315,1,interior
0.665711441989316,0.10553179099656536,1,interior
0.8355165078543985,0.25578452009313696,1,interior
0.5071733932972782,0.15207931901189092,1,interior
0.8101833359466135,0.20304853892673008,1,interior
0.8369648061358939,0.254330861211246,1,interior
0.8192526530253996,0.20272866350766844,1,interior
0.7876441954816116,0.16522487721954637,1,interior
0.7003451184947241,0.10460303349187856,1,interior
0.6305890952432505,0.09882189614486883,1,boundary
0.4527273435909815,0.2587258424061409,1,interior
0.8201945570157694,0.20978835294713968,1,interior
0.5405299121375788,0.13005206990290538,1,interior
0.493899894145456,0.16159729581740995,1,interior
0.8325964168935269,0.27121396163045347,1,interior
0.7690032525530138,0.14638276554571625,1,interior
0.7434284982960317,0.13074343989379175,1,interior
0.8355801101267474,0.2616983655967682,1,interior
0.8211438950166906,0.21593093477972103,1,interior
0.48950833273342903,0.16204061823957844,1,interior
0.819385539669624,0.222840897442961,1,interior
0.502257511129385,0.15688957836071915,1,interior
0.5475698278130574,0.12295335452005729,1,interior
0.6960338153955024,0.1046195760198294,1,interior
0.44763300519875726,0.32885040129879994,1,interior
0.8196543257503515,0.20504291321329748,1,interior
0.7891947285985531,0.1674304372132665,1,interior
0.5042569226361038,0.156171143260991,1,interior
0.539596527286865,0.1313898889417228,1,interior
0.5030111387666635,0.15524703000636475,1,interior
0.812579270353347,0.18390570119405591,1,interior
0.8176271738232228,0.22755737829351502,1,interior
0.5429826827347983,0.12173632584386093,1,interior
0.6933444668094008,0.10171291547586671,1,interior
0.45662156358238454,0.22580886483645693,1,interior
0.8237132892425042,0.2136849945378531,1,interior
0.448910400886466,0.23629944597392868,1,interior
0.8186854217434605,0.20816786747100338,1,interior
0.8340395442375038,0.2973455380072418,1,interior
0.7315836280192795,0.1178911847635009,1,interior
0.695360330736831,0.10196286280401638,1,interior
0.8033119307847117,0.36211314281622287,1,interior
0.5414014595273828,0.1320473041412714,1,interior
0.8215126234715789,0.20428256426680477,1,interior
0.790679038751876,0.382970873831149,1,interior
0.47729168195433574,0.18410788020474825,1,interior
0.7242357582773766,0.11204982852324223,1,interior
0.7203266829574717,0.11721551322975562,1,interior
0.45492910033807105,0.22303000984925717,1,interior
0.7771185487805649,0.14937321775893728,1,interior
0.5451971974814542,0.12171976884006057,1,interior
0.5439706908775599,0.12010618404500041,1,interior
0.4914726308073716,0.16154475940903976,1,interior
0.45134026578028236,0.24349691350417718,1,interior
0.5280641401026173,0.1340860406014336,1,interior
0.820069250492929,0.23087113232437892,1,interior
0.7259212212458414,0.11570640533464331,1,interior
0.4538782598909315,0.31823946141226345,1,interior
0.4580632001712415,0.22645073787980546,1,interior
0.7513735875352408,0.13610197660640438,1,interior
0.8286190373304122,0.31753059313144727,1,interior
0.6564159800727433,0.10455869953787525,1,interior
0.8232036951295351,0.2378423487489447,1,interior
0.7936599949595327,0.17449610282115255,1,interior
0.45370641251268984,0.2439087793498503,1,interior
0.44241705187982927,0.2839105806182037,1,interior
0.6755650144119848,0.10519469938856235,1,interior
0.439883726328723,0.2778567062091875,1,interior
0.538766071818815,0.1269681285311267,1,interior
0.4421960021352087,0.29523358754156326,1,interior
0.5319621143669109,0.134910788967753,1,interior
0.4756923257381316,0.17664709496290157,1,interior
0.8360147721759092,0.27503473193919076,1,interior
0.5378260640513728,0.13152116022909768,1,interior
0.6512010854056623,0.10629105127285567,1,interior
0.7796007155100386,0.15829106890098835,1,interior
0.8314366722822902,0.2543937646793665,1,interior
0.7830391013771493,0.388833535610108,1,interior
0.6471091391307437,0.10685189201301576,1,interior
0.45273257472127887,0.24574987870104995,1,interior
0.47263993643113494,0.18866939098426472,1,interior
0.8197432004647787,0.19131504473092917,1,interior
0.8013588162397117,0.3650754807083412,1,interior
0.8226987345723997,0.21042501582892648,1,interior
0.542482349672819,0.12453105926492147,1,interior
0.44042735102351577,0.2942524753159884,1,interior
0.8068960624653434,0.17696475941698722,1,interior
0.7743031661849429,0.14795300731580788,1,interior
0.6382045466574255,0.09861625335361782,1,interior
0.451982356445466,0.24865756177258055,1,interior
0.8125021965379638,0.19575695841128976,1,interior
0.7769572735683586,0.14772750390733203,1,interior
0.5288114885026335,0.13214005128319614,1,interior
0.8008027154390258,0.3725641434580379,1,interior
0.4529542493057707,0.21649394466360378,1,interior
0.6418123568275926,0.10106159268957902,1,interior
0.8158187688416402,0.34689121922785093,1,interior
0.45218011481477366,0.255305546811128,1,interior
0.47934776737704693,0.18143809567062183,1,interior
0.8360096909740737,0.2696768469276087,1,interior
0.654829096554066,0.10769569487024243,1,interior
0.812549814119668,0.3429526712060817,1,interior
0.5168626419241786,0.14861828110923722,1,interior
0.8210900354020655,0.20730647933927518,1,interior
0.8335520746435894,0.25421277504100676,1,interior
0.4387466614885692,0.2936283231938128,1,interior
0.7153631876220822,0.11228489837920645,1,interior
0.8382561446394184,0.26276224048135155,1,interior
0.7505208062412686,0.1380311144514641,1,interior
0.8296573923460835,0.2711433296866437,1,interior
0.48229186899329907,0.16900233593158953,1,interior
0.5389952094476339,0.12889100839516995,1,interior
0.6776333759970659,0.09962516759968781,1,interior
0.7174611100287839,0.11173840807736854,1,interior
0.4430763813400516,0.28698205502200796,1,interior
0.7847114554942587,0.1637302206670688,1,interior
0.4711660834531062,0.18776076647458062,1,interior
0.4417965667907617,0.2990097238331813,1,interior
0.8404597872050673,0.2871607414997463,1,interior
0.8203670587145272,0.3368951182801993,1,interior
0.6331488314165744,0.10085454841312064,1,interior
0.8355918124243276,0.26337632878374945,1,interior
0.821758485133839,0.22897606716723062,1,interior
0.4585597603272968,0.2083423467892138,1,interior
0.45168198683809985,0.3140005418440627,1,interior
0.7611455737683406,0.14027395726116704,1,interior
0.8125794941674933,0.1932716345613341,1,interior
0.5058501880447422,0.15374641321553717,1,interior
0.4585644063912004,0.20311797037477688,1,interior
0.8357283061847922,0.2919012508021353,1,interior
0.8190082133775062,0.22466822343670592,1,interior
0.8229346963267685,0.2178237473783885,1,interior
0.6474264329484548,0.1022044713323577,1,interior
0.6856497306312856,0.10156106762018619,1,interior
0.8119614592828179,0.35499289925157435,1,interior
0.6513052256082655,0.10447391577409432,1,interior
0.4513231140701305,0.33074689865736157,1,interior
0.8372181005962859,0.27727847717771703,1,interior
0.49741950011439057,0.155433073331391,1,interior
0.8088408996139526,0.3501600134634969,1,interior
0.7496919443869958,0.13146146033672504,1,interior
0.6833273100127907,0.09847055360474728,1,interior
0.4506022489087355,0.26013606005284334,1,interior
0.8247582525088804,0.23398742316486204,1,interior
0.44171027154255754,0.3049976412421621,1,interior
0.7556959894011992,0.1404415911558368,1,interior
0.7013967316603716,0.10586215328116903,1,interior
0.5416851781235663,0.12665136144359115,1,interior
0.5332138159116062,0.1339055937163995,1,interior
0.8022504296864355,0.36967405924180796,1,interior
0.8195131114912406,0.33035333385792404,1,interior
0.8027329225498768,0.1814514052843472,1,interior
0.7472831296535953,0.13012500863680956,1,interior
0.6598982095602615,0.1025872729809047,1,interior
0.6540961798945925,0.10391630741928998,1,interior
0.4538182962522054,0.3318172461205594,1,interior
0.5053696002729735,0.15190627333990678,1,interior
0.54421353852152,0.13318858242303297,1,interior
0.49956925768522215,0.15703835766337085,1,interior
0.6493616810661084,0.10537992097019633,1,interior
0.49027854417113353,0.1655553220271255,1,interior
0.8157457970997206,0.3405760664628251,1,interior
0.45125787176831433,0.25019124318852054,1,interior
0.8044677544676287,0.36006116428900437,1,interior
0.4467196203252688,0.3160768109165975,1,interior
0.7458346404580528,0.13059237647951547,1,interior
0.753811380683306,0.1372218465339346,1,interior
0.8308205375190093,0.3157503610069027,1,interior
0.45441931673265584,0.2640188276943453,1,interior
0.8217214575128441,0.21191772287406105,1,interior
0.8179673022512363,0.20959345226423476,1,interior
0.47664005066754045,0.17850486994046938,1,interior
0.45674831965285834,0.2088965388078918,1,interior
0.8085315165109747,0.18956780867046197,1,interior
0.46140196511522685,0.20105567778608086,1,interior
0.44900825754157636,0.25653203653983375,1,interior
0.8101672429865386,0.18661157035690304,1,interior
0.6381930047141653,0.10592351929209778,1,interior
0.4699273159996578,0.18600297819959621,1,interior
0.5371371344944325,0.12985193165198972,1,interior
0.8150436823427016,0.33839754451328674,1,interior
0.4487638274299661,0.22076578313929088,1,interior
0.4446159222434679,0.31497756036361113,1,interior
0.7906149789825053,0.17346560955813664,1,interior
0.8002840848862527,0.17703330402114678,1,interior
0.45209780024191576,0.23303759753112432,1,interior
0.5364628449869511,0.12815379633049892,1,interior
0.7781344143256956,0.1510535261057644,1,interior
0.8263201490617732,0.24968833370351737,1,interior
0.655056940972508,0.10577205447921907,1,interior
0.7622180469246052,0.1382136661614889,1,interior
0.7494490077922203,0.13329946153292424,1,interior
0.8217721601725214,0.2088312843181179,1,interior
0.5198162918891781,0.14704876972734282,1,interior
0.4532856093764207,0.22706359606453008,1,interior
0.8231093904973663,0.31723027551026123,1,interior
0.8347501125618925,0.3130912429302805,1,interior
0.8331971386697152,0.2907842215633045,1,interior
0.8220143592059842,0.22719409724974063,1,interior
0.44726861615677094,0.3181087343853557,1,interior
0.7928380266135676,0.3769206942624262,1,interior
0.6586450695036311,0.1072695142171922,1,interior
0.7918634819816932,0.16984414540429774,1,interior
0.44116771885613104,0.2812627179444849,1,interior
0.4384532593790776,0.28212952265249486,1,interior
0.8248320578576515,0.2718946776440207,1,interior
0.5367917807599543,0.1338075136883533,1,interior
0.8268726005296542,0.2382697603100512,1,interior
0.7768699292253008,0.3987258496241981,1,boundary
0.44827542094857353,0.3216710511270383,1,interior
0.45692523109069755,0.20457009979016064,1,interior
0.45040340029385617,0.3188731627821042,1,interior
0.742183086182528,0.12691134300404458,1,interior
0.7774043082439231,0.3945516983554176,1,interior
0.5064100102963254,0.15541931275782558,1,interior
0.5338368533097665,0.12783181452649134,1,interior
0.5133555748117763,0.14657141399978998,1,interior
0.6470724959724787,0.10526300664442492,1,interior
0.7860861450849703,0.3867972988510043,1,interior
0.4574000151521886,0.20686105109242148,1,interior
0.471410403868627,0.1936297346587377,1,interior
0.4695935761976928,0.1888826510019223,1,interior
0.5558799891985212,0.11975617865017348,1,interior
0.751548000363171,0.13374226283100432,1,interior
0.45019231403486504,0.21917248149477228,1,interior
0.8097634586636527,0.3553718649314679,1,interior
0.8354267090124881,0.29828711569698874,1,interior
0.814701865621118,0.20220240923462768,1,interior
0.8246076834432103,0.3175633875434588,1,interior
0.7801592198216143,0.3966709433350847,1,interior
0.7622590965105074,0.14286662732828798,1,interior
0.6690151618448187,0.11126923261093206,1,interior
0.481924414106106,0.1761223490055336,1,interior
0.6941770069106264,0.10340893246391634,1,interior
0.8216622564291265,0.324817364065087,1,interior
0.45349144525926777,0.25680481120113596,1,interior
0.817080738223986,0.3261574219511258,1,interior
0.4834966017650712,0.16689336150471037,1,interior
0.6857281273585352,0.09807226892861456,1,interior
0.8399295746410324,0.28266987120891013,1,interior
0.7790590426495609,0.1496796017707162,1,interior
0.8267179436297344,0.24435998798694675,1,interior
0.8201379824958775,0.3319718627736916,1,interior
0.510574468236578,0.15323677350883516,1,interior
0.7069061464736067,0.10793352083921907,1,interior
0.8111471847937374,0.206177758569563,1,interior
0.7790294185925,0.14694598028021763,1,interior
0.4525539935230203,0.2621249873785636,1,interior
0.449332989206562,0.329940770762206,1,interior
0.8346984919606599,0.2531562834023647,1,interior
0.8223155135903262,0.31963193782079347,1,interior
0.6937324786105331,0.09948393246895187,1,interior
0.675606064327364,0.10176346484674106,1,interior
0.8264860865672091,0.23047336319979086,1,interior
0.7760472769787738,0.16238304574741644,1,interior
0.4708182922607868,0.19003957899005952,1,interior
0.8393520605814246,0.2753157502989217,1,interior
0.7608720609111838,0.13693324818400557,1,interior
0.4642689930588648,0.19942568471542912,1,interior
0.7104370162838609,0.10971469052366511,1,interior
0.44618024622218305,0.3137925336036937,1,interior
0.4506638361208673,0.22573498896025598,1,interior
0.8179445944168668,0.33802288730636226,1,interior
0.7923783559049866,0.1715461446218813,1,interior
0.8279551984561355,0.31895079927663567,1,interior
0.6806716226596973,0.10535402463164306,1,interior
0.6826415737755152,0.09684297778878079,1,interior
0.4544515790502184,0.22091202290937936,1,interior
0.8332967065080004,0.3156091607419574,1,interior
0.45362443638989214,0.22521163792174959,1,interior
0.8236224250626358,0.2118731681953746,1,interior
0.5318993922143632,0.13213202910841212,1,interior
0.44642232183723624,0.3119959542394754,1,interior
0.8269380855876405,0.2351902584255261,1,interior
0.7350298515799376,0.12323322094503805,1,interior
0.732198464101372,0.11988135892709662,1,interior
0.439932639795824,0.29662684917526416,1,interior
0.8271578530374407,0.24182722374304333,1,interior
0.4405345834769024,0.27281958926940547,1,interior
0.7791307383746066,0.16857405325930003,1,interior
0.8110772677888012,0.18531026582535723,1,interior
0.8306138376616587,0.2508701715255005,1,interior
0.45154231537617506,0.32248307641864266,1,interior
0.8364366134814859,0.31323301505318374,1,interior
0.780139094782317,0.1508137614750491,1,interior
0.45187117009401606,0.33243953233336876,1,interior
0.7253367074443012,0.11311053585262361,1,interior
0.8030598391068852,0.17574264977078488,1,interior
0.5515993379948806,0.12100215582828411,1,interior
0.44274046262609135,0.30388062019042494,1,interior
0.4500885225270584,0.24219135035007905,1,interior
0.6786740603111191,0.10245584691058675,1,interior
0.44074001538030605,0.2829647642517115,1,interior
0.8337951982130193,0.29309965795505066,1,interior
0.681028949800013,0.09765391323184199,1,interior
0.4528218956816032,0.2116405919472925,1,interior
0.46262922871937356,0.19853375387087913,1,interior
0.455904655901473,0.20590018575408078,1,interior
0.7756075190806796,0.14892562141478713,1,interior
0.7627849701846017,0.13673820695320024,1,interior
0.4560225178046731,0.21222946846176802,1,interior
0.7513381560870948,0.1321890970433541,1,interior
0.7774027148245607,0.39675040625131036,1,interior
0.8363308836934282,0.26626933050744134,1,interior
0.8334776293240036,0.31752757722879993,1,interior
0.4569155226094482,0.2279214943706058,1,interior
0.8286047837248695,0.23785475226942265,1,interior
0.44363773951799346,0.27649202763857983,1,interior
0.4420558114426053,0.3140229810669637,1,interior
0.7556503583182606,0.13815105781529582,1,interior
0.5157027040258918,0.15992818343071327,1,interior
0.7845331395159885,0.16170933676499213,1,interior
0.4565559968373905,0.3331085413642854,1,interior
0.8124275356846548,0.19117702775831802,1,interior
0.7828151540130722,0.16032053788721803,1,interior
0.7945593833361484,0.17092998774454612,1,interior
0.8375653994109634,0.2853779819823217,1,interior
0.8367676337101058,0.26067050969962485,1,interior
0.8364043227758203,0.31143717295042006,1,interior
0.7808986988340111,0.3949311118860569,1,interior
0.448888412625113,0.3246764632065231,1,interior
0.760344916531633,0.14337388947698854,1,interior
0.6964523944463052,0.10308429521646492,1,interior
0.7521987234784193,0.13764021074570346,1,interior
0.678826155662339,0.09669617032436197,1,interior
0.8156232929738911,0.2006924432673665,1,interior
0.4563443457923153,0.2022482871601679,1,interior
0.8328307822329581,0.25236666467671,1,interior
0.7745227946951153,0.14609168354438895,1,interior
0.7961532651436928,0.17102624613640352,1,interior
0.5305758043505212,0.13421318901494106,1,interior
0.5162204686281128,0.1500697348117662,1,interior
0.819506296888844,0.2068274501100371,1,interior
0.44741476502879735,0.23775296534410692,1,interior
0.642672469758009,0.10688276871104638,1,interior
0.6958792221426122,0.09892036484509668,1,interior
0.6399614018530573,0.1003312031800747,1,interior
0.44476090550023645,0.31210143534283363,1,interior
0.45179847711642834,0.2246302060073918,1,interior
0.5137737152274331,0.15031667666162685,1,interior
0.8327717491388128,0.29893326442708634,1,interior
0.45651784925678923,0.22256135648392625,1,interior
0.8249211565721056,0.23843965957882668,1,interior
0.46712099680660213,0.18818368492393692,1,interior
0.822532443445689,0.3376063355144016,1,interior
0.7092674582644859,0.1083823834626161,1,interior
0.7632970175671315,0.1410153127409121,1,interior
0.6765249421184963,0.10322546292208203,1,interior
0.45344881833184214,0.22245512667462655,1,interior
0.7656745209835127,0.4016960730533629,1,interior
0.8213670061975106,0.33338812476588664,1,interior
0.6982874111993116,0.10396293986809237,1,interior
0.7703237770076312,0.14743391388302282,1,interior
0.7136119970371237,0.11044904117242758,1,interior
0.5538410439704193,0.11914691007860578,1,boundary
0.7185268284582415,0.11028770182812264,1,interior
0.7696077985456617,0.1434224442821136,1,interior
0.8232465640036751,0.3209518419592783,1,interior
0.43645721303835616,0.28928393029794863,1,interior
0.5574797461460959,0.12170792078187401,1,interior
0.45058821437582375,0.22290628266513188,1,interior
0.6772141412491478,0.09815880908334844,1,interior
0.8280561482776538,0.2398064972953613,1,interior
0.44886281941045353,0.24514893592321438,1,interior
0.8076395119706624,0.3566769162640407,1,interior
0.6867324109750632,0.10007297176268352,1,interior
0.4546949150765064,0.22778980385175032,1,interior
0.44078148810418766,0.3009695587276227,1,interior
0.446340963984333,0.32414868101858685,1,interior
0.7026821617748326,0.10343573466819603,1,interior
0.4482460475007883,0.3323381567244763,1,interior
0.8214968983946384,0.33500997444945846,1,interior
0.45020322765908505,0.24663980490750836,1,interior
0.8247427645259356,0.33775738140279077,1,interior
0.4483427691794831,0.2249253059279914,1,interior
0.8251357362940689,0.3220201695759639,1,interior
0.4487571658870993,0.22682429207382485,1,interior
0.8366124993944711,0.2955330006706548,1,interior
0.6827896465968639,0.10070952078292474,1,interior
0.4479107683178168,0.2222698886377968,1,interior
0.5004291432753727,0.1551314348758257,1,interior
0.649587742902409,0.10338008120897803,1,interior
0.5585443981462638,0.11810792994348125,1,boundary
0.8229152117090858,0.20722619916829044,1,interior
0.541168600692554,0.12098949533724795,1,interior
0.714896958906268,0.1090215606938951,1,interior
0.4503838932642079,0.3206709901603248,1,interior
0.44283154963115834,0.2748806589946844,1,interior
0.4395952491720113,0.31538727143078854,1,interior
0.662240142447402,0.10236992890248954,1,interior
0.6355864995040855,0.09866353436085737,1,interior
0.8203548210419549,0.2271846484277137,1,interior
0.4428992339215734,0.31111997826149695,1,interior
0.8377083725085999,0.27370651701111204,1,interior
0.4906985838504908,0.1597326929443286,1,interior
0.772328246956482,0.14632085552613391,1,interior
0.7818745361328754,0.3875161077847308,1,interior
0.8217981958126724,0.32891551661221324,1,interior
0.4502491929718091,0.23096779521319175,1,interior
0.7891350341754848,0.3864466182055515,1,interior
0.44530177331322846,0.31766820444685506,1,interior
0.4553086335094947,0.20731575460520038,1,interior
0.8405191140138635,0.28023791431002704,1,interior
0.8291576609053729,0.2477907137465448,1,interior
0.823286747215223,0.22874716773756074,1,interior
0.6999167952400689,0.10179937167114098,1,interior
0.8318793732780457,0.3186830723678356,1,interior
0.7704151258657616,0.14512099651732693,1,interior
0.44658887193710883,0.3303786160734263,1,interior
0.6682557038019601,0.10446691835309828,1,interior
0.43865453627439854,0.2871598300200011,1,interior
0.4485693595073981,0.25982179948351325,1,interior
0.8361537652193716,0.3156756409131655,1,interior
0.7971611962466393,0.373764807571384,1,interior
0.8362143165387415,0.3010396311236102,1,interior
0.44818090117724607,0.24225551431255335,1,interior
0.45593578172427707,0.24465115268279555,1,interior
0.4781493556367639,0.17955734127494913,1,interior
0.8365802015728261,0.29392520982362397,1,interior
0.7958348025241779,0.37270940345726133,1,interior
0.7772298545550057,0.1526681710797487,1,interior
0.8377481461476931,0.2966864082130139,1,interior
0.4391829491339666,0.2803886119878245,1,interior
0.8109608267354962,0.3438069434458801,1,interior
0.6436308076820275,0.101533746860529,1,interior
0.44287610916615944,0.29793731726907446,1,interior
0.4524282533175253,0.22124062054440619,1,interior
0.5071542407018228,0.14926339787878723,1,interior
0.6723420292220634,0.09982443208863101,1,interior
0.45550845557258324,0.31850768379388095,1,interior
0.8220172132852159,0.20589273199231178,1,interior
0.8272806546279432,0.23227984264852952,1,interior
0.5408368236337259,0.12488910345163416,1,interior
0.6332831807186001,0.09822197759147772,1,boundary
0.4477186728731921,0.26809172294793643,1,interior
0.838265021860621,0.29472651138478745,1,interior
0.526880809443954,0.13745362521106613,1,interior
0.8133654555073888,0.1825308431899247,1,interior
0.7359910579848404,0.12138694177256883,1,interior
0.4469945882997978,0.326039698072395,1,interior
0.4827296147859265,0.17297387034101355,1,interior
0.8204648179872459,0.22405179458980687,1,interior
0.7709454155196658,0.40205608144214927,1,boundary
0.8298353837065849,0.3192548962442443,1,interior
0.8373937170105037,0.292214717071664,1,interior
0.8387800594241419,0.2526164028357615,1,interior
0.8191704294014761,0.19453670333998488,1,interior
0.7739434314097461,0.40082510989565856,1,boundary
0.4814223512108409,0.1703558390810855,1,interior
0.7876583171627318,0.38690586214231876,1,interior
0.7939531784828153,0.3751476341863126,1,interior
0.824074371213508,0.23010627036520295,1,interior
0.44774503297630125,0.31968581749337666,1,interior
0.7862423754356391,0.1623204538826531,1,interior
0.8171494809293842,0.1895214437662446,1,interior
0.8181798963149126,0.19814851014228452,1,interior
0.8244543599735503,0.20949011288307592,1,interior
0.7974829881397691,0.38074993252016875,1,interior
0.8283331141654697,0.32042262195816207,1,interior
0.44499798740533664,0.2968113150219881,1,interior
0.7205127613191474,0.11024072203211907,1,interior
0.4429467404739621,0.31527067038929113,1,interior
0.4405921317604636,0.2793567644607215,1,interior
0.694724835391626,0.09776557573382501,1,interior
0.8121814190405859,0.17851428239099656,1,interior
0.7156982367105907,0.1107218392503737,1,interior
0.48049235910491683,0.16790823557107876,1,interior
0.5302670049088922,0.1326305203076859,1,interior
0.44727307829978474,0.24458129394897105,1,interior
0.6465152833426006,0.1008574657060224,1,interior
0.4507030531563887,0.2582203153343959,1,interior
0.5453358812461809,0.11915711997891713,1,boundary
0.7932235020095726,0.38400910992363685,1,interior
0.44899850754013965,0.26568165600318394,1,interior
0.47897543064391446,0.18457456719813262,1,interior
0.5487668074995001,0.12510073727621052,1,interior
0.44558568582088975,0.3203356513068467,1,interior
0.8277906284371688,0.24557400359697937,1,interior
0.5490896345297536,0.11899141092082112,1,boundary
0.8355518804063626,0.3089207444834583,1,interior
0.7595712478991009,0.13547008915156308,1,interior
0.47337948225634147,0.18213862135989922,1,interior
0.4511087346478326,0.21717638578548487,1,interior
0.7855497295256002,0.3845189560384448,1,interior
0.8295429117693744,0.24135837485024103,1,interior
0.8186671406568826,0.21905301394015997,1,interior
0.6892587904506507,0.10039629154380458,1,interior
0.4462286001595722,0.22469428819053916,1,interior
0.7915330721577303,0.3789295860343261,1,interior
0.43698926472479627,0.2773087701998458,1,interior
0.5500652999739747,0.1223471379590394,1,interior
0.8374876562305301,0.2581862477880187,1,interior
0.6561496663139446,0.11207172216966428,1,interior
0.48721397540315864,0.17273737943232687,1,interior
0.441825387636017,0.27127716711225813,1,interior
0.7966460738556475,0.17263413538683361,1,interior
0.4796995440992186,0.17103150264276948,1,interior
0.4503378006774809,0.3319725222127603,1,interior
0.8016541655346543,0.17817095672905203,1,interior
0.7936155970350831,0.16898713788825392,1,interior
0.5027494993043745,0.15358375635811994,1,interior
0.5357453564077482,0.13137764289274248,1,interior
0.7366289250877629,0.12471028761405366,1,interior
0.8138199101048819,0.19014089447799976,1,interior
0.7168759939901226,0.10927708983391336,1,interior
0.832938967203318,0.27285269872519097,1,interior
0.8254658513903026,0.24286643480230613,1,interior
0.8289585644397335,0.24346834026084493,1,interior
0.5312578243391395,0.130479631442369,1,interior
0.7131199689019494,0.10865988299254205,1,interior
0.4541281576001535,0.20921655768194097,1,interior
0.8411648482134216,0.2835594996770087,1,interior
0.8323412130461727,0.25054753637960864,1,interior
0.4409028325898754,0.31067600578678406,1,interior
0.5279898376817819,0.14448489256368216,1,interior
0.48097712311771523,0.16627855614737472,1,interior
0.8097248162443776,0.1772450218918012,1,interior
0.813957811536581,0.19257235153356478,1,interior
0.7060774886631762,0.1062518004382296,1,interior
0.4505834880395529,0.2336260105637689,1,interior
0.8306453296763764,0.24009913713388967,1,interior
0.6697897724369758,0.10059828429711665,1,interior
0.7904803751563027,0.16561826644472838,1,interior
0.5412554952470783,0.12318259835544286,1,interior
0.8185297321718984,0.33641021393594933,1,interior
0.4651280795003185,0.32724962576668215,1,interior
0.7597160168969511,0.13817922407492747,1,interior
0.4964491737051461,0.15778384310348142,1,interior
0.8261549402352624,0.319311963602123,1,interior
0.5148831756133144,0.14626024208726873,1,interior
0.5120671015400989,0.14759437186047947,1,interior
0.8043228196581425,0.17357421201857415,1,interior
0.754339708258934,0.13558821563265205,1,interior
0.5375583598072147,0.12510664313603773,1,interior
0.4482052857735698,0.26341744346923973,1,interior
0.8347792043746673,0.3165815569387031,1,interior
0.6450296608561292,0.10054440705603936,1,interior
0.6480910912864956,0.1037008767663194,1,interior
0.43816062412003126,0.30442305460895064,1,interior
0.45147598985726034,0.2517664700903705,1,interior
0.8365245111748121,0.2646648842993991,1,interior
0.44664935712487874,0.3276245478868321,1,interior
0.4509311170570504,0.26441624757778587,1,interior
0.6395359996991097,0.09783014819268204,1,interior
0.8285323666202419,0.23350185399157797,1,interior
0.5158088111982035,0.1525887150196553,1,interior
0.4459193596603384,0.2781131910765526,1,interior
0.7715037306554232,0.14143344165354918,1,interior
0.5342249546795032,0.1252702970759275,1,interior
0.495292297275737,0.15636976136450623,1,interior
0.8351632116380203,0.2960470050704523,1,interior
0.8074952598041109,0.17443689074194935,1,interior
0.6761877818104769,0.10789651147037048,1,interior
0.5346783851068431,0.12984506928235412,1,interior
0.43670192126578944,0.2864375384502597,1,interior
0.8187913687073882,0.20020095680998862,1,interior
0.7726194591480446,0.14322650038283724,1,interior
0.768610043243134,0.4024457997695165,1,boundary
0.7724188442622514,0.40124895780493347,1,boundary
0.7922073066413561,0.16812421358017648,1,interior
0.8243504856043469,0.334534447668745,1,interior
0.4478060677481592,0.23956475653836815,1,interior
0.4510796011691476,0.22964119815714024,1,interior
0.43929679797617543,0.291671164964746,1,interior
0.44519494681620353,0.3291354893990989,1,interior
0.44266971266592475,0.2854217722814628,1,interior
0.8117489495196717,0.18024719818813298,1,interior
0.8041748187894923,0.3655881623221342,1,interior
0.8154918724102163,0.1927730951379056,1,interior
0.4827786365853281,0.16320551602919617,1,interior
0.4399143454343116,0.30861337782594894,1,interior
0.7810940044390758,0.15577794231700604,1,interior
0.8352105698201481,0.2726634801752438,1,interior
0.7847694774969327,0.38775769769606594,1,interior
0.44166709074978716,0.30909689245155164,1,interior
0.8357269051525653,0.2573998108685912,1,interior
0.8301855026237975,0.317772740895214,1,interior
0.7620808403582457,0.13445858194178134,1,interior
0.738350562438319,0.12522003514160326,1,interior
0.8347470234099081,0.31473245951331247,1,interior
0.7908193608380664,0.16735894548199276,1,interior
0.7818153131405323,0.14840842303267404,1,interior
0.45798245293540835,0.3339664102505999,1,boundary
0.8168103880298226,0.19667753993662906,1,interior
0.5330715497856885,0.12401750479006816,1,interior
0.45230220400565063,0.2604558825694729,1,interior
0.5179423374249131,0.14723389092066655,1,interior
0.8244699488380254,0.21976804993692453,1,interior
0.5520039350924835,0.11855466450842127,1,boundary
0.7213601122606597,0.11196491466701114,1,interior
0.7384184127963059,0.12271222860660885,1,interior
0.5537494846524111,0.12170771941444701,1,interior
0.819704904395181,0.19639164072460286,1,interior
0.831475274924449,0.32037039183602,1,interior
0.8031801583944838,0.17738240378515957,1,interior
0.6273528778553709,0.10192362907665087,1,interior
0.5219735235907961,0.14395441991723368,1,interior
0.8376774132083058,0.2562222657545644,1,interior
0.49767129866150983,0.1666626604967547,1,interior
0.8226213704357748,0.3308705727983768,1,interior
0.4989967742520503,0.15312555728670676,1,interior
0.8364489497599118,0.27127649086630595,1,interior
0.4714483146355809,0.19153643874639795,1,interior
0.5291408385520373,0.14046051600151194,1,interior
0.4535305518205267,0.20753022647623207,1,interior
0.8111026580079168,0.35778322814029584,1,interior
0.4489587858983514,0.23401498088018494,1,interior
0.537162046465978,0.12239909372420019,1,interior
0.5115997891945603,0.146010137198933,1,interior
0.6367581090455704,0.0972438006319091,1,boundary
0.7890476521192076,0.38900752441484265,1,interior
0.819913716671124,0.1981431993605794,1,interior
0.5106559482998366,0.1485071228546372,1,interior
0.8268965208014418,0.2195631032234208,1,interior
0.8173822752641084,0.20733342067265806,1,interior
0.5274018947375536,0.13570356708120004,1,interior
0.43719749251979506,0.2798528135130857,1,interior
0.4470807189923603,0.25441877589299594,1,interior
0.45522931151853424,0.2247973553428608,1,interior
0.8219005615463773,0.22524529556611697,1,interior
0.8236882176467156,0.32327952442698615,1,interior
0.7369166471407201,0.12296979369478898,1,interior
0.45015024883006377,0.26297710293952586,1,interior
0.4548109287743109,0.20282182240030347,1,interior
0.6966865916149726,0.09718415395583285,1,interior
0.8272572854407831,0.32167659282412014,1,interior
0.5096588129339339,0.1505309239085057,1,interior
0.8154685943932842,0.1943177963178731,1,interior
0.5240172981061909,0.14257736658750172,1,interior
0.8250709212707829,0.20746481043401624,1,interior
0.7404608927882428,0.12751973163811903,1,interior
0.8103168742078027,0.3303511170553446,1,interior
0.44861484137324725,0.21885520746166434,1,interior
0.6343030159960373,0.09952176639711204,1,interior
0.5393148371116289,0.12345677289937992,1,interior
0.4413500345144275,0.29747841165208316,1,interior
0.8341474730196805,0.3116292723848468,1,interior
0.8250985831530048,0.21732782023945132,1,interior
0.8024043027594291,0.37317398046485417,1,interior
0.6975051977663637,0.10171069761234579,1,interior
0.7031100333254826,0.10556340739281694,1,interior
0.43741652020052607,0.2906578685748538,1,interior
0.6438857818436828,0.10791413759076761,1,interior
0.8045917100291662,0.3575096835959817,1,interior
0.8370193130397205,0.30699826698790705,1,interior
0.7335751357683198,0.11752014879075962,1,interior
0.8228640433239357,0.22232385013707484,1,interior
0.5192704604816463,0.1452576104965829,1,interior
0.5337779948824598,0.13230558641462248,1,interior
0.6372377789094367,0.10115099798575573,1,interior
0.49611427200709357,0.1540005599114247,1,interior
0.644646569951495,0.10273674765299197,1,interior
0.49902013104040693,0.1502097823937749,1,interior
0.7881063220426556,0.16232714587756558,1,interior
0.44030218293713064,0.31279026850591096,1,interior
0.5421561228477301,0.11975855776582806,1,interior
0.44892409629247904,0.3279815012231985,1,interior
0.445351075917688,0.3259943877544145,1,interior
0.43966246641487017,0.2757965320844587,1,interior
0.4404616446803759,0.27436310667965963,1,interior
0.8399821395939612,0.29842742260622424,1,interior
0.8392538491039843,0.2959369055952993,1,interior
0.8377153044107295,0.30134236163356326,1,interior
0.8133557310459072,0.3540617485654853,1,interior
0.8302721901110491,0.2458522053654546,1,interior
0.7643130560849061,0.1349620746319184,1,interior
0.4462131382107599,0.26758446601869934,1,interior
0.7824783024104595,0.3961222809731732,1,boundary
0.7745047867933712,0.14279809556215323,1,interior
0.5342703003248792,0.12188228309889716,1,interior
0.5393782628233517,0.11910092952648824,1,interior
0.8214716725834386,0.22151160970687145,1,interior
0.5345338216204004,0.1234621437681252,1,interior
0.811313343951149,0.18906586226914054,1,interior
0.8234698671748396,0.3283356362178055,1,interior
0.8380369332334356,0.2717617491908792,1,interior
0.8101322512101682,0.17873440570084742,1,interior
0.6646710828408882,0.10172662215956975,1,interior
0.4666649327697324,0.1952955133782723,1,interior
0.5305708018529789,0.13628379628556125,1,interior
0.7485476779460939,0.12909068317343966,1,interior
0.8382633255801013,0.3096622359734183,1,interior
0.4499449400608942,0.25116338563575813,1,interior
0.5438792909915046,0.11856239131976018,1,interior
0.4638724166466129,0.19664076935891245,1,interior
0.4844840473730165,0.16280486645240025,1,interior
0.6661103658824755,0.10313057561053803,1,interior
0.7220036244576493,0.10926281870811966,1,interior
0.8380181483163861,0.31117006712245154,1,interior
0.49556585026926586,0.15119593066545411,1,interior
0.6761850367558626,0.09620970046590778,1,interior
0.7673785641158603,0.14685157937199167,1,interior
0.8239243724519908,0.33283222713552385,1,interior
0.45141998095026165,0.31561949558274727,1,interior
0.5330286837425592,0.13023364697655884,1,interior
0.7957042173859138,0.3790379228161913,1,interior
0.4487278103737777,0.23091617788073177,1,interior
0.44291677292339765,0.31721801375095937,1,interior
0.6643144441368257,0.09993794233085355,1,interior
0.446695159944969,0.21715904522784518,1,interior
0.44372264652729265,0.3299040864614973,1,interior
0.4524025690719154,0.20956086520381795,1,interior
0.4776249074768189,0.17348069655421797,1,interior
0.5287141332855004,0.13878115570707283,1,interior
0.437697818993154,0.302462573898872,1,interior
0.8401160945815969,0.2712049466161293,1,interior
0.8187970113359813,0.33931371088853085,1,interior
0.7916388198970867,0.38533137515234,1,interior
0.8061272208786365,0.1724326344469215,1,interior
0.825041536596698,0.2112210402274378,1,interior
0.5161575023676442,0.1448751111774389,1,interior
0.7282081934654288,0.11632063616970467,1,interior
0.8253534429479799,0.21285523092891115,1,interior
0.7987031212943154,0.3743921887674212,1,interior
0.7803151548992109,0.14869767999795527,1,interior
0.8406911851886654,0.30155408288297336,1,interior
0.544211316484619,0.13611278243452446,1,interior
0.8268479999536682,0.2082971005813774,1,interior
0.8286085064517287,0.23594961425087083,1,interior
0.4417002333706531,0.31206599482487984,1,interior
0.739615190697855,0.12176203992419846,1,interior
0.4773423151906623,0.1713402788060297,1,interior
0.5166126789154919,0.14643550831857663,1,interior
0.8032187419463547,0.3679869015188242,1,interior
0.8303664086433982,0.24428213518546282,1,interior
0.6755058987538597,0.0981134568370107,1,interior
0.5506234250687242,0.11978030157374339,1,boundary
0.7761457772852484,0.1448786070441645,1,interior
0.7990261320919385,0.3723822370680812,1,interior
0.4468264503417505,0.2464895889718656,1,interior
0.44755696916228105,0.3230390447743646,1,interior
0.4396065118068991,0.29837796160565205,1,interior
0.7558521982532211,0.13579605869555908,1,interior
0.4400872876051927,0.3061377422358209,1,interior
0.4929431601815525,0.15574531276238782,1,interior
0.48292127212545993,0.1823630762841582,1,interior
0.7344617594689986,0.12068289902782314,1,interior
0.5137594224437195,0.14475435070266512,1,interior
0.4472930797310902,0.21565607589124602,1,interior
0.4469009147091597,0.3339842094493843,1,interior
0.5116730285395555,0.1431442091444988,1,interior
0.435518149462988,0.28525122969514977,1,interior
0.5147004616502023,0.1434077262788334,1,interior
0.65809062967975,0.10092212276531996,1,interior
0.7944888186625485,0.3779077914019284,1,interior
0.8011045082886182,0.17546868824342257,1,interior
0.6561884001225957,0.10194014345785565,1,interior
0.43935672800757497,0.3100757498635151,1,interior
0.8218397762783124,0.19722689601913354,1,interior
0.4798381348214994,0.16364140552655332,1,interior
0.804792439498269,0.36319825285673374,1,interior
0.7499814525961105,0.12991505720520163,1,interior
0.8360138177237784,0.30323954102638634,1,interior
0.7893595410695593,0.3845600249238623,1,interior
0.8227725485176554,0.20296432097913855,1,interior
0.785132779289152,0.1589593500223752,1,interior
0.4509221376053721,0.21077610620605264,1,interior
0.8088187657981147,0.35807449619377907,1,interior
0.44913391412349746,0.22941518891588386,1,interior
0.44750697505412934,0.22793498578856816,1,interior
0.8130482420670606,0.34547205412939475,1,interior
0.8216026154694408,0.19536690902935344,1,interior
0.7805388146250458,0.37456332943138465,1,interior
0.8153640869186844,0.18060029206830933,1,interior
0.8245149537504625,0.3257761183101647,1,interior
0.8203103941403159,0.3385639525387744,1,interior
0.6677692347432762,0.10241609500916579,1,interior
0.8376011384584777,0.29932617698263153,1,interior
0.4448686229463761,0.3231535849430519,1,interior
0.812019053091546,0.356549418573462,1,interior
0.6732209913065059,0.10128216702737926,1,interior
0.5141965565711687,0.1406043375735703,1,interior
0.5127712911242394,0.14131515227995506,1,interior
0.8149563422230353,0.35503037809663146,1,interior
0.44838418339180247,0.2613435806182222,1,interior
0.7440403141150392,0.1276439723041134,1,interior
0.8218765732479516,0.2193428998151964,1,interior
0.44381554512935,0.3272442303186,1,interior
0.43660029730471095,0.29245914789809124,1,interior
0.760503080528017,0.13403929874366902,1,interior
0.828873449763452,0.23118696780921483,1,interior
0.5352506375197933,0.1267448060094763,1,interior
0.7515731244249032,0.12802777568042295,1,interior
0.7229792639661972,0.1105131809278351,1,interior
0.8332510039098726,0.3209415176662225,1,interior
0.8320236700069656,0.2439242782131136,1,interior
0.6652618309636833,0.09852486464212894,1,interior
0.7376303760596339,0.1269508963939307,1,interior
0.6420139091379862,0.09927421820149439,1,interior
0.8122210468404067,0.17667319272298865,1,interior
0.44593323854758926,0.2387963562262724,1,interior
0.8358014635387481,0.31783316877568346,1,interior
0.7962059648111766,0.17634599440430274,1,interior
0.8061817748493492,0.17529021002177958,1,interior
0.7045424103633258,0.10280883249107954,1,interior
0.7786866750723239,0.39885525497876856,1,boundary
0.4520009340867666,0.20748694485377264,1,interior
0.792064003077798,0.16551920749536375,1,interior
0.6526369265233043,0.10175410465996272,1,interior
0.4448852379728051,0.26857328174127104,1,interior
0.6673040332739693,0.10573664789659139,1,interior
0.7357932040142339,0.1195197377771736,1,interior
0.7603805166956851,0.14183661962228358,1,interior
0.5504784164697549,0.12492055540049808,1,interior
0.6843628499060909,0.09674048768266916,1,interior
0.7147112908752984,0.10681762187437265,1,interior
0.8138930336461518,0.35859545654997765,1,interior
0.6442151593671271,0.09728068089398875,1,interior
0.4374044504037201,0.30855698812334087,1,interior
0.7955341821172247,0.38062272565019806,1,interior
0.5523295231200778,0.12239637981733416,1,interior
0.7981482311612368,0.17471957436102506,1,interior
0.5267180095482448,0.14771105889440095,1,interior
0.43588622101435454,0.27836351048275104,1,interior
0.8182633051077789,0.20407534497812807,1,interior
0.7907852583795723,0.37610627944619945,1,interior
0.8201635093081,0.19323514488470733,1,interior
0.5044023329484137,0.1542354524460912,1,interior
0.7969214959304964,0.37589141110880847,1,interior
0.8146654023311646,0.34307083624206247,1,interior
0.5271907900893572,0.14156351911573262,1,interior
0.4427526864431229,0.26900389119680085,1,interior
0.5324779667600298,0.12579534715920107,1,interior
0.74252083637638,0.12542461024831095,1,interior
0.4620520323307173,0.19696160133241855,1,interior
0.7269076148872003,0.11246820512510619,1,interior
0.7951784569079903,0.3829108918775703,1,interior
0.8310209632175302,0.23434494875708103,1,interior
0.8319249816306076,0.2486824929788613,1,interior
0.4516992550726019,0.20528153652841036,1,interior
0.5253728183498828,0.13964070132910622,1,interior
0.44546660109696984,0.2704374110139601,1,interior
0.4472350370104768,0.2702804294086402,1,interior
0.7975515919512254,0.38231210752283357,1,interior
0.7875700161258781,0.16087756765783406,1,interior
0.7247862537521266,0.1101101978428262,1,interior
0.8286547083470858,0.22898601116815115,1,interior
0.8346538494676671,0.3222145293084826,1,interior
0.7527042737084879,0.13527515876881158,1,interior
0.4360990494324562,0.3020880747964065,1,interior
0.4358854715858133,0.28320089627254774,1,interior
0.7861909431813952,0.38963283861826303,1,interior
0.4367032204901401,0.2817595659833446,1,interior
0.4538535431539045,0.2007128938730423,1,interior
0.4582225571665409,0.31752405870728345,1,interior
0.8136775492455667,0.1866637447425567,1,interior
0.44351842566100613,0.26745703510232594,1,interior
0.7734723254361385,0.1448900732091258,1,interior
0.7824397895565637,0.3937334416303863,1,interior
0.7189485580906909,0.1083726187647335,1,interior
0.8148464287594596,0.3571261069499424,1,interior
0.8401385425945911,0.2901036337136389,1,interior
0.7409934830427745,0.12375014587226993,1,interior
0.44731050222227847,0.2580354464874266,1,interior
0.8061856993168829,0.3652808659133818,1,interior
0.8386919072696943,0.3185521403730208,1,interior
0.8309696507395827,0.24278346319661323,1,interior
0.7714520204657482,0.1384657135672398,1,interior
0.8299153771583279,0.32078971127076433,1,interior
0.8323107526180207,0.30916351714639606,1,interior
0.509340088995972,0.14610609878792238,1,interior
0.44381915803813166,0.2705043952623811,1,interior
0.6803400201339873,0.09625412676565376,1,interior
0.8235744959000383,0.22524476874369417,1,interior
0.8408924185395549,0.250641569382895,1,interior
0.652572509589584,0.10335558505087827,1,interior
0.8379052175121663,0.31672205779019885,1,interior
0.7307493268458533,0.11618479899211057,1,interior
0.7832778880689873,0.15829220784809167,1,interior
0.44625294087938266,0.3218716241316494,1,interior
0.8345921061976171,0.3199765017789315,1,interior
0.5109423895475631,0.1513574958340214,1,interior
0.7283582658998408,0.11170390235389434,1,interior
0.4402633856920475,0.27019078797032964,1,interior
0.4498590467293939,0.24945065259285112,1,interior
0.6951802450442823,0.10039923138313676,1,interior
0.4393340822679536,0.3116044706819343,1,interior
0.4438276835261789,0.3199670673633296,1,interior
0.4758753506384559,0.17005846500850944,1,interior
0.5103746443494042,0.1411313662386824,1,interior
0.781868177574244,0.15052167791829393,1,interior
0.7986169584522596,0.37619578118278046,1,interior
0.7165703833168415,0.10670755838647838,1,interior
0.4378371653428407,0.3112377938249432,1,interior
0.6644600655523254,0.10370363099079268,1,interior
0.7921780098375314,0.38678309748165485,1,interior
0.7580623994372337,0.1338020309743399,1,interior
0.4343818325323644,0.28038622034943356,1,interior
0.7995863911564117,0.3787970345628946,1,interior
0.8289976473213364,0.32292500466107427,1,interior
0.4347720353265119,0.2820543402427294,1,interior
0.8050599429370845,0.36698975546147355,1,interior
0.8340372620764129,0.2504452510356998,1,interior
0.8086751732977128,0.1812003213716215,1,interior
0.6669861293213785,0.10032846434704576,1,interior
0.8121094450159898,0.1870326106730561,1,interior
0.787041556711995,0.391764910212859,1,interior
0.8259341134500978,0.3280294496184975,1,interior
0.46652950085632905,0.19298047572845234,1,interior
0.8262537292138976,0.3232029890242806,1,interior
0.4813728186538821,0.1615821263796538,1,interior
0.5409134897583825,0.11726685646374692,1,interior
0.8232179964714741,0.19369555202306607,1,interior
0.49057337877252066,0.15687509974019181,1,interior
0.8232027080938062,0.3247323443724603,1,interior
0.44585449756660933,0.22654410423571555,1,interior
0.4531178254247905,0.33011420538480013,1,interior
0.8357028236947732,0.2505555126267878,1,interior
0.8273208694306513,0.21161715080880866,1,interior
0.4354413221692742,0.30797689786159915,1,interior
0.49555177542297846,0.14909610258347306,1,interior
0.8261655375873628,0.2284975724970761,1,interior
0.4372188616160289,0.29798805066188305,1,interior
0.44886701029506076,0.2481031228153889,1,interior
0.43776528459655284,0.2963564911053079,1,interior
0.8422861825159405,0.28475171835952345,1,interior
0.48376653099710626,0.16070846993080715,1,interior
0.4491468168478908,0.21458271910034232,1,interior
0.4408295500305895,0.26730626429635723,1,interior
0.8233981094918574,0.1962161617982293,1,interior
0.8398243691358745,0.27796010094702117,1,interior
0.4462003969130928,0.21884957223468493,1,interior
0.44723615942737194,0.23025110479301125,1,interior
0.7699485490369633,0.14190985972984624,1,interior
0.44748256330697617,0.25072391110742775,1,interior
0.44509793293858335,0.24285981617436006,1,interior
0.44234441295397214,0.3309978594055581,1,interior
0.7419810555643832,0.12221642139564737,1,interior
0.8081687243348304,0.1760310302185312,1,interior
0.8011783802641228,0.37647670479064876,1,interior
0.8246688367212096,0.2157352899090904,1,interior
0.45240609658405323,0.23094473539332422,1,interior
0.7975246167157707,0.3838529452635988,1,interior
0.7983060557446794,0.17200412754264555,1,interior
0.5100206016839365,0.14400494510806527,1,interior
0.8245915421458834,0.22761719041306905,1,interior
0.4750068454666625,0.17397018656858862,1,interior
0.49456469635083744,0.154753368204411,1,interior
0.4350701357625364,0.3119208567175239,1,interior
0.46770699291728973,0.20355233246769616,1,interior
0.439308531019477,0.3002217767200608,1,interior
0.8211149416566546,0.2002541745242128,1,interior
0.8045450103288142,0.36878945419445625,1,interior
0.8251098348017815,0.1963870824544439,1,interior
0.5424560401972329,0.11589722936314983,1,interior
0.45385961613193854,0.2389412554234429,1,interior
0.724127768804969,0.1083104063685226,1,interior
0.8149093977979444,0.34540547601456884,1,interior
0.8267791081651049,0.2157863698359777,1,interior
0.7531460548000463,0.13234869683488693,1,interior
0.8204928701611448,0.34014098998526354,1,interior
0.7679905042022933,0.14352154510289677,1,interior
0.8065133022608864,0.3684170334288766,1,interior
0.8213674651011155,0.2019527404957234,1,interior
0.7995215266475147,0.38131809266300337,1,interior
0.4380914487624316,0.2702815374820396,1,interior
0.8384504003706683,0.31272479897065103,1,interior
0.4373991979012144,0.30010284939790155,1,interior
0.8416556889112327,0.28137839280032323,1,interior
0.8173152967220904,0.34118620520723986,1,interior
0.669978220603072,0.09869277730977036,1,interior
0.5231204389352868,0.13994488240569755,1,interior
0.4463209880253934,0.24028239461944598,1,interior
0.7119570070948649,0.10755832721567683,1,interior
0.5010607023401037,0.1523039703175737,1,interior
0.8124212668203017,0.3603126537972603,1,interior
0.541225115308249,0.11459811127984605,1,interior
0.8237851974214776,0.20479378516869867,1,interior
0.8323063556428367,0.24606527511777082,1,interior
0.5130339496366321,0.14893751251538287,1,interior
0.7376071960635471,0.1200336421727367,1,interior
0.8105531057546796,0.3595578311606587,1,interior
0.5387226565418349,0.12176614661365079,1,interior
0.4831803307146904,0.1584820337533037,1,interior
0.662440431476068,0.09870993034390572,1,interior
0.8238261902447622,0.24800003465363335,1,interior
0.6679371525330979,0.09831076214908915,1,interior
0.4787475684727994,0.18283648393808077,1,interior
0.5021691349253379,0.15001500507388338,1,interior
0.8146441695172528,0.18495738313300714,1,interior
0.8148419038368964,0.3611569742824181,1,interior
0.6740231473503857,0.09750287714373479,1,interior
0.7652774132888918,0.1431030681169593,1,interior
0.44425681834164477,0.24143635338338795,1,interior
0.8167457843637768,0.18172409661133124,1,interior
0.8135735986212412,0.3557663956193956,1,interior
0.8368801529874388,0.32247296767422756,1,interior
0.727556723281339,0.11426578603640745,1,interior
0.6658125228183503,0.09703682599994075,1,interior
0.8331410683533415,0.31280376327676906,1,interior
0.8073620216689698,0.3597626409808485,1,interior
0.44378574015595973,0.2658072829596323,1,interior
0.45114653993221926,0.24508960934918192,1,interior
0.8348237037015808,0.24896212290141698,1,interior
0.4648012323657803,0.19394248762151675,1,interior
0.43928545177914213,0.31827684958763497,1,interior
0.8287064591101783,0.21871634574129206,1,interior
0.8140207959037193,0.3467440950160632,1,interior
0.5033959570222244,0.15152437224426402,1,interior
0.8392937017691081,0.25416587875631996,1,interior
0.5048375650873929,0.14909931976169707,1,interior
0.8392985054322462,0.2589405210508205,1,interior
0.5393082959133971,0.11615637980980055,1,interior
0.5252689909088233,0.1371330674345894,1,interior
0.44135831133504677,0.3161868551621295,1,interior
0.790811580157366,0.3813528356304499,1,interior
0.7543755888005037,0.1332406391069341,1,interior
0.8396539335557271,0.31725860961599006,1,interior
0.8392201495176373,0.2570279098381647,1,interior
0.7529961113547892,0.13005342754686575,1,interior
0.8262950617264512,0.32480184590918826,1,interior
0.48094853806608323,0.15866289637753792,1,interior
0.7225616051548128,0.1073936929236983,1,interior
0.5002571816171711,0.14804424128700414,1,interior
0.8174378242512644,0.35765151834912345,1,interior
0.6674333993881247,0.09599433814682302,1,interior
0.43842262612595817,0.27845700374665766,1,interior
0.823749971623803,0.20081233131505416,1,interior
0.8384398092166434,0.26124082095545686,1,interior
0.43933522041906786,0.30193511355377267,1,interior
0.45875616191041513,0.20105970236826784,1,interior
0.835655016841556,0.30619480078316735,1,interior
0.4515446609505729,0.26599875147195734,1,interior
0.4940801053723696,0.14969126460820584,1,interior
0.8281481028443626,0.32699219961979414,1,interior
0.4524752062506785,0.3189422065168806,1,interior
0.6712375298517204,0.09742790241836331,1,interior
0.4452177687704094,0.21526250823702542,1,interior
0.8409524658734601,0.29487056934142586,1,interior
0.8397041436427612,0.29256463594548077,1,interior
0.8153203558639803,0.3535327537884549,1,interior
0.7856637077309232,0.1606413976455853,1,interior
0.4331332585758815,0.28349793500918613,1,interior
0.8332339062522243,0.24766923175350114,1,interior
0.44955238076655046,0.2529174215169835,1,interior
0.8026539345174555,0.1733706133363581,1,interior
0.4939115841267902,0.1531762491143655,1,interior
0.47376267274377765,0.17529516699137046,1,interior
0.8251222608519504,0.20213976666171898,1,interior
0.7569653065640173,0.13702138670908834,1,interior
0.8301882090806181,0.32632561753919936,1,interior
0.4901634434303855,0.15506180064574304,1,interior
0.6542587457307337,0.10098623857421632,1,interior
0.44730290794482,0.25632661272078655,1,interior
0.7961041665593153,0.16889823583708247,1,interior
0.4459251010000297,0.2658256308174485,1,interior
0.7059787591529323,0.10456023392052287,1,interior
0.4888817476407507,0.15982685836601784,1,interior
0.8140747699110413,0.17858469454628317,1,interior
0.8303158469716946,0.2325793633195028,1,interior
0.4744880878429783,0.17232041937802356,1,interior
0.4328987523077326,0.28148618304707784,1,interior
0.81369135447565,0.36241457935300275,1,interior
0.8347304378797633,0.3042319483360489,1,interior
0.4464256589860132,0.24908909945232718,1,interior
0.44658230634052776,0.2420786437377936,1,interior
0.44909212272487686,0.21129830194097854,1,interior
0.8319949625781246,0.24134733921380827,1,interior
0.83998349135846,0.25561981748860507,1,interior
0.7829445913293013,0.15593421190267223,1,interior
0.8052495982018282,0.37017375058218854,1,interior
0.8401573266408744,0.31185650577791535,1,interior
0.4576388076393405,0.19848961352046085,1,interior
0.4976023856195116,0.1525005272398425,1,interior
0.8225969929997108,0.3393375089259998,1,interior
0.5358792312055141,0.12480749141726426,1,interior
0.4490468097272972,0.3339074362337132,1,interior
0.47097404282491795,0.17649069479201251,1,interior
0.43524837155910284,0.29076905674081027,1,interior
0.7639413029557948,0.13881409397528321,1,interior
0.5068175242712797,0.1470938535561513,1,interior
0.8253730092790987,0.3309043228116897,1,interior
0.784046726989608,0.15395475014398488,1,interior
0.44661205797318426,0.26432289477735543,1,interior
0.44763139362505555,0.26646370465151425,1,interior
0.8172026462867018,0.3427861659607789,1,interior
0.8427748299511578,0.29584792372295254,1,interior
0.8268850153075238,0.22126628715281885,1,interior
0.6739561922841717,0.09954583637795371,1,interior
0.7942422245173504,0.16696644525406595,1,interior
0.7289508771990872,0.11494799349590261,1,interior
0.44934862500746914,0.268420535341186,1,interior
0.8229107513690805,0.2159402876018027,1,interior
0.44773962052379496,0.23234343284633133,1,interior
0.7917463358603595,0.16287591457289427,1,interior
0.8257575078726127,0.21451328449092766,1,interior
0.8218601783925027,0.34096602969097306,1,interior
0.8287448165538269,0.3244873871170192,1,interior
0.8255747687395164,0.20567907273477165,1,interior
0.44451835925424643,0.23983342837134217,1,interior
0.5355107057462476,0.12001286303750222,1,interior
0.7270879373994881,0.10937143065908662,1,interior
0.7325146347091827,0.11616373358652451,1,interior
0.4378209469564732,0.27369668888157017,1,interior
0.5138393705564565,0.13909655398980822,1,interior
0.4365986422966719,0.3099228227520319,1,interior
0.44374111452692383,0.3249534047367104,1,interior
0.45523283599358844,0.335381651065093,1,boundary
0.7940977642186555,0.1627829962563988,1,interior
0.814665175122422,0.18847550897583398,1,interior
0.8006520297148418,0.37463104308857287,1,interior
0.8172202193522858,0.35276972376877086,1,interior
0.4564470030517855,0.1996472647600141,1,interior
0.8217944373609515,0.1925741703953216,1,interior
0.8407239237922076,0.26052674368016693,1,interior
0.8029396714388135,0.37513623784498434,1,interior
0.4752240485029837,0.18303933454013452,1,interior
0.4847686970707494,0.1653054698787685,1,interior
0.7456674679728601,0.12754666262146028,1,interior
0.8309159980248844,0.2298308064637364,1,interior
0.8232933306116748,0.3360410185502014,1,interior
0.5320717438775553,0.1281415316171624,1,interior
0.736210940882683,0.1167823077412313,1,interior
0.8028619324265241,0.37110204436892924,1,interior
0.4886541693356077,0.15783544071759778,1,interior
0.8410958091193467,0.2766693305281938,1,interior
0.8128327501753506,0.18840478630231713,1,interior
0.7890305070936142,0.3917899030281562,1,interior
0.8388787230072352,0.2691406399020703,1,interior
0.8421505215110585,0.2863377931737793,1,interior
0.7896007453993279,0.16259569053740427,1,interior
0.44537284522196846,0.22887637759032645,1,interior
0.8214846821893502,0.18902970163313745,1,interior
0.4776095053010682,0.169713976157606,1,interior
0.8318042261422116,0.3169354983021941,1,interior
0.47306081155612695,0.17691121794088177,1,interior
0.7103354533199333,0.10686525570126544,1,interior
0.8019353685345099,0.3667679354015191,1,interior
0.4602653077269469,0.19804162054285798,1,interior
0.5205114989515114,0.1430740275786502,1,interior
0.6756948919193894,0.10008472209606238,1,interior
0.8386363625982847,0.3027802173093733,1,interior
0.4444769713751837,0.33402048955228447,1,interior
0.8080044452204036,0.1724589050693274,1,interior
0.7648059705368185,0.13666577110904446,1,interior
0.8249794727976915,0.19208216295066358,1,interior
0.8173094989410354,0.1875040138972956,1,interior
0.8101335875116374,0.17530345751568052,1,interior
0.8258482121300349,0.19448224944360973,1,interior
0.7718477207177801,0.14460242689781236,1,interior
0.8158682578632547,0.34848571241184556,1,interior
0.45348229049222083,0.20519689001181082,1,interior
0.5093853038279039,0.14235216577536308,1,interior
0.45279381001663765,0.2349283129005447,1,interior
0.7997956958604512,0.38302803784301626,1,interior
0.6929350786737299,0.0961037399193096,1,interior
0.456109134412275,0.19619092378657965,1,interior
0.4513867498072895,0.20343678957232317,1,interior
0.4430876047849241,0.22634351233033828,1,interior
0.4647934192637498,0.18971213232486803,1,interior
0.831653199247537,0.3228973806146991,1,interior
0.7470371875127323,0.1284210575389523,1,interior
0.643502998526852,0.09895163245714228,1,interior
0.5063312858723549,0.1507037544587839,1,interior
0.7204895454988031,0.1079827673074928,1,interior
0.816577049914223,0.19849164185668094,1,interior
0.764196479739603,0.13249156940842985,1,interior
0.7564796592729269,0.13390362439319994,1,interior
0.4590002255691805,0.19594791307743495,1,interior
0.8210714925168269,0.3307700073815996,1,interior
0.7690847609083502,0.14060636144216143,1,interior
0.48606625252750624,0.1606958466476173,1,interior
0.7934057780311112,0.37921958497258756,1,interior
0.4542459352721895,0.2456081480510816,1,interior
0.4444824371930979,0.21894231380244664,1,interior
0.8177429901303372,0.3612998214626094,1,interior
0.46055732417563827,0.19622559885609184,1,interior
0.8407611715858591,0.2628085252951133,1,interior
0.7846613930896306,0.39534245937406454,1,boundary
0.8306902112424155,0.21659150978449393,1,interior
0.4457739301060615,0.22041970015735818,1,interior
0.44626992928336395,0.22188024279512758,1,interior
0.7499720574303658,0.12834968103852187,1,interior
0.8310355722450257,0.25258808082108797,1,interior
0.8378082825924038,0.26556746565464945,1,interior
0.7340782434825726,0.11918935321901367,1,interior
0.5367729038376309,0.1264955613911199,1,interior
0.8180586064105612,0.3499995753154002,1,interior
0.7078955972737555,0.10655595533196816,1,interior
0.7864690861687804,0.39416029259119195,1,boundary
0.7734521372244726,0.13871563349698754,1,interior
0.6693297659338977,0.0963577942177546,1,interior
0.837882832091414,0.3143419464672299,1,interior
0.4546165009467781,0.323081891501097,1,interior
0.43654384193764756,0.26828688517394983,1,interior
0.8146882246369173,0.36414954415569994,1,interior
0.7959253794902404,0.3846058958806251,1,interior
0.7237551080006939,0.10616388155606803,1,interior
0.4468769931520327,0.23439735793736244,1,interior
0.8383487409225515,0.3048091867163959,1,interior
0.8247147584445557,0.32012016903205603,1,interior
0.8393477449251041,0.26639384076541756,1,interior
0.8278908925157823,0.24894770439227798,1,interior
0.6846540562957092,0.09507408655408527,1,interior
0.825336478007496,0.22208490788419566,1,interior
0.8263094336069579,0.3367079095081623,1,interior
0.7660974881701327,0.1329936369086622,1,interior
0.4553482429209558,0.3320080647778804,1,interior
0.8252777885354969,0.20376006292055343,1,interior
0.8233644058252731,0.1902633551424292,1,interior
0.7678002322653857,0.1418079215252606,1,interior
0.4571505569148008,0.1940103724483403,1,interior
0.5147338357401805,0.13749508238650315,1,interior
0.5160522938888096,0.1386394230731949,1,interior
0.4383951723437278,0.31963798510506636,1,interior
0.470842256106691,0.1743067916087965,1,interior
0.44592793336226766,0.2628597325642449,1,interior
0.44194259093735155,0.3200556801621611,1,interior
0.7917114185174536,0.3914524536832643,1,interior
0.7692043258385418,0.138975854023257,1,interior
0.8387183090017329,0.264321475733113,1,interior
0.8242407690769527,0.18855192131877227,1,interior
0.4414483709272081,0.32518869896461833,1,interior
0.7749893792471915,0.14025376324717376,1,interior
0.8274821446820317,0.2171797280407802,1,interior
0.8209450019044978,0.21769620724534589,1,interior
0.7927385213717782,0.3809455322899595,1,interior
0.4878340539556179,0.16142858227961146,1,interior
0.7121742835347807,0.10591872603108379,1,interior
0.4667487504369622,0.18612556396312344,1,interior
0.7829196582867711,0.14686482584031121,1,interior
0.8427963727619214,0.27076604697570245,1,interior
0.4740629571937952,0.17859422820170556,1,interior
0.4973991139498108,0.1478933998258436,1,interior
0.7794500121899155,0.15216979027601021,1,interior
0.4971534086208413,0.15021922666395335,1,interior
0.693107118614927,0.09773153299890457,1,interior
0.5088851505752132,0.14881165337455815,1,interior
0.8276875121523743,0.33929844032769785,1,interior
0.8311701110886133,0.21860115612495185,1,interior
0.8162597458161495,0.34417417856316657,1,interior
0.841701504749036,0.31319288818466734,1,interior
0.6510148340416224,0.10230429541456901,1,interior
0.6818306149584747,0.09549246413563162,1,interior
0.6789644113232213,0.09489850458498171,1,interior
0.8246035101093584,0.33971901958491635,1,interior
0.46313728754576394,0.1940781239885854,1,interior
0.6982420396863049,0.0998790219363739,1,interior
0.485977242727553,0.16321654395477947,1,interior
0.4381964006710475,0.30699354188118055,1,interior
0.4661094266043491,0.1967790641789382,1,interior
0.653274890388888,0.09968946113549566,1,interior
0.5257435974947738,0.1421019479434683,1,interior
0.441513572065138,0.31829568208695247,1,interior
0.5121240912266546,0.13962148023727658,1,interior
0.8402560604131393,0.3077260097963221,1,interior
0.4423231276886407,0.2663882015177457,1,interior
0.5270254405860171,0.13907328665378227,1,interior
0.46000624198119505,0.19957337051810425,1,interior
0.48705668451107337,0.1592134555562824,1,interior
0.7733215817723886,0.14173586721134931,1,interior
0.7900316235658357,0.3572038075444826,1,interior
0.8077194740294836,0.36949374660396933,1,interior
0.8155137091417417,0.36285314119776807,1,interior
0.7938553579427773,0.38773281696205103,1,interior
0.4448010391415108,0.21682303553902685,1,interior
0.7420550833491291,0.12025594866045908,1,interior
0.8075351582015521,0.3619305659283747,1,interior
0.8228269301736598,0.19898159009824876,1,interior
0.803670576453936,0.37669101085707735,1,interior
0.6801008999414139,0.09372521101483645,1,interior
0.5319319859517238,0.12285090107080134,1,interior
0.7979880948370086,0.1703292665105992,1,interior
0.8012774911096477,0.37098501110796245,1,interior
0.832422570313684,0.32440437870410643,1,interior
0.7840828492151249,0.14986265560893822,1,interior
0.8424148225247328,0.27876858528627674,1,interior
0.4730233787151259,0.17294719495813568,1,interior
0.8405450340560613,0.2728435914112093,1,interior
0.7831110249353039,0.39057944944666956,1,interior
0.8431690802207669,0.26012835259130485,1,interior
0.6770743120212792,0.0944082872777245,1,interior
0.8048291414635004,0.37402746033652384,1,interior
0.8188761552844522,0.1810167130163546,1,interior
0.8073208286165353,0.3670687162009085,1,interior
0.5452778228545122,0.11731899625056999,1,boundary
0.43826350391411834,0.3128030373985092,1,interior
0.8347318227457156,0.24295018696350887,1,interior
0.5055186515811333,0.1448711794562296,1,interior
0.7772163344970584,0.14196637184141955,1,interior
0.47869842711816357,0.15933128520124037,1,interior
0.5226062346436139,0.1415067582173042,1,interior
0.45324485811201365,0.20309668537377365,1,interior
0.8199936841935038,0.34165776563451283,1,interior
0.47845738251319764,0.15777239726965533,1,interior
0.8337340167253801,0.23338865363167816,1,interior
0.7655780888373515,0.13118015934516722,1,interior
0.46828951093580173,0.18464432061675298,1,interior
0.4818175442898425,0.164946423437114,1,interior
0.5375916634914905,0.12001646602030858,1,interior
0.8365952339032153,0.32011113169955835,1,interior
0.8244197511849286,0.1981471914876213,1,interior
0.43663088974301134,0.2943156391279183,1,interior
0.6517071679145703,0.09976535281384885,1,interior
0.7515030470142232,0.13050015084010078,1,interior
0.43595828198322045,0.2755699155334576,1,interior
0.8261754790661067,0.23662693793974823,1,interior
0.5187586225747898,0.14283174228567372,1,interior
0.8164478822233983,0.36537396683431816,1,interior
0.8274273869978365,0.20640286015427078,1,interior
0.8243306928386332,0.19478019307183142,1,interior
0.7402722889724439,0.12581955030099298,1,interior
0.8426786559987353,0.2771159666224656,1,interior
0.44251158886057007,0.2915966476737423,1,interior
0.4440913328290557,0.2923689163641231,1,interior
0.44460928792196114,0.2241599843962985,1,interior
0.4351069356733982,0.29779250628887316,1,interior
0.7342571340823918,0.11512068867560175,1,interior
0.4857829546347175,0.1567982145844627,1,interior
0.6489704658220191,0.10058207465844918,1,interior
0.826958503455871,0.22651123463689388,1,interior
0.47166806201054634,0.18595170455853607,1,interior
0.4468906333569897,0.2127614831024867,1,interior
0.4390076176354118,0.295167090922795,1,interior
0.7047880844477818,0.10125037537028066,1,interior
0.49436905690325644,0.14783321449777923,1,interior
0.44227732430211614,0.33290098644492244,1,interior
0.47724511432573963,0.18257302884369087,1,interior
0.6713937205108773,0.09471420994172453,1,interior
0.6724769206027699,0.09636377883860303,1,interior
0.8172582463991771,0.3549867250515562,1,interior
0.8417077781532196,0.2522643205548914,1,interior
0.8353076729766087,0.32442747620921136,1,interior
0.4472519032521498,0.2360790204112614,1,interior
0.7783325279356544,0.14088431584362984,1,interior
0.46571331619980505,0.1915819768346776,1,interior
0.7997427095173397,0.17295238678782948,1,interior
0.8175663788191444,0.3482370520217285,1,interior
0.6696031527999781,0.09461472539353967,1,interior
0.5442752393664347,0.11602448070082937,1,boundary
0.5335099412441335,0.11987575490367032,1,interior
0.8278001423483036,0.32934486259215456,1,interior
0.776926436139199,0.13908254047538404,1,interior
0.43855819650086975,0.2681903357093511,1,interior
0.7193890395000372,0.10563277884939908,1,interior
0.46353076088557044,0.19097870278890378,1,interior
0.4300151821821655,0.28083712611355194,1,interior
0.8219401902982048,0.1909913874047981,1,interior
0.7894450069301399,0.16104435722478103,1,interior
0.7014220549910786,0.10056022855554052,1,interior
0.7442026304385524,0.12449345956276317,1,interior
0.5031675591754832,0.14768642512391938,1,interior
0.7565729263837067,0.13208805048589872,1,interior
0.8291023778167519,0.22059802017011976,1,interior
0.7446798161050815,0.12601840558779737,1,interior
0.4418600131563377,0.32178212370985604,1,interior
0.4374002274113311,0.28336871417666654,1,interior
0.8161087031196639,0.19089587836276348,1,interior
0.43753046726981765,0.31429541058849136,1,interior
0.5007147622951659,0.14639395343168052,1,interior
0.5047174617578049,0.14753242917921078,1,interior
0.6637107562825363,0.09684445940622348,1,interior
0.7382951108252029,0.11805836853503311,1,interior
0.5041055763559221,0.1460632486567413,1,interior
0.47615815812498363,0.17277597683990278,1,interior
0.4347338424130698,0.3007468045823697,1,interior
0.6463906729606428,0.09792051898181871,1,interior
0.8018034080304397,0.37943578127931105,1,interior
0.44459037698238657,0.3320543254741292,1,interior
0.8263306989937047,0.33432675006126417,1,interior
0.4796635925753811,0.15630139142377644,1,interior
0.4529822326882891,0.24747171211066593,1,interior
0.45645538848543027,0.32021213623943806,1,interior
0.47635112267368557,0.15770714107259948,1,interior
0.7846065435608438,0.39304787265922975,1,interior
0.7485090340074391,0.12730529226674767,1,interior
0.45478365059341364,0.1982900127655905,1,interior
0.7261584582649709,0.1109247030565867,1,interior
0.6615718796301285,0.10043048664557976,1,interior
0.47176860064146997,0.18442586542221845,1,interior
0.44479064826092896,0.2344127147206381,1,interior
0.8096107868592153,0.17353275137819252,1,interior
0.6670086574017645,0.09335512474041047,1,interior
0.44465336772409236,0.22226656240884327,1,interior
0.841696335054627,0.2973423640195081,1,interior
0.4363768946661955,0.30417444853163167,1,interior
0.5293492612318265,0.13033497460378266,1,interior
0.44629225692723523,0.33190004711819093,1,interior
0.7550401802487692,0.13018079529688187,1,interior
0.6947168808359434,0.09598873676851209,1,interior
0.6734629710588219,0.09470915673280181,1,interior
0.5174330528859101,0.14153877890295355,1,interior
0.8378281610261908,0.2677319824276974,1,interior
0.462516122389244,0.1954704219588292,1,interior
0.6597599269756104,0.10024436558368433,1,interior
0.43631875978964,0.320546880650715,1,interior
0.8255857508373712,0.33259138641400077,1,interior
0.8131178131100153,0.36493551060865914,1,interior
0.46405395378687747,0.1882978117233545,1,interior
0.43383666105033564,0.2926522162477319,1,interior
0.7327407808238732,0.11431520986836374,1,interior
0.4845543265655403,0.1592897936399705,1,interior
0.8205870367229423,0.3502889584584217,1,interior
0.7285266571637038,0.10879673454817773,1,interior
0.8447163719858407,0.31319166271208326,1,interior
0.5406346197905791,0.11288364258090981,1,boundary
0.8079706766756029,0.36476687938658436,1,interior
0.507906869979423,0.15425120963320976,1,interior
0.8038350169915106,0.37242193136222346,1,interior
0.8118433377283246,0.36334971350976747,1,interior
0.8306618987819196,0.32436920353824933,1,interior
0.5125851531350606,0.13768649385386778,1,interior
0.4463819965685112,0.2613023414357964,1,interior
0.8185945503474571,0.3470218731835571,1,interior
0.4349469131400013,0.27327202756991903,1,interior
0.5392420563167825,0.12525875873661962,1,interior
0.49633905209498475,0.14677372981067638,1,interior
0.4364333905700193,0.3187757249048334,1,interior
0.8444454770386186,0.28575838915397683,1,interior
0.4507849004769426,0.20907851494818772,1,interior
0.754636766638805,0.1285197501240737,1,interior
0.5075252390170788,0.14356107856782577,1,interior
0.8014779634580246,0.38095766839087014,1,interior
0.8253273809845181,0.22473029203942826,1,interior
0.45278976314281605,0.19936523921217722,1,interior
0.5233001621548724,0.14477226227266987,1,interior
0.8363624513600901,0.3257936665820209,1,interior
0.45251400963598387,0.19703928045606192,1,interior
0.8289214693902167,0.3401938527919553,1,interior
0.5155943628269125,0.1360316265503641,1,interior
0.7093481206176012,0.10390989882849419,1,interior
0.43566211782913217,0.29603348603011126,1,interior
0.8277423143982203,0.21382611108743177,1,interior
0.44994159707654063,0.224391762870191,1,interior
0.4326332063004368,0.2794627281324565,1,interior
0.8342703040354938,0.32672068028540135,1,interior
0.8387602645849397,0.3212776744661092,1,interior
0.8418612749375259,0.29332518311749745,1,interior
0.47006470180213633,0.1822828780228462,1,interior
0.7996237123518856,0.17105071413286096,1,interior
0.515846159245152,0.1422979633232821,1,interior
0.4709065151379902,0.1806483582690408,1,interior
0.434471820485167,0.2944238378552181,1,interior
0.793490579336983,0.16040067863526378,1,interior
0.7835711062549472,0.14830494293383412,1,interior
0.4438534730909547,0.2368332010626536,1,interior
0.5306111148153657,0.12906931794347373,1,interior
0.6415767453454407,0.09749699043260363,1,interior
0.793457194300791,0.3824015940683007,1,interior
0.5132940829738221,0.13477835026783297,1,interior
0.665291273506749,0.09514372511670455,1,interior
0.8353811973342334,0.24616083865285066,1,interior
0.4652699006592755,0.18540412541945742,1,interior
0.4346338033860832,0.30541155992540825,1,interior
0.841325346721441,0.2648068071307765,1,interior
0.7039875230254937,0.10431333745479586,1,interior
0.44964963199661545,0.24368521101231666,1,interior
0.8376544112780218,0.3238001165875633,1,interior
0.4554226202411999,0.21008631301514075,1,interior
0.4717402735248506,0.17847226599180788,1,interior
0.8390912095423948,0.3254610041539761,1,interior
0.439681468609614,0.32758912048761224,1,interior
0.43777319289715094,0.2758303094062897,1,interior
0.7181302056894346,0.10436761882432917,1,interior
0.8415359738741014,0.2540185977630787,1,interior
0.4694209656259849,0.17937101675300476,1,interior
0.8332639842551443,0.3229046047650753,1,interior
0.45911963053554383,0.19378652077981587,1,interior
0.687821899256568,0.09755224486941157,1,interior
0.8110977715231039,0.36158436207678896,1,interior
0.8318340306863191,0.32619467067800567,1,interior
0.7806127706545741,0.13947114953408193,1,interior
0.46559023993959936,0.18735440513021548,1,interior
0.450993391754848,0.2006042296262113,1,interior
0.4786232113426821,0.16557260713379288,1,interior
0.44180206747072975,0.22452837628844607,1,interior
0.8185577544265659,0.3593610277346731,1,interior
0.8053713225473684,0.37235803392116923,1,interior
0.4504853000090651,0.33481255133445104,1,interior
0.819586818249405,0.18841475538366378,1,interior
0.7946442872004877,0.3855407464955445,1,interior
0.47737057635753566,0.18090906301489712,1,interior
0.8034395532556036,0.3827071317342293,1,interior
0.6821644344891342,0.09262411378639493,1,interior
0.8260102852314963,0.32645242193429563,1,interior
0.7350917028271335,0.11796310388913127,1,interior
0.7463861682908443,0.12485170670976001,1,interior
0.8152927502749573,0.3595936559886514,1,interior
0.4524342509944591,0.2017954174922143,1,interior
0.46734056968585774,0.18168268890801745,1,interior
0.8288433416714611,0.22346887111863278,1,interior
0.44805443888304014,0.33650266558342357,1,interior
0.843398806765361,0.29443252560773575,1,interior
0.4612588680230111,0.19110168231910857,1,interior
0.7596148495995806,0.13168189663710886,1,interior
0.8223342929001548,0.22375484437414378,1,interior
0.8143652625307138,0.1996993878547454,1,interior
0.4921775873218336,0.15437881519739333,1,interior
0.7944478187261615,0.1643043383960996,1,interior
0.8016712205054916,0.1721315863450375,1,interior
0.7889376650401446,0.3935576975407548,1,boundary
0.5157285315400008,0.14073360769162827,1,interior
0.4327349259622568,0.3028440412324078,1,interior
0.8433714525327648,0.2548884458677727,1,interior
0.8287437549169726,0.21541204100803488,1,interior
0.8319476891901422,0.3281633295859825,1,interior
0.838976427993788,0.28019321871591485,1,interior
0.8299957093300071,0.22226355053756425,1,interior
0.4555028340622582,0.20093174420006193,1,interior
0.7139166003801727,0.10538717644777792,1,interior
0.8211905511923105,0.35178156611512557,1,interior
0.5323946501749449,0.12101280249813778,1,interior
0.4406587015617923,0.22746866322375223,1,interior
0.8302675834206941,0.3392183173816647,1,interior
0.4354585440322875,0.29934127319408055,1,interior
0.4541533135163236,0.33391128869658115,1,interior
0.8104598094588578,0.17122008612080342,1,interior
0.7576644259261301,0.13559616332253405,1,interior
0.7208996976955392,0.10607517244647477,1,interior
0.8387115154562588,0.2767870938695475,1,interior
0.740143143737535,0.11921328498278318,1,interior
0.4773271592690681,0.16778661463042144,1,interior
0.8339087950295265,0.23548105148067142,1,interior
0.7883258574853504,0.1594326714400353,1,interior
0.6678716727932982,0.09186783570538656,1,interior
0.7445471637629815,0.12090608955118803,1,interior
0.7673359195883007,0.12972050454788964,1,interior
0.8403529222386809,0.31018771672963064,1,interior
0.7796225796716129,0.14242760343414562,1,interior
0.7796643509338999,0.1453028705157693,1,interior
0.7028786755189824,0.10141363741440619,1,interior
0.8102120089745609,0.3656001277924395,1,interior
0.45559073987020166,0.19317256402421615,1,interior
0.45460353904091255,0.19646167397295078,1,interior
0.8411237154018909,0.25699229972733734,1,interior
0.7656517698742191,0.13953870211445563,1,interior
0.44543104778826487,0.25605346139246665,1,interior
0.7153581056257758,0.1047516572108066,1,interior
0.7908199936434281,0.3882813669576515,1,interior
0.712881844307107,0.10278469234213372,1,interior
0.709280577089525,0.10574345867088934,1,interior
0.7851082678930433,0.1566455948738187,1,interior
0.43273147721859645,0.2995005406197962,1,interior
0.8147730759102234,0.36694637429994736,1,interior
0.8031358838986361,0.1710617182371423,1,interior
0.7753459152987264,0.3964567933116287,1,interior
0.6872733395572453,0.09550448682116838,1,interior
0.44366636608019655,0.263743280111352,1,interior
0.4434153125710029,0.22321175863201642,1,interior
0.7379418793991175,0.11537367353021054,1,interior
0.728839606312365,0.113151476446141,1,interior
0.7531116385948254,0.1278038706572853,1,interior
0.8197922992335737,0.34880243319473087,1,interior
0.5007080297208465,0.15046969582331696,1,interior
0.7814727142472198,0.15218843380885289,1,interior
0.43446463909651095,0.27738398278831194,1,interior
0.517154179109469,0.14344023160249272,1,interior
0.8335187567730128,0.2408506625076196,1,interior
0.8187353885467932,0.19000972890785026,1,interior
0.44747434197825264,0.21995949531799214,1,interior
0.4439346514008853,0.26200045793676496,1,interior
0.4377767387951916,0.31594285636780006,1,interior
0.4457978968196207,0.25930904976113867,1,interior
0.4730449673988132,0.18031147458528407,1,interior
0.5186598012976558,0.1381572943573137,1,interior
0.4403053842429146,0.3322483801992667,1,interior
0.8430446579059936,0.25335002175784394,1,interior
0.4324284480618813,0.27313832344054384,1,interior
0.8436980236678008,0.2971606221583843,1,interior
0.4428812734770847,0.2187973903056535,1,interior
0.4461457327173438,0.2522411879085667,1,interior
0.6478000300856644,0.09879867753010176,1,interior
0.8270987592211874,0.2245459481923113,1,interior
0.462270346120645,0.1898516284535121,1,interior
0.8416994018726882,0.2916049173715021,1,interior
0.7153229085344606,0.10209234111250823,1,interior
0.4434026354427121,0.2577304248870659,1,interior
0.4382256129521228,0.3226419701173586,1,interior
0.4490918101010478,0.258255707410071,1,interior
0.6839446375394739,0.09292051922554198,1,interior
0.8007447712544375,0.16978430271183667,1,interior
0.8378211429465882,0.24996383068220826,1,interior
0.43351402351343427,0.28920851309833306,1,interior
0.4788387274944654,0.1681468502127489,1,interior
0.7850749389111233,0.15200629835597734,1,interior
0.6467833693054014,0.09594536286935075,1,boundary
0.44340168648927714,0.21579831252706563,1,interior
0.7960092294917871,0.1659079180279861,1,interior
0.6995981733372971,0.09753398155157886,1,interior
0.7181575751457591,0.10684526169501893,1,interior
0.7219925511229832,0.1042945849999456,1,interior
0.802437731448964,0.1695029810593331,1,interior
0.4756692806519991,0.1811066274001771,1,interior
0.8176531254211568,0.34532850225905737,1,interior
0.8124622018714956,0.17266072685877082,1,interior
0.4342666901312997,0.31926347035907604,1,interior
0.76710599175777,0.13505814425191517,1,interior
0.4611121497859477,0.19292530505205654,1,interior
0.8432126134153827,0.28185325803611017,1,interior
0.7304242112813241,0.11172393891837151,1,interior
0.7831771105288063,0.1520449746936841,1,interior
0.4480265619274089,0.2526498149559934,1,interior
0.47910929068568064,0.17296652011167327,1,interior
0.8092528847031512,0.36076193868522133,1,interior
0.8301084633807202,0.23834598333036233,1,interior
0.8066692644122647,0.3713390473451225,1,interior
0.43240536746978336,0.2903901996018561,1,interior
0.7666826339430812,0.13823761244215335,1,interior
0.8142632863444383,0.17322828294592502,1,interior
0.7941392674569947,0.39039646563426217,1,interior
0.43298853435950874,0.2752124620729717,1,interior
0.6487298565497848,0.09661451663958491,1,interior
0.4771410393113851,0.16623139379293478,1,interior
0.7822953932135341,0.13801963961337121,1,interior
0.4346919581234061,0.30344295565358725,1,interior
0.51800179840011,0.13985649716324078,1,interior
0.4328226491161804,0.31166688457757846,1,interior
0.7012250227248532,0.0981032599782958,1,interior
0.4418736058028258,0.2164432730241161,1,interior
0.7028584415869269,0.09827054845392465,1,interior
0.46664290329955493,0.18030948907461125,1,interior
0.8221614950724974,0.3435559338930985,1,interior
0.711200310217676,0.10305051312191117,1,interior
0.4420457126675576,0.32855118214908524,1,interior
0.44955290826491556,0.20496916245917973,1,interior
0.7504144447771487,0.1259867670603116,1,interior
0.8202438473786458,0.3443461249711352,1,interior
0.4717359151789916,0.1822916743184225,1,interior
0.7568754482744198,0.13913863532926876,1,interior
0.690205406941777,0.09793030623106702,1,interior
0.4388219686405369,0.32585846932155227,1,interior
0.7820533695402543,0.14362188020263758,1,interior
0.751943784019436,0.1257586250179865,1,interior
0.8194113786831935,0.35561927039716695,1,interior
0.8167734883231159,0.18604039412681775,1,interior
0.8424139704021943,0.3102286688711881,1,interior
0.6883485240893983,0.09907794311087345,1,interior
0.6912425167597909,0.09614065741945264,1,interior
0.8428504175434199,0.30227762683706405,1,interior
0.844830168391215,0.28762574847432937,1,interior
0.8302447635243754,0.32798507946298533,1,interior
0.7961392433968405,0.38958376971359776,1,interior
0.8301013699294768,0.2365995860593724,1,interior
0.6654316981772063,0.09356452108998678,1,interior
0.43482679889615355,0.2882254910345359,1,interior
0.45772975706267643,0.1968405438495911,1,interior
0.6567470798144618,0.0992031544424164,1,interior
0.7958316622723549,0.16259371273381226,1,interior
0.4637800120775765,0.1926678556597896,1,interior
0.7660942171448194,0.14166372546260197,1,interior
0.45496044131288615,0.20446606666901818,1,interior
0.813240512357989,0.3667271394780228,1,interior
0.820816144384575,0.1872370051653214,1,interior
0.4503199055232114,0.3369397078449033,1,interior
0.7115463866479871,0.1012996028498147,1,interior
0.8407001383210297,0.3246357335792208,1,interior
0.4496730520160434,0.1997069489479416,1,interior
0.8322296837526552,0.2356165508921694,1,interior
0.8438552926171389,0.25202239646914165,1,interior
0.8241747971286193,0.22352302398658486,1,interior
0.7906413948147801,0.38668637554843166,1,interior
0.7168192973300538,0.10291567700104186,1,interior
0.8217353360058298,0.35414148891025127,1,interior
0.8442823958544768,0.27787031513789323,1,interior
0.45297870190823264,0.3357666473052342,1,interior
0.4420194975362227,0.22177770310472433,1,interior
0.4332936927409255,0.2974277223318588,1,interior
0.6428730127180876,0.09640567561381641,1,boundary
0.7911861837900506,0.16085659301737404,1,interior
0.8453842267211447,0.29451466756147715,1,interior
0.8149413897050279,0.18300378298407682,1,interior
0.4690081977574168,0.17436339411054158,1,interior
0.4380193273963655,0.2664713545081902,1,interior
0.4418028162387896,0.2623598352035378,1,interior
0.8231650840471337,0.1872936784436108,1,interior
0.8244288661782174,0.18639158028677522,1,interior
0.5177268115662862,0.14526985957302035,1,interior
0.43253186964111917,0.29510049877961464,1,interior
0.49269039826864924,0.14873418170001756,1,interior
0.5253241178586001,0.1348845428894096,1,interior
0.44109697139280635,0.26059630709727827,1,interior
0.8068376624961439,0.1707424203502967,1,interior
0.4340949243463545,0.313797221052233,1,interior
0.49429920616190287,0.14518734640154435,1,interior
0.7065723740364956,0.10266384533871056,1,interior
0.44297374667169226,0.23929174325027008,1,interior
0.44027776462184876,0.21753260171241556,1,interior
0.4315200972668417,0.28904485890191545,1,interior
0.8271649316306237,0.33182945462236885,1,interior
0.4414948807915135,0.32708385385025707,1,interior
0.44356132531875125,0.22797160811547212,1,interior
0.8275158928075405,0.1932028045949203,1,interior
0.45005472940864494,0.20199263792913874,1,interior
0.7860738792078523,0.15072739486909956,1,interior
0.8081253061882613,0.16966942210517996,1,interior
0.7807405228999412,0.14104267605265325,1,interior
0.8250708698697716,0.32936974222006277,1,interior
0.7545138300664533,0.12601408259483438,1,interior
0.8417724955219834,0.2889771963417436,1,interior
0.8435045072674685,0.2500984810507777,1,interior
0.8262176400677782,0.3409210643221819,1,interior
0.44676666942443866,0.21103917444095024,1,interior
0.5381403951773289,0.1148551610294384,1,interior
0.8392204385508292,0.3008165559088523,1,interior
0.8319334169736536,0.22132599855876858,1,interior
0.8222331726241097,0.21456710935648163,1,interior
0.817961949191156,0.19359268507048571,1,interior
0.8187278198084281,0.3435431652021888,1,interior
0.7612546991432694,0.13133810543658875,1,interior
0.5054045660886779,0.14321008597808443,1,interior
0.5353329186789703,0.11807057553353748,1,interior
0.7256895183091875,0.10682658051591144,1,interior
0.4451835053264471,0.2576025219311507,1,interior
0.8284177202888618,0.2272709181167444,1,interior
0.44036491442962344,0.2194219073139218,1,interior
0.8268156825694849,0.19779961241950458,1,interior
0.4758100073132129,0.16793356843165835,1,interior
0.7033813350103411,0.09990733911972353,1,interior
0.790797486412358,0.3930862805505062,1,boundary
0.8407801540436826,0.2671141523842545,1,interior
0.8188393689245492,0.1780525894133337,1,interior
0.8417314417741166,0.3053723027946273,1,interior
0.4365620818327629,0.31309229091362406,1,interior
0.4495271407217466,0.23247185494363878,1,interior
0.8293390047001998,0.2131714625345991,1,interior
0.4436650118025515,0.2555586103019066,1,interior
0.6624947922397553,0.09453267920596835,1,interior
0.5301547064723511,0.12351129546790383,1,interior
0.8071912945732642,0.3740371659302226,1,interior
0.7974540788977807,0.1640628083034507,1,interior
0.7585013118815461,0.1368961427305564,1,interior
0.8334959403950807,0.3286131239480382,1,interior
0.8450662202292823,0.24787552389283385,1,interior
0.4446742569154066,0.25324505900095345,1,interior
0.44233299376453356,0.2646075124376999,1,interior
0.8412575536984421,0.32125604488083415,1,interior
0.7017088908606196,0.09643835802880384,1,interior
0.7076313464217608,0.10416770120829207,1,interior
0.44820481068373713,0.33837058331669484,1,interior
0.4393499525011048,0.21510078757229542,1,interior
0.5068343678332865,0.14215792986900724,1,interior
0.754502596439161,0.1316018218373618,1,interior
0.8402883671653417,0.3227881232819985,1,interior
0.8208817417877408,0.356313620670229,1,interior
0.7806442187957865,0.14682332974851062,1,interior
0.48079145310303006,0.17214756576746346,1,interior
0.44085590458572504,0.3300026719288386,1,interior
0.5313145412506267,0.12472632461228172,1,interior
0.8049289581880562,0.16982095966036517,1,interior
0.8281084185973283,0.1950681997064491,1,interior
0.4880252624729066,0.15574640615646174,1,interior
0.8405692543741595,0.3033473935241837,1,interior
0.44492230364752433,0.21204612177890414,1,interior
0.80610922826189,0.37704715899029223,1,interior
0.7997847660582248,0.16808045528772056,1,interior
0.8296900699286215,0.2251178857387903,1,interior
0.795491079776638,0.3871490152122617,1,interior
0.4400888780078869,0.22435165789311828,1,interior
0.4740078269236044,0.17003463845853192,1,interior
0.4700891496668417,0.18435546914842482,1,interior
0.44347472629437357,0.25147891345117546,1,interior
0.43822979312282717,0.3297996463546728,1,interior
0.7976571452741315,0.1677434812639775,1,interior
0.8046669577080081,0.17185501428631542,1,interior
0.44409821234063634,0.3217046251987488,1,interior
0.5039922075014794,0.14432519312090453,1,interior
0.4424685106126932,0.25275602926849633,1,interior
0.7853164820469896,0.1460956657157525,1,interior
0.759515420031837,0.12878155944844968,1,interior
0.44313752504116133,0.32314470088069497,1,interior
0.6713403971015691,0.10106154010170763,1,interior
0.45237798632313025,0.33429798537766076,1,interior
0.4430688398407773,0.25923872790163627,1,interior
0.8194172009605717,0.35202370065153066,1,interior
0.4357033641926696,0.314797819179778,1,interior
0.8410019093475408,0.2698403635997097,1,interior
0.6588699585318727,0.0986526935193921,1,interior
0.5229383491191887,0.13784235390466143,1,interior
0.4397331079491361,0.3339622651984662,1,interior
0.43886401971994765,0.27174458867636914,1,interior
0.4332463180322055,0.2864135520745769,1,interior
0.8382268363403382,0.30794771859316955,1,interior
0.44028190087321345,0.26291852607228966,1,interior
0.7920694916641692,0.3897715032002394,1,interior
0.4422841220005711,0.21381113309617944,1,interior
0.738438463739273,0.11288633082395455,1,interior
0.8284560421877335,0.1981981042877149,1,interior
0.7426309463372699,0.12387189164056016,1,interior
0.8440267090395532,0.28050062879818927,1,interior
0.7487517263258548,0.12489118997952137,1,interior
0.5380753745639357,0.11824112415635267,1,interior
0.5293949763144089,0.12519547856700766,1,interior
0.7931073587293086,0.39251420235352047,1,boundary
0.44452220489717037,0.22579584430902494,1,interior
0.7621979449135896,0.1326623040333054,1,interior
0.825249982083137,0.3425755266149511,1,interior
0.7826839089251054,0.1451308842028064,1,interior
0.84226743620689,0.3082933364165344,1,interior
0.787903807025428,0.1561288271536526,1,interior
0.6896709251163184,0.09370123330306408,1,interior
0.8155764874348391,0.18716642579631157,1,interior
0.7756829674740684,0.141720801007405,1,interior
0.44400712628404854,0.21342539265609659,1,interior
0.8255536151546283,0.20062193278075807,1,interior
0.4339325393372864,0.30904364083602126,1,interior
0.5261964294148636,0.13108173642010426,1,interior
0.5302040452012247,0.1199768099677459,1,interior
0.476161145551912,0.1641170883749937,1,interior
0.44134619666512126,0.2588187678895251,1,interior
0.8367261694010194,0.3099436474280322,1,interior
0.828195473096587,0.21003667766153508,1,interior
0.6498417498955681,0.09873710672480765,1,interior
0.5211779085786207,0.1369023375789384,1,interior
0.4453020350214113,0.3369851094418193,1,interior
0.5021841069943658,0.14467072821511182,1,interior
0.43481893431973245,0.28670143214454435,1,interior
0.44206675397381945,0.22860748902205116,1,interior
0.730996622535081,0.11359101320673072,1,interior
0.8412897629387639,0.29982231408731747,1,interior
0.7091975966864633,0.10047982600569796,1,interior
0.7258838393586274,0.10840247442828428,1,interior
0.44155248370634576,0.323373984356459,1,interior
0.7974639365420557,0.3882490256782149,1,interior
0.4399958330740668,0.22091183018080493,1,interior
0.8082157622758139,0.37199656116193897,1,interior
0.8400048033500475,0.3152891948409715,1,interior
0.7352435459278533,0.11285197090552958,1,interior
0.8169146131474502,0.3591400770925348,1,interior
0.685764938766043,0.09067181185026996,1,interior
0.5393293206255785,0.11198969058543383,1,boundary
0.7474472005830057,0.1232850034613521,1,interior
0.8427619900879045,0.32293314306382626,1,interior
0.7682785898599056,0.13724677342010308,1,interior
0.8438827025027992,0.2988673580621837,1,interior
0.7469237236941593,0.12639603647944955,1,interior
0.6869543317575599,0.09265389323422484,1,interior
0.7500484923598936,0.12395460584406236,1,interior
0.5092219773015727,0.139932093544015,1,interior
0.8425698710560711,0.27507346387681975,1,interior
0.8292840404073772,0.33352152833626136,1,interior
0.6754920523241653,0.0926109819328912,1,interior
0.49309021469170744,0.15118563598406504,1,interior
0.8326813355711498,0.21617409130238094,1,interior
0.44991573316434946,0.2065192865183423,1,interior
0.6888392426128431,0.09522600542278387,1,interior
0.6751130045601995,0.09090173865152187,1,interior
0.8095652073950653,0.3683211853305293,1,interior
0.8195972887253833,0.35783834939530523,1,interior
0.4760680007006919,0.1606656201624776,1,interior
0.8414963789112043,0.3187383471974705,1,interior
0.5394070236016041,0.11382257161484341,1,interior
0.7925924101802463,0.158222938324462,1,interior
0.43998472312809367,0.26576005616326426,1,interior
0.5380693337144281,0.112991036809599,1,interior
0.8059317332702618,0.16807739430233865,1,interior
0.4434739374852783,0.2212531993720594,1,interior
0.5017510661066898,0.14845597635955038,1,interior
0.5278914382298872,0.12927756316992856,1,interior
0.4781026913380212,0.1627970129600476,1,interior
0.44183792521375476,0.2507819784100396,1,interior
0.697810549628745,0.09837791709476046,1,interior
0.8317954020308581,0.22314529867526747,1,interior
0.4475717526597891,0.20218944772449166,1,interior
0.5063378894087612,0.13973388619340793,1,interior
0.8200021256825998,0.36160976038368653,1,interior
0.8435389551278951,0.3004226936919722,1,interior
0.6784472818300821,0.09336339398873064,1,interior
0.6991786462710505,0.09467589910370887,1,interior
0.8272393352236538,0.19102836318851907,1,interior
0.498978510895313,0.14696308903620509,1,interior
0.4323970661059985,0.2934454803216851,1,interior
0.4444285868566939,0.23059414851214924,1,interior
0.8100552129370627,0.36372544290785835,1,interior
0.7488379080037078,0.12197542038743124,1,interior
0.7831621164087336,0.3923742419129202,1,interior
0.7711004998605239,0.14303404182606025,1,interior
0.8431872169285598,0.2876538373989888,1,interior
0.4399314278067867,0.32174137218534,1,interior
0.8268753343959763,0.1962627236861649,1,interior
0.816396882047005,0.18435432538512347,1,interior
0.7561753425958824,0.12680124409931876,1,interior
0.7646862502915731,0.12956913222433109,1,interior
0.4798179203914903,0.16947546608136121,1,interior
0.5268213282837415,0.13308069205533268,1,interior
0.4326475625812916,0.2769285541221316,1,interior
0.5303415085857988,0.1270583725135591,1,interior
0.4407578914100634,0.2643744952744667,1,interior
0.4358214391520411,0.2711598155113046,1,interior
0.7860448923810156,0.14843247023996678,1,interior
0.8445231168081601,0.28318545466594885,1,interior
0.7392618998795747,0.11633554080707346,1,interior
0.7091101854437708,0.10223645835425975,1,interior
0.43033372024505984,0.27833694962599703,1,interior
0.8063430003418044,0.37534333007660303,1,interior
0.8214366142516943,0.18524057232683452,1,interior
0.797847001561933,0.3862403096876426,1,interior
0.804898316558667,0.16679836120429864,1,interior
0.5367591882226621,0.11683761678100858,1,interior
0.7506571915248557,0.12182753734518195,1,interior
0.8434603973998382,0.31174189765204585,1,interior
0.8453841986575484,0.2540959573851571,1,interior
0.8185467716535231,0.1857961363647918,1,interior
0.7676216696225103,0.13964091595382636,1,interior
0.43976821502471114,0.25069859945588546,1,interior
0.8163195642866367,0.17930751763304517,1,interior
0.6770829362426111,0.09097522880353451,1,interior
0.5043440818003666,0.14079236367714867,1,interior
0.8307024217134339,0.22692795866454282,1,interior
0.8335763985418635,0.2237427521365996,1,interior
0.8223164527574998,0.3483797724763801,1,interior
0.8198833345823823,0.36416003915276585,1,interior
0.4418755627824558,0.2408680651378082,1,interior
0.7781256140834194,0.14569234029912687,1,interior
0.4339341231189477,0.31705720993281844,1,interior
0.8454430737916839,0.323053702746601,1,interior
0.8185969163870842,0.3540186321748507,1,interior
0.831231963865321,0.3304340020885914,1,interior
0.8286694607474272,0.3349746368569851,1,interior
0.814902794532496,0.17628716573294514,1,interior
0.8091423866351081,0.37543773269213376,1,interior
0.44248112819441443,0.24384124263511364,1,interior
0.4333912082439561,0.32081070887402735,1,interior
0.44571722159212956,0.2369360024858979,1,interior
0.763796362837437,0.14266846164395533,1,interior
0.4327801207977612,0.306577464285469,1,interior
0.6608350229151334,0.09767021303046776,1,interior
0.71383585558256,0.1015894460256986,1,interior
0.7889198868602743,0.15067115627758926,1,interior
0.8167378084036752,0.33925058825023835,1,interior
0.8338428363140691,0.3305071727391022,1,interior
0.8370864381219558,0.3186676403333267,1,interior
0.4335372515859691,0.2716983782934878,1,interior
0.8037442482895271,0.38037210032063135,1,interior
0.8006111918789566,0.16676335061093692,1,interior
0.4689431216105659,0.18119018457928585,1,interior
0.4838096653108448,0.15517402631606025,1,interior
0.4354735731672141,0.3165100147095762,1,interior
0.8215280500423724,0.18114341049227825,1,interior
0.8297414613371151,0.20853666842778448,1,interior
0.4721309651476767,0.17120378396830746,1,interior
0.7236610757391456,0.10354625332228083,1,interior
0.8347699790109012,0.22262840996245425,1,interior
0.47114250971994154,0.17258172528859944,1,interior
0.7880143473040276,0.15344359263837457,1,interior
0.7991786935947407,0.38521255385148184,1,interior
0.8432024119330859,0.32042827705901533,1,interior
0.4484869459516664,0.21296117310422635,1,interior
0.651042171366374,0.09706564218191255,1,interior
0.4504565482868977,0.19831834964162678,1,interior
0.7893759840865477,0.15413304790355709,1,interior
0.4399984923356219,0.31988619407738017,1,interior
0.5288490129071598,0.1280087031441226,1,interior
0.4741747823395106,0.1601779717711557,1,interior
0.6448990405750523,0.09587010500717832,1,boundary
0.8289884250857231,0.20699779164519852,1,interior
0.8293223113539043,0.33721185409186333,1,interior
0.7905731471610491,0.3902870107691685,1,interior
0.43965139231609895,0.3233120431380246,1,interior
0.8227345933795233,0.18370811035460047,1,interior
0.7854857108902326,0.15459867425135773,1,interior
0.7797415288245343,0.3847020243345848,1,interior
0.48829887797339716,0.15285832504103025,1,interior
0.8272725901951227,0.2046270545372577,1,interior
0.4427235740318271,0.32610379705017284,1,interior
0.6483554441214798,0.09350443307883842,1,boundary
0.44420290127930917,0.26041579503613294,1,interior
0.8120048794752561,0.36874595624483353,1,interior
0.8445238539204055,0.2739696339358002,1,interior
0.8402066935765397,0.31960720752099214,1,interior
0.430196201915835,0.27549958125575463,1,interior
0.7784965003577234,0.138095678283194,1,interior
0.43242416686545626,0.3181309194430488,1,interior
0.6743999000534158,0.09591561316688955,1,interior
0.4975502729581889,0.14557358829062766,1,interior
0.4485133872287002,0.20960239744636344,1,interior
0.49055653336699473,0.15255883094936135,1,interior
0.8101278437981563,0.37175102419803924,1,interior
0.7519514163399568,0.12407889111232047,1,interior
0.42905208271758327,0.27939966408416783,1,interior
0.8332255158150511,0.333328795657469,1,interior
0.7306565321133478,0.10857208858789126,1,interior
0.8310226822596781,0.3370546328546445,1,interior
0.8420371116231121,0.2735962708158748,1,interior
0.8259742811457792,0.33884281608139183,1,interior
0.44259731192011215,0.23028630457269492,1,interior
0.4553107693740046,0.1906441853662733,1,interior
0.4414837465963032,0.33531931038421947,1,interior
0.8459976983066441,0.2866467998163899,1,interior
0.4594334096303712,0.19103701383828847,1,interior
0.813840712073043,0.36818075424205854,1,interior
0.8408685081939893,0.2586314165051092,1,interior
0.7566719081011889,0.13048085749300337,1,interior
0.7672743275245413,0.4012514896775664,1,interior
0.7978087347304917,0.1660857872845504,1,interior
0.43230859715149655,0.2701125986888977,1,interior
0.7631904399132108,0.13052951948529215,1,interior
0.43105082240550574,0.27689704737040144,1,interior
0.7849690961924455,0.39148435082016037,1,interior
0.5365132031289185,0.1133070487883217,1,interior
0.7993899529378159,0.3123380731711088,1,interior
0.44929992295740184,0.20803758167398306,1,interior
0.8063057734527455,0.3634057061696438,1,interior
0.6629912773436872,0.09214866231508717,1,interior
0.7274045530640482,0.10693216233433331,1,interior
0.4347466058178625,0.2669528852994258,1,interior
0.786856770357677,0.1586021679804258,1,interior
0.7923827924135267,0.15643221886101838,1,interior
0.8180610474898175,0.18323769210834642,1,interior
0.8198186494308269,0.1841774783556937,1,interior
0.7687935031958878,0.13254436384912768,1,interior
0.4650823225176291,0.183229466846458,1,interior
0.8016161259583989,0.16807863670391132,1,interior
0.8309981849882133,0.1953265235566183,1,interior
0.4382500995427026,0.21671159252142885,1,interior
0.7872411588097298,0.14485193627685627,1,interior
0.8324818690627174,0.23169105506122437,1,interior
0.7391442158667973,0.11141885076319702,1,interior
0.4313751951345129,0.3208569872840364,1,interior
0.49090420026842274,0.14667314510624707,1,interior
0.835178169733039,0.23415279641049608,1,interior
0.44441786553221235,0.24991643404422714,1,interior
0.7995540712173684,0.17531435989312785,1,interior
0.8357600326276633,0.24417459260863444,1,interior
0.7907023219415384,0.15219306837014004,1,interior
0.8181920306251405,0.3641480800997654,1,interior
0.8136069643877702,0.37066994875521725,1,interior
0.8456851336897782,0.3005624196147456,1,interior
0.5338792367510383,0.11750897325973565,1,interior
0.4307229610008827,0.2934258087287086,1,interior
0.8458809770581759,0.30215119725984974,1,interior
0.8232528940639612,0.3450684018425509,1,interior
0.43709845248349344,0.32421575629257904,1,interior
0.7832334130987068,0.14214976789799383,1,interior
0.7921738248483895,0.15146702149489213,1,interior
0.5071894715608244,0.13840973911575785,1,interior
0.4457486824504434,0.3399043167245933,1,interior
0.7878669315275041,0.1517795251964226,1,interior
0.7802660354951158,0.13773842351134183,1,interior
0.8272229410899814,0.20156207669088685,1,interior
0.4468434849630184,0.20469809504655984,1,interior
0.5203685287171717,0.1414200726340941,1,interior
0.43971336677566175,0.30462758407831075,1,interior
0.7067277444056906,0.10046186458922947,1,interior
0.4296305957167335,0.2900711120909638,1,interior
0.80811569888421,0.1670179581890813,1,interior
0.8437508926635684,0.2910845775198397,1,interior
0.5167966300553488,0.13708942004232902,1,interior
0.8210586676931955,0.18285078401989452,1,interior
0.7820408452464872,0.15423887145149406,1,interior
0.46738525075995396,0.18325502568373656,1,interior
0.8395335383772562,0.30619961520877736,1,interior
0.5250601602959927,0.1326680812358611,1,interior
0.8236152042940065,0.3516838503867134,1,interior
0.6801956771647301,0.09174630938304577,1,interior
0.4318632350181926,0.30783492681084335,1,interior
0.8093336129985619,0.37028028372408006,1,interior
0.8265877180497158,0.20982985288288644,1,interior
0.8160808074434655,0.3562117480963362,1,interior
0.5080531334855993,0.14112434051900397,1,interior
0.44880183006433116,0.2032790519324834,1,interior
0.7975936385413667,0.3900288788298552,1,interior
0.8206934390049493,0.36024661706107264,1,interior
0.811597708483958,0.3668246975666192,1,interior
0.7400933322826179,0.11355118239822438,1,interior
0.4367803438181329,0.3060308285503541,1,interior
0.8318548155454909,0.19252437262088884,1,interior
0.7823778511202347,0.14023589601825448,1,interior
0.44161546424807036,0.25647041849286784,1,interior
0.6850463082010912,0.09945184109858839,1,interior
0.8167353098601334,0.17639540199062825,1,interior
0.4420993499437757,0.2545000692863323,1,interior
0.843857275569215,0.3049889373303961,1,interior
0.799990901988904,0.38987000708347697,1,interior
0.8259621267804743,0.18691721543370174,1,interior
0.830309133870812,0.33514745635205817,1,interior
0.8361994771083763,0.24790904480179957,1,interior
0.5379830531639432,0.11064175910086076,1,boundary
0.8289535184809662,0.21163452954585657,1,interior
0.5354638793059938,0.11202695615306849,1,interior
0.4854012984039349,0.15480410464659908,1,interior
0.7535530235844776,0.1236486577692653,1,interior
0.8422229007573167,0.2613497510684639,1,interior
0.45020300953056486,0.19545822893964243,1,interior
0.8081742021646998,0.3767906502602276,1,interior
0.8455159309441903,0.28912964607094976,1,interior
0.7847988203453693,0.14104739181601017,1,interior
0.7314665294794246,0.10987427815693253,1,interior
0.4685624620670444,0.17159777741756926,1,interior
0.8292357107074936,0.2172586418543143,1,interior
0.833641613869158,0.24532787265128567,1,interior
0.8454434043033128,0.32061342097892603,1,interior
0.7099144056812391,0.09899642726295835,1,interior
0.8456481557912978,0.29674332653570723,1,interior
0.44865270360219073,0.2542846045187749,1,interior
0.8029351411239148,0.38917327125102424,1,interior
0.8321961191533643,0.23729172527320067,1,interior
0.8192354845601361,0.3454817253666987,1,interior
0.7331260334001181,0.11262423062799289,1,interior
0.757911138055344,0.1293405195515187,1,interior
0.8448975295743346,0.2619616371372697,1,interior
0.46936859130681846,0.1767424032708701,1,interior
0.42851042524631183,0.28894516955455046,1,interior
0.5179789814225951,0.13612426616259712,1,interior
0.43097563007866785,0.27361788917085234,1,interior
0.44570390990914066,0.3352987450923579,1,interior
0.7998176855964243,0.38668562114637706,1,interior
0.8422604175952573,0.26652357527507814,1,interior
0.8166341394391964,0.3672405128962426,1,interior
0.777784806560774,0.1437956635065043,1,interior
0.4390866219007407,0.2572720897619778,1,interior
0.756741481023479,0.12502057016978335,1,interior
0.8129042809334487,0.16959036676576503,1,interior
0.43025122575919644,0.2712142965750283,1,interior
0.770794050743503,0.13984680497330032,1,interior
0.7584063924639989,0.12751526758363757,1,interior
0.4404638293731293,0.22283995795589556,1,interior
0.4942309520845657,0.14312952075816066,1,interior
0.8356069192241644,0.2320681310170512,1,interior
0.4466034590593213,0.20028736547067855,1,interior
0.7562041093455957,0.12838624662114176,1,interior
0.7800925749240738,0.13579624490873107,1,interior
0.8015572622307906,0.3854106566809768,1,interior
0.4842686737773475,0.15717664038065712,1,interior
0.8316221986615242,0.33432628108787943,1,interior
0.7903009307761558,0.15862885996687145,1,interior
0.8457665761378055,0.2808514524392357,1,interior
0.827874383830983,0.3422995520497647,1,interior
0.43667981027720415,0.27262120740940843,1,interior
0.4397682678747196,0.25941131463910483,1,interior
0.4409697786889273,0.21262182367951238,1,interior
0.4449997662873135,0.2454932536262509,1,interior
0.7664243371695313,0.14409917882383166,1,interior
0.46570592407015576,0.18170606467191047,1,interior
0.4479610892570837,0.20635678469480181,1,interior
0.6647037205203561,0.09110988405454909,1,interior
0.48242427645380576,0.15669232908816783,1,interior
0.7861265257268719,0.15312108545702366,1,interior
0.8060856457257568,0.3799167563411486,1,interior
0.7180178896291851,0.10185377094737393,1,interior
0.829735460982567,0.1922438232497253,1,interior
0.695193956424913,0.09307378061268824,1,interior
0.7041886476922816,0.09612849086759868,1,interior
0.8225862065424531,0.3557432001251822,1,interior
0.8199756616107549,0.365984079509371,1,interior
0.4431445533558976,0.21092754363616295,1,interior
0.44685075946291514,0.20756697071860616,1,interior
0.8326996376592115,0.3369234840344263,1,interior
0.48995994191154724,0.14533091424683073,1,interior
0.8432895786448369,0.2628425660702314,1,interior
0.7527285579746276,0.12141350827768929,1,interior
0.8468205243829605,0.25238853733810596,1,interior
0.7573235781638769,0.12237688896713628,1,interior
0.7926908565548525,0.16406622573818672,1,interior
0.4277470217245075,0.2770497361905506,1,interior
0.824100680397772,0.34154486515123783,1,interior
0.43121803972004363,0.2831032524548419,1,interior
0.4420121375507081,0.2454219472704481,1,interior
0.732179473470935,0.11129605929509091,1,interior
0.8459651826076133,0.29183253361308,1,interior
0.8260236319562625,0.1889381343094337,1,interior
0.44040137651594297,0.24262293492433018,1,interior
0.8324022578893491,0.21409619702776825,1,interior
0.8480305883140186,0.2850340508976486,1,interior
0.44549697951908196,0.24762890557106954,1,interior
0.492717514562331,0.14701516130631537,1,interior
0.8237990260275418,0.3543767778747835,1,interior
0.8323547288630925,0.22558715299449072,1,interior
0.7859994826345054,0.14319493095359243,1,interior
0.5024664106823844,0.1422050586018183,1,interior
0.8360356150958025,0.2214131031435843,1,interior
0.7055668465241401,0.09719400978936481,1,interior
0.7986186774299838,0.1621219854152135,1,interior
0.8255962668647584,0.3503676502956961,1,interior
0.7845213927066741,0.3896913546916419,1,interior
0.4748118848652668,0.16615940211478727,1,interior
0.8443896957973428,0.2720984406214885,1,interior
0.8319022661991238,0.238908447662691,1,interior
0.8015301850113007,0.3831268490524404,1,interior
0.4379330827916718,0.22709650329694664,1,interior
0.8031924121557328,0.16756191626172987,1,interior
0.7465951190878338,0.11948227379334604,1,interior
0.7912321762118634,0.14924629930143143,1,interior
0.8420914402419835,0.30363270747426335,1,interior
0.8469947132219671,0.2944783520796641,1,interior
0.7873795791753335,0.14932563570614008,1,interior
0.7835721369522896,0.1392309979275806,1,interior
0.44650370769020425,0.33805673507948414,1,interior
0.44375241192148884,0.24731717811300766,1,interior
0.4379149663687302,0.3339685707978535,1,interior
0.8413718492040803,0.31703038439365067,1,interior
0.43825961424923365,0.2255595704224261,1,interior
0.7583536077806057,0.1308216305294564,1,interior
0.7417626248435639,0.1151598363059298,1,interior
0.6745509239994383,0.0890089182285651,1,interior
0.8162259070242034,0.36917457118437796,1,interior
0.4329447210176607,0.3147919508057814,1,interior
0.8239227987878035,0.18243212360971214,1,interior
0.4522658585614713,0.19419618272370084,1,interior
0.4489416960460019,0.1975759716627794,1,interior
0.5105382026262518,0.13892350343653334,1,interior
0.489741201113791,0.15062168722629637,1,interior
0.836191008451676,0.2521018472437568,1,interior
0.7294106239103355,0.11037211243255753,1,interior
0.8350565469279376,0.23706380637995225,1,interior
0.8341019143484368,0.2294691854097379,1,interior
0.4313915743387984,0.3162103421048196,1,interior
0.7368205986311503,0.11154645970175439,1,interior
0.8326541042940276,0.22860661897348056,1,interior
0.46248735688198245,0.18780263705326125,1,interior
0.7329990526570579,0.10664478024851334,1,interior
0.8433417174651116,0.2892397739246003,1,interior
0.4332655193645775,0.30117082878267387,1,interior
0.7617100224396098,0.12876406539095456,1,interior
0.8461112110145746,0.2558605774671094,1,interior
0.8022502109100162,0.16557246576872958,1,interior
0.8433140708280663,0.25704368569061903,1,interior
0.45795937632206657,0.19254844715724512,1,interior
0.817156691677982,0.362770982945185,1,interior
0.8369430151291766,0.24230472334109238,1,interior
0.8212445633280524,0.362645902646311,1,interior
0.6622793399047732,0.09008695454449779,1,interior
0.8194531841720638,0.1794784718997084,1,interior
0.8071401519848567,0.1656414087956531,1,interior
0.7529446016862137,0.11986230446258875,1,interior
0.48217737458465015,0.15964889450770328,1,interior
0.4640356535236334,0.18633986023390453,1,interior
0.8444666720762075,0.30303969438044953,1,interior
0.8444797311499768,0.2757367983978942,1,interior
0.741496054207377,0.1176546156825847,1,interior
0.846518361109506,0.29821148577708617,1,interior
0.847601164775194,0.2537434002403267,1,interior
0.5276540923803361,0.12586879828548475,1,interior
0.4598789829869619,0.18868882357615246,1,interior
0.7878638335508673,0.3901207158559281,1,interior
0.7948243560954987,0.16122606856725413,1,interior
0.6610814501182547,0.09263700268428024,1,interior
0.8377784143737841,0.22194563603405681,1,interior
0.4394830190556967,0.22864714379435183,1,interior
0.5044504867579191,0.13853734167625367,1,interior
0.4651700436646319,0.17849791417605837,1,interior
0.8343258068157515,0.22739417609382626,1,interior
0.4315827871547467,0.26829558099257345,1,interior
0.692699442336344,0.09384545126609095,1,interior
0.755617125808787,0.12399799163609265,1,interior
0.7491845110416037,0.11909339674724144,1,interior
0.4609544033061153,0.19448935868863135,1,interior
0.8354548555630508,0.33281735402643436,1,interior
0.4636623601278648,0.1812424899905105,1,interior
0.8477976303518454,0.2558612773910548,1,interior
0.8392245099169385,0.24174186299296516,1,interior
0.43724276971107673,0.2294043607339746,1,interior
0.5258955768357688,0.12736131372523385,1,interior
0.4379528786946313,0.2644445351024818,1,interior
0.8345892649244844,0.22520132459387787,1,interior
0.7408811347636256,0.11077931336046533,1,interior
0.8045200214733622,0.38960648111875257,1,interior
0.4734729526595504,0.16800753196793677,1,interior
0.4809002267476642,0.1536227914657813,1,interior
0.8296242814523133,0.3299356729129833,1,interior
0.4753588484178799,0.16201512610468846,1,interior
0.4409301689823413,0.23613958517387434,1,interior
0.5173444674734096,0.1346568478357913,1,interior
0.5427576382100361,0.11439474527913017,1,boundary
0.830236241914332,0.22842235938327554,1,interior
0.70003937839117,0.09906346100929792,1,interior
0.847966739635031,0.30167989273840623,1,interior
0.4916162227367812,0.14526387200302926,1,interior
0.8463132261775353,0.27525336101147996,1,interior
0.5118153112338322,0.1353343062468061,1,interior
0.7052982513702745,0.0995541670918696,1,interior
0.42891390459628864,0.27372010241861766,1,interior
0.45687346183071026,0.19074350063866455,1,interior
0.7140554328612508,0.10385097343196238,1,interior
0.6535996397579285,0.09712723757390733,1,interior
0.47218167041231396,0.16496847533538953,1,interior
0.8107279255542739,0.1682402748142907,1,interior
0.8391653710857444,0.2507369575363324,1,interior
0.4319368981934674,0.28747482364158067,1,interior
0.7200943392170088,0.10344982754853652,1,interior
0.43529893765070565,0.32419913030318104,1,interior
0.43119538493745496,0.29903414063961203,1,interior
0.43787398086079227,0.3279460050402753,1,interior
0.8279597799940707,0.18959771458173463,1,interior
0.7434950465718754,0.11965028749469277,1,interior
0.8344908147485959,0.22068106011035993,1,interior
0.43923711767323814,0.23387196362925106,1,interior
0.7362819469678683,0.11431018901833517,1,interior
0.4393214570968335,0.21318856278971748,1,interior
0.4521492099816423,0.33731140862034054,1,boundary
0.6548405665392588,0.09926658769620679,1,interior
0.6751647582825853,0.09431481089580894,1,interior
0.5304856890360452,0.11772486610481715,1,interior
0.440979236499207,0.21488652761146715,1,interior
0.82816608944182,0.34450216823937596,1,interior
0.4704153568291802,0.16975560519109675,1,interior
0.7196894052148181,0.10197031927791196,1,interior
0.8467939569639136,0.2841198691950337,1,interior
0.4617327869384587,0.18644824912370267,1,interior
0.46765232555279157,0.17870080324559606,1,interior
0.5345091927517026,0.11435817714247866,1,interior
0.4277753977440304,0.27508693707280724,1,interior
0.4564256985413952,0.18819706255256233,1,interior
0.8105144623461016,0.37336587133277716,1,interior
0.7513800082049148,0.12005703190128432,1,interior
0.8499132703750878,0.2519510465949619,1,interior
0.6974843029721588,0.09554182943579821,1,interior
0.4914600085511209,0.14988785541120273,1,interior
0.7476746978465935,0.12055371385697135,1,interior
0.769413161533768,0.13620986938548957,1,interior
0.8098081730893043,0.16629300999385677,1,interior
0.8464645077015681,0.31201439152664445,1,interior
0.8004009565746645,0.16004162936421337,1,interior
0.6821225582673728,0.09022235896998784,1,interior
0.8430081829785824,0.2650010759491917,1,interior
0.8351436394545159,0.3347583569896545,1,interior
0.4302371177975123,0.3138651452203862,1,interior
0.4271728139027974,0.2725886316812888,1,interior
0.4352865936612614,0.3223654574008095,1,interior
0.48645497109430696,0.15307532042437438,1,interior
0.4374983391284412,0.23422407840959658,1,interior
0.4358405814294944,0.32622076221483964,1,interior
0.8437341529593186,0.2585078580738488,1,interior
0.44494155782990086,0.20619844194187115,1,interior
0.7957657765796216,0.39208754978352456,1,boundary
0.7009382372732552,0.09336111272698476,1,interior
0.6734142004147777,0.09041534051085341,1,interior
0.4627225299199768,0.1851997228939068,1,interior
0.4901850916407077,0.14804058503855927,1,interior
0.4407067461047096,0.23836418935947518,1,interior
0.7842738056061785,0.14336183785498272,1,interior
0.7898917610618321,0.1568017930897544,1,interior
0.7604956603074662,0.1262530823270446,1,interior
0.4500441023486208,0.3386500105224847,1,boundary
0.44637114594001476,0.20939700643434042,1,interior
0.6986067637655031,0.09257556211348916,1,interior
0.7457128957697304,0.12285455353340854,1,interior
0.8258594072797618,0.356485824290276,1,interior
0.4376982224455829,0.3176214260846923,1,interior
0.6589766749114894,0.0941769128220267,1,interior
0.48038410474560606,0.16019603554522935,1,interior
0.8352602392430414,0.3376863365596474,1,interior
0.520623187440471,0.1393703789022766,1,interior
0.445806156737453,0.2325972025112577,1,interior
0.8361791697833808,0.2387892214761276,1,interior
0.7814940677352056,0.13638639827356092,1,interior
0.6781320695166209,0.08825193719363456,1,boundary
0.7329993253508947,0.10920950026024942,1,interior
0.7580559333131964,0.1259954626173137,1,interior
0.427528556540131,0.27091596527780465,1,interior
0.4320547210731415,0.3101897180629575,1,interior
0.8419661830832349,0.32658982119543317,1,interior
0.4370700703016243,0.22405294319270766,1,interior
0.46210543452217445,0.18316683572417033,1,interior
0.7759508540903606,0.14328165051029904,1,interior
0.8151049376245424,0.16907467459379832,1,interior
0.7718902881896573,0.13635987636032212,1,interior
0.6621435843787673,0.09648373650277117,1,interior
0.5199232581646553,0.13570066612100462,1,interior
0.7997110756687127,0.16493145607308107,1,interior
0.8307381027281231,0.21426246072162333,1,interior
0.8458703069985972,0.2583716503196224,1,interior
0.4351014585629762,0.22750473869706936,1,interior
0.7920931564145214,0.15486079251459958,1,interior
0.7345777867387946,0.11059780905640695,1,interior
0.8169510363421517,0.237218526879732,1,interior
0.8031072936917946,0.38462162957435597,1,interior
0.4578535150413435,0.18897421445175872,1,interior
0.8413319142323825,0.24863329496669342,1,interior
0.5285391211661152,0.12366326782552133,1,interior
0.8309050233529136,0.34151614026277544,1,interior
0.4408620506147778,0.24427865365985577,1,interior
0.8010797477685474,0.16325860885484003,1,interior
0.4362918236048792,0.2652978073610824,1,interior
0.4716087822088442,0.1686543424257528,1,interior
0.424691579848418,0.27273290020236424,1,interior
0.77527486000034,0.1365146921995628,1,interior
0.7725430763269339,0.14000799191656219,1,interior
0.843188325151913,0.31401614595870553,1,interior
0.8182560082186545,0.17414585820160283,1,interior
0.49325377043126034,0.14193005984684254,1,interior
0.6590953915222927,0.09077552742007924,1,interior
0.8328019215297725,0.3352961279205386,1,interior
0.4399617154202091,0.25343445315446456,1,interior
0.8203875409309742,0.3468841932387632,1,interior
0.8395002347736481,0.24801299736420118,1,interior
0.43913928960738186,0.2446774079678883,1,interior
0.8338844805449532,0.21511324936867438,1,interior
0.4289542752798042,0.31920468045808714,1,interior
0.8084915461325279,0.36333427376445654,1,interior
0.8214761986295389,0.3454480999003696,1,interior
0.7498394020756181,0.12048368568554291,1,interior
0.43008259459998643,0.2689097842253238,1,interior
0.5292107235085645,0.12141900566627442,1,interior
0.8337960386251955,0.33895564277356127,1,interior
0.4438856620380654,0.33918041539777727,1,interior
0.7632570915029148,0.1282821284528299,1,interior
0.844203860052925,0.3253126322893266,1,interior
0.808229409610288,0.38019777286484346,1,interior
0.6663747507437532,0.09133899139952155,1,interior
0.44379906664184676,0.3373737672667746,1,interior
0.8309884453866995,0.21108398005435006,1,interior
0.4291391536566454,0.3167797470835688,1,interior
0.8274086742049747,0.22286552677291022,1,interior
0.712815857975323,0.099232682106266,1,interior
0.8325461944798644,0.20904265642547773,1,interior
0.6770404148428518,0.10118085381733179,1,interior
0.7542623337622272,0.138794544046331,1,interior
0.8482435834114882,0.29251471408255175,1,interior
0.7441737591428829,0.12297547648073721,1,interior
0.47432354988352604,0.1631438569606914,1,interior
0.8483871832756436,0.28994351424545584,1,interior
0.729564964316539,0.10613473598221274,1,interior
0.523749673235624,0.1360775637675595,1,interior
0.8458603488169562,0.30478758492988506,1,interior
0.8441955389594582,0.3096318756793967,1,interior
0.8467535135751113,0.32206350540903655,1,interior
0.8357028835946541,0.2127509512022662,1,interior
0.8300032004867353,0.3317529482149942,1,interior
0.8285862345667814,0.33104499423875977,1,interior
0.8031704252417274,0.37864937697272316,1,interior
0.8346528233767982,0.23967850487638104,1,interior
0.8326284869181109,0.21810305246702874,1,interior
0.44091469217648266,0.3377241723818497,1,interior
0.8378714424183855,0.24824323798226688,1,interior
0.4599623880793387,0.18626573223615575,1,interior
0.7556433019642173,0.12158753197960026,1,interior
0.7158528294622296,0.10055185285783592,1,interior
0.5024944757383756,0.14056586987176317,1,interior
0.8241756034632625,0.3567550159767654,1,interior
0.8458040626113299,0.3063063884840348,1,interior
0.8417916094364585,0.3152667116219397,1,interior
0.7983489760260503,0.39165914572038063,1,boundary
0.6789039941170689,0.08693068533775754,1,interior
0.44135228044267133,0.2471955446995566,1,interior
0.4998252181806778,0.14467666660806464,1,interior
0.8155060703741295,0.3720468393697076,1,interior
0.5325329537811482,0.11123823747280748,1,interior
0.8294522719160634,0.19053384504851292,1,interior
0.42868885936305134,0.3220957436163092,1,interior
0.6995364413228441,0.09116002842779375,1,interior
0.46689560954345705,0.1744397613147196,1,interior
0.4957400384785101,0.14200138917547447,1,interior
0.7432529847660486,0.11117391529296149,1,interior
0.8432974699934072,0.29278451675764144,1,interior
0.7107018567748027,0.10460848524454416,1,interior
0.7947958454363047,0.15868063455346135,1,interior
0.8288926889259657,0.18825398151294806,1,interior
0.8471536474871026,0.2823079294855296,1,interior
0.4885823771602095,0.14621909047529194,1,interior
0.8231603898520721,0.36227625107803113,1,interior
0.43863311747084754,0.22190199873549213,1,interior
0.4592976063117077,0.18468064118038627,1,interior
0.8464334854732887,0.2779823640225042,1,interior
0.8363795235845433,0.2274131611551836,1,interior
0.8279570094949563,0.33638485573398064,1,interior
0.8368295222201969,0.22569178519605326,1,interior
0.84841368185833,0.2743775785736823,1,interior
0.840037399328923,0.32757892047587145,1,interior
0.8468140007561555,0.29028223659364155,1,interior
0.7420286871092794,0.11268277962171727,1,interior
0.46846472989175403,0.18701827662308546,1,interior
0.4444106665040203,0.20987041955047905,1,interior
0.848769653946198,0.30404171332355406,1,interior
0.4263440721986427,0.26918413525122165,1,interior
0.8480656669894984,0.30571442806493887,1,interior
0.5237083086146161,0.12614368952616212,1,interior
0.42890141936785026,0.3121860674384301,1,interior
0.4372218989296775,0.2585032278685469,1,interior
0.8357958706161384,0.3285738314382544,1,interior
0.4237448364915315,0.27408008768777464,1,interior
0.8243058676131533,0.34740537008000244,1,interior
0.6832030402581742,0.09434446542435805,1,interior
0.8383663879325097,0.2275422805780772,1,interior
0.526025267689443,0.12928386297354283,1,interior
0.7219160603931299,0.101604860189929,1,interior
0.7079339817110497,0.09880380698486994,1,interior
0.8053528574544732,0.3818573251485882,1,interior
0.8379088435788056,0.32755137937451645,1,interior
0.8180945720103674,0.36831474978625955,1,interior
0.8281939177510487,0.2031459722437892,1,interior
0.7186860145498016,0.09943847987870041,1,interior
0.8480624185532434,0.28752203599977655,1,interior
0.8501019059096707,0.2871659158912738,1,interior
0.8408334409337642,0.24560018010310036,1,interior
0.4874908762309632,0.15150278620411442,1,interior
0.43953644534738906,0.24702503774908605,1,interior
0.4303749628968994,0.3228092902622777,1,interior
0.4385732205336004,0.3317860265183477,1,interior
0.46990513009765295,0.16783403836841304,1,interior
0.42895776603527325,0.2700824227174812,1,interior
0.4306971982190008,0.3117440655943165,1,interior
0.4306823933686155,0.30446629766700956,1,interior
0.5237357290857336,0.13375189875563642,1,interior
0.5080859574785915,0.15046849913468768,1,interior
0.8276030913247693,0.33330053753244204,1,interior
0.6578016777746093,0.09685882834848314,1,interior
0.660251112134412,0.09600755460819484,1,interior
0.5168774158200865,0.13316503438112978,1,interior
0.8331713941548974,0.210692836528304,1,interior
0.7431367210290345,0.11706716206712145,1,interior
0.431834876522675,0.29664912150799233,1,interior
0.8181928340912112,0.36627439225970254,1,interior
0.43270732604004025,0.3221667077931188,1,interior
0.6941255788353466,0.0944889419066644,1,interior
0.42588967474392014,0.27370814250785647,1,interior
0.4309264001353759,0.29524859468434267,1,interior
0.43869126220043125,0.33533072422124444,1,interior
0.42994913799294726,0.3071598664602775,1,interior
0.5079740707239612,0.13674811923772118,1,interior
0.8319685361302576,0.1909502508342011,1,interior
0.8506286933236725,0.3011915665050614,1,interior
0.7583953600733228,0.12387287089225431,1,interior
0.8380337035089166,0.24661999042660984,1,interior
0.4484082780214725,0.20069094467121032,1,interior
0.8075776366391426,0.18332427078729616,1,interior
0.46512214069764146,0.19561839180372684,1,interior
0.8358088367784118,0.2241463183999912,1,interior
0.5083709380600219,0.1473523157004175,1,interior
0.43941403292175746,0.2406761831493548,1,interior
0.7630093068017675,0.12661651466938675,1,interior
0.4814593285931802,0.15543012964614267,1,interior
0.7969201190597314,0.16112058525372921,1,interior
0.4277946353179958,0.26848348684686196,1,interior
0.4435013916193354,0.24507971927096214,1,interior
0.7934734463626218,0.15329421452575212,1,interior
0.531654084829555,0.11879529398420641,1,interior
0.4300546181634829,0.29681526073141357,1,interior
0.7690680068673584,0.1343046719997345,1,interior
0.505585174577923,0.13608297469640546,1,interior
0.80730327335175,0.378043127967843,1,interior
0.8244787024889073,0.3440538246365477,1,interior
0.4371716308181567,0.33656220571148765,1,interior
0.4269918415980521,0.2662592197316147,1,interior
0.4464589769878291,0.2142719503602144,1,interior
0.4307389800797723,0.31849712597884394,1,interior
0.4880113288779131,0.14912120618302951,1,interior
0.8481501019624211,0.28074697363202294,1,interior
0.8223632501290762,0.3505524141242648,1,interior
0.8342652960476707,0.21776901601936427,1,interior
0.8435806663549721,0.24717097787397613,1,interior
0.6562231005976459,0.09579480854417044,1,interior
0.8315388715175367,0.332068882579919,1,interior
0.43291900113799514,0.30441763693476165,1,interior
0.4377219604534513,0.2565307424133991,1,interior
0.6562881053194225,0.09737542910048862,1,interior
0.6605084112788713,0.0941142466224328,1,interior
0.5192373434610982,0.1341758805101976,1,interior
0.44056924821698196,0.2488961696767847,1,interior
0.6500386550652325,0.09524642566474655,1,interior
0.6887852612503806,0.09210604925055495,1,interior
0.8375279906885968,0.2757692518510493,1,interior
0.427980692096985,0.31031309127381396,1,interior
0.8287492637684053,0.20100618178848775,1,interior
0.5329778283433948,0.11405314993951625,1,interior
0.8049597501316239,0.37838431660326055,1,interior
0.8269275637491249,0.19941371372055897,1,interior
0.4425627346616675,0.2491628060485044,1,interior
0.837407195020091,0.24447809452919372,1,interior
0.5361512138714222,0.11062913816651408,1,boundary
0.8155090596289701,0.17771260467206768,1,interior
0.43062002265577193,0.3015092580822651,1,interior
0.8342753154938427,0.2118549041632535,1,interior
0.8330778109192907,0.20755463283979844,1,interior
0.43881312361231334,0.24218161758616988,1,interior
0.4673315847763295,0.17661461827366415,1,interior
0.6495066831570698,0.09194412095817428,1,boundary
0.83261601331181,0.23013968449225658,1,interior
0.834399952030057,0.23113205152568406,1,interior
0.4715354758398043,0.16649165390939355,1,interior
0.42730458418737216,0.29602780414194535,1,interior
0.6699880116430997,0.09215642483094993,1,interior
0.4314193683673498,0.2854600065753277,1,interior
0.4280846656981578,0.3145989511179055,1,interior
0.47413593347215977,0.15639976655130217,1,interior
0.4437340654332458,0.335765641148472,1,interior
0.44086006680479356,0.21070041031254494,1,interior
0.8456858183457973,0.2507959923857466,1,interior
0.8475458976625081,0.25756439968280953,1,interior
0.8223209007236517,0.17930548911132216,1,interior
0.799578774202905,0.3883644068349917,1,interior
0.6789537566195394,0.09045943533772748,1,interior
0.7616852284550001,0.12395480398190857,1,interior
0.44085888799320144,0.22574551986052288,1,interior
0.8468926134856719,0.2497466380365361,1,interior
0.4373623806350637,0.24803491651793416,1,interior
0.4258065641248093,0.3150334023130794,1,interior
0.44423544791630953,0.2081187175311009,1,interior
0.772957440235234,0.13412335646463355,1,interior
0.8321721480308187,0.20612702527396673,1,interior
0.8440948058020359,0.26614461827930075,1,interior
0.7684519980046094,0.1269937125865608,1,interior
0.5218476490738899,0.1334054201278729,1,interior
0.8223688036995644,0.3637681323570211,1,interior
0.7262758928432822,0.10470123856502977,1,interior
0.676631949619376,0.08862764652970077,1,boundary
0.7854464303065598,0.13866845479868348,1,interior
0.8277868610796157,0.34937793391934346,1,interior
0.8298942584318401,0.19884255951487953,1,interior
0.44275934624084123,0.20918884026018625,1,interior
0.44533717026806274,0.20222259200406775,1,interior
0.8048322788697185,0.38692191742533966,1,interior
0.7984429110653664,0.15898478549833928,1,interior
0.4256552055653133,0.27547044731434117,1,interior
0.8373527944870267,0.3361242919161975,1,interior
0.48096448081943494,0.1571151363909934,1,interior
0.5005689898514082,0.1429894743102925,1,interior
0.4472064081827068,0.1980636955536184,1,interior
0.5334255125426878,0.1159857157208467,1,interior
0.7463778998011392,0.11781474662542529,1,interior
0.7883201906907137,0.15773831230451177,1,interior
0.42935537562939563,0.2673783839280385,1,interior
0.720286821062615,0.10021194646788184,1,interior
0.8354408788269603,0.33126565881462167,1,interior
0.7589027113617092,0.11997227372445371,1,interior
0.776987061438595,0.13661815625299267,1,interior
0.4340030358377832,0.2689441605146838,1,interior
0.8368720850180964,0.3303700318345917,1,interior
0.8319901556323073,0.21231138141998998,1,interior
0.4371672352170857,0.2425404197252166,1,interior
0.4300947666938068,0.3096514165925464,1,interior
0.8020019264600777,0.39083482486672855,1,boundary
0.8351719949547995,0.3399835979356869,1,interior
0.4263272281265471,0.2640014544534895,1,interior
0.43566606298259275,0.33242406479783493,1,interior
0.7942534049548668,0.15619453107136388,1,interior
0.7086491075505729,0.10982156421508521,1,interior
0.848467778368109,0.2972928482950226,1,interior
0.43583408058239625,0.2307218803512163,1,interior
0.4309891818369889,0.2911209835012839,1,interior
0.43732632218747713,0.2148380226438587,1,interior
0.44348293300958797,0.2331096800166844,1,interior
0.8143254770397502,0.17486494610408937,1,interior
0.45789123182068797,0.1867457806627806,1,interior
0.4370985800169988,0.24985333731321385,1,interior
0.43441186497286705,0.3277423094746196,1,interior
0.8260846499617795,0.3529013914554803,1,interior
0.44315226672131847,0.23469343404939147,1,interior
0.808743978257662,0.36628335725885924,1,interior
0.4877331231679986,0.14458020991351903,1,interior
0.727989734702286,0.1053740577889445,1,interior
0.46784878307212985,0.16957512074997563,1,interior
0.8446483901638061,0.24575838742753298,1,interior
0.6885094515826494,0.09047630504859351,1,interior
0.46602983976733653,0.17166335089168253,1,interior
0.7025895384796086,0.0924150045572987,1,interior
0.4404215542649148,0.2549917549453297,1,interior
0.8381107327609242,0.23256199179938836,1,interior
0.4255330007610159,0.2711134341697328,1,interior
0.48512978904747434,0.15172280109693556,1,interior
0.44164996505228327,0.23434926367273787,1,interior
0.5220284948925203,0.1316723456741565,1,interior
0.43735885617797543,0.3264308593199186,1,interior
0.4639566024244913,0.1794782241481057,1,interior
0.4365056176497917,0.335129956892478,1,interior
0.8465089403942097,0.2450025372877781,1,interior
0.4218947361411358,0.2747911919926982,1,interior
0.7448494049015065,0.11545870630813176,1,interior
0.8337242974704289,0.23800257901584917,1,interior
0.7048489630985674,0.09391901953210488,1,interior
0.5148583134483165,0.13440558262025717,1,interior
0.5139704627769673,0.13614936064542632,1,interior
0.503490571920496,0.1366322797727639,1,interior
0.8483526711103313,0.25125767838776547,1,interior
0.7461238963501937,0.12134011499895965,1,interior
0.43172289712281914,0.3237319707178386,1,interior
0.4560628417016903,0.18594492289650594,1,interior
0.46098357322597133,0.18437552993810533,1,interior
0.4304194137928483,0.3252779708211156,1,interior
0.42753738875740854,0.29842251332371567,1,interior
0.6798526685167707,0.08918522348406002,1,interior
0.8012631271069495,0.38802438046871846,1,interior
0.8246667939544373,0.18487146824875403,1,interior
0.43669098558300967,0.2211165682173382,1,interior
0.6936969048701818,0.09239311291122183,1,interior
0.8120421504766338,0.3704787876024801,1,interior
0.814462369319639,0.1713538262458353,1,interior
0.831101440665594,0.2037337731159422,1,interior
0.7547700994352491,0.11984363763420194,1,interior
0.7378417753440774,0.10957170302997385,1,interior
0.5023250517548303,0.14627532950515207,1,interior
0.43790375792534186,0.23825983070186948,1,interior
0.8050113114556032,0.38421510222008237,1,interior
0.7646191197498088,0.12655532377392453,1,interior
0.8340141656812963,0.3415653412683094,1,interior
0.44233919663524046,0.23708994620037638,1,interior
0.5078005482964052,0.14533047639611188,1,interior
0.8425226401623622,0.2450411916224958,1,interior
0.8360512310495137,0.2297567485950057,1,interior
0.8492614500351962,0.3005094523525672,1,interior
0.7113247546132271,0.09748565929022578,1,interior
0.5022332045773299,0.13874548596701194,1,interior
0.43922043855033976,0.3368831933106482,1,interior
0.43731817960730884,0.24513439829331957,1,interior
0.7988200166481533,0.16059669757268896,1,interior
0.4343768662516622,0.325564452656902,1,interior
0.4790304493889677,0.16109648337819624,1,interior
0.8359925132744791,0.21907923840934454,1,interior
0.8375078294070559,0.33903897284881845,1,interior
0.4447201560104173,0.19936810037914482,1,interior
0.43898136960628154,0.3397391473095341,1,interior
0.8273287149927411,0.1861889150343986,1,interior
0.80712514340482,0.38201344274458743,1,interior
0.8143226650397981,0.1668657700754403,1,interior
0.7705919509584831,0.1322585548059402,1,interior
0.5202464144582494,0.13261243732653777,1,interior
0.8408055270238082,0.27471278097891266,1,interior
0.7254711876702755,0.1022793441736163,1,interior
0.782217782948052,0.13465746719387514,1,interior
0.8115432743819682,0.3746937619000364,1,interior
0.84396300653466,0.26845884823480476,1,interior
0.4286395636111518,0.2944191576187217,1,interior
0.7520203687657899,0.11719529990004844,1,interior
0.48521673686117706,0.1495700646749163,1,interior
0.6814476800847753,0.0888418672552994,1,interior
0.8504263001225155,0.2904402387764817,1,interior
0.4246027206138778,0.26889460697486284,1,interior
0.45009809651939575,0.19307212108729296,1,interior
0.4357325978383237,0.3307264772589305,1,interior
0.8377902944518975,0.23735527152672362,1,interior
0.8472907941739674,0.2712743944113149,1,interior
0.7053649283734857,0.09224228608307664,1,interior
0.4319180914442512,0.31366698962906187,1,interior
0.8389011951534829,0.24512175265969707,1,interior
0.8481575684283693,0.260143752430083,1,interior
0.7943824063062949,0.1519737935036206,1,interior
0.8296849754015471,0.20227789163103593,1,interior
0.5279537604075726,0.11838606846490071,1,interior
0.8084494149557786,0.1642375713975458,1,interior
0.832213509049211,0.34024317208604854,1,interior
0.43021421498914514,0.28811549314498264,1,interior
0.43489839352828463,0.33621246860991727,1,interior
0.8450659790708941,0.25701792999455053,1,interior
0.43609691586836746,0.3289650057895071,1,interior
0.6733242191718704,0.09229026280192527,1,interior
0.7899745337134677,0.1481951579572896,1,interior
0.44764984845404554,0.33995448030526954,1,boundary
0.43215747713453173,0.3254564474566056,1,interior
0.8508895414843954,0.303380771807776,1,interior
0.8174731700780024,0.16960896592182684,1,interior
0.8068323196246338,0.38462054773811966,1,interior
0.8363270237766138,0.21662791274641202,1,interior
0.8097086764516899,0.3828699087549904,1,interior
0.8342233824127727,0.2095894416709737,1,interior
0.849050785366158,0.25673683668106806,1,interior
0.4788177999660744,0.1546618385277292,1,interior
0.8468442710919802,0.24721507969942125,1,interior
0.7949643439700772,0.15455348292221846,1,interior
0.5153838061676387,0.13241911001126777,1,interior
0.42830304124903923,0.3015991089883542,1,interior
0.8379351217686487,0.3319006317782215,1,interior
0.46096721289661485,0.18096357468284954,1,interior
0.6873827807836109,0.08851753132755849,1,interior
0.44217016283549504,0.1986566925966376,1,interior
0.4862133697077334,0.1473884698629352,1,interior
0.8499171637975567,0.2537393112672041,1,interior
0.8111845891058439,0.37693202048065066,1,interior
0.7220975917105188,0.09976247200255943,1,interior
0.5197674799062457,0.1306151205407117,1,interior
0.7448195391811822,0.11301456637246034,1,interior
0.7939758850421621,0.14917680122653965,1,interior
0.8294367343755421,0.19679339064553591,1,interior
0.4329851683270078,0.326776865299801,1,interior
0.7432069047156254,0.11394652983860787,1,interior
0.4348475204574502,0.21578668368116424,1,interior
0.43847475569066896,0.33829697019194765,1,interior
0.6648035770550924,0.08856210149658997,1,interior
0.8356357225117361,0.21054009500585355,1,interior
0.8500700608589543,0.29207637105613604,1,interior
0.8330917502308756,0.21977152987530102,1,interior
0.8508190417488538,0.25613592812807134,1,interior
0.821398251559573,0.3578065602528112,1,interior
0.6652262273398123,0.08643121890439646,1,boundary
0.7735293047345875,0.13651182248429297,1,interior
0.8386651758107632,0.24337539150552684,1,interior
0.4331938991243317,0.33076916373515736,1,interior
0.8260174894631102,0.35464937878329555,1,interior
0.45089897934103135,0.1968128093692923,1,interior
0.4334536489221442,0.33229595449799937,1,interior
0.5035206143938595,0.13503321898386766,1,interior
0.7697562719133413,0.12968255939009504,1,interior
0.43798764660771594,0.26170528125383774,1,interior
0.4534748156267124,0.19302909236731614,1,interior
0.8033145782740518,0.16329712103488736,1,interior
0.4304698570804942,0.3268506865545218,1,interior
0.7632699736023807,0.1243103055707102,1,interior
0.691727533792406,0.09203694934524795,1,interior
0.8504097742243284,0.25017679928740627,1,interior
0.5365593067814171,0.1148687023773036,1,interior
0.48418709001525867,0.15294313253992325,1,interior
0.7235580872051197,0.10182899065386386,1,interior
0.8500915430351624,0.29737234716347516,1,interior
0.8118540739301032,0.37215231739654586,1,interior
0.5244160142680745,0.12989218591153984,1,interior
0.43746454297782666,0.21956451942921296,1,interior
0.6717190575087254,0.09222586097352974,1,interior
0.7065747508709328,0.09515364031827295,1,interior
0.8459458928148563,0.2672145448780659,1,interior
0.7113344424295076,0.09977731591468397,1,interior
0.8503177758509246,0.25782470731062523,1,interior
0.43917479966559697,0.23689373291612617,1,interior
0.8318124623706128,0.34283316074522785,1,interior
0.8420476475988122,0.2684145990118485,1,interior
0.5345986471058534,0.11060702011105308,1,interior
0.8495220524970569,0.28533111474725414,1,interior
0.4404486777761997,0.34167101029208363,1,interior
0.5179209046073199,0.13089965311447568,1,interior
0.6594537322867762,0.09251972906397112,1,interior
0.7160560901317196,0.09851052746105816,1,interior
0.8279369514769351,0.35654635227527665,1,interior
0.5336554050435274,0.11244080828698329,1,interior
0.8377879692453924,0.21882657394869084,1,interior
0.47671331978897513,0.15545600005803284,1,interior
0.8515235741293681,0.3052517056894696,1,interior
0.8490542730885011,0.27918875500670914,1,interior
0.7004231631231123,0.0955931490201259,1,interior
0.76639996022902,0.1365419042113592,1,interior
0.8386667097818352,0.22496102144788876,1,interior
0.8226553859556227,0.3465297827746232,1,interior
0.5217650424170789,0.12656223367708497,1,interior
0.42552087257986176,0.2986265844979301,1,interior
0.4385166640360437,0.23141258587836655,1,interior
0.8158466362005037,0.16752800224841702,1,interior
0.8446653185075208,0.26356335657338265,1,interior
0.5009017288515037,0.1362425848788242,1,interior
0.8258191036657182,0.34519708952701517,1,interior
0.4427444012072738,0.20157758125029213,1,interior
0.4542100993063341,0.19456773921452347,1,interior
0.8177487220611553,0.17990140405722613,1,interior
0.7475082807191298,0.11663172103035196,1,interior
0.5328654127648501,0.10904084706548767,1,interior
0.43483139726491304,0.2177178085225795,1,interior
0.8253997340764125,0.19038255630060547,1,interior
0.8449773508257559,0.25966403635229346,1,interior
0.8188378760480667,0.36260257290835296,1,interior
0.4923363056936281,0.1432988817353868,1,interior
0.6539759522056179,0.09555676489697942,1,interior
0.8471111411727376,0.27955184833641844,1,interior
0.4886594054246904,0.15433483467172968,1,interior
0.4864836445657295,0.14583588219401367,1,interior
0.8362810291307465,0.26795703780545294,1,interior
0.8139144473548383,0.37228080384384193,1,interior
0.8085576062074658,0.3854439577626615,1,interior
0.43635909672471423,0.21749032371257293,1,interior
0.7444294092925653,0.10856909342093231,1,interior
0.4340951288414888,0.2254493532298512,1,interior
0.4563823707631266,0.18435556950909196,1,interior
0.5304456779329261,0.11136281228707264,1,interior
0.8494823875826051,0.2552146268208111,1,interior
0.44517814770288494,0.34138152130662136,1,boundary
0.7284293669822305,0.10264122633977639,1,interior
0.8446411985087645,0.3280714096707144,1,interior
0.8196536116780716,0.17163766435350866,1,interior
0.43898448082749,0.21858556499504725,1,interior
0.5019556919361691,0.13509575439044075,1,interior
0.4393355896627086,0.2105410289995064,1,interior
0.4638734738316455,0.1768916019922066,1,interior
0.65684326552652,0.09182828664039856,1,interior
0.4961468979268742,0.14442582226656375,1,interior
0.7720502635361883,0.13280115628345762,1,interior
0.8387263942666223,0.22034609791628404,1,interior
0.8404134284232592,0.2286104252147778,1,interior
0.8120167089277779,0.1653293925448153,1,interior
0.43344063388937376,0.32405398851233314,1,interior
0.44192804628447674,0.23235697707997627,1,interior
0.7129640132638964,0.09740618762013376,1,interior
0.8476393796891877,0.2959054026884554,1,interior
0.7024047497307095,0.09482774745053296,1,interior
0.8418628768210622,0.32867241611606407,1,interior
0.8367448067358723,0.24064057210517031,1,interior
0.7540996700367365,0.11846753002699549,1,interior
0.8365857804463301,0.33393981094978603,1,interior
0.8306541167310943,0.3460295472859925,1,interior
0.8311554046889739,0.20189400836640675,1,interior
0.8440411357345172,0.3189401793189514,1,interior
0.7463542880512377,0.11272570590182326,1,interior
0.7661363446348828,0.12804199069078565,1,interior
0.828892616166321,0.1861438124973526,1,interior
0.5017377692373276,0.13229853424708138,1,interior
0.8297721180399548,0.3473424544898836,1,interior
0.5312296377830565,0.10819866814358868,1,interior
0.4296759792876466,0.29221174402798195,1,interior
0.8132586206347951,0.3762057751393809,1,interior
0.44351617201637483,0.20331715764293634,1,interior
0.4276974849007151,0.30880960545928854,1,interior
0.8378345052238255,0.23938206664050665,1,interior
0.7733481577138723,0.13156289254083592,1,interior
0.8263206554243105,0.1841284407364911,1,interior
0.4268616281195991,0.27891334534321166,1,interior
0.45427128272025274,0.18813623424236572,1,interior
0.4378720459824558,0.3421696023578258,1,interior
0.7960136202946341,0.15685998274269153,1,interior
0.7312746960874782,0.1070701370644204,1,interior
0.8429489652377847,0.24860016571999818,1,interior
0.7671498201343913,0.1317848882310795,1,interior
0.8488448959083112,0.2940087670384903,1,interior
0.44270760371408857,0.20724121657614902,1,interior
0.4840610066019163,0.14822127556295475,1,interior
0.45767059303868485,0.18520543255262928,1,interior
0.8129278593233449,0.37380120471771383,1,interior
0.4364657484627791,0.22656582491920427,1,interior
0.43981924181388377,0.23245961633320114,1,interior
0.4343151125320104,0.3155106266541583,1,interior
0.8204572631845204,0.1691196939033133,1,interior
0.8157632591933847,0.17431951005907156,1,interior
0.6500516899338099,0.08953167594620609,1,boundary
0.7742032120714103,0.13294789089898204,1,interior
0.8459520145068817,0.2723538791030791,1,interior
0.424164693901066,0.2652618384398996,1,interior
0.800647319378392,0.39159187343792917,1,boundary
0.7838773361777718,0.13659095755299083,1,interior
0.5010792651432814,0.13382532525581695,1,interior
0.4400329921425542,0.20058585729866937,1,interior
0.8381645127580265,0.3404664280409576,1,interior
0.8332341722183809,0.19341831698762538,1,interior
0.8465271920788539,0.30820949093701444,1,interior
0.4323922322262493,0.3335674214307782,1,interior
0.4293326520267066,0.2771901955450568,1,interior
0.4442931215611615,0.19772980267857926,1,interior
0.4290984417176463,0.2980194085161309,1,interior
0.43155152330662544,0.22439003369023794,1,interior
0.8066094763441501,0.38661566416336274,1,interior
0.5253654058061752,0.1257854045388008,1,interior
0.8342012259991657,0.3436095977059869,1,interior
0.838696837212023,0.22325171501151084,1,interior
0.8451265913219171,0.2695930968702078,1,interior
0.4221930805567903,0.27201235071997454,1,interior
0.8400017373005554,0.2301570942837547,1,interior
0.8314393433401972,0.188584840028149,1,interior
0.8286010392817842,0.34620886977789994,1,interior
0.4338595539689318,0.334387701280342,1,interior
0.8239462090107798,0.17963335411205075,1,interior
0.7399956222832362,0.1088006602582111,1,interior
0.8365505851234144,0.3409036127896051,1,interior
0.7145958233433454,0.09908245583097872,1,interior
0.43965109906238986,0.2612226742998708,1,interior
0.790402353687031,0.1465001356053301,1,interior
0.8149359672204421,0.373613049667427,1,interior
0.822459105916823,0.3603962581412338,1,interior
0.4266104607044953,0.3171076683770868,1,interior
0.7889084769063396,0.14538950094577832,1,interior
0.7387317217570781,0.10761705327225901,1,interior
0.5034680950581101,0.1331330156843656,1,interior
0.531778911677438,0.11311756029931037,1,interior
0.5254432203821356,0.1189835753935924,1,interior
0.8029348272405502,0.3861434005646585,1,interior
0.7966281760537068,0.15433209103311465,1,interior
0.4361182960617844,0.2567914030276248,1,interior
0.49881566108808695,0.14283053104611393,1,interior
0.4364465062207736,0.21269013594993927,1,interior
0.7872851669515153,0.14645148428113314,1,interior
0.4673065049545685,0.17257612383437257,1,interior
0.4913744342458567,0.14136987185875516,1,interior
0.8084934304610578,0.38770051106194153,1,interior
0.8534777247861177,0.25675229127174165,1,interior
0.775691036217077,0.1344761959912063,1,interior
0.821360941375246,0.17300236164718044,1,interior
0.4275226044382157,0.31855295271607453,1,interior
0.4972770297985443,0.1429202738988068,1,interior
0.7711883255027685,0.13050795908817162,1,interior
0.849415182104331,0.2462854791593568,1,interior
0.786654755348821,0.13611211339421636,1,interior
0.5266300891702057,0.12466986899717367,1,interior
0.4722401653021618,0.16114399867509377,1,interior
0.827662404392162,0.35354933257236376,1,interior
0.7148377238947187,0.09609327917098422,1,interior
0.8205884687327534,0.3691694169087777,1,interior
0.43557495379342814,0.23951185336711012,1,interior
0.8520734892751386,0.28684451225369023,1,interior
0.45272496012923985,0.19134000540475674,1,interior
0.7873758283832646,0.13918235632850548,1,interior
0.4293054844444628,0.2863008148019679,1,interior
0.8154563237406671,0.16480952800170232,1,interior
0.8419458418688501,0.2433425401309316,1,interior
0.43688671818489777,0.24070478111550625,1,interior
0.78842328478903,0.14801432034557938,1,interior
0.812922986803957,0.16753722467117535,1,interior
0.4347350516567647,0.2204998955384159,1,interior
0.8511421354505397,0.28553598670767705,1,interior
0.6670148832803046,0.08929623604161613,1,interior
0.4393366998195482,0.2391106323710113,1,interior
0.6606418817046449,0.0908131242556996,1,interior
0.7425528326131172,0.10907300737339831,1,interior
0.4413889308714458,0.3394308589873285,1,interior
0.7507273167536055,0.1185211982599919,1,interior
0.8423642425393946,0.22785137264995198,1,interior
0.45323717455142687,0.18528990202253676,1,interior
0.42470305045526774,0.2670263013943045,1,interior
0.8180466543690731,0.1655792371604938,1,interior
0.8269641393037989,0.3466730154229115,1,interior
0.5234557561711625,0.12839857866728036,1,interior
0.843246347088829,0.31691771759567733,1,interior
0.4485780787682016,0.19532559730918436,1,interior
0.48248131246642506,0.15428727702885142,1,interior
0.7266001654287751,0.10109295061024741,1,interior
0.8399654514203296,0.3293809485211557,1,interior
0.8292822065829373,0.34893087363086367,1,interior
0.8153614402450003,0.3755515255898179,1,interior
0.8136289118164564,0.164990819492852,1,interior
0.5184959672401581,0.1324635609596264,1,interior
0.7589085900338768,0.12201731616250458,1,interior
0.8317609385428436,0.3474700007870031,1,interior
0.5316195232142009,0.11474023320977536,1,interior
0.840952164396351,0.33122474066426244,1,interior
0.49216157439563196,0.15247355900114815,1,interior
0.4252850287832807,0.3186235126368954,1,interior
0.427794261466151,0.29189967154736784,1,interior
0.8387575176288606,0.3334923254785467,1,interior
0.8371574143699961,0.23558186937066922,1,interior
0.43294964557147586,0.2276738869035188,1,interior
0.8362658075078307,0.3435726041780279,1,interior
0.811492409942672,0.38232378891537433,1,interior
0.427353285236408,0.28093232586811756,1,interior
0.4312244175174486,0.32847456768677863,1,interior
0.42904942095649423,0.2998142568774642,1,interior
0.4305077476985835,0.3298204775322952,1,interior
0.8519226415860933,0.30756442348480867,1,interior
0.8320520619737928,0.33858827733509006,1,interior
0.832973751931862,0.2046292228334699,1,interior
0.8065285735836808,0.38818545249998165,1,interior
0.8447470184364412,0.3172905209559461,1,interior
0.4841206596657886,0.14620445472493607,1,interior
0.7953554612121666,0.15012273875696736,1,interior
0.43292853171105516,0.267543245753261,1,interior
0.811425678315798,0.16674700775509196,1,interior
0.6600544344868239,0.08840493749765395,1,interior
0.4895712018378798,0.14306446241227902,1,interior
0.8421511478426555,0.25583520529238324,1,interior
0.8399232057009861,0.33640149131131436,1,interior
0.8112743026115207,0.16266259508530814,1,interior
0.8503588990159233,0.2888062657321095,1,interior
0.8264113309930069,0.1815578232608,1,interior
0.8387654983862765,0.3425780932304124,1,interior
0.8482678963955715,0.2727383923191061,1,interior
0.8147248189064001,0.3696299500887925,1,interior
0.792331543037338,0.14738009654149603,1,interior
0.49832946367989284,0.13315171171969403,1,interior
0.7906292369511598,0.1439348727181734,1,interior
0.5067895297101661,0.1338382446491352,1,interior
0.8372201930451022,0.21222239234076476,1,interior
0.7134829507889242,0.09470230820551684,1,interior
0.43325732608014866,0.2183822132478449,1,interior
0.7318027700833283,0.1042958435392002,1,interior
0.43261966692204734,0.2649748187431032,1,interior
0.42661835478228016,0.28998559909703064,1,interior
0.4287790577646839,0.32390554270908484,1,interior
0.7964533714376194,0.15887634558886696,1,interior
0.8520197537692797,0.28887778202844533,1,interior
0.5058059781453849,0.13219011029483155,1,interior
0.729625432815358,0.10445706688971759,1,interior
0.6840502617306463,0.08821852359911338,1,interior
0.7920951051847824,0.1447826575288343,1,interior
0.7563689652571868,0.11846053664083366,1,interior
0.43672179008423007,0.25173070429162187,1,interior
0.8443575035580069,0.32169034895549353,1,interior
0.8396096725448402,0.23808659939845658,1,interior
0.8399390160340484,0.31365365986846167,1,interior
0.44526761062681386,0.2037971926752662,1,interior
0.43398652966416046,0.22284182146812592,1,interior
0.655232725626223,0.09392107291479405,1,interior
0.814858925125205,0.3786357527888091,1,interior
0.4726489206577277,0.16269646240371458,1,interior
0.4384341646105292,0.2546015196662027,1,interior
0.5300143341153001,0.11308818825350883,1,interior
0.5243397965319292,0.1244698432869244,1,interior
0.775369058017793,0.13830926912851263,1,interior
0.8256989989085224,0.3488335742748484,1,interior
0.8399030765267864,0.21253675332221544,1,interior
0.8129622280162206,0.16346081858566938,1,interior
0.850235599894584,0.28039903653298076,1,interior
0.838415966187641,0.3291731607169359,1,interior
0.7174110788731739,0.10030163809275651,1,interior
0.7708659647129619,0.1338369546832241,1,interior
0.8237999694661615,0.34930154947818914,1,interior
0.4347354249306691,0.24499096953225707,1,interior
0.47414182202206145,0.16469139232155905,1,interior
0.8269889888416355,0.3585211692472279,1,interior
0.42404557058375253,0.2776531722432964,1,interior
0.4288403011556711,0.32616785747616855,1,interior
0.8390935522584407,0.2140768812671365,1,interior
0.8097608465236531,0.3774616495981468,1,interior
0.7453230372736089,0.11108211797231735,1,interior
0.8194107525657807,0.36742544719301057,1,interior
0.4701831871953636,0.16414871399070427,1,interior
0.5223302521545747,0.1352119448218571,1,interior
0.4721388567191528,0.15955035421668365,1,interior
0.8240182557416084,0.35908705609426045,1,interior
0.4266526303455662,0.3002727543210489,1,interior
0.42912369972809805,0.30419655855059996,1,interior
0.8056289745194087,0.16456857278710488,1,interior
0.8375971721146429,0.21455295697714363,1,interior
0.4389564705527583,0.24875980844445628,1,interior
0.4370804428255707,0.23208561277604273,1,interior
0.7469585416614748,0.10802509834670518,1,interior
0.43445142010597754,0.3294678797680524,1,interior
0.42705575511925464,0.30405974463154783,1,interior
0.6577349393005193,0.09322674422406087,1,interior
0.835793976521499,0.21517809368162077,1,interior
0.48815291647276765,0.14131086966345535,1,interior
0.42186149305748827,0.2665858362023679,1,interior
0.5152226126865735,0.13062814143212761,1,interior
0.839304241078307,0.24017874420715085,1,interior
0.6536312383258976,0.09300173502507267,1,interior
0.8470423476256529,0.3134574021169696,1,interior
0.8539735324298872,0.2866464782820351,1,interior
0.4381142285897014,0.2598607110232973,1,interior
0.8419035845137732,0.24708503322787737,1,interior
0.7545396993145627,0.11664023553358109,1,interior
0.8146630511208715,0.1628103951546698,1,interior
0.668779081289887,0.09036793657998866,1,interior
0.8413915754494173,0.2416121751646361,1,interior
0.47306260445696524,0.16620588950758972,1,interior
0.4406710612426462,0.22999892894120133,1,interior
0.8535549951960847,0.2846757482736822,1,interior
0.4704600701474451,0.15787585966779663,1,interior
0.706830780940774,0.09267660061103507,1,interior
0.6858767123310774,0.08684621754127811,1,interior
0.823983642480197,0.36384081298409326,1,interior
0.6890309103980959,0.08711342337815749,1,interior
0.5256178309510561,0.12072628006171028,1,interior
0.7668427543533853,0.1261865267411246,1,interior
0.4450938182930239,0.19590496491050027,1,interior
0.43149602380450763,0.2665614898795527,1,interior
0.8456046999779352,0.2650212049708454,1,interior
0.5193684091605846,0.1267875739848775,1,interior
0.8430682254219672,0.24129981957877109,1,interior
0.7807761096238817,0.1338870511683631,1,interior
0.49962804769917435,0.13536474922726047,1,interior
0.8412791191092246,0.21452422184917738,1,interior
0.43573121515252544,0.2638749001690492,1,interior
0.44339896173417465,0.1958805985804396,1,interior
0.8324944386244304,0.3451195518451802,1,interior
0.8193524779104983,0.3706509264124292,1,interior
0.8134566816669122,0.16168262013527354,1,interior
0.7345931296433739,0.10884433572560631,1,interior
0.43744825316916597,0.20902598230818206,1,interior
0.4302935573594072,0.33335420620970935,1,interior
0.846789726462067,0.31967830021819105,1,interior
0.7686618277691316,0.12536825195931575,1,interior
0.4355375117770022,0.2414186086994369,1,interior
0.8389826442625773,0.23616465970820497,1,interior
0.8178068015732941,0.376907475974017,1,interior
0.8518894141485829,0.25268652653716905,1,interior
0.7908125329183292,0.14242756474033663,1,interior
0.8413678601921668,0.23794465450586377,1,interior
0.8269634151049365,0.35155865734510816,1,interior
0.7918360226162385,0.14121057362761846,1,interior
0.4717102359045838,0.15581195168004727,1,interior
0.8450533792521487,0.3298004492536805,1,interior
0.8371217312834335,0.23391912157805642,1,interior
0.8077167856765353,0.3892858066648025,1,interior
0.459504951279879,0.1825305005546649,1,interior
0.8397151559822943,0.23222506181525165,1,interior
0.43227779591399124,0.3361158787851082,1,interior
0.8108706843681082,0.3798301662143306,1,interior
0.8512059207996828,0.309523205590718,1,interior
0.834211422273925,0.3362691080636964,1,interior
0.7877418320327382,0.14200611475793357,1,interior
0.8478447023165618,0.2998121156949038,1,interior
0.4328522085733165,0.3381584093732035,1,interior
0.8504925430057444,0.2993613731287087,1,interior
0.7978284378443221,0.15689076574942626,1,interior
0.46331881905242256,0.175372451340089,1,interior
0.8067450453489936,0.16259906732316354,1,interior
0.8398683387457944,0.34045548507711504,1,interior
0.42915917159685185,0.2822859717961252,1,interior
0.42703768787163016,0.3229259359248943,1,interior
0.8402119672235485,0.24407838945605628,1,interior
0.5101618522745539,0.13669558023557876,1,interior
0.8286716597839932,0.3511882328869187,1,interior
0.7094633140243578,0.09717283050911195,1,interior
0.7572285168977463,0.12081685741894152,1,interior
0.46966178556930055,0.16616922770419887,1,interior
0.4361044219612395,0.20760939183080834,1,interior
0.8202143370481287,0.17737233553339066,1,interior
0.800941193968967,0.1615683550812828,1,interior
0.8522914930081561,0.3004862265212166,1,interior
0.8460730927816333,0.3257721030704065,1,interior
0.6574603761807178,0.09479337281325591,1,interior
0.7219342846147816,0.09801185377832647,1,interior
0.8231397303724577,0.18547717275102873,1,interior
0.5283249613929356,0.11344712275118551,1,interior
0.5352919095931289,0.11608452676671052,1,interior
0.4928642646968678,0.1402050370763447,1,interior
0.839157379725765,0.3307612655743251,1,interior
0.7586827017443498,0.1169327099346844,1,interior
0.7174971491642625,0.09780938402449486,1,interior
0.4365569625988483,0.21102910293789784,1,interior
0.744669656814903,0.11837751362509034,1,interior
0.737876285955857,0.10553802349754839,1,interior
0.5125073385797447,0.13268943396344143,1,interior
0.8450640734018698,0.24184470810881128,1,interior
0.7999003045797298,0.15721018769078587,1,interior
0.8514027045292432,0.25454661832141107,1,interior
0.5271323978435177,0.12092006063885821,1,interior
0.4338160140704962,0.2289879875475556,1,interior
0.5200067517280387,0.1282908950988205,1,interior
0.48081440159260364,0.15194592759045772,1,interior
0.6903374505886164,0.09042294948309847,1,interior
0.4230905782374717,0.2694591412309372,1,interior
0.8465435202695915,0.25994937393685746,1,interior
0.43018368578712285,0.33624112734173806,1,interior
0.8473449310503636,0.32744508537527517,1,interior
0.542533864713871,0.11766851185953438,1,interior
0.42273226759277877,0.264515170566819,1,interior
0.7611749306484741,0.12171521053797774,1,interior
0.8311879807465292,0.20799484734523396,1,interior
0.43674110061843135,0.26051255928035183,1,interior
0.4237534951708217,0.27568731591681717,1,interior
0.8237024485530704,0.3653689809285143,1,interior
0.6870331968815496,0.08545038068042296,1,interior
0.5348517891680841,0.10870776723915321,1,boundary
0.5109589074497413,0.13302697918558168,1,interior
0.4686883314890315,0.1632314701858757,1,interior
0.423534580743534,0.2712557932648239,1,interior
0.5104270297558157,0.13074733202310806,1,interior
0.847574351101214,0.3105254765032241,1,interior
0.7840751098156479,0.133773595646145,1,interior
0.8295746552454426,0.18454930656747556,1,interior
0.8119741448270494,0.17431811611239298,1,interior
0.8098536842944501,0.3844820917892334,1,interior
0.8100229214192185,0.3813727307512072,1,interior
0.8109526667982229,0.38593093517169563,1,interior
0.8128025464499123,0.3782545431070552,1,interior
0.4992543212260375,0.1378724246869037,1,interior
0.4303049038788403,0.26561803391829325,1,interior
0.42531907115212164,0.2965467624473634,1,interior
0.5300195944410451,0.11556511689093223,1,interior
0.8332966699140492,0.19535943974525463,1,interior
0.6583851913749433,0.08907557201068106,1,interior
0.6976011837609529,0.09401581454597925,1,interior
0.8379688295383072,0.34401199304784674,1,interior
0.6805987482363225,0.08658543248294417,1,interior
0.5215424384212725,0.13011208218537804,1,interior
0.5245062419918514,0.11687780511033317,1,interior
0.6517545629379922,0.09436179040102799,1,interior
0.43533188121375704,0.22438889220278027,1,interior
0.8531791629830247,0.25459382794615837,1,interior
0.43579716600828616,0.24782917908455737,1,interior
0.7238928812196802,0.09851933731560433,1,interior
0.8294260607433825,0.34260896819323583,1,interior
0.5233016592810028,0.12143191433538568,1,interior
0.85255152788015,0.3104248945301796,1,interior
0.8468017560354492,0.32443433927261517,1,interior
0.4304394536321707,0.22757029628001665,1,interior
0.4727148889912091,0.15389939644625816,1,interior
0.7995403412134433,0.16336886022544705,1,interior
0.839731610520292,0.2218617458030403,1,interior
0.8332382621642869,0.3490214668829582,1,interior
0.4234440194669376,0.29685123939750746,1,interior
0.8471816107727695,0.2614948011104945,1,interior
0.8519787828016986,0.25045584065192167,1,interior
0.840344741741125,0.34387002013913415,1,interior
0.814980687220541,0.3807405525552766,1,interior
0.8469699587687539,0.27358610435067326,1,interior
0.45371932639062296,0.18973042794621467,1,interior
0.46219922323052437,0.17954238588976493,1,interior
0.8201372906891778,0.35337417028390866,1,interior
0.712262967854118,0.09233284720182074,1,interior
0.8290345659494578,0.1807680060736988,1,interior
0.8307673333068035,0.3444432182765245,1,interior
0.8535654657971558,0.25101893777203316,1,interior
0.43530061090555805,0.259474563093076,1,interior
0.43231991596781694,0.2298664913640034,1,interior
0.8493399002302348,0.312684243566774,1,interior
0.5322617563048425,0.10707185669554697,1,boundary
0.672288583613094,0.0893698241283765,1,interior
0.4303341791637555,0.26376822242715064,1,interior
0.8368369216085806,0.33760130835670604,1,interior
0.85189192638919,0.24852474751229497,1,interior
0.42682855514610335,0.31209025065252605,1,interior
0.4983906649572366,0.13125748057734452,1,interior
0.7529999413206825,0.11585076990763733,1,interior
0.8324157160378499,0.19998399200914876,1,interior
0.7115563648900085,0.09507154250056679,1,interior
0.8349657261960723,0.3457062954395554,1,interior
0.5025023109951925,0.13089445722491302,1,interior
0.7481712752460378,0.11007666006700385,1,interior
0.44635031167142614,0.19675911275229177,1,interior
0.42740348093874053,0.2934418807212251,1,interior
0.47178022084871457,0.15251111979245824,1,interior
0.4410975937167807,0.2086244689728954,1,interior
0.5174431401482,0.1285969281410016,1,interior
0.8467567276411592,0.3175974702488188,1,interior
0.8496203114788131,0.25947051263766296,1,interior
0.48975317393900714,0.1389640125345291,1,interior
0.6958895861371391,0.0947982011795021,1,interior
0.7929669228137752,0.14226170241866892,1,interior
0.8295647918710868,0.20554187813816974,1,interior
0.8256496774669025,0.3604664347930741,1,interior
0.5293152427107549,0.10688435243854491,1,interior
0.8488514277919789,0.2622966903767999,1,interior
0.4389275142865422,0.20864926672549616,1,interior
0.4354841465084839,0.22240679280626138,1,interior
0.6845394856917365,0.08973504258922621,1,interior
0.707309703071356,0.09732287414925928,1,interior
0.6862053481445389,0.08262282830629727,1,interior
0.5292390027055132,0.10900675999657759,1,interior
0.842216501295898,0.33026547404433987,1,interior
0.42762278620118593,0.2867927076570639,1,interior
0.8467394971526632,0.2695230632870273,1,interior
0.4521170927324389,0.18976172225388213,1,interior
0.7550643663050315,0.11415107677645064,1,interior
0.42895334447843225,0.32781783232789324,1,interior
0.4284984000331762,0.3368797528983871,1,interior
0.7515287566839535,0.11440493857056999,1,interior
0.500587388913921,0.13866919150854756,1,interior
0.8247538286451038,0.3621758021059963,1,interior
0.8493413413151971,0.24794191646695038,1,interior
0.44331712780984645,0.20001096083654632,1,interior
0.5261502408503078,0.12316199525940466,1,interior
0.43045418048213824,0.3317936923301684,1,interior
0.4645554963723707,0.17383264690693723,1,interior
0.8314536910297048,0.3506218177529988,1,interior
0.4525815073904732,0.1873697276830042,1,interior
0.7597999446815041,0.12329074978956633,1,interior
0.8438663492298282,0.2440287192630838,1,interior
0.7779718389779448,0.1348368841037953,1,interior
0.8333266519507267,0.346982695464221,1,interior
0.830392483123573,0.20040827811131814,1,interior
0.7090260916901716,0.09511972766021401,1,interior
0.43652729657479233,0.34107240536673644,1,interior
0.8434039440006895,0.21470178872238557,1,interior
0.5119750815375604,0.13082822929700777,1,interior
0.4657781549919692,0.1768607475071478,1,interior
0.7814066559964389,0.13208565537828582,1,interior
0.7457646913796494,0.1095634755018312,1,interior
0.8512541346600387,0.2963360313890072,1,interior
0.7037882065146883,0.09123467992706762,1,interior
0.8409151110213091,0.22329712333261226,1,interior
0.8167749827307356,0.3798348771870589,1,interior
0.8422325338103174,0.22123173059240483,1,interior
0.4250777055099033,0.3233949467292093,1,interior
0.8127678321978902,0.15918995996676744,1,interior
0.4310464367678036,0.23085834416526735,1,interior
0.822398375323146,0.36643635699331967,1,interior
0.8410640116967137,0.34547712445970385,1,interior
0.45810085039814397,0.18366224603839534,1,interior
0.7883103264707749,0.14362811680573068,1,interior
0.4623977212532417,0.17752390354962136,1,interior
0.663309449983008,0.08788959179549599,1,interior
0.5048338974204244,0.13405090773582257,1,interior
0.8486202456490625,0.32200964196374376,1,interior
0.42779473738970214,0.33218833157326,1,interior
0.8187262973504505,0.16700609145004064,1,interior
0.44449281493627196,0.23826343640315129,1,interior
0.8305771522136716,0.1858202974964061,1,interior
0.45142749943872723,0.18505730669849105,1,interior
0.7354821482606043,0.10546896630208315,1,interior
0.8411908320843586,0.22529384312412173,1,interior
0.4814042334022263,0.1487101019297463,1,interior
0.8041914965680474,0.39171071350983555,1,boundary
0.5046625554879294,0.13085158886036397,1,interior
0.4283822899613765,0.3306265350323239,1,interior
0.8497329267072661,0.27357399425846535,1,interior
0.49898380394607056,0.14049082018849143,1,interior
0.44958458480450536,0.18881821682808875,1,interior
0.8500241736717277,0.2612775807351846,1,interior
0.841390818702336,0.23971184655834707,1,interior
0.44327516182471594,0.20554997214137102,1,interior
0.43647193606665124,0.23569748565521567,1,interior
0.8105319524745586,0.1642096272328395,1,interior
0.8233713686572055,0.3676841188376966,1,interior
0.7265489252047329,0.09856293583373324,1,interior
0.6563441955499135,0.08996630514046085,1,interior
0.4270329546737281,0.32540139023121967,1,interior
0.42587495321699553,0.3088716392778135,1,interior
0.8443942001254053,0.3070160089487165,1,interior
0.4395790114608557,0.20635472335607585,1,interior
0.4791766328656172,0.15138373368209282,1,interior
0.8503775845297616,0.3062763186463836,1,interior
0.7241472687805391,0.10042674324459326,1,interior
0.845386157442393,0.243564285238303,1,interior
0.5217414643299956,0.1230484867374039,1,interior
0.7959047538266603,0.1468618368130088,1,interior
0.4410367066307681,0.2054535653157141,1,interior
0.4373800363085513,0.33959716228729425,1,interior
0.8476522644457882,0.325811726422056,1,interior
0.7989178073558516,0.1534938792103813,1,interior
0.808935399039573,0.37877061639398385,1,interior
0.8528833412635628,0.30289423283281586,1,interior
0.4359462189522457,0.2377750519250955,1,interior
0.46199692751855714,0.17379739242966105,1,interior
0.8312879235208663,0.18369198424552446,1,interior
0.6960471335597703,0.09151538354560934,1,interior
0.5135186937391061,0.13083241643866128,1,interior
0.7469465014380755,0.11115512750909216,1,interior
0.42579368356891023,0.2775464007636271,1,interior
0.44564120944700136,0.19447940029018113,1,interior
0.49877165333812784,0.14869661117808303,1,interior
0.8492930650105975,0.302454634719931,1,interior
0.8508842466743249,0.24735322956496048,1,interior
0.4649681850848953,0.17551773702685858,1,interior
0.7294772224404373,0.10076841830309886,1,interior
0.8354995837340122,0.20764778009492432,1,interior
0.8283988153393914,0.18267320978935908,1,interior
0.825620417807893,0.36564744234903107,1,interior
0.7486035250672374,0.10789713001411233,1,interior
0.5040352556712834,0.1282901233234395,1,interior
0.8541759874073789,0.25313414442178056,1,interior
0.8427098243540077,0.21618286274572165,1,interior
0.5138177627231874,0.12848618378282262,1,interior
0.8178185398640719,0.3709593991733143,1,interior
0.8544676031966026,0.3046861231191319,1,interior
0.8382428258921154,0.22935715649058488,1,interior
0.8347133711606104,0.19376732345302472,1,interior
0.4630378469533803,0.17123991476475708,1,interior
0.42181820587395136,0.27039003285616126,1,interior
0.4352295443019347,0.23259450516848054,1,interior
0.43244263930200466,0.21698548582174026,1,interior
0.43760216696739274,0.25316771309252967,1,interior
0.8326996610585192,0.18718728880512062,1,interior
0.7359709516748604,0.1081282320736531,1,interior
0.7181496990037908,0.09572358855144174,1,interior
0.8087379893151064,0.17106003698711456,1,interior
0.5004635429126911,0.1410403348771117,1,interior
0.8258170751027505,0.3640895210337012,1,interior
0.7832729461054759,0.13204817687214856,1,interior
0.821087713915208,0.3674152702586917,1,interior
0.8069182986703427,0.39131434344446236,1,boundary
0.8021924571353459,0.1605180874536553,1,interior
0.8534930055789147,0.24809373194759907,1,interior
0.7476789404462213,0.11408159232806019,1,interior
0.8485686055060743,0.24363043337267878,1,interior
0.42726801496445804,0.3272337658021461,1,interior
0.8477710491021926,0.2459133337717683,1,interior
0.6791181254144649,0.09825572583052034,1,interior
0.7562766593397693,0.11682284516975962,1,interior
0.4980929799248526,0.13515965385856124,1,interior
0.46959707232414244,0.1561748126068841,1,interior
0.42098118864074574,0.26862480961319274,1,interior
0.8189009620608153,0.16407701150465664,1,interior
0.6513600372910513,0.09123022852924963,1,interior
0.7863529085993145,0.14125927394301538,1,interior
0.7938253669597308,0.14429287361929952,1,interior
0.42623367436429305,0.2882590726972775,1,interior
0.5001880412044368,0.13069964696169944,1,interior
0.4862400368550487,0.14378260024613201,1,interior
0.4253829541762173,0.3020658710505675,1,interior
0.4380867240091324,0.20384106415235867,1,interior
0.7166449329658394,0.09383976170076473,1,interior
0.7462307665359612,0.10658101487146977,1,interior
0.8105051842111325,0.3890475024678545,1,interior
0.8504863572772052,0.24500895757963695,1,interior
0.5319900483686513,0.11664670835704526,1,interior
0.4591410745611928,0.1737295257103679,1,interior
0.8164931607865725,0.17110344253437468,1,interior
0.8362637468337131,0.19346154862869083,1,interior
0.4613795818363583,0.17587900768608822,1,interior
0.5245425280165964,0.12241869204953139,1,interior
0.7016727809670941,0.0911949050017952,1,interior
0.8403260110667886,0.332634749588161,1,interior
0.4567068422501192,0.18111265863418047,1,interior
0.8323154920084814,0.18483011806538122,1,interior
0.8449596349372552,0.222379870636685,1,interior
0.8517990942143777,0.2590663627638058,1,interior
0.8093466824383934,0.39004264905074587,1,interior
0.8303554631275313,0.35228880628631537,1,interior
0.7485216212798408,0.11277118731905617,1,interior
0.8039242020810466,0.16535964554067548,1,interior
0.7417000089726171,0.10713422411661663,1,interior
0.7346140623800087,0.10702584484069472,1,interior
0.8573870820248942,0.3052789385052492,1,interior
0.8121238633281928,0.3901886097898353,1,boundary
0.4411644238011944,0.20698897364683927,1,interior
0.8540961686666179,0.2495778387847115,1,interior
0.8539575771149194,0.3070345600046053,1,interior
0.8534264156279041,0.2989381887541616,1,interior
0.47275420260464635,0.15726475161349893,1,interior
0.5289378021056216,0.11700526255546007,1,interior
0.8378540795665109,0.21083774952910983,1,interior
0.8171507080618972,0.17791755945701168,1,interior
0.8366711110305803,0.345325151194485,1,interior
0.7772035693359005,0.13254192336482692,1,interior
0.435229800303395,0.25480180898673416,1,interior
0.8423129230015092,0.33674231239861974,1,interior
0.8502819000671171,0.28365417412009286,1,interior
0.8422221224985957,0.34304996164969603,1,interior
0.8516370281675667,0.2610581993198759,1,interior
0.8091641768012148,0.1625079783614999,1,interior
0.44248062322167037,0.33833716877016107,1,interior
0.816819623895708,0.3739764989927827,1,interior
0.8250455347004737,0.17791765127398507,1,interior
0.5232741976547576,0.11987152053849293,1,interior
0.8475512821075845,0.2656550439001543,1,interior
0.45863751585907403,0.1807787987719958,1,interior
0.8410291680715952,0.3377121761431546,1,interior
0.422384460291684,0.2782559706265292,1,interior
0.6929084801150981,0.09057466581147265,1,interior
0.52831965384683,0.115503386000374,1,interior
0.6941584149892519,0.08955387352451419,1,interior
0.43480058632457275,0.23545757452586444,1,interior
0.7890432607127694,0.13785526202406215,1,interior
0.8554420760806425,0.285083840888563,1,interior
0.8425645221949913,0.3336371120242058,1,interior
0.5090958797295304,0.13812706082606752,1,interior
0.42505521797289475,0.29484234857183755,1,interior
0.7082555052291184,0.09349796475863649,1,interior
0.5308843389833037,0.10632593437220399,1,boundary
0.4332109956572412,0.23628921715296017,1,interior
0.5307188602609934,0.1097894605515199,1,interior
0.8526169440417782,0.3123846414607255,1,interior
0.8409932247988474,0.23377460309100967,1,interior
0.8393909911055235,0.3381741606411199,1,interior
0.8302663368721889,0.3545014421279621,1,interior
0.443689672405672,0.1941506479569939,1,interior
0.4277393876087183,0.333987573536658,1,interior
0.7959891608606736,0.15286388669886775,1,interior
0.4230647172853605,0.300402137277795,1,interior
0.8337557294797249,0.20329520272683108,1,interior
0.48284761729889464,0.1510812654832568,1,interior
0.43041176553713634,0.3385214788696945,1,interior
0.47477294106726076,0.158110430532305,1,interior
0.844423451631578,0.22682256191774444,1,interior
0.6667248344000695,0.08675470200616994,1,boundary
0.790467021698436,0.13659433152316397,1,interior
0.8353532703534371,0.19156991267481716,1,interior
0.4340267975756815,0.23146919017545914,1,interior
0.749291513272439,0.11749961411611952,1,interior
0.43573371259828975,0.3375959542276131,1,interior
0.8351463563177426,0.20452113219599816,1,interior
0.8504809537356142,0.2946148922885275,1,interior
0.47103254904035063,0.16225063408960058,1,interior
0.770398035495492,0.12809955922709865,1,interior
0.8157012758765021,0.17244195372985965,1,interior
0.8350607673242219,0.18577349636544935,1,interior
0.7445860930075896,0.10678818028818193,1,interior
0.8462794311004599,0.2408125697782347,1,interior
0.8528994080765611,0.30458248460782006,1,interior
0.7896385003528157,0.13398202209826812,1,interior
0.843650203635842,0.33082341682842586,1,interior
0.8451966938291875,0.3326014091659125,1,interior
0.8447816108265617,0.3151874854444015,1,interior
0.49732757810000466,0.13990927575077264,1,interior
0.4290538381050862,0.33498037451487533,1,interior
0.745281097591325,0.10481450474704423,1,interior
0.8393918867479399,0.21056904577093166,1,interior
0.42610647384409706,0.3199606147129872,1,interior
0.4340551072575118,0.26336731661406565,1,interior
0.8333250153141806,0.18339188083056218,1,interior
0.43810096792795794,0.21145536831257677,1,interior
0.8389030045124933,0.21659439100711575,1,interior
0.7505533269240777,0.11224178976008854,1,interior
0.6628262582079175,0.08572735210362194,1,boundary
0.8348609313661105,0.34727244659321443,1,interior
0.4758649628805755,0.15325229926755315,1,interior
0.44125498063778573,0.20260654503412517,1,interior
0.750370371980408,0.11626494530048449,1,interior
0.4343627139456293,0.3399342662905494,1,interior
0.43831160129368213,0.2514235277592999,1,interior
0.42775538947482294,0.26296588264725773,1,interior
0.7100532760381034,0.09377064959443543,1,interior
0.7969792034211512,0.15169212360262666,1,interior
0.42546155969049165,0.2932420260390109,1,interior
0.4691779864732872,0.15936407683525075,1,interior
0.8409139095843055,0.21950956379931058,1,interior
0.688979968054748,0.08192333685293637,1,interior
0.4214260803431558,0.29638437419807895,1,interior
0.43422205967456073,0.25828842075573155,1,interior
0.7605132217755685,0.11938591528310549,1,interior
0.43023300125702585,0.2843394774789794,1,interior
0.7571109992199992,0.11533238176397556,1,interior
0.8505108733514332,0.2634062376704927,1,interior
0.8396869020892446,0.34683281061970805,1,interior
0.8392268927443105,0.34525096643886133,1,interior
0.6916857702464626,0.08945695965571862,1,interior
0.6711271611198036,0.09075602353513786,1,interior
0.7702613941519151,0.1255858398296738,1,interior
0.8224891794926306,0.3697594153313271,1,interior
0.42538832632565576,0.29138921582320265,1,interior
0.8134511493292377,0.38018603568485326,1,interior
0.4901083372655685,0.14048202566218881,1,interior
0.7199906206548801,0.09724024841725326,1,interior
0.4678284534145124,0.1608941755207152,1,interior
0.8469529592869536,0.26424088912321964,1,interior
0.5238186342043009,0.13159335731591917,1,interior
0.804715560740708,0.1623491199621897,1,interior
0.843973781843925,0.33863666998508307,1,interior
0.4607182131163494,0.17198757013282293,1,interior
0.852420102253601,0.24656961920749954,1,interior
0.83653296229033,0.20611597737595141,1,interior
0.8099489055296144,0.16970962263326406,1,interior
0.43323901047605745,0.23305362172297475,1,interior
0.4675225856801941,0.16800223459948518,1,interior
0.8559155813866112,0.25108006368895064,1,interior
0.43260765785390337,0.26221317701472907,1,interior
0.8429267295104333,0.23971304384870032,1,interior
0.8571987148190858,0.2483482658646593,1,interior
0.5085717456781627,0.13525905263712942,1,interior
0.4342344269084589,0.26517414842282266,1,interior
0.800564747826013,0.15533767094020975,1,interior
0.45130411159039735,0.19209638675822596,1,interior
0.8079991787898868,0.38353440966055924,1,interior
0.8212603860484599,0.17483721069670755,1,interior
0.8544918947136095,0.3026079929306843,1,interior
0.526274610362922,0.11634787463212673,1,interior
0.8315035018018505,0.18189289537122366,1,interior
0.8485571338237753,0.27592820874715734,1,interior
0.833467063694449,0.19159634094729328,1,interior
0.8451448441019591,0.31122492247808986,1,interior
0.4705713279690731,0.16058392130913768,1,interior
0.4595485402480393,0.17811055534972597,1,interior
0.8113857484804661,0.38407725426435424,1,interior
0.4338884358712789,0.2535871410943959,1,interior
0.8508859657359981,0.27516682268692655,1,interior
0.8398275700558643,0.33463874702405183,1,interior
0.47924923232367644,0.14976895361947723,1,interior
0.47893071542749305,0.1530127119922815,1,interior
0.5076322541451972,0.13213682037932475,1,interior
0.6830688992697878,0.08654215268250333,1,interior
0.4774367484231681,0.1534876797713732,1,interior
0.46029070506821695,0.17945069048077356,1,interior
0.6612824783739606,0.08597854232390485,1,boundary
0.7528668521795883,0.11216318612144258,1,interior
0.42253004602748706,0.2984367893814101,1,interior
0.7589035024504479,0.1133400870869357,1,interior
0.4269821061151544,0.3296333007462003,1,interior
0.434556778359193,0.2370544955289643,1,interior
0.8413466398401795,0.3352142165849438,1,interior
0.853924980077375,0.2974734477775486,1,interior
0.8561729616428233,0.2547640845488253,1,interior
0.42584627971954,0.33210449458604346,1,interior
0.8231745747179171,0.17378431798612723,1,interior
0.5307536022152903,0.12148538944601217,1,interior
0.8492191679059634,0.29584789076683604,1,interior
0.8043425758891166,0.16055620495473502,1,interior
0.4748918189980589,0.1545079425946539,1,interior
0.4368587668675927,0.2552179942610845,1,interior
0.8462113400993075,0.31578584696885226,1,interior
0.7426172446674826,0.10560144593899233,1,interior
0.527360712737616,0.11012333444925115,1,interior
0.5219370444487164,0.1282698756529865,1,interior
0.6616376437775472,0.08774846310544647,1,interior
0.5155198857051929,0.12687169484494254,1,interior
0.6913112425564872,0.09454560736664777,1,interior
0.4200858102746462,0.3000888954873888,1,interior
0.4256556378278918,0.32153940796067265,1,interior
0.6843109246358263,0.09127383908966988,1,interior
0.8522885709382978,0.29778267063346464,1,interior
0.8415368630872105,0.21047695756038562,1,interior
0.4349119637207647,0.2134625039553139,1,interior
0.4335891301616474,0.2597595353092733,1,interior
0.8435665933328333,0.2193383558902495,1,interior
0.8500875365007682,0.24270136762407157,1,interior
0.8377186337428907,0.20847851192613892,1,interior
0.8263848401107509,0.3618970031798888,1,interior
0.8098231008800291,0.1589201926724702,1,interior
0.8371406560670144,0.22033388735972398,1,interior
0.7661122893863275,0.12480330565477894,1,interior
0.7584844620596477,0.11844452092200528,1,interior
0.8482592882417856,0.2778492167138923,1,interior
0.5091400278698445,0.13234083115783554,1,interior
0.7402676933085603,0.10646650550385459,1,interior
0.5004936620656605,0.1290771712457018,1,interior
0.813051864577647,0.38770186660170175,1,interior
0.7307055551695417,0.09832341453487184,1,interior
0.4406568088535294,0.19663793129214724,1,interior
0.84755348800738,0.24216858947282296,1,interior
0.8382743715109462,0.19184880896773598,1,interior
0.8442369799417668,0.334848729467757,1,interior
0.43371191465451675,0.25183795009465076,1,interior
0.457094386799318,0.17893127081670154,1,interior
0.8283013121674543,0.36277242510870056,1,interior
0.8110657863991703,0.3874620526622125,1,interior
0.8494701711012964,0.26546776956630763,1,interior
0.5275486834542384,0.12246242845963182,1,interior
0.4316188073982079,0.2347026024085659,1,interior
0.43155489842824174,0.3397641746812654,1,interior
0.5089322104174289,0.12997947463682394,1,interior
0.8394194411883278,0.23426174089819946,1,interior
0.8553085524441992,0.2874485121733417,1,interior
0.856173601037199,0.3037106692189863,1,interior
0.6860674783778433,0.09407746000239861,1,interior
0.6975499610432486,0.09108834484316528,1,interior
0.42669260530227293,0.28524338061990484,1,interior
0.522433756534176,0.12482193848233634,1,interior
0.8147146468209664,0.16024632406599237,1,interior
0.47698974536484157,0.1505703493781439,1,interior
0.8551946786425223,0.2827004386406568,1,interior
0.8563366856366538,0.25657993585462935,1,interior
0.855515171827816,0.2979793400162526,1,interior
0.442384865863358,0.3411882202289391,1,interior
0.8194539423091209,0.1758240376490582,1,interior
0.8507331971882611,0.27126590005244106,1,interior
0.4293365751932792,0.23176099369096492,1,interior
0.4851598040080969,0.14495994889650773,1,interior
0.5094250296752447,0.1338746979673148,1,interior
0.747823416682653,0.10603892478273377,1,interior
0.8422256147319658,0.21319798775070822,1,interior
0.710455830864785,0.09221534074607063,1,interior
0.7290873206073453,0.09873928141296383,1,interior
0.7408965161549979,0.10423803080199517,1,interior
0.42595712485794857,0.3280975017411456,1,interior
0.8468520379563604,0.23839912915983302,1,interior
0.827379439113097,0.3652299411040777,1,interior
0.8487040539180678,0.28362096226036615,1,interior
0.8535309113197788,0.24404952347659017,1,interior
0.4335649508957259,0.2568510187953291,1,interior
0.8559344832467563,0.30657223663075717,1,interior
0.85299496520593,0.2953570835686365,1,interior
0.8393314055754268,0.2082191367856277,1,interior
0.8527428305354061,0.24153330753666105,1,interior
0.8551388615623069,0.24810403578151344,1,interior
0.4824993740484535,0.15264811835911787,1,interior
0.8490832791116383,0.32025852187916803,1,interior
0.425037335477218,0.30020986394869026,1,interior
0.790105312443284,0.13169088013442143,1,interior
0.5231097649417625,0.1182534997628022,1,interior
0.8409680185841579,0.2086067063752826,1,interior
0.8518405852378093,0.2933910248901031,1,interior
0.830813509952116,0.3564464160253286,1,interior
0.8291455727849489,0.3555903597968659,1,interior
0.8488413054689237,0.32481055523818353,1,interior
0.5156061853418431,0.12893008408942183,1,interior
0.428820838673281,0.26443401565542374,1,interior
0.8521212910390326,0.2698531636394547,1,interior
0.8548122544929517,0.25586406058158734,1,interior
0.7930809777564076,0.1375109512907127,1,interior
0.5065354237508928,0.13081686351328325,1,interior
0.5224631326604797,0.11584395530739172,1,interior
0.8480295993201479,0.3234506092899045,1,interior
0.5062594174185329,0.1282779241388426,1,interior
0.4239701321824926,0.31217555141259656,1,interior
0.8486371238019548,0.26878267665516864,1,interior
0.6840324386301757,0.08521886070793815,1,interior
0.6504744638087613,0.10086042351422483,1,interior
0.8213597144082657,0.36532861185175614,1,interior
0.8252471571992608,0.3671433483784136,1,interior
0.6845568260911897,0.08136635444451465,1,interior
0.4471432806768248,0.19358803557705065,1,interior
0.8226780714789208,0.17115211869330738,1,interior
0.8428519884688626,0.22270780650293515,1,interior
0.4265667708328716,0.28355043669476226,1,interior
0.7440119895469318,0.10299050414852642,1,interior
0.4248302533607317,0.28069843887057006,1,interior
0.42398426785035265,0.2863471415313699,1,interior
0.8323042381332879,0.3522092335828955,1,interior
0.443587532058785,0.34251531405846875,1,boundary
0.4774743740165507,0.161303971806856,1,interior
0.7490378871999324,0.11552301770252829,1,interior
0.833953144240108,0.213488050021844,1,interior
0.4345520002233864,0.26169259564146724,1,interior
0.8093137369330744,0.16059968416028414,1,interior
0.7242618684776124,0.09602086310071363,1,interior
0.6685164368187484,0.08799230391124094,1,boundary
0.8316187875177334,0.19865229664435222,1,interior
0.4261552638907589,0.3358828385666262,1,interior
0.8483834730847817,0.31772585425766164,1,interior
0.4736207220317088,0.15186746624694963,1,interior
0.8468910766199169,0.30350986436574906,1,interior
0.8429005733807589,0.20865782488766332,1,interior
0.8598811552519386,0.30642036740064377,1,interior
0.4306914987191143,0.23275779758772555,1,interior
0.8021449661018799,0.15589212586558598,1,interior
0.5096856247872261,0.12828962119076376,1,interior
0.8508084773626323,0.2818523549074111,1,interior
0.8482169219025556,0.31450113236963806,1,interior
0.5021754453191893,0.12927632259181324,1,interior
0.763567891694535,0.1218309438562205,1,interior
0.658886386418234,0.08715772583388118,1,interior
0.8399949842792107,0.22713696703202,1,interior
0.7467502758173825,0.10385696571467541,1,interior
0.44275748688880256,0.2422336286368742,1,interior
0.6697845326121321,0.0891400693713922,1,interior
0.8519006657650582,0.2837744651028223,1,interior
0.8180791910232855,0.3752102729703433,1,interior
0.43377944616229464,0.341851244754339,1,interior
0.4703087441907911,0.1536206397778711,1,interior
0.8308728454111511,0.3490103466696447,1,interior
0.44168848143105127,0.20024700260717074,1,interior
0.42966450102072906,0.2622243384750762,1,interior
0.8552626641438332,0.30850575541840747,1,interior
0.8184263855233673,0.17254179265070857,1,interior
0.8427662881044046,0.2301830306457957,1,interior
0.43577514309398374,0.2435371086109643,1,interior
0.8128022781177417,0.3860936412823282,1,interior
0.6968797307365944,0.0890738267122808,1,interior
0.6729233629120648,0.08778097498403399,1,boundary
0.4326105182882036,0.22594816806642493,1,interior
0.6884779895624059,0.08402439143859051,1,interior
0.6873527810810779,0.08037996575098792,1,interior
0.5102319358230711,0.13517361786276008,1,interior
0.8576414107696785,0.30258531855790627,1,interior
0.8340554401259829,0.20177020829091502,1,interior
0.8422594494477639,0.34080506025910096,1,interior
0.4344838074393015,0.20701869198287992,1,interior
0.8396372561043809,0.19020276567665295,1,interior
0.857800258767297,0.2546803037066019,1,interior
0.46817174465172895,0.16505390876699466,1,interior
0.4951588830989562,0.13971322196747282,1,interior
0.8541663111466593,0.25926251745654816,1,interior
0.4328408643448551,0.3287296133177486,1,interior
0.6906517975193898,0.08555630266396731,1,interior
0.8389281205561202,0.3488713939430207,1,interior
0.4388658224464203,0.19917462940310302,1,interior
0.8554040763708,0.2952084542038348,1,interior
0.47350846500469496,0.1488936586519898,1,interior
0.8487103982013505,0.2671453051193564,1,interior
0.8568717242326185,0.30106332689267595,1,interior
0.4284233973674217,0.2842504717672928,1,interior
0.8265909147681055,0.34385635203153236,1,interior
0.8532763421713896,0.28995359635503704,1,interior
0.43289827551594434,0.21535652207296405,1,interior
0.6520113798916973,0.08894952392533459,1,boundary
0.8493577015388454,0.27061783481276547,1,interior
0.7287338005052316,0.09622683023902921,1,interior
0.8449770303485679,0.23960202464858044,1,interior
0.5117794446730032,0.1288598167625639,1,interior
0.4375340706345551,0.20158309443820363,1,interior
0.8556923015713226,0.24625314428749692,1,interior
0.43607992570330617,0.2028349159651093,1,interior
0.4316465110208143,0.25943880598192043,1,interior
0.5207724105984118,0.1214656638564943,1,interior
0.7460731361741328,0.11444888418785144,1,interior
0.7787902150395076,0.1322803197874902,1,interior
0.783348243713784,0.12978229696498475,1,interior
0.8208802000570674,0.37233078905338457,1,interior
0.8493725261502436,0.24129198316787795,1,interior
0.8506120526430401,0.27883435734302936,1,interior
0.41896515580842697,0.29728235956275334,1,interior
0.46103564245468426,0.17024705164046117,1,interior
0.8579971511721428,0.30754114622460405,1,interior
0.769882621149226,0.12300058527907444,1,interior
0.851947931670552,0.27226339788100573,1,interior
0.8178407201060465,0.16281837382942085,1,interior
0.5028102570244986,0.1268126572162802,1,interior
0.7521499750772518,0.1102828322252493,1,interior
0.79859871096291,0.15547193840162113,1,interior
0.8186209645120347,0.37343457938358143,1,interior
0.7085266518951481,0.09110169056420694,1,interior
0.5238098907072998,0.11498157370392799,1,interior
0.8325977792711828,0.3539068299462998,1,interior
0.7252327525050173,0.09734282385145662,1,interior
0.8252453947993593,0.17445173729102648,1,interior
0.44410293525765093,0.1923966751832651,1,interior
0.8171270124370477,0.3724581133308685,1,interior
0.5259620148321377,0.11460744023755497,1,interior
0.808762900979322,0.3738748719335278,1,interior
0.8340638110638013,0.35207411373044756,1,interior
0.4247875748090863,0.3254856297869,1,interior
0.43720086488043625,0.331127846697604,1,interior
0.8486502369037875,0.2638663103106165,1,interior
0.8555271233794024,0.3115263872514947,1,interior
0.4237012003496177,0.2834196889679988,1,interior
0.5188460279600182,0.12936883526277598,1,interior
0.829258067025522,0.3577906467119033,1,interior
0.7214825251241893,0.09619329617226739,1,interior
0.7986592441634219,0.15198075004270867,1,interior
0.698334432631645,0.08756861365007572,1,interior
0.5277471208334178,0.10788798635091755,1,interior
0.8462404590049553,0.2628102226814576,1,interior
0.7856837186797968,0.13451433705700117,1,interior
0.5203428289827695,0.1255223684154738,1,interior
0.47254205650828635,0.15066925029772205,1,interior
0.6996676618564341,0.08929357613224949,1,interior
0.43782305767418866,0.20589419883993626,1,interior
0.7450883062566925,0.10161947123311268,1,interior
0.43801063134223805,0.19791915419489295,1,interior
0.48379308612792876,0.14243208026563042,1,interior
0.4196405990077263,0.2955435808479724,1,interior
0.4361973630660137,0.19836283701902335,1,interior
0.8426528491989104,0.3445768307773672,1,interior
0.8542121673620965,0.2610839285965429,1,interior
0.8167234359466746,0.16135375845026023,1,interior
0.4764315871803473,0.14876817102919357,1,interior
0.8535216296690401,0.27408797231817034,1,interior
0.8520713720779751,0.29122319861243506,1,interior
0.8428565039735957,0.3067371309714592,1,interior
0.4199013199778674,0.27361188998767627,1,interior
0.4508337254510514,0.18705249003705643,1,interior
0.7150514337187217,0.09310031718124563,1,interior
0.821872455297943,0.17689873972419712,1,interior
0.4300969144469415,0.2588037567853025,1,interior
0.4357146997861871,0.21918202809897502,1,interior
0.7761756093503605,0.13071047131438718,1,interior
0.8460738175166062,0.3310411625871325,1,interior
0.8543910962541684,0.24157340786457354,1,interior
0.4369972343794549,0.19522263726670258,1,interior
0.8239214245247233,0.17636835995152234,1,interior
0.7543225623174569,0.12233875152708473,1,interior
0.85819536425498,0.29483208709948594,1,interior
0.46555561063625717,0.16787176475117058,1,interior
0.851531655694258,0.2402983161522286,1,interior
0.7597336356334627,0.12492247713225019,1,interior
0.8448669018097749,0.33648712865680064,1,interior
0.826122252848195,0.17987310188386638,1,interior
0.5047342587233601,0.12538507025654388,1,interior
0.8412483537273884,0.3392839905636768,1,interior
0.43010965862921274,0.2606780984502795,1,interior
0.43636809057363485,0.2001631092156325,1,interior
0.4419853484264268,0.2041065999924022,1,interior
0.6923202064839229,0.08766348908407197,1,interior
0.7016703199356212,0.08796327650400822,1,interior
0.43070589686129296,0.34209217180610924,1,interior
0.8533546574506456,0.2390866348592098,1,interior
0.8437305087581948,0.2331526474048118,1,interior
0.43100410658482774,0.33471786347853005,1,interior
0.48123755430449955,0.150368797710834,1,interior
0.8278509211064514,0.3600118710321974,1,interior
0.8462199457026773,0.338352291305559,1,interior
0.8492799556560857,0.28185684958131735,1,interior
0.8506503147151524,0.3224211053120656,1,interior
0.7615062713858258,0.11659891860806126,1,interior
0.497452968504109,0.13690108748486848,1,interior
0.49648899413635894,0.13844450792227733,1,interior
0.8479312247177972,0.32981442490515167,1,interior
0.4356236153800008,0.2291552362474011,1,interior
0.8360836778740889,0.20214379504989002,1,interior
0.4988778025894349,0.1280355344603552,1,interior
0.697371785138334,0.08526665349003867,1,interior
0.4216764885961943,0.27630151639892586,1,interior
0.42496987720453766,0.3302064976615807,1,interior
0.8550498069849107,0.29985549630054076,1,interior
0.8559465594119844,0.2582091205410212,1,interior
0.4224603220295596,0.28496321516063133,1,interior
0.8566708946548915,0.2864003928197756,1,interior
0.8246846095176577,0.1726280787070684,1,interior
0.689241255884752,0.08905566812521905,1,interior
0.8446536354483115,0.23040829704393997,1,interior
0.42822955364129384,0.22568633297879184,1,interior
0.41905577355932006,0.2703626901453179,1,interior
0.8038778395202967,0.15379264426409894,1,interior
0.43054436972109694,0.21490204014540443,1,interior
0.8490373731635691,0.32645159642927146,1,interior
0.8410409404289249,0.2058772744689189,1,interior
0.8334080170959732,0.19779294885388737,1,interior
0.848414543864552,0.3072294731926186,1,interior
0.4493069933566675,0.19099525247360374,1,interior
0.8536176317058684,0.2914852452640825,1,interior
0.6818355958947935,0.08474536362864685,1,interior
0.8408593319451586,0.2177667740863269,1,interior
0.43966505163365455,0.20307608081263404,1,interior
0.42320992976399985,0.2880823661681751,1,interior
0.4288133797750187,0.3410160089641943,1,interior
0.8316390801417818,0.19700003145476636,1,interior
0.42874630780315615,0.23560125423905473,1,interior
0.4322409170887624,0.25277670949665093,1,interior
0.6542384475768521,0.09090668927712123,1,interior
0.8488417241775753,0.24946262345919937,1,interior
0.829090848550419,0.36458595594119925,1,interior
0.6595139698548801,0.08559921987438819,1,boundary
0.8503295171392361,0.3108196424926453,1,interior
0.5275385429167837,0.11184623433250136,1,interior
0.4260033572057122,0.28209317480212304,1,interior
0.7163213407735513,0.09535525947424743,1,interior
0.4343637434416672,0.24992972088184173,1,interior
0.42216005185103084,0.28120712654131164,1,interior
0.8553580179406536,0.290493038333796,1,interior
0.751824810955965,0.108352312483936,1,interior
0.8562545104166117,0.24363938899345297,1,interior
0.8211989729195126,0.3707054446124906,1,interior
0.8301683388859313,0.35988001569711175,1,interior
0.4305530970268971,0.2572039763194618,1,interior
0.816300538555855,0.16353999658578364,1,interior
0.4961402986272963,0.13602379323722205,1,interior
0.8144703501834921,0.3889932919674377,1,interior
0.4586429496010244,0.17571355340853703,1,interior
0.4212670407016356,0.2947340375251333,1,interior
0.4643765960333969,0.16922208424555749,1,interior
0.7537862432297651,0.10885726661448922,1,interior
0.42405611619005545,0.26335045736940943,1,interior
0.8504704856670668,0.3185287403370884,1,interior
0.4687399078330746,0.15446597261160133,1,interior
0.8224428780541198,0.35279675040144154,1,interior
0.8298985549459595,0.18306327983932155,1,interior
0.7913256442482657,0.1329166709478756,1,interior
0.6522498618349432,0.09829868689643997,1,interior
0.7186100193135686,0.09187670040248867,1,interior
0.828200158579951,0.3476917111155155,1,interior
0.8584275813177744,0.25665784294594135,1,interior
0.8230633035949885,0.3731910340896334,1,interior
0.5118811735483068,0.1269439306125703,1,interior
0.5294218209725777,0.10500518154182374,1,boundary
0.8571011346801346,0.30983002418371086,1,interior
0.7721178673454366,0.12759765458018402,1,interior
0.8545786687832041,0.3100017150029032,1,interior
0.8151387816471868,0.3860130376681227,1,interior
0.8380524552963718,0.20493381556852464,1,interior
0.789645800388138,0.14113508771918978,1,interior
0.8181087466634243,0.3809636338194861,1,interior
0.43034019708796406,0.2519805264022324,1,interior
0.4668723076721145,0.16388847017297256,1,interior
0.81489318101075,0.38383358741510104,1,interior
0.8345404028192928,0.20641701406941806,1,interior
0.4754052685599583,0.15120579392048814,1,interior
0.423138959695523,0.3278185876876502,1,interior
0.8486895997423796,0.23992573397539688,1,interior
0.8496227266153755,0.30831905357180067,1,interior
0.7745658117907719,0.13017334394191057,1,interior
0.4349287723922238,0.19960729459326096,1,interior
0.8452707602681921,0.23405473843295263,1,interior
0.719680563551286,0.09312871282539083,1,interior
0.844121418355501,0.21130698336312523,1,interior
0.8215627966207845,0.3739684394819887,1,interior
0.829185285329036,0.3533031908397505,1,interior
0.8115396142183271,0.16090180593759618,1,interior
0.6856526136117899,0.08421598028978476,1,interior
0.43342761134983165,0.2380942128431397,1,interior
0.8513889778470202,0.24354050751999506,1,interior
0.8369165477621896,0.35122349137300546,1,interior
0.806772554699041,0.16102907886462417,1,interior
0.44744822082471,0.1906329676222424,1,interior
0.8425617971339864,0.3247589250350742,1,interior
0.7983139949019249,0.15033487633108997,1,interior
0.8034427126126547,0.15203416334690284,1,interior
0.831138277757119,0.3632981837099913,1,interior
0.46898236446202207,0.15108998633907367,1,interior
0.4328107972516043,0.21989064249469012,1,interior
0.8512804507726976,0.3147270788945144,1,interior
0.845597404955866,0.31868918555494236,1,interior
0.8464681059315006,0.22528770505649875,1,interior
0.7884751010966541,0.131521747860788,1,interior
0.7497066802962076,0.10960859019065212,1,interior
0.4315459246893603,0.25445229433636435,1,interior
0.455013297492405,0.1831253025130849,1,interior
0.4278094097506785,0.2377874760855199,1,interior
0.8556036692851547,0.29219399011242825,1,interior
0.8461092872638352,0.23609500878625636,1,interior
0.44096099431085095,0.2520803365648667,1,interior
0.8393496209838984,0.21858323972573515,1,interior
0.7282714203999668,0.0940441643771228,1,interior
0.690662830963639,0.08828858032361989,1,interior
0.8131036873678695,0.3841494157653039,1,interior
0.6910161570770572,0.08247185464165856,1,interior
0.853924396302173,0.3011451289489797,1,interior
0.8342342672695284,0.3558570843564242,1,interior
0.8424987424187873,0.2344633727523299,1,interior
0.43630442211903375,0.26213837844200866,1,interior
0.7958218416741756,0.14859371694919338,1,interior
0.7865844619973433,0.13181110894679313,1,interior
0.42367579971464614,0.28962368660130994,1,interior
0.7777254656483004,0.128344643942141,1,interior
0.7416550873506624,0.10171799235201276,1,interior
0.44185052271866476,0.22008259255251802,1,interior
0.8463649277058366,0.22895041273678832,1,interior
0.7678453873950046,0.12405848505715215,1,interior
0.5207057805778382,0.11562885325868373,1,interior
0.4751616516515159,0.14964733019390306,1,interior
0.4346630235695104,0.19799335903054976,1,interior
0.7100619766889418,0.08967474066622845,1,interior
0.5195618976891859,0.1237099094950981,1,interior
0.42267630104696585,0.29301243346771827,1,interior
0.8330290521944894,0.3568589401214893,1,interior
0.521147297101139,0.1195268144534486,1,interior
0.4213007393601803,0.26368743545437584,1,interior
0.4321166244048312,0.3426908995369002,1,interior
0.8380595865837657,0.23095993634470088,1,interior
0.8246477152801096,0.17021250603229196,1,interior
0.44605572973974333,0.1916344739429641,1,interior
0.5102114020285844,0.12664950210609216,1,interior
0.854164907392683,0.31299629240384524,1,interior
0.8372933912427807,0.34808942554058875,1,interior
0.8375817823263918,0.2030828214510147,1,interior
0.8440080563474606,0.34553639251314167,1,interior
0.7121149132815805,0.10984735815343738,1,interior
0.8435508728292747,0.2174913885344491,1,interior
0.8476484700451015,0.22398214863476518,1,interior
0.4296012321270638,0.22918052110667717,1,interior
0.843649166788759,0.34173278562931464,1,interior
0.8363513453421647,0.18783130578509696,1,interior
0.816241625532592,0.37681483670984356,1,interior
0.7052068902256186,0.09037669763128187,1,interior
0.466742122863405,0.16658381700796987,1,interior
0.4329042496454485,0.2066085682763297,1,interior
0.8590026381902849,0.30888632588434634,1,interior
0.4222970835340413,0.32480205393724854,1,interior
0.7721811113446656,0.12927198391962438,1,interior
0.49091274768544413,0.1438356468840694,1,interior
0.8352698829126303,0.183179005860173,1,interior
0.8508655243965471,0.32560688773421786,1,interior
0.43552971773053056,0.34238322703041474,1,interior
0.8549876689758902,0.24011594193526647,1,interior
0.8488458536319362,0.30963622647998684,1,interior
0.46255146131172126,0.16748533746078934,1,interior
0.8564930657942825,0.23820161809730012,1,interior
0.47154515048270657,0.14819467180387827,1,interior
0.8120331986023267,0.17106546075136556,1,interior
0.43692463894890154,0.3435978285570887,1,interior
0.7942218255508131,0.14703467533788334,1,interior
0.7664691904883822,0.12144788709199046,1,interior
0.7730574611179866,0.12539112729972982,1,interior
0.8169589831202551,0.38260144268401725,1,interior
0.8443140539808244,0.21332541336446395,1,interior
0.7550431059320639,0.11033892032750152,1,interior
0.8544859387897132,0.271236136835375,1,interior
0.4708294404229743,0.15063491534744508,1,interior
0.45835611659871767,0.17145560048889286,1,interior
0.8462491527631018,0.2134710287770521,1,interior
0.7367200378789617,0.1065319586881254,1,interior
0.4914446872415304,0.13929206191702914,1,interior
0.841407308579342,0.34837292837693373,1,interior
0.8149679993565256,0.15872243074070272,1,interior
0.8427765645953157,0.2038757305291217,1,interior
0.43443813378232593,0.3444729599610732,1,interior
0.4271896842178759,0.30636082106465995,1,interior
0.8360671756861304,0.1949946454499483,1,interior
0.4274189097778661,0.33911469144176515,1,interior
0.4353020323539964,0.2047027374732876,1,interior
0.42982436411628416,0.32107571225320897,1,interior
0.8359518170801239,0.19754755127905055,1,interior
0.8339410785556427,0.19961666464838398,1,interior
0.4472727100449415,0.1873292250051807,1,interior
0.8469629793789045,0.21048888397036927,1,interior
0.7709659209819022,0.12408654621991436,1,interior
0.8334280415348584,0.18922555149788256,1,interior
0.8433587408878463,0.22466670462337243,1,interior
0.4328184601708191,0.21363539210597093,1,interior
0.829684437865295,0.19415733637264332,1,interior
0.5234487417946313,0.11303939785643782,1,interior
0.45251487500968635,0.1834607469735909,1,interior
0.43523892435119677,0.19603381184729926,1,interior
0.4574362350141845,0.17665149894742369,1,interior
0.8440694608065109,0.3478215101116277,1,interior
0.8484853559010965,0.21340146650735914,1,interior
0.8373018518354757,0.1862888333439874,1,interior
0.8527201493574937,0.3088636789099314,1,interior
0.8583160361305169,0.2855890712955396,1,interior
0.4228523086793673,0.3022426632065336,1,interior
0.7309130722536046,0.10003759315921565,1,interior
0.4205303683095379,0.282051009286964,1,interior
0.8306194373331125,0.3613413688384807,1,interior
0.8426846363346702,0.33203787004507573,1,interior
0.8191577489911516,0.37854675556493267,1,interior
0.49451847886375994,0.13761422911760524,1,interior
0.819475536333538,0.16254264223959625,1,interior
0.4397036061491807,0.20465539057025622,1,interior
0.826710268993029,0.17815732174749166,1,interior
0.4626666992833446,0.1691524781195197,1,interior
0.45964354570505034,0.16916015537583515,1,interior
0.5169668588443909,0.12571114386754892,1,interior
0.8504116318691707,0.267957139641908,1,interior
0.8233777965075357,0.19198606683484207,1,interior
0.5253382758233688,0.1127590121512864,1,interior
0.44123212836865217,0.1942325091797812,1,interior
0.8616687801496297,0.30557912623941985,1,interior
0.44840447602664474,0.19225053685309543,1,interior
0.4202614343982979,0.2664143128184704,1,interior
0.42283671621492364,0.29507317769005187,1,interior
0.8328504998486872,0.36379988077928954,1,interior
0.43022484142093964,0.21984141880284577,1,interior
0.8234400813056051,0.16843252158894362,1,interior
0.8347018778765536,0.19610226706674894,1,interior
0.42747902451522923,0.3210894951055111,1,interior
0.4324778326877325,0.23141821904849116,1,interior
0.7069965268508429,0.09023995863147025,1,interior
0.437678444589689,0.2074154013032257,1,interior
0.7502556705981689,0.10744115406162581,1,interior
0.4287187430541662,0.3059266763969186,1,interior
0.8265513158804308,0.17628655857984182,1,interior
0.4350559856701326,0.3102092958580021,1,interior
0.8500278470499307,0.23894953596009078,1,interior
0.4337343461530991,0.20529573496004697,1,interior
0.8477983229861584,0.2370630487525849,1,interior
0.7114160173581461,0.08836754176736546,1,interior
0.41913903022983784,0.2832578425170174,1,interior
0.8464227523309389,0.23251043475626368,1,interior
0.8519452714819992,0.25731705586130615,1,interior
0.43315108291934235,0.2553696370881693,1,interior
0.8080751856119854,0.159550370912044,1,interior
0.7810260450163125,0.13054751449584254,1,interior
0.8159994680113949,0.38895750792069655,1,interior
0.7334004318220736,0.10290246437659467,1,interior
0.8534817900484722,0.28266725817036664,1,interior
0.43614042164941647,0.24611262225196234,1,interior
0.4242968725203062,0.3041336212724054,1,interior
0.8163279964664287,0.38731294240103337,1,interior
0.8481662424152221,0.21152692124147368,1,interior
0.847743036048633,0.3406385756250109,1,interior
0.8519916169345658,0.2681656771963893,1,interior
0.42017157006737227,0.28584866476334375,1,interior
0.8337252710748512,0.36225789580470513,1,interior
0.850527661718074,0.3166160001211888,1,interior
0.7517601137132599,0.1053736488929085,1,interior
0.8576375212114085,0.2835713022389198,1,interior
0.6996883422257288,0.08585674389709362,1,interior
0.4782359157801569,0.1469773904051821,1,interior
0.8244090590896959,0.37068276053248744,1,interior
0.8380723935407056,0.3467670538295736,1,interior
0.7336734538695562,0.09951348418592164,1,interior
0.861099629501655,0.3085448596186658,1,interior
0.4385195965303877,0.23537156742617693,1,interior
0.7777353683402932,0.13066678942403087,1,interior
0.7900860333502886,0.13905118544502992,1,interior
0.7069501951460263,0.08828157886656882,1,interior
0.5181980018352567,0.12144431179091232,1,interior
0.44246826241497517,0.1926949237727069,1,interior
0.7400361119677286,0.10284491668542343,1,interior
0.8504605247266782,0.23624006157809946,1,interior
0.754621545072032,0.11252284540519684,1,interior
0.8270237768474945,0.3671962439656567,1,interior
0.8362343020962469,0.18941344923493098,1,interior
0.4322463264317744,0.2214584445835371,1,interior
0.6513261783788707,0.09289831974600578,1,interior
0.4929345491975292,0.13647172175435343,1,interior
0.7492883118211721,0.11126482977022235,1,interior
0.657362530239278,0.08582664167923175,1,boundary
0.8348159070765309,0.1816038408046867,1,interior
0.8379246585342457,0.20677558085294503,1,interior
0.8540967276084136,0.28857270836463506,1,interior
0.7741839692442744,0.12776302425370753,1,interior
0.8598070354850191,0.30404711207209123,1,interior
0.6527371702109613,0.09057637320384536,1,interior
0.8162490886897144,0.39057631213613925,1,boundary
0.8435013286486472,0.23791351026825666,1,interior
0.8576836626991342,0.29091003870362386,1,interior
0.4660127508823304,0.15130906540779082,1,interior
0.8186899010283848,0.3877683855966163,1,interior
0.835471740749897,0.35022291215660517,1,interior
0.8342246056488133,0.3539559561540442,1,interior
0.8492857566455575,0.23212378438305015,1,interior
0.8466250219755774,0.22181639098939726,1,interior
0.4241082188622105,0.3201960372478908,1,interior
0.4610518237995929,0.16801617135854782,1,interior
0.42039877183457913,0.2716205486069455,1,interior
0.701847560600059,0.08462549973588727,1,interior
0.466193181354066,0.16950725599766117,1,interior
0.7148996666075582,0.09142088346345947,1,interior
0.7413598747874116,0.1002110184285443,1,interior
0.7209051455300324,0.09409750288412332,1,interior
0.7605448161995695,0.11530496961854717,1,interior
0.7967575639348717,0.14539213978291465,1,interior
0.45653312605128454,0.17221018324386209,1,interior
0.730668423484842,0.10227541133156783,1,interior
0.6899953217355119,0.07947488815457382,1,interior
0.43329110938170146,0.24820809415963324,1,interior
0.7356662101909123,0.09982590141643453,1,interior
0.7393460845966358,0.10447837382604647,1,interior
0.8136934118432607,0.15728979188722644,1,interior
0.8468387659868465,0.3327274990910949,1,interior
0.4332281498842597,0.20025174842556606,1,interior
0.6856372290351748,0.08862582005411257,1,interior
0.42082348515226803,0.32315062415953466,1,interior
0.8044307513080251,0.15648862575353115,1,interior
0.46802267075016213,0.15236320650857327,1,interior
0.7566569126142576,0.1136353094933058,1,interior
0.8307073306673046,0.36535830526615043,1,interior
0.4248674623836241,0.26163375482200285,1,interior
0.8500543732442754,0.27719061635817377,1,interior
0.43148695816072224,0.21848263190319875,1,interior
0.7123681367376635,0.08695841463700864,1,interior
0.4351989166028056,0.20935127800703376,1,interior
0.8475143583067336,0.23020416921374903,1,interior
0.4300967482548236,0.2172323764857716,1,interior
0.832980562551522,0.3507534571192734,1,interior
0.840051576225503,0.18815229839123257,1,interior
0.738479891338226,0.10271501049757167,1,interior
0.819720333097768,0.38038791208452477,1,interior
0.4609559155683015,0.16621147743441123,1,interior
0.4217372412352502,0.2871196982773581,1,interior
0.42069656669441086,0.29322246456572076,1,interior
0.43226888085404197,0.2579536065908354,1,interior
0.4219997915281744,0.28910709930854,1,interior
0.5273536641484065,0.10519133232686308,1,interior
0.43479938861676615,0.19360076955531705,1,interior
0.4735779362666943,0.14607305336380688,1,interior
0.4553649004030888,0.17915224702829796,1,interior
0.8581470154748916,0.28747386844715384,1,interior
0.43109004913204135,0.2133709069368169,1,interior
0.4493602460978897,0.18640755491048538,1,interior
0.8442942647917724,0.23524270048987633,1,interior
0.8163914303468589,0.3845682614197613,1,interior
0.8425804139159532,0.2262380610750115,1,interior
0.45099684909129917,0.1835156854108528,1,interior
0.6539971717806073,0.08880782300173234,1,interior
0.4208609432578159,0.2979520747409762,1,interior
0.8197246054168529,0.17359756127731488,1,interior
0.4230406426709622,0.33100120103504055,1,interior
0.800823675697974,0.1499284196869144,1,interior
0.8139882592701887,0.39070856583541297,1,boundary
0.46440153247065014,0.1652164814015601,1,interior
0.8255032956178383,0.16888944022709482,1,interior
0.8418541608871186,0.23610384648703095,1,interior
0.4276888551886942,0.2580407149932739,1,interior
0.6797608492739738,0.08348088816612774,1,interior
0.42839142076495496,0.22020880270063534,1,interior
0.41759398035809137,0.2678802018992858,1,interior
0.42474705443018557,0.3107880026509706,1,interior
0.47460246887158725,0.1474516840788557,1,interior
0.42493602520598656,0.2846976732600234,1,interior
0.8145027341086177,0.3823454812410265,1,interior
0.7312472523505245,0.09680851717878355,1,interior
0.518459213543789,0.12496740690495628,1,interior
0.6712418595442909,0.0878403357024006,1,boundary
0.7363210079906422,0.11004599186838741,1,interior
0.43295060332908425,0.19701563262803556,1,interior
0.42225170689746355,0.3047356867944608,1,interior
0.6548655241686239,0.08641648233784743,1,boundary
0.7089199959029664,0.08855155087208665,1,interior
0.46860359327182655,0.14818146913354652,1,interior
0.8012221362295527,0.15857695129879945,1,interior
0.42886159242897387,0.21380121362769006,1,interior
0.85726799981431,0.2887537494231599,1,interior
0.8234081843184075,0.1780654940864411,1,interior
0.4316900375097624,0.20148104472172568,1,interior
0.5202760312863396,0.11802294235302953,1,interior
0.4178655719978614,0.2940498137546206,1,interior
0.46804738683415636,0.15744566321463913,1,interior
0.8538241250842697,0.2934212425292114,1,interior
0.8541581566641281,0.24645410797677553,1,interior
0.8586369472705391,0.3106827678774441,1,interior
0.8391178363252986,0.2026728148786821,1,interior
0.838136745550993,0.20090527294913188,1,interior
0.8215021756632627,0.387794560605771,1,interior
0.4348298974838153,0.20116602151158755,1,interior
0.4977384813198036,0.1292498820435152,1,interior
0.6879401470193109,0.09382328406159733,1,interior
0.8510218505865548,0.3123329680277372,1,interior
0.8179173241198677,0.3851930265738995,1,interior
0.8200675653544398,0.3826147521187852,1,interior
0.8571378895806208,0.2992283618684754,1,interior
0.7167353206955677,0.09184755938167816,1,interior
0.793121048080321,0.14591469038560725,1,interior
0.4968247755329108,0.12652564888587509,1,interior
0.42765164221525787,0.23966614813956594,1,interior
0.6964765776277931,0.08272004720488545,1,interior
0.42324658141208,0.267468042924035,1,interior
0.44203410159637263,0.343150353408252,1,boundary
0.5175213838298649,0.1231009975395255,1,interior
0.8566394251817735,0.253108792083332,1,interior
0.43109671304709796,0.2035389600391056,1,interior
0.7975481661343863,0.14840709048375508,1,interior
0.4332827676339786,0.19309608332135808,1,interior
0.8197844708230159,0.3760984720577466,1,interior
0.42307804186661047,0.3218928520254341,1,interior
0.4508884817691421,0.18097670709384817,1,interior
0.49664055942827795,0.13287128765667616,1,interior
0.8458221969758208,0.3351434897112031,1,interior
0.7796713807928742,0.12940687397570091,1,interior
0.8487514402412849,0.22825963572074118,1,interior
0.8529220500644576,0.279551847031686,1,interior
0.7541839376123964,0.10718115033131367,1,interior
0.7623120848988887,0.11415348739694405,1,interior
0.42484810139023216,0.32702075023336863,1,interior
0.7871529964387324,0.13020894458634466,1,interior
0.43036931208152435,0.23696037784478904,1,interior
0.791764938247963,0.13490848204016218,1,interior
0.5082431611887188,0.12632035686119203,1,interior
0.8516596440630593,0.26604066991067865,1,interior
0.4352672677680986,0.25229158372939314,1,interior
0.653098234152276,0.08730427322549052,1,boundary
0.44752631432981893,0.18471710075532763,1,interior
0.4322482529318467,0.25035988438418616,1,interior
0.6972662203506426,0.08095193850046938,1,interior
0.4459441888371482,0.18837992114716695,1,interior
0.7035509802618016,0.08926840042276013,1,interior
0.4907752307831281,0.1350224264932706,1,interior
0.422728544936192,0.3109872911324975,1,interior
0.8146921272933108,0.37701535760027266,1,interior
0.8216661313660591,0.38282510554453997,1,interior
0.8373122359120792,0.18416501631613438,1,interior
0.43070157991539276,0.22600209036468769,1,interior
0.8485873068980585,0.3317896419477136,1,interior
0.8363260493932828,0.3048080885699284,1,interior
0.7196693301843315,0.09537241678231081,1,interior
0.8362802241880433,0.35310538529914803,1,interior
0.5051359005094911,0.12711789110038682,1,interior
0.8018109248009255,0.14786019180510593,1,interior
0.42940229350042,0.20463823253428695,1,interior
0.6928614324249694,0.08598152345440213,1,interior
0.7634612975322715,0.11563543284675815,1,interior
0.4863049730301839,0.14044767156303545,1,interior
0.7874212298018558,0.13474010875753958,1,interior
0.8493727562633818,0.3292822372814253,1,interior
0.8100130371272096,0.15709194277820004,1,interior
0.4238661493663417,0.2793810196226799,1,interior
0.4204624463503216,0.2917102004930424,1,interior
0.8528921540417471,0.31448846667217284,1,interior
0.6787653257971789,0.084766714074337,1,interior
0.7914714627844113,0.13826040197044667,1,interior
0.8447570963373857,0.33994407801765203,1,interior
0.41836861848995066,0.2906830703685639,1,interior
0.8271324623454489,0.1724660460203756,1,interior
0.7931112842039522,0.1322080414204771,1,interior
0.4547250502627713,0.17213205309875004,1,interior
0.8387174515445274,0.3533956280199236,1,interior
0.8627150628787452,0.30754322464673306,1,interior
0.8625573245027064,0.30343916449540836,1,interior
0.4664842671973325,0.1600237735865899,1,interior
0.43392332684849194,0.21091731560048688,1,interior
0.8401297840942464,0.3503352627200628,1,interior
0.6953305367736805,0.08754825265130171,1,interior
0.4676082954343122,0.15590327850445296,1,interior
0.8404387091750416,0.3419495404340818,1,interior
0.8414147181512962,0.23148255912070964,1,interior
0.4799094872714921,0.1470286588990751,1,interior
0.47461025134994717,0.14449767321111645,1,interior
0.8467067790813493,0.22680004892879402,1,interior
0.83597499348563,0.2005305799997428,1,interior
0.8387741054031205,0.1977750906196825,1,interior
0.8341039937580329,0.18778227302025635,1,interior
0.4175697780092358,0.28555797835703217,1,interior
0.8565543691581805,0.29682052914675,1,interior
0.8321797699442776,0.30058903145275506,1,interior
0.8602689353548704,0.31108766181698144,1,interior
0.8509116928451351,0.2334914446373504,1,interior
0.4224071073583602,0.30934216742288867,1,interior
0.727851875528443,0.099844922217812,1,interior
0.8450766411104069,0.23737097067169466,1,interior
0.4546298008973902,0.17051141632776987,1,interior
0.4631461447362242,0.16608304665746063,1,interior
0.7498688220584782,0.11398867853604613,1,interior
0.4218428754543363,0.29071793953505903,1,interior
0.4987563426629253,0.12606970312392268,1,interior
0.4526684191424836,0.17125522592709427,1,interior
0.4175885982862465,0.2997376764579727,1,interior
0.8572459643096623,0.2713058214875767,1,interior
0.8499177487397886,0.3278176731263807,1,interior
0.75720555006972,0.11197603955989802,1,interior
0.7578308383174006,0.10985920388542136,1,interior
0.8267593085046182,0.3690534026011686,1,interior
0.43993525874595735,0.3433532199713652,1,interior
0.8514991453683287,0.3240075175657211,1,interior
0.8116287037118137,0.1578918253086888,1,interior
0.5051753379752958,0.12382516399050617,1,interior
0.8334158944090143,0.36618154611120146,1,interior
0.7589024049170473,0.11516383244046313,1,interior
0.8508524017428392,0.33256962178225924,1,interior
0.4599957666718278,0.17659867981645128,1,interior
0.4637793122257797,0.16289760507454204,1,interior
0.7077599648947858,0.08583435758037476,1,interior
0.8380853599463061,0.18133154447479227,1,interior
0.4961575168262566,0.13444117144009599,1,interior
0.8387652948330648,0.3515523580165586,1,interior
0.4257138400524645,0.30723979679367763,1,interior
0.4166172478527025,0.2834918824965688,1,interior
0.5073456712176048,0.12436604712113228,1,interior
0.8217938863225254,0.16772315978567573,1,interior
0.8405492185514981,0.19374252835705116,1,interior
0.8601592258312686,0.2890472587489855,1,interior
0.7955089387890235,0.1429776183049249,1,interior
0.42045105042204906,0.30257722969090334,1,interior
0.80177184144059,0.15360384917610945,1,interior
0.8640986181801158,0.3099175924369627,1,interior
0.8214656417721773,0.38076686533022597,1,interior
0.41575965850505925,0.2999513515391282,1,interior
0.8451013473091397,0.3501953030510147,1,interior
0.8194513382630403,0.16068696027638046,1,interior
0.41738255337507507,0.2882566104694374,1,interior
0.828409676316838,0.3665351763111957,1,interior
0.6774977018582349,0.08564269064095961,1,boundary
0.5212353806095804,0.11339959585833866,1,interior
0.8326990452148054,0.36000835128427616,1,interior
0.5271024717447356,0.10360979429206586,1,boundary
0.8202358620249103,0.38533121445490337,1,interior
0.8279631666885447,0.17942790688865987,1,interior
0.8212045240956336,0.37851220286004195,1,interior
0.42443959379301743,0.3337931005511828,1,interior
0.8461358405164879,0.21984968727020862,1,interior
0.4190406652688842,0.26847275967501555,1,interior
0.4335611882683562,0.20837091346451805,1,interior
0.5133184984298937,0.12640476030281764,1,interior
0.8479280619159927,0.23323030260901406,1,interior
0.8425374690784554,0.34660025658730464,1,interior
0.4245969776900384,0.31697373461967815,1,interior
0.8031361906718394,0.15898401658906344,1,interior
0.42164941075675755,0.2830828603741004,1,interior
0.6858586420099465,0.09638793062772519,1,interior
0.7332590249730581,0.09717646802766008,1,interior
0.42521043988917606,0.2597073784894082,1,interior
0.8563641484898662,0.2939333648648148,1,interior
0.42964720698315323,0.22471584827954227,1,interior
0.4276898797362262,0.22787480307467523,1,interior
0.7525753183726275,0.1066598866364443,1,interior
0.4337995834886899,0.24059125133624415,1,interior
0.8609073065890278,0.28741028317080486,1,interior
0.8438252368740169,0.22854275954376904,1,interior
0.44435335137400744,0.1906121789740018,1,interior
0.8536216324836923,0.26865231818771823,1,interior
0.7875216851469107,0.1375902928256683,1,interior
0.8290276801313372,0.36846173254481757,1,interior
0.4670385108712069,0.1623610306672857,1,interior
0.4304530873976432,0.25033477443833657,1,interior
0.8289149760949314,0.3611238707399926,1,interior
0.5168574316329966,0.11900323882905466,1,interior
0.8507081709961903,0.32021571699466117,1,interior
0.8601637413496996,0.2855573197410918,1,interior
0.4241238277263378,0.30926911673378127,1,interior
0.8526818709397987,0.2627594187987623,1,interior
0.4297137210714941,0.24884400962328873,1,interior
0.7207107397730945,0.09183206985876098,1,interior
0.8423819437661306,0.19108565643474065,1,interior
0.8589150200172314,0.29292328078691526,1,interior
0.4395901181786859,0.19414485202135331,1,interior
0.43659057118312633,0.19229873137017786,1,interior
0.8031833099891199,0.14964166432638723,1,interior
0.434126865901002,0.20324580250876736,1,interior
0.7760819181236202,0.12787338023200673,1,interior
0.8574142433143866,0.24165337887504898,1,interior
0.45297293481614287,0.18179135491764967,1,interior
0.4267918195524636,0.26162674664318203,1,interior
0.4283230744450577,0.21559246965496662,1,interior
0.4304447735211014,0.23851870501738065,1,interior
0.43670796003339235,0.19072407709473993,1,interior
0.44171811469040595,0.19100234539552816,1,interior
0.8512943696463248,0.23762215351123667,1,interior
0.8059077357035844,0.1511886318230403,1,interior
0.7902225015027022,0.12914022548265525,1,interior
0.45713799156566665,0.17397782621558414,1,interior
0.43685198956410426,0.3459544619745961,1,boundary
0.6565876185704533,0.08838494453647107,1,interior
0.426580894029764,0.21436357292599215,1,interior
0.8185991763420342,0.3899350638493659,1,boundary
0.7322802363291897,0.10124126150272171,1,interior
0.7053440757388902,0.08860714181103538,1,interior
0.8057646865877042,0.1598887234557231,1,interior
0.857522148443439,0.2503697459861144,1,interior
0.7052585857831853,0.08677441182802813,1,interior
0.7190295855185221,0.08938455655760104,1,interior
0.41499870377687653,0.286017648490357,1,interior
0.7529185228556925,0.11368444845828173,1,interior
0.4930244073055317,0.13801902342475994,1,interior
0.43473802593532057,0.1917954401612157,1,interior
0.837093373516496,0.3496794509627676,1,interior
0.7950863330312518,0.14540543219608365,1,interior
0.8466724596852024,0.345058990776747,1,interior
0.85487063436901,0.2375823603371345,1,interior
0.7352674006751684,0.10167942908046368,1,interior
0.8435448061832762,0.20718003786389955,1,interior
0.8434901847934764,0.3270390773545845,1,interior
0.8568877144064246,0.31287930705211586,1,interior
0.8594997834988061,0.25543122226969084,1,interior
0.5012537343587053,0.12768123190927508,1,interior
0.8578885334080907,0.24478501778554834,1,interior
0.8224375474480836,0.37594515027501607,1,interior
0.4253780870726238,0.3057119967259898,1,interior
0.8250210269486635,0.36929315900292364,1,interior
0.4235547062410388,0.29121401786893886,1,interior
0.41870546482446014,0.3242026249532893,1,interior
0.8311547420583649,0.3669739538659985,1,interior
0.8472769748018067,0.3371017305565038,1,interior
0.8353832169795219,0.36257011573254494,1,interior
0.8505361455628286,0.2695333879343246,1,interior
0.6499574408976886,0.09363150543085914,1,interior
0.42074844472944367,0.32053517788515795,1,interior
0.7974934746323343,0.14685981985431565,1,interior
0.859673677064148,0.29095385697062315,1,interior
0.4390299379043299,0.19230094533083072,1,interior
0.8054021970454097,0.15401774312177108,1,interior
0.8532010167306777,0.3225747297067533,1,interior
0.43826915528617505,0.19605753404911078,1,interior
0.82452364773045,0.38190914519310465,1,interior
0.7358930293003062,0.10386839878200713,1,interior
0.7370188151392438,0.10200417273167606,1,interior
0.513599507980258,0.12421921089621023,1,interior
0.7421405039572335,0.10320311851175643,1,interior
0.8248820760653907,0.18089946624846323,1,interior
0.43191880959974654,0.23903086925715952,1,interior
0.8643155028634687,0.3058570805206731,1,interior
0.44980596078870533,0.18228038652485604,1,interior
0.8364041292394382,0.18125842678605533,1,interior
0.49573595831783535,0.12524315841375205,1,interior
0.8447549273550385,0.20548305186983412,1,interior
0.8297605611308042,0.17941335729117658,1,interior
0.43613211882060343,0.20599767055289125,1,interior
0.8203797118761261,0.39039647607184164,1,boundary
0.4658180837891219,0.1483474045451104,1,interior
0.4633156488011963,0.15243638171316254,1,interior
0.4231904750871254,0.2604771244088142,1,interior
0.8314055706236265,0.35834976415676706,1,interior
0.822894049952142,0.38497262444658886,1,interior
0.7371638925157354,0.10024403227552349,1,interior
0.7272741388045681,0.09547779578685901,1,interior
0.4200437645254717,0.28028702030546465,1,interior
0.8480875490371892,0.22080258425235622,1,interior
0.4619693559650109,0.1622718707493464,1,interior
0.8066571183464666,0.15819323688616785,1,interior
0.7167549518849413,0.08930347646860566,1,interior
0.7329240871408773,0.09426721860305474,1,interior
0.8384000369274524,0.19510057103037995,1,interior
0.7555212021670067,0.10471816132021106,1,interior
0.44901162305204745,0.18403996154631647,1,interior
0.5217198982362854,0.11749395469421607,1,interior
0.8248053033710508,0.3732707291390821,1,interior
0.8590426328039528,0.31321545793480354,1,interior
0.8526242400496017,0.3186810336335863,1,interior
0.5004095324593948,0.1257820587872492,1,interior
0.5243088456257436,0.11163412032227239,1,interior
0.7037734352478484,0.0873099120155662,1,interior
0.8265980595096721,0.20296779693058517,1,interior
0.8291712318118335,0.177742377360222,1,interior
0.8179204072279807,0.15873993853422463,1,interior
0.4624198025355636,0.16469359591096527,1,interior
0.4766874300420249,0.15920792655932023,1,interior
0.6919612102237842,0.08456548041145773,1,interior
0.45055628509953444,0.19001045074652326,1,interior
0.8183104598411576,0.38352119244409205,1,interior
0.844877430765029,0.21567873321805467,1,interior
0.42825133939317717,0.24989169768876973,1,interior
0.850146406436931,0.23014029107740114,1,interior
0.4822127181438913,0.14641717954642247,1,interior
0.7112352818127049,0.08424475267178075,1,interior
0.4256424256498882,0.2864740128362043,1,interior
0.49388813939366716,0.13527398181181874,1,interior
0.8426272786829322,0.35028636854589207,1,interior
0.8508081618600546,0.22875120032898105,1,interior
0.7122803043184243,0.08995137192095289,1,interior
0.4230327951791871,0.3329815724000256,1,interior
0.7110524822216325,0.0860134973661512,1,interior
0.4180768935277068,0.30196844776123394,1,interior
0.8437451645168612,0.22141311711755046,1,interior
0.8460240429713562,0.21177695832581497,1,interior
0.8278531739436831,0.17533578849736797,1,interior
0.7237663103958673,0.09454308949509996,1,interior
0.41576591678267394,0.3021110565213473,1,interior
0.8481740387456085,0.3358641918378546,1,interior
0.7142073919417113,0.08809509875943594,1,interior
0.8612053852116975,0.2943974265230723,1,interior
0.7482932257696122,0.10239229194507164,1,interior
0.8459140765711204,0.35175024031510926,1,interior
0.46940526801221427,0.16183236947257398,1,interior
0.7929219447845061,0.1392162298378829,1,interior
0.8027383954952114,0.14658590663544888,1,interior
0.6838662289384132,0.07925527800137129,1,interior
0.8555481410376993,0.31528370145768786,1,interior
0.4655475269066319,0.15363878086811494,1,interior
0.4602724606396929,0.17477191765138478,1,interior
0.42916419286392604,0.24094677955227012,1,interior
0.4453968816615356,0.18651947150226275,1,interior
0.7406754981428678,0.09821564956383985,1,interior
0.8398949960152673,0.2154404790351013,1,interior
0.8354890944551807,0.35985569812263535,1,interior
0.8542373080098321,0.280867511930103,1,interior
0.8470481068043899,0.23463529779879408,1,interior
0.8463305012532526,0.3484167022219564,1,interior
0.7387737737574522,0.10025008273165235,1,interior
0.8414956039478614,0.1897091987500072,1,interior
0.8625838119835793,0.2852676685438083,1,interior
0.4791748216594387,0.14558014259223176,1,interior
0.47631232892673736,0.1461118326384767,1,interior
0.4672907518686576,0.1539490125387171,1,interior
0.8579295284822483,0.2465929467660477,1,interior
0.7434233831154459,0.09987226492802695,1,interior
0.4284942996982768,0.2602906689098117,1,interior
0.7304591477149401,0.09512840884744,1,interior
0.43244811766948793,0.19047483096713688,1,interior
0.8496309371317269,0.3388543146592048,1,interior
0.8525187935443149,0.2766043179132778,1,interior
0.8559969627624686,0.28113556813778456,1,interior
0.4176135507430731,0.2819206933432237,1,interior
0.4270423278711032,0.2363099036655163,1,interior
0.8490949693653321,0.23461859639135374,1,interior
0.8633906164196697,0.311396770955958,1,interior
0.41674744427485655,0.2970322972012398,1,interior
0.7333625747840729,0.10458357026067663,1,interior
0.8511720246598004,0.34000865596108754,1,interior
0.788715907884699,0.13605234802825986,1,interior
0.46678758757309646,0.14600557204522396,1,interior
0.5290065998101937,0.11081871233770228,1,interior
0.42370340257629285,0.3149653963043463,1,interior
0.8587512164267823,0.29642447449243886,1,interior
0.8335297439580152,0.17998236811842797,1,interior
0.42621033263521757,0.23875160501491297,1,interior
0.8270771676748242,0.37137994076123987,1,interior
0.8617104903618786,0.29029696738637706,1,interior
0.4279407647543162,0.23289246146268533,1,interior
0.843736364623046,0.34336590990750854,1,interior
0.41838209996156606,0.2722833171904673,1,interior
0.4857071999565886,0.14215457154075659,1,interior
0.4286149609404669,0.2566106474092612,1,interior
0.7338653489270217,0.0956618886478243,1,interior
0.4621683533415769,0.15140651301109206,1,interior
0.7041755930451047,0.08442057021199495,1,interior
0.851605194601171,0.32925361451729257,1,interior
0.8560779778283969,0.2495641201729877,1,interior
0.48293464160419836,0.14931197050728842,1,interior
0.7051636746181671,0.08285131850368878,1,interior
0.42160576926653415,0.2618680362368582,1,interior
0.5251160929436864,0.10330047773783314,1,boundary
0.8533046788080154,0.2662876691962158,1,interior
0.4224000616494926,0.3190311918525623,1,interior
0.4390466797776339,0.1899751429958941,1,interior
0.8378062490763333,0.17982957456605916,1,interior
0.8450209981468441,0.20956441509753165,1,interior
0.42261613448813384,0.30738857001499775,1,interior
0.8478479727407738,0.21492992026020755,1,interior
0.7433502597619708,0.10149817945912501,1,interior
0.8367911296150982,0.19082970806216715,1,interior
0.49172448474413194,0.13331246759579043,1,interior
0.48560337387235725,0.1375416575556296,1,interior
0.4237830392835342,0.306125471060431,1,interior
0.8524531428401441,0.26466461843752115,1,interior
0.4845620866342505,0.1395275429397052,1,interior
0.8202759560323803,0.1664989595525276,1,interior
0.43836243084855037,0.34506737338839344,1,boundary
0.4269758797048637,0.3024557116825899,1,interior
0.8593077146460474,0.29818436607402027,1,interior
0.4714963303915742,0.14493234080111786,1,interior
0.7605852750728043,0.11353460704009165,1,interior
0.42139390030112117,0.3008628829123917,1,interior
0.7418646784433134,0.09572960110043698,1,interior
0.8617906845137354,0.2992943334888755,1,interior
0.4320286566559809,0.19398109202650174,1,interior
0.8538050031144871,0.2756481634715786,1,interior
0.4138826882966465,0.29951546111390687,1,interior
0.747945914582925,0.11821449829831922,1,interior
0.8519586210734339,0.3274187014302274,1,interior
0.8358372523326665,0.3485442288173727,1,interior
0.48312532622123183,0.1382677990678269,1,interior
0.48342388594090735,0.140715203863622,1,interior
0.8613673691028648,0.2835863333996368,1,interior
0.45674203191684043,0.17038586361922792,1,interior
0.4649088205110953,0.1613597174107981,1,interior
0.4201874582130597,0.26124497807119995,1,interior
0.8578984303618806,0.23979898201211108,1,interior
0.8609385609982395,0.2921848110195837,1,interior
0.5255715373176549,0.10968687657696677,1,interior
0.8597159058512536,0.24528364650099607,1,interior
0.718192798349522,0.09350708568543781,1,interior
0.4200050341364923,0.3263287364010144,1,interior
0.7232499185667922,0.09228635623141104,1,interior
0.5008261931615746,0.12363609981958107,1,interior
0.7207918871984555,0.08742452586619699,1,interior
0.8352775273150012,0.36441021487069564,1,interior
0.8504309967214407,0.33520185388223184,1,interior
0.780175397186293,0.12656419422995172,1,interior
0.8279253205093645,0.18428641771978205,1,interior
0.8524272704996041,0.23656699610114826,1,interior
0.8371519009199802,0.1993037781551535,1,interior
0.8528563555046373,0.326022592986497,1,interior
0.7219205888934933,0.09008246137416746,1,interior
0.8521514666846108,0.33646033349691273,1,interior
0.8405984157726131,0.20348140440008375,1,interior
0.8535606795350369,0.23458557659651613,1,interior
0.7764232855960291,0.1260346741324497,1,interior
0.8008819256965911,0.15198765302695114,1,interior
0.418983816302682,0.26321380829110275,1,interior
0.8361804947731537,0.36618423336256584,1,interior
0.8452724905946887,0.2176885464573709,1,interior
0.42279394209558036,0.31685357732778135,1,interior
0.41844093542052657,0.30381039559215006,1,interior
0.42614727882675907,0.33760333957716443,1,interior
0.8351160785984071,0.17930535450651705,1,interior
0.4212497905571061,0.3161285223690173,1,interior
0.6822537064884644,0.0830110210209619,1,interior
0.8397870505568398,0.200246461741144,1,interior
0.4182084334623687,0.26627324961181453,1,interior
0.8477173724044809,0.33882776204201076,1,interior
0.8574156366603897,0.3155781616166768,1,interior
0.8246982536161027,0.3850439522917538,1,interior
0.4233405018070773,0.3234487652296487,1,interior
0.42948329441066674,0.21122540959009278,1,interior
0.440484845151714,0.19850791461327,1,interior
0.5168679854333429,0.12052293350644107,1,interior
0.42842378872710035,0.24326485463869324,1,interior
0.4272853505264229,0.2175067058301287,1,interior
0.8470246972164323,0.20592365694288567,1,interior
0.4768320108737633,0.14434799261866768,1,interior
0.8411716786666605,0.3525485818556175,1,interior
0.8321873352550567,0.36152600086901276,1,interior
0.5105088863489063,0.12508000117850201,1,interior
0.7540151415630538,0.10501939479448191,1,interior
0.8343333192410732,0.35837540839852533,1,interior
0.487974472905659,0.13913763393091846,1,interior
0.8546397321925501,0.2359263229190742,1,interior
0.4656155108322984,0.1628935121522819,1,interior
0.861506007334863,0.31009423978523315,1,interior
0.8391379189252007,0.17722774782896833,1,interior
0.440661264925989,0.18946507741060092,1,interior
0.44818352182691534,0.18040401326085775,1,interior
0.8339560574906871,0.17828048516113665,1,interior
0.8123091952724796,0.15635903613265606,1,interior
0.43199838135892443,0.19820995136570604,1,interior
0.8223051519310978,0.3891363188447391,1,interior
0.46991581749295386,0.14715794995114442,1,interior
0.4184546424799457,0.2804838990370961,1,interior
0.4634530303930621,0.16081683503963476,1,interior
0.4252728624918732,0.23656892935210833,1,interior
0.46256263329575326,0.1494913246190027,1,interior
0.4672854480681159,0.15003321113670307,1,interior
0.8591725466223827,0.2842418411124073,1,interior
0.8082846723496188,0.1563724276305942,1,interior
0.7510939114210089,0.10263336984731877,1,interior
0.4159723314670867,0.2818269130632472,1,interior
0.4300248041997704,0.22163176571114682,1,interior
0.7316672312354607,0.09248983051518163,1,interior
0.7300822168149725,0.09246769339989856,1,interior
0.8525761317286513,0.3340333849849902,1,interior
0.8496494142277,0.3371775405287716,1,interior
0.7542640971409885,0.1033735293830957,1,interior
0.8394051398896701,0.17906773771347362,1,interior
0.8539452698899229,0.3372691374048097,1,interior
0.8438291546511367,0.35207221279713447,1,interior
0.781172243278013,0.1289059412641812,1,interior
0.8631884150430446,0.2878553146835489,1,interior
0.8386735634504111,0.1873816658623407,1,interior
0.6988514164227997,0.08431445496935912,1,interior
0.8621930454846791,0.3015669312112135,1,interior
0.42674290396788006,0.21138938220068046,1,interior
0.46494781489588893,0.155531675923584,1,interior
0.832258479618812,0.355512448250579,1,interior
0.6864707973608797,0.07838210843413226,1,interior
0.45602484434048646,0.17520593562537234,1,interior
0.7351434216425236,0.09802827577225251,1,interior
0.5153071002391595,0.12126173386486663,1,interior
0.43210647329066426,0.21119934757014128,1,interior
0.42447386216822924,0.3136402259759681,1,interior
0.8242427661064914,0.3759825705393456,1,interior
0.8111035629286039,0.15473900781826674,1,interior
0.8372709255640549,0.1780890725798453,1,interior
0.8526554907339832,0.31683584984928864,1,interior
0.8614367375016654,0.25676532549243947,1,interior
0.4278733139263858,0.25331767294741675,1,interior
0.43146578767194926,0.241705185702721,1,interior
0.7868536374632518,0.1333301359440427,1,interior
0.43576963864061374,0.3393202477915193,1,interior
0.5030501237898753,0.12445224363124084,1,interior
0.8173550044900845,0.3784251413210513,1,interior
0.4645191720615039,0.14931209017314606,1,interior
0.4575132810814395,0.1686464711168646,1,interior
0.8559013294633123,0.2606392766903899,1,interior
0.74013901191459,0.09647302983135583,1,interior
0.838054737003588,0.1933742760440399,1,interior
0.4301740003679499,0.255344526592485,1,interior
0.46115044649290965,0.1538190322793415,1,interior
0.6903704103100283,0.0776800527843377,1,interior
0.8517536329199314,0.2348761486563527,1,interior
0.5158641995005236,0.12282550369927685,1,interior
0.6769472112716447,0.08304449436944515,1,boundary
0.7952669152428508,0.13980548394821735,1,interior
0.6552575421984229,0.09223783280481071,1,interior
0.5062778894713589,0.12600083555179836,1,interior
0.8318863969873543,0.18000855837021498,1,interior
0.8586056750329398,0.24929713271919865,1,interior
0.42694949850072317,0.2509670776732963,1,interior
0.4949884189099948,0.13045302514510299,1,interior
0.8528310978603696,0.22830369076549015,1,interior
0.49989195293227934,0.1327694472545514,1,interior
0.8232688868897854,0.37995792122622596,1,interior
0.8422373245947012,0.2184218603169959,1,interior
0.8485392044175857,0.22552029911381155,1,interior
0.449201801092665,0.1785725111667679,1,interior
0.7020642167165869,0.08264692768922202,1,interior
0.8495214509985,0.31540079851549935,1,interior
0.823040724044384,0.16661167525553292,1,interior
0.8392788495760255,0.20607675070822232,1,interior
0.7541335079388698,0.1005659022067429,1,interior
0.8638931694975057,0.28359374605021953,1,interior
0.7176287928251932,0.08751766882883827,1,interior
0.8464210168092567,0.21654175499589606,1,interior
0.42793694739048527,0.2294392160491632,1,interior
0.46308975523262336,0.15449578934910152,1,interior
0.8420002984686925,0.19864287110686302,1,interior
0.7587783249612242,0.11127824010738262,1,interior
0.4238006629825971,0.33721369251667654,1,interior
0.7189539243185549,0.08649885491111743,1,interior
0.427903197147051,0.23116749008680473,1,interior
0.5370345747312799,0.11187942771868689,1,interior
0.6844628293082775,0.08322164927583414,1,interior
0.4625167146646131,0.15930673505942472,1,interior
0.8553921441534357,0.3332829773353968,1,interior
0.42400617554553843,0.33566483205554987,1,interior
0.8366437083997723,0.35694784134922636,1,interior
0.760721437656605,0.11094144060266457,1,interior
0.838343990217952,0.35619769868398365,1,interior
0.4163101425927972,0.2668019223855437,1,interior
0.7150949501847833,0.08981504148625401,1,interior
0.5196602699206326,0.12000261250734123,1,interior
0.4543729995180891,0.17370461769011614,1,interior
0.4155836554751917,0.26927030647058703,1,interior
0.8546353293431835,0.22973758377912903,1,interior
0.8434070678970881,0.3289641176938351,1,interior
0.43435163691398776,0.18957336660731955,1,interior
0.8581531075559533,0.23657483694810338,1,interior
0.4827920259158659,0.14418311672241974,1,interior
0.42832187710171793,0.2122193182358825,1,interior
0.459083652456724,0.16452949623759752,1,interior
0.8269935795578629,0.3739869562879956,1,interior
0.44187212854300717,0.19571200201791653,1,interior
0.4173651098695078,0.27034431400718406,1,interior
0.8522994398156606,0.3202111010546828,1,interior
0.7451664345726768,0.09997339621042042,1,interior
0.7497756888706344,0.10466792339777294,1,interior
0.5081630951936595,0.12838431624125657,1,interior
0.8316741725367667,0.17754884651939948,1,interior
0.43337026728325767,0.1879387880593975,1,interior
0.7846993274506393,0.13123514790838653,1,interior
0.6920117729418113,0.08031044168374664,1,interior
0.8590750657553732,0.2428821840745853,1,interior
0.4605579116299077,0.15180212000465074,1,interior
0.4218011769599621,0.31295838379305957,1,interior
0.8544397919980514,0.31698447577450645,1,interior
0.4310568490539172,0.24812415018766756,1,interior
0.45431302524027567,0.1803473652263507,1,interior
0.7748358854810163,0.12417380457836193,1,interior
0.7369015529469312,0.0969380977779759,1,interior
0.8458792950758375,0.22387199785933276,1,interior
0.8367842595136902,0.35519506527368866,1,interior
0.7578938569405578,0.10620722686000933,1,interior
0.42040383687066496,0.3055374675873129,1,interior
0.6769860584710644,0.08056978120787606,1,interior
0.8404647837388556,0.19564178742485736,1,interior
0.4717464993263156,0.14667415970213452,1,interior
0.8584551033173634,0.2699394994836044,1,interior
0.4388119763672648,0.18833653123837196,1,interior
0.4162792445426505,0.2791501335035268,1,interior
0.4370117047863113,0.18863497441531277,1,interior
0.8526042351807637,0.28122824631068416,1,interior
0.8610478643273742,0.3027567887698751,1,interior
0.4536042224793422,0.17804145918821346,1,interior
0.4813920225494151,0.14511056207451664,1,interior
0.4302700006033488,0.19496920109165133,1,interior
0.7255488795075775,0.09492617319661363,1,interior
0.44590123830972905,0.17889439322839823,1,interior
0.46439934628651663,0.1593092492262207,1,interior
0.4332015367309291,0.24251178615793648,1,interior
0.8470611862422304,0.3507146735518535,1,interior
0.8191388046617007,0.17014329239096065,1,interior
0.420318261100535,0.28847265094620456,1,interior
0.7381427627448418,0.09860183369583982,1,interior
0.8456729413469335,0.20747717225637474,1,interior
0.7553205789698206,0.10876464142910652,1,interior
0.7279231525048169,0.09771662691227198,1,interior
0.46608428292550075,0.15841974551450477,1,interior
0.8399340987047974,0.1819784901219169,1,interior
0.7598840308953422,0.10916908266468293,1,interior
0.8217045061992253,0.3862449186215757,1,interior
0.4143552798557005,0.2880008344569001,1,interior
0.8589235933108066,0.30159565008803296,1,interior
0.490863195250748,0.13662720184924426,1,interior
0.840726197379061,0.20149815860750275,1,interior
0.8020273964374077,0.15090338384493884,1,interior
0.7826313926303525,0.12732181113685506,1,interior
0.48745233885884703,0.13709664001569663,1,interior
0.429906570730502,0.20172318694821428,1,interior
0.42111193021457977,0.3286772558659859,1,interior
0.4274768669500553,0.22199584986325224,1,interior
0.6954366771960943,0.08593752653557124,1,interior
0.8461751056598773,0.3418421191956459,1,interior
0.4813221253543283,0.14288857250264222,1,interior
0.762837230886702,0.11786050674236145,1,interior
0.7322257056993803,0.0988236184810517,1,interior
0.46445003938626656,0.15125006334783855,1,interior
0.8218073201099673,0.15917733491842628,1,interior
0.7935666459372168,0.13514640365468783,1,interior
0.48134840942623036,0.13822536933040297,1,interior
0.44397339978739075,0.18579168429698192,1,interior
0.8572977033045315,0.25984326513274664,1,interior
0.8657153025595045,0.3076941674090875,1,interior
0.8166564062795606,0.1570577812036903,1,interior
0.43174506967875864,0.2715918890772928,1,interior
0.4384123486201433,0.18606622212972365,1,interior
0.8477511696763499,0.20862306085248258,1,interior
0.42046611962921027,0.31432223825795996,1,interior
0.8508582304184554,0.22708536365783555,1,interior
0.8542928276880912,0.32448781745985006,1,interior
0.41753892198084186,0.27454917362922393,1,interior
0.8559260125790911,0.23503260651007693,1,interior
0.4802045216862589,0.144144882035894,1,interior
0.8579016902082337,0.2814241523094843,1,interior
0.45080236811524066,0.17913513036090506,1,interior
0.7434084583292303,0.09684361704494027,1,interior
0.4148381604296211,0.28444843431318256,1,interior
0.5180714933118846,0.11790919293778059,1,interior
0.4357277114054874,0.18612147648111743,1,interior
0.8639752982961016,0.2859059403766872,1,interior
0.8551420251557829,0.2647504585745787,1,interior
0.8193436501350956,0.15744228095722712,1,interior
0.8300232490758916,0.3705949677694009,1,interior
0.4152498020672956,0.3046626304390719,1,interior
0.8572804160964431,0.31748178612042427,1,interior
0.46159046459347125,0.16077633780911907,1,interior
0.8523900009723286,0.3382834775067584,1,interior
0.7254326707881364,0.09960844886274778,1,interior
0.46891017927318934,0.14547076064900186,1,interior
0.42530824354536634,0.23427541397316035,1,interior
0.7393429328370213,0.09470861522489608,1,interior
0.4241527547042947,0.3395648781340912,1,interior
0.4448883334229,0.18069017618703634,1,interior
0.42184085299466517,0.3265604234878549,1,interior
0.7862523761663096,0.12882477452834973,1,interior
0.8477491521210946,0.33413994039565237,1,interior
0.797616711979824,0.14400491381079603,1,interior
0.46109037067413877,0.15804898386650074,1,interior
0.8535635537254264,0.3283177904290475,1,interior
0.4940274985817143,0.12629741195017077,1,interior
0.809466890792535,0.15535246262753147,1,interior
0.8596519456258688,0.24130371051787225,1,interior
0.8380228146276331,0.18923447273044616,1,interior
0.5223560038504194,0.11090970110408878,1,interior
0.5055185302710602,0.12226845449088684,1,interior
0.8590714899549463,0.31624242775452205,1,interior
0.49334745578438693,0.12827586398177826,1,interior
0.7017216795244197,0.08962404793230953,1,interior
0.4646678096924744,0.15765861789050517,1,interior
0.4134599904110612,0.2830088535671239,1,interior
0.8543267704478924,0.23289354374718904,1,interior
0.43330028336604515,0.24634083820634006,1,interior
0.8286185458483634,0.37163965085506034,1,interior
0.7845088052705842,0.12843944176306904,1,interior
0.6888434219701833,0.07737399136988024,1,interior
0.834987516452346,0.24139186972640483,1,interior
0.8623144393072045,0.24136214295780814,1,interior
0.8675331481023916,0.30678696207003786,1,interior
0.4592535427901392,0.1665981769511767,1,interior
0.4407731646629707,0.19234018668859737,1,interior
0.6865187548116304,0.0768191325587242,1,boundary
0.8591321945098483,0.29996245917349834,1,interior
0.8539000410859845,0.26385844169629796,1,interior
0.8557899648467983,0.27607570001665266,1,interior
0.840187019618643,0.19184474779610985,1,interior
0.7619465784659504,0.11993229965354166,1,interior
0.8124839066144025,0.1522960685853192,1,interior
0.8602527912058979,0.28157267959735227,1,interior
0.4272884690148644,0.2548268162442451,1,interior
0.4957261460423329,0.12785454305934926,1,interior
0.7828606641387874,0.12531728923373064,1,interior
0.7238045162430929,0.09069054902556958,1,interior
0.4209584496783014,0.27901390248299535,1,interior
0.4526685587464261,0.17304310754975438,1,interior
0.5155871136250577,0.12503850814314077,1,interior
0.7222198774092016,0.08670887862144536,1,interior
0.778296614264874,0.12567022819390086,1,interior
0.8459485523889732,0.3546934798822172,1,interior
0.7057490710164792,0.08500965700686053,1,interior
0.4596163799791202,0.15945051933849214,1,interior
0.820052001963192,0.3870116699989829,1,interior
0.5037496326058841,0.12268158063561409,1,interior
0.8558038020136208,0.2621803974916394,1,interior
0.45583201986219074,0.17765929051323237,1,interior
0.5069969716572127,0.1214538177732116,1,interior
0.8233198335416579,0.38342551813783726,1,interior
0.43145455879758654,0.18890510530605045,1,interior
0.7657166125564121,0.12328949719588142,1,interior
0.8554816889925945,0.31822120218237415,1,interior
0.4205325488964082,0.30840389254860173,1,interior
0.8594118336278401,0.23953393538625975,1,interior
0.7432930844476414,0.09505541541409632,1,interior
0.8561413569272148,0.23669536931403615,1,interior
0.8328519582174505,0.37158224758810077,1,interior
0.8332301761096719,0.1816826081662491,1,interior
0.4780734534330252,0.14864816287291036,1,interior
0.41319417080274073,0.3021067817631549,1,interior
0.47456847368119165,0.1420996698611386,1,interior
0.4223699236371241,0.3408694210072945,1,interior
0.7599405192613758,0.10525649623524475,1,interior
0.5251694070492937,0.10482817460892505,1,interior
0.8541141219553486,0.3191405598867451,1,interior
0.7727621931901633,0.12322364078103304,1,interior
0.4891386695038789,0.13730518077308823,1,interior
0.4460081613363128,0.18392713496530283,1,interior
0.4186619337499984,0.2762808422975483,1,interior
0.7648507960636084,0.11950098239502079,1,interior
0.7169311418980334,0.08588533361558048,1,interior
0.85653931979343,0.2662311034356397,1,interior
0.42255142851568867,0.2356578934308284,1,interior
0.4296357196495179,0.30269138285362285,1,interior
0.4247323395397623,0.23818157575709326,1,interior
0.5107581296701357,0.12304112267332888,1,interior
0.45087447707324435,0.17367782709884613,1,interior
0.43176677320465867,0.2561451838535421,1,interior
0.8187733111454892,0.15545703804755673,1,interior
0.41252514572547183,0.2971196067906098,1,interior
0.8645703295299472,0.24123562456656564,1,interior
0.49510526199743937,0.1330613819093072,1,interior
0.6943578058258661,0.08479041244326786,1,interior
0.42588866833015604,0.33951857547156067,1,interior
0.4609755666372761,0.15005044685110638,1,interior
0.523394391910191,0.10309882746753396,1,boundary
0.7089093855431953,0.08696386947715348,1,interior
0.8479647325198079,0.34295632870277704,1,interior
0.8356711546998048,0.17782940046659,1,interior
0.8410239123438887,0.3545486792790965,1,interior
0.8434593081568215,0.2315641485573777,1,interior
0.8378005334397669,0.3627216358081047,1,interior
0.5120329982416627,0.12455464800449638,1,interior
0.7128749592786306,0.08376783353903235,1,interior
0.7257033182801684,0.0923415010635838,1,interior
0.7429567999361267,0.0984006665138759,1,interior
0.8049136468815182,0.1500030867490143,1,interior
0.4307783589613349,0.19956958558857033,1,interior
0.7772155314813105,0.12320747376544637,1,interior
0.4626824044761518,0.1570780692352872,1,interior
0.48752439716836043,0.14293190411985435,1,interior
0.8608814160517627,0.2431449587995011,1,interior
0.4314375576720821,0.24580955710245636,1,interior
0.8134567629806333,0.14967547979739335,1,interior
0.4170458359846119,0.29166840952461187,1,interior
0.8484869408301907,0.35564821596013074,1,interior
0.41718394040408163,0.26510944723624497,1,interior
0.7513810651022689,0.1003394993972793,1,interior
0.8549926798011538,0.3358132647045198,1,interior
0.44308829236334824,0.18954893499876604,1,interior
0.7642153715254415,0.11717336029989775,1,interior
0.42376551350411756,0.2369178910168073,1,interior
0.8400145058098547,0.18577105526536689,1,interior
0.45451753716822507,0.18621641689820523,1,interior
0.44426863102061787,0.18840316115485312,1,interior
0.8072387996001827,0.152327354287171,1,interior
0.431279295907193,0.20673554323000323,1,interior
0.849965417269124,0.21087720682139516,1,interior
0.8347213231506233,0.19007193627631228,1,interior
0.8427041199996042,0.19370722829435302,1,interior
0.8314342593784652,0.3699453991490303,1,interior
0.4646169655306401,0.17073033697235576,1,interior
0.7374936906513179,0.09438751097074427,1,interior
0.4675743250271568,0.15892140982210384,1,interior
0.4220829288518485,0.33434683988577985,1,interior
0.4847559252608987,0.1362654951453365,1,interior
0.4147705700573508,0.2897335310648241,1,interior
0.5210166794677795,0.10826829576634954,1,interior
0.45522871759079564,0.16668152119252325,1,interior
0.6937974009483996,0.08723790001199608,1,interior
0.6841440432579559,0.07768572685690366,1,boundary
0.4359384409148181,0.3473939641978441,1,boundary
0.4611113592016029,0.15614771718737852,1,interior
0.4345831729047832,0.34645300088178627,1,interior
0.6899665888146159,0.08369629216745744,1,interior
0.4178323488003026,0.27898673971462984,1,interior
0.4293140422905971,0.24685710050418458,1,interior
0.7277436765978028,0.0923293416826141,1,interior
0.4554958256581378,0.1691040476151507,1,interior
0.8486690694344337,0.21639764360547797,1,interior
0.7294477610840333,0.08962993334849169,1,interior
0.41326988463338094,0.2703763092558408,1,interior
0.5147572088472803,0.11928331179378182,1,interior
0.8243392459201891,0.3777764281985807,1,interior
0.8234049803504621,0.38657700123537053,1,interior
0.42546321207017734,0.25194234977458546,1,interior
0.42817529489189204,0.24479531977815036,1,interior
0.426714702845962,0.2474381954526415,1,interior
0.4124465770608341,0.28560013691614844,1,interior
0.7687537784793578,0.12019428178160611,1,interior
0.4645057549324111,0.14411110999559038,1,interior
0.7570312412202452,0.10814664932855506,1,interior
0.4269906716920206,0.23432362832417544,1,interior
0.4125422501885298,0.28179121322693035,1,interior
0.5238247389739524,0.10919248848971601,1,interior
0.7311124909578971,0.08973771080311622,1,interior
0.840598781858043,0.19730174789459842,1,interior
0.7880509829219066,0.12862108288288163,1,interior
0.43171592141113024,0.34426809748596177,1,interior
0.826854511047955,0.376659246744395,1,interior
0.49930819827071227,0.12446575705575756,1,interior
0.45938831934403856,0.14960672096654126,1,interior
0.6920008770733265,0.07784390319955264,1,interior
0.4629396578275653,0.14775823428530294,1,interior
0.8587022274734585,0.2336510247598068,1,interior
0.43313814022087554,0.1952830409492706,1,interior
0.7067455984071561,0.08349613326369466,1,interior
0.8282632506258588,0.36993467770250554,1,interior
0.4588317820374372,0.15537016213864643,1,interior
0.8560521392786988,0.2691246126821766,1,interior
0.8623371611981813,0.24559281592889018,1,interior
0.850937578063996,0.21697543788068585,1,interior
0.4825768988402953,0.13653238053464917,1,interior
0.8578940485018911,0.26733317282240643,1,interior
0.825500571481089,0.3863340557230577,1,interior
0.8480349811243447,0.21811603627823628,1,interior
0.8629667774536139,0.29626361615682045,1,interior
0.47832182927082284,0.14276265140912903,1,interior
0.4976238878162842,0.12464587406682161,1,interior
0.8383707754287477,0.17516014984185685,1,interior
0.42230231853119177,0.2384194188013138,1,interior
0.8502558962864966,0.21882241945247502,1,interior
0.7385911135349296,0.0966248147565088,1,interior
0.41904422689281423,0.32878195823482115,1,interior
0.4260865195664443,0.2574397708271629,1,interior
0.7785973691674238,0.1364461235548557,1,interior
0.8230014561226064,0.37139844298627167,1,interior
0.47944939625864,0.13916766124922678,1,interior
0.43196197568880496,0.24397418259513534,1,interior
0.41550096389019386,0.27289038419976397,1,interior
0.8460147584770689,0.34339110662274736,1,interior
0.4532862343903162,0.1696399339789069,1,interior
0.8199234872665552,0.38866949206288687,1,interior
0.4317470805398312,0.20861656309898072,1,interior
0.8599986091219314,0.2486378677707152,1,interior
0.7156233234078343,0.08461570681733742,1,interior
0.8618035431378663,0.24762456523667695,1,interior
0.8407014072356465,0.3576589968759346,1,interior
0.42994790842067804,0.24438605029269445,1,interior
0.8630729017815628,0.29106599064965816,1,interior
0.8517695211739982,0.21166303093563857,1,interior
0.42556296072109345,0.34100548435202815,1,interior
0.8376079150850894,0.19642704724268661,1,interior
0.8334822761550942,0.18582461335094794,1,interior
0.8498722328840718,0.34227331998566013,1,interior
0.8566529137739511,0.2774392113042867,1,interior
0.41402475391605903,0.2813844215656224,1,interior
0.525420601112562,0.10645238984428952,1,interior
0.8626364249828317,0.2578738217693813,1,interior
0.794662861896651,0.13630929724839588,1,interior
0.7473996231917415,0.10027151688671238,1,interior
0.8605762448375683,0.2971280997397142,1,interior
0.49728239608569313,0.1230330043406378,1,interior
0.4865500447284813,0.133856670420306,1,interior
0.693205086588488,0.08232069380524641,1,interior
0.852154700993604,0.3311164249962153,1,interior
0.4119633414887819,0.2877523939677493,1,interior
0.842362626132805,0.1968896964082216,1,interior
0.8589676912567001,0.23803747433049538,1,interior
0.4291694372543028,0.21872058100023398,1,interior
0.7205001412540222,0.08533784844611536,1,interior
0.7099559652189323,0.08298325948608269,1,interior
0.8369763175529122,0.3642195311983361,1,interior
0.4542138925908986,0.1755343763338334,1,interior
0.417289951634301,0.26210391657821774,1,interior
0.8563781765777732,0.23262974844774648,1,interior
0.8545257332631315,0.32967251294149236,1,interior
0.8597652184309803,0.2470930843828018,1,interior
0.7563897844236817,0.10298268861242824,1,interior
0.8274764823785473,0.17021564656150356,1,interior
0.6899704378487096,0.07586792910387902,1,interior
0.7995912776840253,0.14635888791301307,1,interior
0.8429524943798455,0.35492796855242514,1,interior
0.8275682987640042,0.386282657497439,1,interior
0.8555105344335672,0.2674722220916881,1,interior
0.5231145698068425,0.10478307139979462,1,interior
0.8502658140798565,0.35477043125738444,1,interior
0.8227534785667474,0.3817187820775811,1,interior
0.8665777765204696,0.3043313720540798,1,interior
0.42881865453903323,0.20933696587059233,1,interior
0.7673876310873977,0.11938320865971468,1,interior
0.8436826347901636,0.2015913426705283,1,interior
0.42096986621296684,0.23767598699702483,1,interior
0.8660663304055336,0.3028435125818275,1,interior
0.8068002534485752,0.15506570544538098,1,interior
0.4147741889846344,0.2799520849382384,1,interior
0.8440671574256868,0.19703214011721829,1,interior
0.8610760987607948,0.23737760263044563,1,interior
0.7959883125428452,0.13708843363744208,1,interior
0.849394748792944,0.34469268334401143,1,interior
0.8371751307149248,0.3592801400236936,1,interior
0.8595399433617904,0.2710636067178072,1,interior
0.8210513435592303,0.16187732196367285,1,interior
0.8394063871619615,0.1738482244164581,1,interior
0.43841002179898375,0.18444416637319938,1,interior
0.8495578167345481,0.2225093854089631,1,interior
0.8397803475315616,0.1841269186311969,1,interior
0.4319441298082449,0.19204680911347702,1,interior
0.48161644467158493,0.1404411493667488,1,interior
0.8227829923845109,0.378471154964015,1,interior
0.8531050678263783,0.21004899172330704,1,interior
0.47747913102470135,0.1405503826222151,1,interior
0.8221133193673524,0.16315378900147576,1,interior
0.8446597797080561,0.35388106669565933,1,interior
0.4206976305022645,0.311375782751346,1,interior
0.41780882730828894,0.32291612014750815,1,interior
0.8281498869609246,0.17384318761235185,1,interior
0.8301345863809871,0.3732190178919706,1,interior
0.8473276764576669,0.20360866188506632,1,interior
0.7374072873110364,0.10399063581496237,1,interior
0.4293492268705334,0.1918151067729137,1,interior
0.6829366899038466,0.08108363715023446,1,interior
0.8600636577750556,0.23581211123112217,1,interior
0.4265601134561018,0.2322434793456628,1,interior
0.4580055594008866,0.15091364256225484,1,interior
0.4197352353939952,0.27808163846002426,1,interior
0.8620996033664812,0.24995985061886328,1,interior
0.5237005243745038,0.10730745531283685,1,interior
0.7152610969499399,0.08200283217291862,1,interior
0.8580018775507148,0.2350139083269035,1,interior
0.8291435987358704,0.37479072089264226,1,interior
0.8410615346186908,0.18080539270050044,1,interior
0.8541326381703801,0.3313794194862482,1,interior
0.8307086149177483,0.3685333316232238,1,interior
0.4299788542850095,0.2344871482093389,1,interior
0.44197889888574504,0.1874042917089181,1,interior
0.797605547421481,0.1419129867493559,1,interior
0.426525467810782,0.2411587673683488,1,interior
0.8418638824842092,0.18587424370375827,1,interior
0.4254485732142424,0.21980249093712773,1,interior
0.8579283817867909,0.2619963305454593,1,interior
0.4354440540119331,0.18808886094468139,1,interior
0.4608484821400822,0.16440124261501776,1,interior
0.8138349068104284,0.15475332686764987,1,interior
0.7685125306105014,0.13069413460292337,1,interior
0.7805936131426354,0.12376653364741497,1,interior
0.7603445044570225,0.11774324822628414,1,interior
0.7221022447384626,0.08511377707150235,1,interior
0.8333853802203569,0.17613397355025595,1,interior
0.8245309968352755,0.16736922323945222,1,interior
0.7538616575667951,0.09777066975995236,1,interior
0.8518846668348286,0.3428127753081598,1,interior
0.4265728521675529,0.34242697574498115,1,interior
0.49564219868309733,0.12268200193565348,1,interior
0.82790472804436,0.3878473243778641,1,interior
0.8416296119398372,0.18309421106066556,1,interior
0.7020578296907826,0.0863754395068144,1,interior
0.4699588539926581,0.14890505132804194,1,interior
0.7666322715303538,0.11692518157679083,1,interior
0.43033454679914646,0.20992156396832834,1,interior
0.7143009217515184,0.08654485036583115,1,interior
0.8370041781809214,0.1760353041559741,1,interior
0.7037127653094898,0.08236517783472252,1,interior
0.8503142652095304,0.3310863486618975,1,interior
0.4248069340744996,0.2410190835054036,1,interior
0.4249550700815419,0.21104324299048957,1,interior
0.45316957868135505,0.16749188620973882,1,interior
0.458743750823356,0.1479406907470134,1,interior
0.425543647469772,0.25592243714652285,1,interior
0.8205082164671093,0.16497979594295387,1,interior
0.5192444582138559,0.11640551830791328,1,interior
0.456895090969102,0.16725269131665532,1,interior
0.6948995744450256,0.08233832502922196,1,interior
0.8574216924038159,0.2924658025183464,1,interior
0.7454077154580186,0.09345133910065152,1,interior
0.8465791382425704,0.3288419957584395,1,interior
0.49824290527736725,0.12077505001185132,1,interior
0.8432046991610451,0.18705496859685045,1,interior
0.8386389310529133,0.1831168275209285,1,interior
0.8256783744381132,0.3833462359383444,1,interior
0.8359004310695372,0.35834542610801323,1,interior
0.8638516795742708,0.3006598597052747,1,interior
0.45889072110868395,0.15693630333710792,1,interior
0.6807281684880165,0.07927198336002667,1,boundary
0.8609744748290992,0.24004557758252423,1,interior
0.42976118554067905,0.34425723017168547,1,interior
0.413579546282728,0.27254242187177574,1,interior
0.7261963351917716,0.08928917703837776,1,interior
0.7355145979312214,0.09584248622836612,1,interior
0.4312215670112682,0.1965578036507828,1,interior
0.518093147938527,0.11424772789791766,1,interior
0.7460202358807951,0.09596694762523059,1,interior
0.5256006657116501,0.10798647212277006,1,interior
0.42572869085735127,0.25421662278640433,1,interior
0.8425139086015615,0.2005628753502554,1,interior
0.5043687342362172,0.12027034709733438,1,interior
0.7947482624776087,0.141512833114041,1,interior
0.8495741253251992,0.3336299177714772,1,interior
0.5082765988354725,0.12229832733702807,1,interior
0.8253084306907246,0.3890806203567356,1,boundary
0.4202162298508031,0.31843698014270944,1,interior
0.8240246459325771,0.3899714134132365,1,boundary
0.7136485781099908,0.08156586544599516,1,interior
0.825179971586049,0.16485411876929973,1,interior
0.8094563766188985,0.15372105808393471,1,interior
0.8423148577374998,0.19525478421606557,1,interior
0.45467513877561627,0.18461922541048098,1,interior
0.4908938023996887,0.13151101151456882,1,interior
0.8357300059667359,0.1743230584763842,1,interior
0.4568095157627446,0.1577906217881485,1,interior
0.5007283805336388,0.1213234789598092,1,interior
0.4187830935296444,0.2381238067982864,1,interior
0.8335011182252142,0.3687643661425064,1,interior
0.862380485888863,0.2555337209674584,1,interior
0.8641511289208355,0.3036411219390993,1,interior
0.8587224885992257,0.2517028833745978,1,interior
0.7702326910553066,0.11961920809457918,1,interior
0.8444077315299847,0.20352629388617263,1,interior
0.8425814252522167,0.18429310750098354,1,interior
0.4160996589189947,0.2871476872327011,1,interior
0.8082694451038394,0.15790336756489903,1,interior
0.7744525863344844,0.12146867039195766,1,interior
0.7598496689393007,0.10367741848106239,1,interior
0.4606954889996265,0.1478073319461164,1,interior
0.41277795821284113,0.2790419624529255,1,interior
0.8429064718509656,0.3566288905941497,1,interior
0.8395400969573522,0.3549563967139386,1,interior
0.43418850212413285,0.18419692291209505,1,interior
0.8646954636845092,0.2985128898176889,1,interior
0.4255470882531838,0.2453043684503768,1,interior
0.8605298262064686,0.30127801330224235,1,interior
0.46479438815961294,0.14587937174178095,1,interior
0.4165554932604964,0.27163638876392693,1,interior
0.8315016351250928,0.37609927691278916,1,interior
0.862139373087668,0.29773415311908663,1,interior
0.4144755952067219,0.30308591942592567,1,interior
0.7788936620993561,0.12301744762248534,1,interior
0.41679253424011026,0.27768585503682797,1,interior
0.42907794276104144,0.19877239684390713,1,interior
0.42213459279069904,0.3148823003129799,1,interior
0.8254720452316966,0.3580438479748428,1,interior
0.4282005864406978,0.3430712359070259,1,interior
0.8634250575581609,0.2926421994806784,1,interior
0.45267204521786164,0.1796075428467778,1,interior
0.42865856733443186,0.2518869297288104,1,interior
0.5120321294229039,0.12010841147560376,1,interior
0.5155303736814739,0.116666192149701,1,interior
0.8237769182504017,0.16417341895173382,1,interior
0.5137596950262044,0.11685510953622777,1,interior
0.43765233375845064,0.19349431237695297,1,interior
0.45211104232433524,0.17532881690436525,1,interior
0.7874355615910957,0.12637991628828257,1,interior
0.8254249317206608,0.37959247331454243,1,interior
0.678457161847648,0.0795680329648276,1,boundary
0.756041460775157,0.09594412620996237,1,interior
0.8271354185488986,0.16721062182841834,1,interior
0.4184158652756076,0.235226778541276,1,interior
0.4893044520012673,0.13183649410498954,1,interior
0.7462118913514765,0.09803489509679016,1,interior
0.7446926515592704,0.09848147778564814,1,interior
0.41758420832233567,0.3257538605611197,1,interior
0.5192137495159138,0.11307910467796423,1,interior
0.4294700068016174,0.19702013344028915,1,interior
0.8293297593029285,0.38576061551212093,1,interior
0.4800537867178847,0.14060898238114983,1,interior
0.4728696118612033,0.14417521274251882,1,interior
0.8399773508854543,0.17242637509419803,1,interior
0.7556684497285354,0.10641248908066171,1,interior
0.827795841916259,0.38410357142347246,1,interior
0.7850151293614207,0.12647737273906684,1,interior
0.8579773162623134,0.26535534728680416,1,interior
0.4591273936233318,0.15381439648153164,1,interior
0.47871088081418445,0.1371977151364332,1,interior
0.7684457751653524,0.1223534476810062,1,interior
0.6480506634958834,0.0950529101774801,1,interior
0.43242305438872525,0.3471786254476504,1,interior
0.8369650872685693,0.3608395737542248,1,interior
0.8505905350412634,0.22454474258849944,1,interior
0.42136178568234745,0.33594685259130724,1,interior
0.6995312643555004,0.08275652709482417,1,interior
0.8380048869431798,0.35772963822912773,1,interior
0.7971437731892136,0.13876169292154422,1,interior
0.7626969670324408,0.10979700610832484,1,interior
0.4179907044387421,0.320451687761688,1,interior
0.8634042328390455,0.2592787742735131,1,interior
0.8518503960005407,0.344544326791283,1,interior
0.4178105729947365,0.31384288148303546,1,interior
0.42822704889429286,0.22389640584009574,1,interior
0.8439199896838491,0.19966318076898942,1,interior
0.8537559748331124,0.2781278116156853,1,interior
0.7140363252026942,0.08488502088162175,1,interior
0.6953068877305213,0.08033145023313,1,interior
0.7266168055161029,0.09356640358924881,1,interior
0.8626200610630615,0.28125909153898077,1,interior
0.8265193849156943,0.38176664334621574,1,interior
0.8151507057348849,0.15554982599983455,1,interior
0.4268092290465672,0.24301396758793486,1,interior
0.44381481538434114,0.1781979698266307,1,interior
0.8480264917888097,0.22243126354492002,1,interior
0.41975790885565545,0.3166881177796318,1,interior
0.4469711967542979,0.18159613326523488,1,interior
0.7497021868811764,0.10058674295365642,1,interior
0.4190041497970048,0.2869548814040338,1,interior
0.5129342683821712,0.12217857549011268,1,interior
0.4964593963262894,0.1205578584934857,1,interior
0.4884679481532242,0.1352903166343734,1,interior
0.44768122516953307,0.18898952400678593,1,interior
0.4307529279076382,0.2230807263941419,1,interior
0.8513270518724753,0.21989973094027201,1,interior
0.4182597768136156,0.31833295662679045,1,interior
0.854570017661304,0.3211040457855004,1,interior
0.4399364347207388,0.1868778064974048,1,interior
0.41946518637790337,0.30997017708081637,1,interior
0.8609619494315557,0.2547114466069893,1,interior
0.7845498856827027,0.12411261451777357,1,interior
0.8646171500726002,0.26033315529294054,1,interior
0.4231161266568671,0.25096489558555124,1,interior
0.45097540105180645,0.1695965281182773,1,interior
0.8028327468276216,0.1573643610447003,1,interior
0.6785635734016775,0.08224423559635595,1,interior
0.8492530286067305,0.3403937075991657,1,interior
0.8413909407517203,0.1769479230766487,1,interior
0.850704041755268,0.2213593348479499,1,interior
0.8374584184990216,0.3670137829816524,1,interior
0.7949609951393768,0.13259133863174977,1,interior
0.7422069600121493,0.09371300962558826,1,interior
0.4503387830966574,0.1751573047555497,1,interior
0.835298690432673,0.17631391813301922,1,interior
0.4187564426209139,0.31237655715376417,1,interior
0.810570687458309,0.3910003829395867,1,boundary
0.8449576480079406,0.3579668241000523,1,interior
0.8570700543929866,0.31936992468156095,1,interior
0.7182269914278673,0.08479276329678637,1,interior
0.8614641486315757,0.3122072022306406,1,interior
0.7278461864279496,0.08890487212673573,1,interior
0.8443568905986978,0.19443282469730375,1,interior
0.6854624711478623,0.07952630139885213,1,interior
0.8223266939055887,0.16503480481963362,1,interior
0.4264453118626323,0.2263445493162957,1,interior
0.426042168860551,0.33427577051683727,1,interior
0.41815766965903356,0.31639635366155877,1,interior
0.4916448896518901,0.1297856289024198,1,interior
0.4994016305733814,0.12285832564723081,1,interior
0.8528264987695165,0.34002638609860764,1,interior
0.8416550905769192,0.3595640625886625,1,interior
0.5173428962522366,0.11607335917559647,1,interior
0.49416908070392856,0.12374221128311025,1,interior
0.42078994514883883,0.25900723469868653,1,interior
0.8284616801821664,0.38126233856235187,1,interior
0.4506583140244511,0.16711153176473909,1,interior
0.8487394067081835,0.20448122479479536,1,interior
0.8049005630251137,0.14720898174862837,1,interior
0.4477055540609431,0.18295420636644405,1,interior
0.851880075143004,0.21826344817895407,1,interior
0.476236488386357,0.1366192534366602,1,interior
0.7644512156532569,0.11427195286512434,1,interior
0.8514048800948615,0.2737065992817988,1,interior
0.8694648549798205,0.30739979520745003,1,interior
0.8506758645126746,0.21491227434969673,1,interior
0.7094362397284294,0.08442754869880353,1,interior
0.6964814671542602,0.07913504982723939,1,interior
0.47441063518655413,0.1344945199336538,1,interior
0.8616324013163585,0.2724456269111537,1,interior
0.41890254575542313,0.32176547612924833,1,interior
0.8012560256742846,0.14618893966492694,1,interior
0.43285357085955156,0.20974185315844707,1,interior
0.7892656352754349,0.12656259239480727,1,interior
0.6802561423385498,0.08168173682007647,1,interior
0.4964354847177937,0.13096966468030374,1,interior
0.4273865706799153,0.20992095343947417,1,interior
0.5026570853681454,0.12017254962998025,1,interior
0.4729248094984355,0.1413766618039082,1,interior
0.42428013114591573,0.2497427836185238,1,interior
0.8603684557929889,0.23151028963137998,1,interior
0.7769047623203866,0.12080220394619949,1,interior
0.7862340876520715,0.12484879883441088,1,interior
0.4641601656188131,0.14154047205976336,1,interior
0.8284030830293936,0.3768964401394399,1,interior
0.7953087100314099,0.13069443556562937,1,interior
0.43175838836865194,0.3491946497189186,1,boundary
0.41564483368888683,0.3124843473888321,1,interior
0.4215940057883945,0.3394716655585441,1,interior
0.7481012761549128,0.09889599000183348,1,interior
0.4331898078906182,0.23464694881148015,1,interior
0.7663454281059104,0.1129845720511421,1,interior
0.41292683797548835,0.28904492505770346,1,interior
0.4499464303173746,0.16563800324928468,1,interior
0.4213149460810274,0.3304616685794793,1,interior
0.42601824058675924,0.2237509276632832,1,interior
0.4336688393742412,0.3483012493598345,1,boundary
0.829316787952662,0.3885044533800139,1,boundary
0.44751617330885635,0.1782083974846397,1,interior
0.8200773976593553,0.15888560698159102,1,interior
0.41878308774658624,0.25864057344963,1,interior
0.8343397360043092,0.17347895949850864,1,interior
0.7577698149643898,0.10443641576262296,1,interior
0.8526047215507709,0.2224996739112539,1,interior
0.7525136980913824,0.10348454072181754,1,interior
0.413108915037522,0.2688195282572069,1,interior
0.8525286404146833,0.232903261411117,1,interior
0.8563967471473121,0.32095160965738717,1,interior
0.8638337166094369,0.2894198411162287,1,interior
0.8474822801725282,0.20146733560024432,1,interior
0.7338098196683107,0.09129532568386381,1,interior
0.7574619656068522,0.1013319151669985,1,interior
0.4166076963352435,0.2900232487457438,1,interior
0.4168205080997169,0.2953989346485158,1,interior
0.7641298246520019,0.1124577552715223,1,interior
0.8572451962622872,0.33371992468384454,1,interior
0.42281941572955417,0.24403021965736577,1,interior
0.48733492875820567,0.12987807831426912,1,interior
0.7287969522068252,0.0868885248334334,1,interior
0.8500816890204834,0.2134640552535304,1,interior
0.4520454072221563,0.17748033550389666,1,interior
0.8597074715993626,0.2576801381129631,1,interior
0.521204002966301,0.10646767609706305,1,interior
0.8442490803068657,0.3558168727504453,1,interior
0.8233422681013477,0.15838548700025673,1,interior
0.7883147754548336,0.1246626641641256,1,interior
0.4493998916334001,0.17646814858101195,1,interior
0.8521546546172803,0.21379948598477524,1,interior
0.8572314184008301,0.33171477309023456,1,interior
0.8658020636431148,0.2881491308272471,1,interior
0.7691666317823606,0.11801213178175692,1,interior
0.6935703766512087,0.08010043247651259,1,interior
0.8632771034028951,0.24899744885329092,1,interior
0.7949727751430865,0.13436026689720085,1,interior
0.7014603653595055,0.08077939937210066,1,interior
0.4717780971014259,0.1428991988188694,1,interior
0.4849011641856798,0.13355137665749922,1,interior
0.42698108741482355,0.21917443647849888,1,interior
0.7887903658752324,0.12998258170360338,1,interior
0.7756965341997731,0.12287140337561829,1,interior
0.7396450898845573,0.09283134759574045,1,interior
0.8512475625246573,0.20927305528029552,1,interior
0.5033422346625536,0.11880733687230055,1,interior
0.712573905834126,0.1042870593504968,1,interior
0.41341070356162324,0.27416600634826954,1,interior
0.8217721107739215,0.1699106355640694,1,interior
0.4662562407616368,0.1568475780835705,1,interior
0.8425048388237519,0.18850924851683443,1,interior
0.8648707686439482,0.2955922774315843,1,interior
0.856332166323558,0.2636490122941088,1,interior
0.827096495162501,0.37823827801956333,1,interior
0.6820591355542277,0.07833072464928628,1,boundary
0.8617736297815627,0.25966455317767784,1,interior
0.6882660255206828,0.07586512051669814,1,boundary
0.4222498827457504,0.3378553332279399,1,interior
0.860435332693979,0.25086003339965274,1,interior
0.4211327526800437,0.34220928886796276,1,interior
0.4147722485370538,0.27726339003123407,1,interior
0.4820199562597522,0.13477020486549826,1,interior
0.8379340132344013,0.17233714711123838,1,interior
0.7006393971546229,0.07920549955042756,1,interior
0.8570881059123558,0.3367308471157676,1,interior
0.42470017718940234,0.2581439821179411,1,interior
0.4296186545556473,0.19347690432959982,1,interior
0.8298665109449915,0.175163060331881,1,interior
0.48909331131174855,0.12924112598657345,1,interior
0.8313297896053774,0.371794787999823,1,interior
0.7470162303471728,0.09422011064003637,1,interior
0.4144031141918523,0.29234603624905603,1,interior
0.8523698921525191,0.2310538938869714,1,interior
0.8298552547157162,0.1733185135486203,1,interior
0.8550064034682654,0.32602111025417657,1,interior
0.4399142377753904,0.18474362256553079,1,interior
0.8508860683459682,0.23184793959365887,1,interior
0.44292553124081213,0.18324992318105868,1,interior
0.7645034328713806,0.1085518435162164,1,interior
0.8397240568982847,0.35990271045232314,1,interior
0.41639560733554676,0.23486888478281712,1,interior
0.4594389701751384,0.16293974611273604,1,interior
0.8491011173782569,0.20949282250832307,1,interior
0.44812660244260777,0.16756241163210409,1,interior
0.8457715049494617,0.19989304943634775,1,interior
0.4422732424375761,0.18474151857169882,1,interior
0.5206318045386285,0.11064584457156072,1,interior
0.5134866861754805,0.11402531430228996,1,interior
0.8573044679717201,0.2734805025428859,1,interior
0.8209739196978051,0.15738869622130044,1,interior
0.8591598950995835,0.2740551715991559,1,interior
0.5166138762397209,0.11337042335128802,1,interior
0.7168984186214293,0.08221858219472034,1,interior
0.49322498595897796,0.13369963824376097,1,interior
0.4614368494042696,0.1460220181529548,1,interior
0.494235493130839,0.12017081064208973,1,interior
0.42685785598307363,0.34509716851310185,1,interior
0.8559663232053347,0.3304791432339928,1,interior
0.7527257484578004,0.09899625202464478,1,interior
0.8346891157765508,0.3705071596517119,1,interior
0.8662864406299,0.2930345764229875,1,interior
0.4247568967131257,0.23270722306133587,1,interior
0.49874507428740283,0.11907259229485956,1,interior
0.519051042798801,0.1100302407297752,1,interior
0.41900284546392036,0.33061840908020573,1,interior
0.8534813734815874,0.22121870979289932,1,interior
0.7558743560437954,0.09783317928091832,1,interior
0.8657725301503315,0.3096894785272202,1,interior
0.7981174884526969,0.1370518043134003,1,interior
0.7801228855933576,0.1213513789507525,1,interior
0.8575947371240191,0.32282844673952726,1,interior
0.7344801133539256,0.09345616332488461,1,interior
0.7208432660790106,0.08357046671740931,1,interior
0.8635703917609954,0.31321498984020296,1,interior
0.446638300955229,0.17632641657562187,1,interior
0.8277598726855431,0.16327114062575931,1,interior
0.45786244468133286,0.16234624583634583,1,interior
0.8592987986424746,0.2802873879688592,1,interior
0.5065128330843949,0.11938168795204539,1,interior
0.8668193239221945,0.2623242984701784,1,interior
0.42520860730819354,0.22950264985697832,1,interior
0.7912328439615444,0.1303984191021606,1,interior
0.8591217679090087,0.25999679622312516,1,interior
0.8097845823682618,0.1521247527390063,1,interior
0.8424844458071549,0.17934167139428286,1,interior
0.4625916883638256,0.14477887539964046,1,interior
0.457382377904672,0.16467415719440462,1,interior
0.4247572494499954,0.22538531777170734,1,interior
0.8557729106237145,0.279038537020065,1,interior
0.7465923849430698,0.10234284632555078,1,interior
0.8204804182304092,0.155775411684136,1,interior
0.49215720688739956,0.12657350626925531,1,interior
0.8488870726757797,0.34748783570846425,1,interior
0.5022227459854425,0.12297122822558951,1,interior
0.4906052575180513,0.12725502686221116,1,interior
0.42469487094525027,0.343231978650486,1,interior
0.41584489915834716,0.27457543207605634,1,interior
0.4223188418500024,0.2400473833545626,1,interior
0.4292836547002879,0.20029549099967917,1,interior
0.424497777589891,0.3467256563774548,1,interior
0.6880198879769877,0.07893160599838889,1,interior
0.7588892502861035,0.10754881494843385,1,interior
0.7901063772581002,0.12514370236277303,1,interior
0.8001524658426297,0.14793995500261428,1,interior
0.8656531883992412,0.2865778021453453,1,interior
0.45844875593766665,0.14642315011018356,1,interior
0.7676172287453157,0.11532358870448796,1,interior
0.4874542136243275,0.12824373871821257,1,interior
0.42150918847090657,0.3322964710239278,1,interior
0.4447137359140399,0.18267419274029761,1,interior
0.42789672484239766,0.3469656651343421,1,interior
0.4149680042179785,0.3249364614803248,1,interior
0.7619267841000672,0.1079097968720297,1,interior
0.7923871915563152,0.12439883477774691,1,interior
0.8531536014645018,0.21509271608226488,1,interior
0.699007079322855,0.08010859436379815,1,interior
0.8529563962014455,0.2073239515636473,1,interior
0.5180689734446389,0.11198649781024073,1,interior
0.6916816048087168,0.07577972791807937,1,interior
0.8683694810798359,0.30850058462002433,1,interior
0.8452757549530813,0.18788147924399237,1,interior
0.4336779163096668,0.18611999589059247,1,interior
0.7082918417875158,0.08244482870264305,1,interior
0.8298476854351104,0.1698368231526261,1,interior
0.45624218172599185,0.15509300181828878,1,interior
0.423497154431911,0.25381553139300794,1,interior
0.42294182358386617,0.2461451341495314,1,interior
0.4295859883226096,0.20755732013567757,1,interior
0.8321081288918711,0.17366554397145492,1,interior
0.47630673982387833,0.14258693760012484,1,interior
0.7035924891324015,0.08078491249216158,1,interior
0.700038127509781,0.08767588717793083,1,interior
0.41325103243947137,0.29124102514502703,1,interior
0.8356198721642799,0.36835175200899445,1,interior
0.42893095798844655,0.2544193786566964,1,interior
0.8556592189087358,0.2732960874247176,1,interior
0.465913212677897,0.14329690744474266,1,interior
0.44926141996205327,0.17394853279122363,1,interior
0.7665648256166332,0.10747842514549215,1,interior
0.5093107975940041,0.12380377697668735,1,interior
0.45948584917725627,0.14517523390388554,1,interior
0.771183948010899,0.1221678715996668,1,interior
0.419400011228602,0.3390098543842326,1,interior
0.7993011492386859,0.1436234157672148,1,interior
0.8656014367302994,0.2848961173528737,1,interior
0.8438578997722201,0.17741493519324958,1,interior
0.8573536570636008,0.32951017672558935,1,interior
0.4890157846503744,0.1267861571751447,1,interior
0.8548960029118566,0.21089686222640822,1,interior
0.4187867469630126,0.3325221297902791,1,interior
0.798696554531263,0.14509001658608894,1,interior
0.42309541493737796,0.24856570419357768,1,interior
0.8653564855890737,0.2904475731183006,1,interior
0.4563869726056666,0.14982094525571746,1,interior
0.46876887064000733,0.1431825144244555,1,interior
0.8488365478063177,0.19981744668214657,1,interior
0.7258813949475038,0.09081818972423614,1,interior
0.42247030657377477,0.2583299557931893,1,interior
0.42725656199685463,0.3409253867270554,1,interior
0.8571179282685332,0.3388123972043954,1,interior
0.7441752271486228,0.09247490163953458,1,interior
0.7178617776112262,0.08024416069099359,1,interior
0.41497257690882833,0.29389531356976634,1,interior
0.7239616785369356,0.08835772131088591,1,interior
0.4546246088935719,0.15901440734581543,1,interior
0.4308931587389819,0.34612676718062835,1,interior
0.5158184824973613,0.1150802322686044,1,interior
0.4177241072281241,0.3086178435750351,1,interior
0.8441252926626595,0.18439810681058696,1,interior
0.4191257976822977,0.3073085726600117,1,interior
0.42830795935052535,0.20350560349109656,1,interior
0.863959894599618,0.24762497852574497,1,interior
0.8554092338585952,0.33768415264692175,1,interior
0.8607667599314798,0.2530764349597928,1,interior
0.4253394755295017,0.2278218504652235,1,interior
0.859186202109366,0.2664977782059782,1,interior
0.7502518173076408,0.09821470715318113,1,interior
0.730866288386025,0.08763469846948102,1,interior
0.8409748531168485,0.17885333801349765,1,interior
0.854309317981213,0.3403685804773011,1,interior
0.46627604547375734,0.141251615263063,1,interior
0.5134293880333459,0.1183938247785529,1,interior
0.4476488611117476,0.1745541690229753,1,interior
0.8556774737890978,0.21553351186045575,1,interior
0.858630444958322,0.27234062284794874,1,interior
0.7353065305029695,0.09000051516248855,1,interior
0.7689447365328365,0.11433857654533328,1,interior
0.41809882035895685,0.3272860221815086,1,interior
0.8626704533526263,0.24356259067260086,1,interior
0.47410837670650957,0.14031543709225983,1,interior
0.42676820278354394,0.24922723310742395,1,interior
0.42199208474141475,0.23354338135807434,1,interior
0.4694304525952526,0.14179718655723125,1,interior
0.719317268065956,0.08365029775141603,1,interior
0.4167505728684585,0.32993959631165404,1,interior
0.7983955364497733,0.14039061274061937,1,interior
0.42527002449708506,0.24850487140891284,1,interior
0.4360217838529582,0.18384725044485595,1,interior
0.41071233347813174,0.2986732057022679,1,interior
0.8555127780453698,0.33934201504158473,1,interior
0.5136050358245972,0.12077441553280008,1,interior
0.8572915717148715,0.2313980280274073,1,interior
0.4166501823721155,0.33862469951347224,1,interior
0.8499757321094523,0.3567308134839648,1,interior
0.841753795641901,0.36199937499855167,1,interior
0.8402286119530791,0.3628690731255061,1,interior
0.41989300855774647,0.23392549609502236,1,interior
0.830360608554222,0.378487283259656,1,interior
0.7686105754309761,0.1073494116135258,1,interior
0.7323466809423649,0.08833675154558611,1,interior
0.42825591720561806,0.20160192755934606,1,interior
0.8449465255138029,0.17935962208835954,1,interior
0.4317698291609149,0.1849968027712986,1,interior
0.853311978124174,0.3421202333375599,1,interior
0.4210833441866358,0.25467404740781824,1,interior
0.8689054163733506,0.2939327613705609,1,interior
0.7865106228028251,0.12197109663643618,1,interior
0.41214013719075454,0.30014437021456714,1,interior
0.7739749331281639,0.11931661508285338,1,interior
0.4234509504150373,0.23404950767481386,1,interior
0.46812861850574744,0.14068427983990217,1,interior
0.45483895638312893,0.16422198058320064,1,interior
0.4301746657208818,0.3482877322878874,1,interior
0.5149603142383297,0.11342520616836547,1,interior
0.8680044454822085,0.30267237053848733,1,interior
0.4969595544659367,0.11837439768851443,1,interior
0.8576438147721125,0.2750028598110218,1,interior
0.8499487304597863,0.20676180593069649,1,interior
0.4276699507192737,0.20643590449266302,1,interior
0.8699091634972665,0.3030242501149235,1,interior
0.4147931767631816,0.29754840970071417,1,interior
0.4662582759192175,0.139426286445184,1,interior
0.7229701406842318,0.08155231649880225,1,interior
0.42427690007705327,0.21326174647950535,1,interior
0.4563086815753254,0.16224145892472683,1,interior
0.7259367789791812,0.08684055236380386,1,interior
0.4889804194700922,0.13332548287797563,1,interior
0.49150877811850086,0.12488462440703914,1,interior
0.8637379370039994,0.2943387253127303,1,interior
0.4120580754843996,0.27693156436428196,1,interior
0.8491417462503292,0.3502675385929926,1,interior
0.8705148048592377,0.30491479631795065,1,interior
0.5042477951927437,0.11631591298574488,1,interior
0.5152107486679722,0.11044650033736214,1,interior
0.8587853929097639,0.2635556835188024,1,interior
0.5188586648177236,0.10678859158463819,1,interior
0.4930657768803483,0.1248338221615878,1,interior
0.7524393075306249,0.10152751938206768,1,interior
0.42525734874014265,0.24373564742335002,1,interior
0.420224152968883,0.34084226075268015,1,interior
0.8613757700010075,0.2792031154498232,1,interior
0.44978276887189356,0.17140636567810194,1,interior
0.8464879623883215,0.17627568338813482,1,interior
0.8433032652429987,0.3596777797809635,1,interior
0.4718082101772412,0.1397565971826225,1,interior
0.41151263326703946,0.2743656494150469,1,interior
0.45656430514419744,0.15292964176201113,1,interior
0.4166451699103233,0.27606410965189726,1,interior
0.7056364822665799,0.08025791009809825,1,interior
0.7160267639393659,0.08755312756556208,1,interior
0.8305986802165516,0.3840947742446387,1,interior
0.4981157828150587,0.11666895255420323,1,interior
0.8660897552325514,0.24554420274852254,1,interior
0.7291758780547716,0.09123119012189727,1,interior
0.8656932349901865,0.24850935093656254,1,interior
0.7935893177562796,0.12968239112389082,1,interior
0.5007605543855568,0.11890752819448386,1,interior
0.8674480577049198,0.2887291893471167,1,interior
0.8627499594236645,0.2396246568945749,1,interior
0.8438937202843348,0.17493771850862935,1,interior
0.8561348492530865,0.34121834298454196,1,interior
0.8423984648856103,0.1724123035148226,1,interior
0.7705890915284487,0.11651611233800027,1,interior
0.42046261012599506,0.2398019929358886,1,interior
0.8499469749626635,0.20239735655947338,1,interior
0.7659000931751087,0.1148209144235747,1,interior
0.7206929513730594,0.08091778069664005,1,interior
0.7943578012586122,0.13838847670689366,1,interior
0.8669433753521721,0.2905676071468415,1,interior
0.8314155644919761,0.17507084376678214,1,interior
0.4120159838634871,0.2935830328396828,1,interior
0.4243266683991335,0.34480757195292533,1,interior
0.8574471316496827,0.27922187699695716,1,interior
0.8254272278592714,0.37492752239927873,1,interior
0.8586544485496541,0.3183327384460526,1,interior
0.8645462824945107,0.2507354556834446,1,interior
0.7250748062509357,0.08536638928145776,1,interior
0.5117235678577816,0.11853205978756494,1,interior
0.8395584843031143,0.36148103181858415,1,interior
0.8625165177218059,0.26168181258837053,1,interior
0.8588514116293788,0.33036515344901884,1,interior
0.8530045032308442,0.21705627996046215,1,interior
0.49326458292090464,0.1312393073289848,1,interior
0.8636726878545813,0.2546277344796967,1,interior
0.7668530878739733,0.10544225252543318,1,interior
0.43289797945425196,0.345281940798033,1,interior
0.5108319874604138,0.12118922490972238,1,interior
0.6902676991398803,0.07318812471761246,1,boundary
0.41757169679434686,0.23368646987745645,1,interior
0.8246685430197124,0.16153543370465842,1,interior
0.7567858011436296,0.0998558264389659,1,interior
0.7227973720410809,0.08349191306932412,1,interior
0.8284490884580071,0.17144565878727663,1,interior
0.4552677068178925,0.14834682975846178,1,interior
0.7671464929754176,0.11138196147248583,1,interior
0.4240223662713531,0.2563899970287284,1,interior
0.41673861629866793,0.23744881142715002,1,interior
0.8606640782735169,0.2750481956952888,1,interior
0.4151770017128479,0.29571062547463195,1,interior
0.764705567352046,0.10651785486918429,1,interior
0.41694935125943167,0.3191127913619113,1,interior
0.4876873490621802,0.13241153830943125,1,interior
0.8686772304504415,0.30432875650277597,1,interior
0.4116995722150379,0.29579914681573966,1,interior
0.41616309581562116,0.3263402425440828,1,interior
0.808582272382511,0.15008811405519032,1,interior
0.8555741975440433,0.32253371182258056,1,interior
0.7683015601387232,0.1035489624895222,1,interior
0.7649382872475653,0.1211571768217712,1,interior
0.7722787636418279,0.12087566746689796,1,interior
0.7578632380213397,0.09832816331551766,1,interior
0.7682068819952901,0.11680408645006908,1,interior
0.4202832869573303,0.24498797024001936,1,interior
0.8587232975370505,0.2768180329369404,1,interior
0.4238271757694866,0.2427779282348984,1,interior
0.5209933478076177,0.10451883431402453,1,interior
0.45735071124150134,0.16064623107378645,1,interior
0.4115635383968082,0.29075983397027083,1,interior
0.8628507682444654,0.2517573718137172,1,interior
0.8611277583942111,0.23288485890779587,1,interior
0.4505462268187398,0.16366607161636004,1,interior
0.4224608253863869,0.25639284673559254,1,interior
0.8442573286413855,0.1898842966588943,1,interior
0.8580278687862453,0.25833863341100016,1,interior
0.43928885940796286,0.18193547405038477,1,interior
0.4135738568902188,0.29526578487282423,1,interior
0.4929011626022506,0.12202099976433443,1,interior
0.4907237779120279,0.12017931928364041,1,interior
0.41889817480588004,0.24028089468954594,1,interior
0.8646033868705912,0.2460203342167918,1,interior
0.8605965623912096,0.2625119110337689,1,interior
0.45303736257812166,0.16575754945610924,1,interior
0.7720771812864644,0.11744097249879842,1,interior
0.80078657909628,0.1418790130607333,1,interior
0.5027040307119643,0.11738335302405195,1,interior
0.7302931257134145,0.0851920298297249,1,interior
0.8545625604669309,0.21663918063341872,1,interior
0.44230010318507573,0.18123816113805657,1,interior
0.44343382534203324,0.1800085575375736,1,interior
0.8409655534661954,0.3645985364159212,1,interior
0.8647074031472031,0.25599576957548603,1,interior
0.4253385099628638,0.2161319524911206,1,interior
0.8384691988958538,0.18522582996394155,1,interior
0.42223010138507,0.24217505740630202,1,interior
0.4850070515572696,0.12990481050272146,1,interior
0.770517212247369,0.11462089570627526,1,interior
0.8570411478344608,0.22965820822501082,1,interior
0.42993884584830183,0.18948479894127881,1,interior
0.8168236986775652,0.15408189183765028,1,interior
0.8546668581486051,0.3442194476956172,1,interior
0.7675122560666564,0.10887820197652108,1,interior
0.47222356779992425,0.1335127700044792,1,interior
0.8234869328036781,0.15992865742758683,1,interior
0.8047041798961113,0.15854143435444012,1,interior
0.866828179635426,0.25892599038537645,1,interior
0.4154466134103143,0.31829294149610765,1,interior
0.8348642222746393,0.37246852208043674,1,interior
0.7655556078784774,0.11808795716216208,1,interior
0.4311312883205565,0.18711004865637176,1,interior
0.41622380268410575,0.30920875073422344,1,interior
0.8492953147415154,0.17602336054835774,1,interior
0.43216191666761905,0.20492650975262083,1,interior
0.41095753020684433,0.278456299403198,1,interior
0.8254619867721384,0.1600378340356496,1,interior
0.5172245154160008,0.10628415298124705,1,interior
0.7719577099758047,0.11906625048437337,1,interior
0.774604528443707,0.12571258085645023,1,interior
0.4202116595119485,0.33354645281467454,1,interior
0.860199540452016,0.2642549142865549,1,interior
0.42523294468131734,0.2310800514670169,1,interior
0.8228953025375662,0.16150855921701932,1,interior
0.42098635778002697,0.23613187220820975,1,interior
0.8630868911780909,0.2379503108364554,1,interior
0.42806710213753946,0.18808291815718453,1,interior
0.41811795880556124,0.34143133749000665,1,interior
0.8610981485957488,0.26594864109490585,1,interior
0.8692009919506227,0.2882025331146511,1,interior
0.4495265677617501,0.16897743044196203,1,interior
0.8003969849116327,0.1448056199586533,1,interior
0.8553999590774017,0.2275775480388937,1,interior
0.4409694569432608,0.18357323386765548,1,interior
0.8456924194281558,0.35629480787670087,1,interior
0.8564797167760091,0.32779718808545794,1,interior
0.426543759716601,0.19865230859847002,1,interior
0.4292494802136593,0.3460304540649401,1,interior
0.8656479042798009,0.2999375967002687,1,interior
0.5053765662363884,0.1176071609531481,1,interior
0.4161734017513104,0.32094394930874864,1,interior
0.8492268817158791,0.17394584600519908,1,interior
0.4941500093236075,0.11812550438811341,1,interior
0.410489334082741,0.28045689488660763,1,interior
0.468807518412191,0.13896100784668877,1,interior
0.432526542957912,0.18329051657547504,1,interior
0.861841544874368,0.2635763250658951,1,interior
0.4479051446370852,0.17168002036135363,1,interior
0.7198346795546212,0.07921215958546168,1,interior
0.8641911447107312,0.25785023840564986,1,interior
0.8325043660727265,0.17186495178940678,1,interior
0.4106158172271536,0.3009851170619555,1,interior
0.42967039024670206,0.18789078111935625,1,interior
0.864719970658224,0.24423744140455328,1,interior
0.4267568193516558,0.25938213298788987,1,interior
0.8556188309808928,0.23118475954588494,1,interior
0.4181940376157831,0.3054957225048346,1,interior
0.8066651851270241,0.14935465191928823,1,interior
0.8479811586021854,0.3489736663530356,1,interior
0.4223199923097148,0.231565201448599,1,interior
0.8534475530852909,0.2244911350573605,1,interior
0.41356052178558583,0.321457746734991,1,interior
0.41688167371641366,0.30463735316138707,1,interior
0.4892061654277587,0.1210175630223397,1,interior
0.8606705086796635,0.2683432153916813,1,interior
0.4132942688154985,0.32702925948201644,1,interior
0.8440699472014797,0.1927238433340703,1,interior
0.42959973298704585,0.18613387949820953,1,interior
0.41592221448397215,0.33708533699873006,1,interior
0.4412781612657449,0.17838443140247376,1,interior
0.8663187869386897,0.25729715684776294,1,interior
0.8672021723725818,0.29685490502197154,1,interior
0.7066259522940866,0.08190031341373812,1,interior
0.50895805750295,0.11883765316331787,1,interior
0.4920680713835193,0.11847712686904499,1,interior
0.7621510918817237,0.11227535135390042,1,interior
0.5170990981830177,0.10829616665039647,1,interior
0.8323044663528755,0.3859767388956744,1,interior
0.8348698761421588,0.3854099052492971,1,interior
0.8644544246281595,0.25288339412115024,1,interior
0.414501904190991,0.3010891099404445,1,interior
0.8285969626113412,0.379001416156857,1,interior
0.41067334910273934,0.28369115085831476,1,interior
0.5187618360143893,0.10848972647965367,1,interior
0.7651892984493209,0.11003537857356947,1,interior
0.41531331391420323,0.3424375309632897,1,interior
0.8687859180401672,0.29101547948294115,1,interior
0.804388109954012,0.14576283352384753,1,interior
0.4548613544940226,0.15616013969918405,1,interior
0.7279827159515149,0.0854703739514534,1,interior
0.4645165281548061,0.13923835637507392,1,interior
0.4279217326081496,0.19771741088092917,1,interior
0.8459375083138154,0.20447444134950496,1,interior
0.8635676175871975,0.26459433770254176,1,interior
0.852588669569022,0.2267906958411468,1,interior
0.7822088203432944,0.12394351722303634,1,interior
0.4233351967704093,0.2287971187387093,1,interior
0.5211603137541128,0.10288796793104453,1,boundary
0.7154435970982241,0.07905664209092482,1,interior
0.41986266149799745,0.2571593852242832,1,interior
0.7258658962647181,0.08366154716937013,1,interior
0.4201649626649259,0.2757769775578168,1,interior
0.7760691254211213,0.11938998277673413,1,interior
0.45408594052314405,0.1611741994348654,1,interior
0.4178821827103782,0.3372951396350868,1,interior
0.7778213626006898,0.11720898920680767,1,interior
0.8451903446041419,0.2020498167764029,1,interior
0.4207170761083851,0.24153758280050722,1,interior
0.8590550741574863,0.32239209945652386,1,interior
0.4239397832364828,0.21800274195355301,1,interior
0.8680768298126791,0.26043251459668465,1,interior
0.7663684062592333,0.10247549950257095,1,interior
0.7108558460395524,0.08172472462400918,1,interior
0.42646026740030524,0.2042816124449231,1,interior
0.7633552183584915,0.10514951482552307,1,interior
0.4537861035145345,0.15345468248653127,1,interior
0.41495015603838326,0.32772522138546895,1,interior
0.7214421792219914,0.07883421270417774,1,interior
0.45667222894971554,0.14717923653534823,1,interior
0.40978159146381465,0.29598180765737003,1,interior
0.7720478659531647,0.11283281230532602,1,interior
0.4274038822113878,0.19380029465437795,1,interior
0.77188676449983,0.11535931756528087,1,interior
0.41371588436062745,0.3359383129517567,1,interior
0.4131536171973032,0.30502405639842045,1,interior
0.8615289575794715,0.318834413029447,1,interior
0.7912034569727167,0.12337139409692963,1,interior
0.40812443473817844,0.2774622931413425,1,interior
0.840655956958343,0.17512674371244205,1,interior
0.8304695303804563,0.17190390827238589,1,interior
0.7593736253861775,0.09807860461410384,1,interior
0.7276552936235965,0.090772780282153,1,interior
0.48554001728755297,0.13214327991921396,1,interior
0.7781308682932926,0.11950375508620319,1,interior
0.8495307542044762,0.22020808117824922,1,interior
0.42212707239807395,0.22648828544165392,1,interior
0.4864525439562433,0.13554967078224336,1,interior
0.7947214099422747,0.12817791243105583,1,interior
0.48273778290062236,0.12935318815808627,1,interior
0.8283468743529528,0.16872112593856764,1,interior
0.7142639678980618,0.08314818353189266,1,interior
0.7638479815197581,0.1108554784232629,1,interior
0.4534070372055848,0.15553330741563084,1,interior
0.768889323070452,0.11276404174639382,1,interior
0.8672266599765301,0.24815188470926583,1,interior
0.8560470322351,0.3245648774048241,1,interior
0.8428097608534576,0.3582138000635145,1,interior
0.4192019920185847,0.2365492031071967,1,interior
0.8371736138471977,0.37147330988524585,1,interior
0.8661341307099696,0.3058828533911135,1,interior
0.519568963865991,0.10397774371159266,1,interior
0.8467527244144502,0.3588410919397908,1,interior
0.7728695485959011,0.11135884929346801,1,interior
0.8023140278012684,0.14476605722283922,1,interior
0.8445764928030892,0.36192441131416164,1,interior
0.8472695050444142,0.35259847207776085,1,interior
0.8581166710635431,0.32098438495956494,1,interior
0.846223307217115,0.19642140121388785,1,interior
0.8255498802661418,0.371923229416099,1,interior
0.792255566551795,0.12621981431159898,1,interior
0.4147410212077902,0.30653341075033236,1,interior
0.8569497062198743,0.3261824369932744,1,interior
0.4170326095513025,0.32837534839644544,1,interior
0.8140421633443077,0.1529645325307752,1,interior
0.7604272916483329,0.10706357588582749,1,interior
0.8534000372775788,0.33534864751967475,1,interior
0.8572259864174843,0.3452773892195662,1,interior
0.41828036196198304,0.34312081461628463,1,interior
0.782956175671192,0.12158445030163494,1,interior
0.8687031181830892,0.2586080955845767,1,interior
0.43713062396871655,0.18698322429390393,1,interior
0.5027915773078443,0.11545491923394431,1,interior
0.8461786350671927,0.3606988630326272,1,interior
0.4707565779789474,0.14091112745358103,1,interior
0.8071180198592602,0.14755483492487462,1,interior
0.8658742230150146,0.25161751542418687,1,interior
0.424443670537876,0.24656142952915602,1,interior
0.47014058416765925,0.14406926992213348,1,interior
0.8249933095551724,0.1632397904293142,1,interior
0.7839924826077489,0.12008722911962726,1,interior
0.41671642317327795,0.3242977383049426,1,interior
0.4156887976839589,0.34016752527297545,1,interior
0.8510142728131934,0.20544025862718365,1,interior
0.46844130254205935,0.13672073876979335,1,interior
0.4192121169301072,0.2925754435645688,1,interior
0.4193169970841136,0.23167075271093815,1,interior
0.4228579464506838,0.32948304747980667,1,interior
0.4210182361555222,0.22972771170782214,1,interior
0.4306535721440251,0.24023116283399615,1,interior
0.4164145855202784,0.3166521691168312,1,interior
0.8645347032738971,0.2622323775306231,1,interior
0.8703542668567513,0.30965363140536,1,interior
0.846558525929814,0.19186443467101258,1,interior
0.7644947748892589,0.10286363208378933,1,interior
0.4757347032668929,0.13924661335709948,1,interior
0.46751577490506036,0.14447058869925986,1,interior
0.8586879947445719,0.25326154165199466,1,interior
0.4249479001010842,0.20298843866363883,1,interior
0.8271942678086709,0.38952298018979714,1,boundary
0.8453467213694633,0.19824274855219906,1,interior
0.40928173616819674,0.2745151209105862,1,interior
0.8597724362316156,0.22881454453290656,1,interior
0.45177074469539336,0.16477392536009774,1,interior
0.8020724614459155,0.13925167547327555,1,interior
0.8502979830881761,0.34660629271866933,1,interior
0.5165846547435887,0.10417323710941102,1,interior
0.8459616519768293,0.18651707041958598,1,interior
0.8622736748816309,0.2293743931575146,1,interior
0.4298325340140293,0.24232796047818986,1,interior
0.7895120990192841,0.12284766453275758,1,interior
0.8359518640968063,0.17194643585491085,1,interior
0.4165413032912598,0.3414397898939074,1,interior
0.8410593579362631,0.17351276804948862,1,interior
0.867579336275587,0.3106268802712941,1,interior
0.41416791011828297,0.3200167837232574,1,interior
0.7067484149490201,0.07915891743982936,1,interior
0.8593608758567141,0.3399389393303579,1,interior
0.4284650431067151,0.19050093210811447,1,interior
0.41742623594189887,0.23979151486061584,1,interior
0.4255652293657887,0.21805208279798666,1,interior
0.4165775696599893,0.3073464396314648,1,interior
0.40783368313583296,0.2792367626096172,1,interior
0.4261748741677216,0.34697695556457303,1,interior
0.8470053348316692,0.34681326735811885,1,interior
0.41053818044030227,0.29189555076977725,1,interior
0.4913097911149402,0.12291232233343995,1,interior
0.829363213731641,0.16624262954131963,1,interior
0.4916585893736621,0.11579921758515681,1,interior
0.42678828806108426,0.20845924677601702,1,interior
0.854603130781668,0.2192667662799016,1,interior
0.41677459063567845,0.33211747581096,1,interior
0.44637858908544953,0.1689978529595763,1,interior
0.4240637852055647,0.22204989949655146,1,interior
0.8268112902833976,0.16078281298416708,1,interior
0.4129809646517401,0.329560721979687,1,interior
0.7117285729179031,0.07960643401508125,1,interior
0.510808786724398,0.11631857074588338,1,interior
0.789812613866133,0.1203944536994453,1,interior
0.7597699335525507,0.09615130631463091,1,interior
0.7556885885498591,0.10157719924120347,1,interior
0.41169206010137416,0.27006537735990754,1,interior
0.8463721270884111,0.17860903602872677,1,interior
0.7256451793352721,0.08155177758508705,1,interior
0.7651592045480909,0.1043699343666082,1,interior
0.8677102815040382,0.24639935648437727,1,interior
0.513532949283179,0.10812455324221942,1,interior
0.4271788075593643,0.18631084949341628,1,interior
0.7369179699468502,0.09231460044126455,1,interior
0.5010362503904825,0.11701079978026921,1,interior
0.8678234247492571,0.28706249842145093,1,interior
0.4295884392361699,0.18442518670467473,1,interior
0.41506669834362414,0.32999252523915784,1,interior
0.40909449776788026,0.298810417351433,1,interior
0.7917176345831172,0.1280103309346404,1,interior
0.439948604489335,0.17932211706838191,1,interior
0.8588287152434743,0.33641446238371725,1,interior
0.5093013527743541,0.12082824199845567,1,interior
0.4376943087911298,0.17968291946655932,1,interior
0.4140695784139065,0.3387829595415277,1,interior
0.4260658768573345,0.21283608355190978,1,interior
0.44445911652781867,0.17472413192729017,1,interior
0.733993014697,0.0886715157287877,1,interior
0.8298875779516758,0.37999123848216665,1,interior
0.8639591097752953,0.31505429219270764,1,interior
0.7101512693004499,0.07819565917828569,1,interior
0.44519591007343257,0.1769241113704633,1,interior
0.8232875186023437,0.15639274571063147,1,interior
0.7893674918284669,0.11759418982803166,1,interior
0.4210578201584429,0.24785166129714828,1,interior
0.4154946675980717,0.33370142375813344,1,interior
0.4545364543416546,0.15140259262903702,1,interior
0.8675855647249613,0.30099195723560823,1,interior
0.43657150593779026,0.1968574510693488,1,interior
0.8389403901810041,0.3651212847319107,1,interior
0.867972392069465,0.251163126716362,1,interior
0.41772125310793445,0.31113513110622604,1,interior
0.844736875639868,0.18138770924650205,1,interior
0.748900660505557,0.0965323306856096,1,interior
0.4115231411945952,0.3024177388793997,1,interior
0.8470687454268078,0.19872438812937196,1,interior
0.8451838509512042,0.19119015529421918,1,interior
0.4892525103361393,0.11431819516682264,1,interior
0.4806576606840522,0.13265572063414074,1,interior
0.8365449687053864,0.3699094230111778,1,interior
0.45323917845269046,0.16406748872101118,1,interior
0.749234442819698,0.09488703350131965,1,interior
0.41836754864878767,0.2606656715573794,1,interior
0.8429062557113135,0.20569635186685567,1,interior
0.7962714204899193,0.12945599592949275,1,interior
0.8455814764657773,0.3462827099981955,1,interior
0.41714683509904654,0.3444543164168757,1,interior
0.7815122897767267,0.12223375218191825,1,interior
0.8644924620412234,0.23941887823587615,1,interior
0.4881532270190508,0.11966617031678321,1,interior
0.518211768784698,0.10262251959796741,1,boundary
0.41867705570187336,0.22908015724725564,1,interior
0.4141668287101331,0.23751354236332828,1,interior
0.8257153992986154,0.15650522287356097,1,interior
0.8299166773854982,0.16806314468231826,1,interior
0.7684893202039048,0.10556583437579165,1,interior
0.8564471758797462,0.2103964322751806,1,interior
0.5068415049788806,0.11572920051459641,1,interior
0.41147773369365975,0.335954109155561,1,interior
0.8700005309924705,0.31196768316803164,1,interior
0.8612571240539937,0.32168420599769126,1,interior
0.7454835886999295,0.09119121235188561,1,interior
0.7011839557614254,0.0775848919467997,1,interior
0.8529559635583771,0.3555600904785391,1,interior
0.8542469570337131,0.2263547557282383,1,interior
0.8603640346791671,0.2769696401753631,1,interior
0.8583915854603958,0.32561128072934375,1,interior
0.8411880181983978,0.17067834904570905,1,interior
0.8479520364008806,0.35422095607976406,1,interior
0.7204442330816758,0.07740900809487278,1,interior
0.7994674046628663,0.13786793924019325,1,interior
0.43483074246016035,0.17906140668290413,1,interior
0.872093554956212,0.30763391302068277,1,interior
0.49457293794018636,0.11625515656840905,1,interior
0.7304491115855763,0.08282722287487225,1,interior
0.5160026997919989,0.1026182516632521,1,boundary
0.41905836254034046,0.33560066308510433,1,interior
0.5088518501586073,0.11465750208902048,1,interior
0.4205933524197794,0.2273271868505841,1,interior
0.4625870112434754,0.14189073761192322,1,interior
0.41995295623944107,0.24306663077129528,1,interior
0.40858624284468015,0.29723347749555,1,interior
0.8540246177586698,0.2047601872292501,1,interior
0.42235428935276564,0.21844096473633845,1,interior
0.48283482769286734,0.13339556698431548,1,interior
0.7697749355655479,0.10288298324813581,1,interior
0.79673935995575,0.13312284210268782,1,interior
0.4535207228923515,0.14903684540361642,1,interior
0.5162183716732162,0.11174273895338348,1,interior
0.7482868397721968,0.09290169401686274,1,interior
0.7512020598221608,0.09699265296139965,1,interior
0.7521120315778375,0.09419407805441848,1,interior
0.43733105895580743,0.18118718460120545,1,interior
0.42683800195104477,0.19088648987310516,1,interior
0.5122397685177232,0.11312932859650117,1,interior
0.8141052706386314,0.15121397571182782,1,interior
0.4283608746612649,0.19519882031477342,1,interior
0.8595964120517131,0.2785906302192425,1,interior
0.8700852182854735,0.30119087326968486,1,interior
0.797078522586289,0.13588721626003525,1,interior
0.832515429316901,0.37336498619478986,1,interior
0.8631755971622731,0.278103748498339,1,interior
0.42219861350630855,0.2017802682886956,1,interior
0.4631368486447923,0.14010305656040667,1,interior
0.4270386797950567,0.2026476837890156,1,interior
0.4086398655452759,0.3031903084370738,1,interior
0.8498412336823356,0.1716972545920084,1,interior
0.4163577673605927,0.2636879206898516,1,interior
0.8694831601380637,0.29829343515411155,1,interior
0.40966061315629204,0.2850771511722797,1,interior
0.4200417884016867,0.33707254384055907,1,interior
0.42530293064774205,0.20882427714531623,1,interior
0.42465899338126284,0.20626913793302915,1,interior
0.7290834936429383,0.08389786082006741,1,interior
0.8214620997830853,0.15328057399191647,1,interior
0.4239227746296848,0.20768135859817824,1,interior
0.7276157537983977,0.08331933082334823,1,interior
0.5151807710705183,0.10593024657935314,1,interior
0.8651173201593488,0.30156993828368633,1,interior
0.45781927669865613,0.15920144558635563,1,interior
0.8599733103833949,0.3348309720095955,1,interior
0.42264124305325734,0.21143303134243052,1,interior
0.5071980961898693,0.117714175946174,1,interior
0.4614027909954265,0.14089852968603697,1,interior
0.831769861567389,0.16919672896397087,1,interior
0.861596097462463,0.31674231601037134,1,interior
0.4226086136033663,0.34256829224019486,1,interior
0.7976612991420957,0.1284359224525376,1,interior
0.42661824438268037,0.20118308409752156,1,interior
0.7380313951853329,0.09041818312773632,1,interior
0.7473783336054776,0.09682245297204758,1,interior
0.4604902728115513,0.1432077680377188,1,interior
0.829934552919422,0.3761911983420346,1,interior
0.8597494197583723,0.32002767690369166,1,interior
0.45706102496159445,0.14505924219728422,1,interior
0.4833250963055375,0.13135772529085368,1,interior
0.7372729431733934,0.08865652949904228,1,interior
0.8569100937176652,0.21352624547601234,1,interior
0.8610163618801928,0.2705478471892791,1,interior
0.7878661848491842,0.12318364879723706,1,interior
0.7235696308829584,0.08567061947905232,1,interior
0.8373946875624921,0.1737871737034093,1,interior
0.41428314392240584,0.34084784436438775,1,interior
0.45620948597170624,0.1596393143397459,1,interior
0.8578149206035505,0.34052318962436173,1,interior
0.8660134251079175,0.2828276278141705,1,interior
0.8554189444777934,0.20670186369661783,1,interior
0.4089632679592062,0.30101808822567355,1,interior
0.8378814169527314,0.3741135352697076,1,interior
0.4963807936437404,0.11689268219709548,1,interior
0.8251406512198612,0.15806374666584688,1,interior
0.42403385499489615,0.2046918371100968,1,interior
0.8710177226226555,0.2935939221056562,1,interior
0.41199336579620766,0.30714969497715167,1,interior
0.8427854300592362,0.3533492592156548,1,interior
0.43094119978672585,0.19068695995204749,1,interior
0.8294734233409237,0.3824229067287888,1,interior
0.7690658468529743,0.10887888414861938,1,interior
0.4113223518673206,0.3332390685891902,1,interior
0.7424759014457057,0.09096729226132494,1,interior
0.7243064622569149,0.07907209707527658,1,interior
0.6957727437149278,0.08417427489487636,1,interior
0.8533065849616707,0.2124224851648795,1,interior
0.7466636326607563,0.09240287340138145,1,interior
0.842593857362236,0.364044098658183,1,interior
0.8476058586934998,0.18218147466474918,1,interior
0.8160233657911283,0.14911783230021397,1,interior
0.8680973726603772,0.24393501237644655,1,interior
0.8262635138989497,0.1622976188465913,1,interior
0.40679640452598304,0.27550503569189816,1,interior
0.8668917645182552,0.2534788728902336,1,interior
0.8608169184961395,0.3139382514372329,1,interior
0.4226845632614578,0.20900218650571772,1,interior
0.7083344037059306,0.08042640532319954,1,interior
0.41317886936830117,0.3185210074129017,1,interior
0.8721226278864639,0.29826513429855883,1,interior
0.5156618211433421,0.10753757103990033,1,interior
0.41197499698548434,0.3039901798742399,1,interior
0.8624710242364095,0.2762990757302136,1,interior
0.42382310399915707,0.21525643091065635,1,interior
0.7913225229693274,0.1207393408462824,1,interior
0.4380762280364906,0.18292681229476496,1,interior
0.8688921343136942,0.2619510088032463,1,interior
0.4521661666133994,0.15753183506764198,1,interior
0.4788129520827436,0.1353711253805928,1,interior
0.4233903157343904,0.22467238810357842,1,interior
0.8703428778519925,0.2499694987457078,1,interior
0.4594479238767861,0.16117527899110634,1,interior
0.46511627063620037,0.1370350674904612,1,interior
0.8164163755246209,0.1521306953184381,1,interior
0.4241718447422883,0.3417460386766806,1,interior
0.45225408992803573,0.14992628285740794,1,interior
0.8423357701518386,0.17544945095246572,1,interior
0.403995382734262,0.27453772208725946,1,interior
0.8629263669731138,0.27361355233347495,1,interior
0.8039066169536236,0.14293820473849136,1,interior
0.8517919484426338,0.20350887059061282,1,interior
0.6929383900019638,0.07176695426179072,1,interior
0.5085920942820221,0.11675617138261948,1,interior
0.8585509270901024,0.2092958486711031,1,interior
0.7187421678224231,0.08179738408846264,1,interior
0.8261644635698578,0.17100748648242445,1,interior
0.4275705483920383,0.1922349552849801,1,interior
0.8453728583202951,0.17417989049984123,1,interior
0.856089835111992,0.20476509915839544,1,interior
0.8317344066954079,0.3878822321542545,1,boundary
0.8606256090866582,0.32315976781371664,1,interior
0.8186342262608959,0.15250963066723214,1,interior
0.8335905433802067,0.3744547231432148,1,interior
0.43530550308857546,0.1818455167906994,1,interior
0.8324182165170186,0.38161362949655736,1,interior
0.8629769099170559,0.32298623013071115,1,interior
0.44766058602858466,0.17002090033731287,1,interior
0.48858075314236465,0.12408858433977833,1,interior
0.5122444572767533,0.1155521031043557,1,interior
0.869048501868339,0.24556073696503586,1,interior
0.8463173156455084,0.19432380327755255,1,interior
0.8390315361280541,0.3695320059209454,1,interior
0.8584876075504984,0.2110808453087514,1,interior
0.4077533106950342,0.30003631607801184,1,interior
0.7333533082588013,0.0860537601710858,1,interior
0.4503922137432241,0.15936515650275732,1,interior
0.41645228655161115,0.315052915188559,1,interior
0.8609521655130509,0.22695975575180824,1,interior
0.4097104195729405,0.28751125890440016,1,interior
0.41462756699259495,0.26159992165215035,1,interior
0.4166085647185879,0.2591441615803271,1,interior
0.852282447676015,0.3584708570142698,1,interior
0.8664555418429939,0.25550128429986013,1,interior
0.4872115886330633,0.12643318972133863,1,interior
0.8431469800519141,0.1817934103478977,1,interior
0.4218568533572997,0.22819282051578535,1,interior
0.4555751763079053,0.14429852331453868,1,interior
0.42325407015296185,0.26204607072182484,1,interior
0.7317742930212222,0.08386777321049438,1,interior
0.43621865977383506,0.1766211914077537,1,interior
0.5107548379132194,0.11472942238828152,1,interior
0.416173507117881,0.26071465001921307,1,interior
0.7685819340099099,0.11081925245725044,1,interior
0.8627222701136154,0.2669014799039606,1,interior
0.7348827711841971,0.08687541056036227,1,interior
0.835989607396122,0.16894817788839073,1,interior
0.8464320862627562,0.1805354149950804,1,interior
0.7731206155842927,0.11432643264062958,1,interior
0.4456874315872327,0.17352738174783044,1,interior
0.841011500928312,0.3560720560314399,1,interior
0.8685784887559962,0.28469550485175504,1,interior
0.8263734943177202,0.38788142981506785,1,interior
0.8526825226022527,0.20190693293460144,1,interior
0.42874643499943976,0.3500853616798599,1,interior
0.47490113574525744,0.13774373479526686,1,interior
0.5128794483136778,0.11124950335671344,1,interior
0.4899759342974755,0.11715100192323474,1,interior
0.8629574825625331,0.32140549699274834,1,interior
0.8342876150810806,0.17177906331640833,1,interior
0.4138497883347894,0.25935010165213646,1,interior
0.4528113270963776,0.14756196001844163,1,interior
0.4216478255393485,0.25259683569499713,1,interior
0.41970958811660997,0.34376629069464987,1,interior
0.4070061903533069,0.297225617433003,1,interior
0.8607502376366682,0.2076768955999754,1,interior
0.8662826409590378,0.2946812228406994,1,interior
0.8602575054852459,0.3177795511788843,1,interior
0.8177295536619069,0.1504177966837204,1,interior
0.4052978931621094,0.29765323145070816,1,interior
0.834332845815692,0.38702521177197563,1,boundary
0.7741192922265369,0.11655554237568345,1,interior
0.8334654355403557,0.17010479888755747,1,interior
0.8078800082916663,0.15375457696209915,1,interior
0.7002928575750798,0.07491798729694817,1,interior
0.41038684907015577,0.2820777706517161,1,interior
0.8717169542735234,0.3108159129610852,1,interior
0.7205763811573045,0.08896328075333954,1,interior
0.41474772008452093,0.2643282632251147,1,interior
0.42621421118171715,0.20690787363920599,1,interior
0.42125000782139976,0.2172144777235177,1,interior
0.8340960261531002,0.3606205505557475,1,interior
0.8340934074723654,0.3836868991592058,1,interior
0.5102462951266264,0.11775269547586395,1,interior
0.8647139623916835,0.27399469034608576,1,interior
0.44224582361628206,0.1764471314847714,1,interior
0.45876692487981874,0.14295839142319977,1,interior
0.43641463625113375,0.17846596180493057,1,interior
0.8483817387171798,0.19377110896443356,1,interior
0.8554724704094706,0.21796873338605033,1,interior
0.6946629975481734,0.07881520729671532,1,interior
0.8704619027591872,0.29524766589025736,1,interior
0.7746774366625191,0.11511453961059936,1,interior
0.7135107794674005,0.07796282482208067,1,interior
0.8485698488298455,0.1962379590435632,1,interior
0.8513604910508835,0.19925430994382218,1,interior
0.7617356941342731,0.10582741863654152,1,interior
0.4220563768572906,0.21555387963375885,1,interior
0.5008536900104534,0.11521177512011642,1,interior
0.8279851369443907,0.16538643907948944,1,interior
0.5167536486564261,0.11029183273568367,1,interior
0.8381596877211271,0.170219633699184,1,interior
0.4062881613183022,0.2727164036437139,1,interior
0.4053079581902166,0.27709378686607283,1,interior
0.7080424115390277,0.07753883341769938,1,interior
0.40933866870961294,0.27643242574328386,1,interior
0.4815052420003922,0.13119813066998562,1,interior
0.4928521184273581,0.1170013143766053,1,interior
0.4841693509277866,0.12862208452778034,1,interior
0.8593806418208283,0.212793041433854,1,interior
0.42274778889070475,0.3449397738306563,1,interior
0.8401605675584897,0.3664856080537256,1,interior
0.42533538110520946,0.185888491486131,1,interior
0.774871961536628,0.11313101660910653,1,interior
0.4151172877762279,0.3318501516809553,1,interior
0.4082133323502531,0.2728658368971593,1,interior
0.866004941039115,0.3115945310121031,1,interior
0.835634148826237,0.3840344288284858,1,interior
0.4121902904526562,0.28401935993682564,1,interior
0.85956905572793,0.3245225563905298,1,interior
0.719006181501073,0.07790197091264521,1,interior
0.8293447407473835,0.16277757782755695,1,interior
0.4230893791333129,0.20601429212812367,1,interior
0.4319641424440585,0.23730496033297416,1,interior
0.794728058587387,0.1249641849446185,1,interior
0.768080244453827,0.10038693840054011,1,interior
0.8657767849459386,0.31364877695565785,1,interior
0.7126119662732394,0.07613824002362732,1,interior
0.4171634165165413,0.33569422829966267,1,interior
0.44784081493251837,0.16274329752248573,1,interior
0.8527952427318992,0.3459491449974709,1,interior
0.8697591985432402,0.24715660128179584,1,interior
0.4435381700448198,0.16811658488288025,1,interior
0.8498900038059111,0.3523891522134886,1,interior
0.4514602597760843,0.16198827250733552,1,interior
0.8582883085158324,0.32775055888098303,1,interior
0.8515245438593742,0.170682633510646,1,interior
0.8460900451527515,0.1823184365627926,1,interior
0.4256644457655503,0.22171919586887667,1,interior
0.41091471992764533,0.28886280098753464,1,interior
0.7640406803690644,0.10118015189416914,1,interior
0.8516729271440203,0.3505535834739065,1,interior
0.42187747447661167,0.22266751357720305,1,interior
0.7108894101676562,0.07659808493326618,1,interior
0.4145839103150367,0.27547193479516924,1,interior
0.7124903838598706,0.0743817923677324,1,interior
0.7823379539436941,0.11936671205203077,1,interior
0.8323854760838553,0.3775459503104009,1,interior
0.792705303408624,0.11933633466137027,1,interior
0.42014297533654893,0.2532219858488144,1,interior
0.42630307091544706,0.18887808702861267,1,interior
0.8570842977876393,0.22688210368953649,1,interior
0.8585935076914617,0.3383358861860628,1,interior
0.48670267222247227,0.12049255143922191,1,interior
0.8670508860643614,0.29849427967683345,1,interior
0.8459617214967871,0.1846117751584076,1,interior
0.4080113254976696,0.28760888485212094,1,interior
0.4160781706684375,0.24161931833894282,1,interior
0.45698754996330565,0.1424396951385288,1,interior
0.8349587440677824,0.37752230025443934,1,interior
0.7052763056332928,0.07747579063737188,1,interior
0.45452575115766497,0.14625607680194244,1,interior
0.4514793721810482,0.14563376224211924,1,interior
0.8659320083281816,0.25004874372325536,1,interior
0.45388058494024325,0.14340714276654815,1,interior
0.4135227672329037,0.3076591887383755,1,interior
0.4107943551448493,0.29715331225697666,1,interior
0.8711141829105699,0.2967491523920505,1,interior
0.8712902393334178,0.24735201276251625,1,interior
0.8575910222309132,0.21523527530287995,1,interior
0.41480352359884115,0.2340517101242199,1,interior
0.8567433640544702,0.22008003208741272,1,interior
0.7848714218853671,0.11810908797335769,1,interior
0.43018786401797443,0.3509038015659315,1,boundary
0.4235677140383282,0.23062122390343712,1,interior
0.47781153148379285,0.1389159157645354,1,interior
0.8487714443257695,0.18346411703323526,1,interior
0.8650595973439111,0.2806713419972784,1,interior
0.4178064185487239,0.3398621077986837,1,interior
0.8237064620694879,0.15443664864396653,1,interior
0.8345040933862274,0.36726084570664824,1,interior
0.8278450656486662,0.15945329661994426,1,interior
0.8692337547908289,0.24167697863600165,1,interior
0.4703347020070497,0.13862474895517413,1,interior
0.44968586599264115,0.1435533880507081,1,interior
0.8197232806550537,0.1503100038051073,1,interior
0.41130225355957367,0.2673380017465864,1,interior
0.8479479051039949,0.18674474051630835,1,interior
0.7719832135549913,0.10127923139971441,1,interior
0.8655656009910042,0.31579382083990937,1,interior
0.40610238466466614,0.29598680169475766,1,interior
0.8502959070870493,0.20409477558813105,1,interior
0.763416022478666,0.10744469377494612,1,interior
0.8214817283963561,0.14845283892322547,1,interior
0.4214663807655851,0.2507786059901682,1,interior
0.48745316046361276,0.11423420465658554,1,interior
0.8556530295874083,0.2089254072864296,1,interior
0.8645387819905761,0.22933525304539853,1,interior
0.4407680845802034,0.18130376736351342,1,interior
0.48073060953865937,0.1291432373139609,1,interior
0.41307100636426825,0.2621108958668311,1,interior
0.8484480938588272,0.1804087118349118,1,interior
0.8571728563615502,0.21714692333312485,1,interior
0.8714413156122913,0.24539846849661173,1,interior
0.4127224176091256,0.26633557957643716,1,interior
0.4772759994047651,0.13539827624158848,1,interior
0.8698767321610185,0.28661525585872616,1,interior
0.4212311484566141,0.22066421783317924,1,interior
0.8500486743191337,0.19803011761912723,1,interior
0.7105634093641343,0.07403444824127704,1,interior
0.4405455845237085,0.17593837195499465,1,interior
0.42008837869504156,0.22562621066625732,1,interior
0.80642896640058,0.1452261114758969,1,interior
0.4180457841762246,0.25540506762553616,1,interior
0.8185079802380482,0.14843177530297785,1,interior
0.44774839868709226,0.14293322455160676,1,interior
0.8554742508439636,0.21289098386928262,1,interior
0.40986596770505174,0.30435404070756344,1,interior
0.4336655246538485,0.18207929969107814,1,interior
0.8592812165665967,0.22726248104129607,1,interior
0.46240323484121015,0.13755886267245068,1,interior
0.48935396180402874,0.12275688948954565,1,interior
0.41430559365005726,0.24363566226000022,1,interior
0.4530576265717973,0.15990625851883927,1,interior
0.4864355100367133,0.12278333998927218,1,interior
0.6932063715994109,0.07458312947323309,1,interior
0.8389483321759386,0.3676673599370902,1,interior
0.7983603448574206,0.1348302864383015,1,interior
0.45510869533897513,0.1401091875614146,1,interior
0.5180108021871818,0.10491727368430961,1,interior
0.8323127001161178,0.3842915111538345,1,interior
0.4472446592299772,0.16619054625175325,1,interior
0.8469357723649403,0.18840554472819362,1,interior
0.8611418178689755,0.21358775364715415,1,interior
0.863393906312629,0.27022867474184376,1,interior
0.8601142913229338,0.32765902437016836,1,interior
0.7701032263204932,0.11131098358314617,1,interior
0.8565056507992139,0.22498836813110562,1,interior
0.45141853181063074,0.15606015874753282,1,interior
0.40522967836707885,0.2998805479127449,1,interior
0.785971004155812,0.1157990426259809,1,interior
0.4090680879664035,0.268341954266766,1,interior
0.4390349235095755,0.17757057264224724,1,interior
0.42389126993013776,0.20995968984280447,1,interior
0.8482464597335992,0.20714204483502702,1,interior
0.8293024189735761,0.16091413957126177,1,interior
0.5044618496891894,0.11429354708203071,1,interior
0.4902189654755226,0.11251096368411978,1,interior
0.6990284246706819,0.07616330794418559,1,interior
0.42150993482544546,0.20514318768975343,1,interior
0.8267857231421729,0.15809751716647033,1,interior
0.76198162977749,0.10313166042800624,1,interior
0.4308873431833109,0.1813318241215019,1,interior
0.4726517121201035,0.13580282138239488,1,interior
0.42650055920377183,0.1969638968251507,1,interior
0.41519125209564983,0.2393227295915965,1,interior
0.7132691751956235,0.08007185081493588,1,interior
0.8504559335128511,0.1777729789189581,1,interior
0.8504084989776793,0.1810713842911489,1,interior
0.8270142759361098,0.38006462139203157,1,interior
0.4104589995464135,0.29346145849556365,1,interior
0.7760168457601517,0.11732415338767252,1,interior
0.8342902745397404,0.37985072328380615,1,interior
0.6985495957879019,0.07443837733084427,1,interior
0.4283986031621181,0.34858477541580635,1,interior
0.7173298511340603,0.07858349496589027,1,interior
0.4207232542899635,0.21163440835369648,1,interior
0.8308179691013597,0.1613528853198886,1,interior
0.8555119871509352,0.3455148701833475,1,interior
0.4157383466341829,0.3230398768377465,1,interior
0.7993599182027249,0.13615939895808588,1,interior
0.8593729234602844,0.21578958669450424,1,interior
0.40913724821323666,0.2943567493622915,1,interior
0.41917337879157285,0.34552595695129695,1,interior
0.42137754227467805,0.34411855786558554,1,interior
0.47639275616757154,0.13395694783618578,1,interior
0.831371542342965,0.16641642087845976,1,interior
0.7027119258051119,0.07856225708765928,1,interior
0.4533509435405768,0.14508841991950178,1,interior
0.4502951477402708,0.16099494864113076,1,interior
0.8562457672011946,0.34321326107974776,1,interior
0.8646642377767428,0.27768808794872035,1,interior
0.4128915823291924,0.3317268758558862,1,interior
0.6935896981879353,0.07656374087673852,1,interior
0.7590756569747468,0.10141944129532623,1,interior
0.8061836838833513,0.15646297099202283,1,interior
0.41875326340487534,0.25179443595946516,1,interior
0.4103092257746184,0.30655199518736537,1,interior
0.8662155638394602,0.3176783509755723,1,interior
0.6980045176226943,0.07842137348607725,1,interior
0.8548056428983607,0.2229553714991363,1,interior
0.8108525153673789,0.1500372193596069,1,interior
0.8579279938821617,0.33512379379778495,1,interior
0.45310457976337887,0.16251998763142728,1,interior
0.8585521432351543,0.3423423413365705,1,interior
0.4786652802321084,0.13337023109845622,1,interior
0.7940528348915658,0.12261703782533914,1,interior
0.7759956320821348,0.11420174292755207,1,interior
0.4134994978765706,0.32355796482896076,1,interior
0.8295244895138655,0.1645366517007715,1,interior
0.7349005556560716,0.08527541613249559,1,interior
0.7755608424361119,0.11009611876686326,1,interior
0.4110694199220655,0.3096146991120072,1,interior
0.8591837611555138,0.20729663630806408,1,interior
0.696387625634398,0.07756678542005355,1,interior
0.4278097053580099,0.35142097554795926,1,boundary
0.4605074798294894,0.13920627196777896,1,interior
0.7764756829070265,0.11564630793214943,1,interior
0.4148375510184686,0.3443268326128522,1,interior
0.4493827048641925,0.1624507397311837,1,interior
0.45738760925017546,0.1562166586290762,1,interior
0.47283979085267663,0.1382802062142667,1,interior
0.453210655481499,0.13866965936870004,1,interior
0.736643222528174,0.08626143926846085,1,interior
0.4184433479799418,0.24285049638874195,1,interior
0.48366195378388677,0.1348473610819841,1,interior
0.40799161991082544,0.26709382501018103,1,interior
0.4245223429539007,0.1998579140690399,1,interior
0.8708330614571187,0.24302216525423287,1,interior
0.4743306145190043,0.13269932207731394,1,interior
0.784146381796892,0.12256968370381362,1,interior
0.8540789444269754,0.20025543229433523,1,interior
0.7705459336399826,0.10532276208664458,1,interior
0.7354376755638501,0.09158660433772918,1,interior
0.40652213966945266,0.2658677453469487,1,interior
0.8576219812685746,0.22208336307524248,1,interior
0.8530536512455437,0.19774498041986166,1,interior
0.8363304111165272,0.3755433469529237,1,interior
0.8591070122118989,0.20491122055772573,1,interior
0.8365618934315177,0.3729561037503553,1,interior
0.4851220768975487,0.12197619311058426,1,interior
0.4216205766680824,0.20791272786776702,1,interior
0.7548565366371139,0.09901342052512925,1,interior
0.805502255283247,0.14325232853317096,1,interior
0.8333368992836572,0.16267126336768575,1,interior
0.8543119837502685,0.21388304698097524,1,interior
0.7701229259206338,0.10758947459131676,1,interior
0.7490484112366265,0.09116504621569801,1,interior
0.7580644923095184,0.10278571140298033,1,interior
0.40960661793199477,0.2698129512847125,1,interior
0.702671093006101,0.0754658288763261,1,interior
0.7923890797181774,0.12237680854875523,1,interior
0.45067362280294493,0.1495021576754068,1,interior
0.8683796052146214,0.31445826165298935,1,interior
0.7708960357488299,0.10894171174289977,1,interior
0.8013346286855232,0.14335623379368315,1,interior
0.8559764936847116,0.20319833591139813,1,interior
0.4327671538918616,0.18075561149213593,1,interior
0.47584601494941,0.14090720111468774,1,interior
0.8651597359245775,0.32141951177025513,1,interior
0.42376724219976436,0.22723405609803699,1,interior
0.4775894242470626,0.13142621781736594,1,interior
0.8426019143917278,0.17391814119709195,1,interior
0.42646086552655954,0.34901551200137726,1,interior
0.4056785435820705,0.3035309416556857,1,interior
0.4871404292448302,0.11765204043436565,1,interior
0.4092668893335188,0.289688846835295,1,interior
0.8611082153347469,0.21702509883975735,1,interior
0.8679000962436935,0.3123333418798911,1,interior
0.8619904769349602,0.21196378191353948,1,interior
0.41471574806587347,0.31113677706557624,1,interior
0.44885259256823595,0.14906143634394448,1,interior
0.860514028045123,0.23427555809344755,1,interior
0.4177594070075053,0.333970483738152,1,interior
0.8621763372116189,0.23609439936049278,1,interior
0.4332951899107455,0.17874424662655153,1,interior
0.42006872491553077,0.2494335879014239,1,interior
0.43775617409898987,0.17513322133369205,1,interior
0.8575247706206492,0.20617058668556462,1,interior
0.7725958742556024,0.10465824814883413,1,interior
0.6964407116046429,0.0750992680113317,1,interior
0.8484375309414208,0.35807609851501304,1,interior
0.8716742588276406,0.303007546303577,1,interior
0.8644281593896441,0.27223685738240977,1,interior
0.7242326315673835,0.08266942395046366,1,interior
0.417985291468297,0.24595811242067633,1,interior
0.8724578305569851,0.3054731064091565,1,interior
0.7225848113844828,0.07772689525835816,1,interior
0.4245062298605969,0.34953891833722434,1,interior
0.42070055130088546,0.2240272160065057,1,interior
0.7327621453243572,0.09012312468721081,1,interior
0.8677097505396442,0.2817157328888866,1,interior
0.40951733396794543,0.3078631349949933,1,interior
0.788427983338226,0.11936885325930531,1,interior
0.8029625948816794,0.1405827944961985,1,interior
0.8655927267304513,0.26480622210880533,1,interior
0.8591412389854124,0.230233256737768,1,interior
0.6968637745297652,0.0867330975422634,1,interior
0.7122687397687321,0.08232102348042929,1,interior
0.7020749223387021,0.07402429201240639,1,interior
0.4128768987452631,0.3337827590399064,1,interior
0.44143800258407273,0.17992080598160598,1,interior
0.8568696401340989,0.20797334695735892,1,interior
0.4850119336980092,0.12506996577113833,1,interior
0.8686229243867091,0.2997371247551756,1,interior
0.8579433258195844,0.2283338833125396,1,interior
0.4065537508227823,0.2990798039570521,1,interior
0.4239439872416747,0.23957892374679163,1,interior
0.8716629721501269,0.3013786126180096,1,interior
0.7770782606662614,0.1117558985768535,1,interior
0.42069889688209555,0.20223046790275512,1,interior
0.42162879229848266,0.21307007705699746,1,interior
0.8619843830465901,0.31497554640776054,1,interior
0.411725117767634,0.30554297467759717,1,interior
0.8308113067434786,0.16370412979399526,1,interior
0.8528718637680724,0.35378129525948687,1,interior
0.8605213890944112,0.21070335664787243,1,interior
0.7958332621325174,0.12322786259398448,1,interior
0.8681585822255117,0.26349140582643793,1,interior
0.4276929037599205,0.20011055399839078,1,interior
0.8623887211022323,0.22785774948475168,1,interior
0.7685332618630919,0.10200602616912818,1,interior
0.8513398116437475,0.20088612916893794,1,interior
0.4498975672525779,0.15642524267607744,1,interior
0.4200710264231678,0.3040478658135992,1,interior
0.4455400685290765,0.16681617698845141,1,interior
0.4142644102788217,0.31642394825492365,1,interior
0.8479580552131019,0.19005301246290698,1,interior
0.8597735912902761,0.2237897448202636,1,interior
0.8602283249589078,0.33814958689994523,1,interior
0.8630039509312822,0.2685236152764626,1,interior
0.8535816469986328,0.17182717899316502,1,interior
0.41147652986334915,0.2723599541840248,1,interior
0.7543397172465445,0.0958184978362884,1,interior
0.4491906306615613,0.1455308123322677,1,interior
0.8579305921470713,0.2240541282787295,1,interior
0.48543147494191585,0.12739426564476183,1,interior
0.41541833820117746,0.25771553998970265,1,interior
0.7575382699043353,0.09334738099267409,1,interior
0.41952084060846506,0.20813147489186412,1,interior
0.4213795211639608,0.24627399736989639,1,interior
0.41985642574475407,0.26463062769598505,1,interior
0.7359424960662455,0.08315494725452321,1,interior
0.8507847255231753,0.17358390026960924,1,interior
0.4127483282791652,0.3398090007582468,1,interior
0.8525634739909647,0.20564249175853364,1,interior
0.8471025960676276,0.3623840232595222,1,interior
0.4181796428509411,0.24846513147931432,1,interior
0.4815641034732732,0.12708234877293756,1,interior
0.4033496813753884,0.2988296815821624,1,interior
0.7975045414195033,0.1307939461425157,1,interior
0.8504828520937652,0.35895549954495387,1,interior
0.48360512619193685,0.12592053964522057,1,interior
0.8004766235091084,0.13905286916462511,1,interior
0.4881168696128641,0.11579672574791307,1,interior
0.7963417840818328,0.14105819669760228,1,interior
0.410032504906751,0.2729467464872701,1,interior
0.8586519649461343,0.2257246204207917,1,interior
0.8527539472444098,0.1952246143282145,1,interior
0.45105767613508796,0.14740734133867606,1,interior
0.7263613522037982,0.07907707545090212,1,interior
0.739027018327893,0.08633017320417204,1,interior
0.4713258886337343,0.1314924336828113,1,interior
0.8506852016248815,0.1929887475053207,1,interior
0.41279413073498655,0.31352894806255793,1,interior
0.7869758749014272,0.11791501444620683,1,interior
0.8609099053538183,0.2151707238752205,1,interior
0.7381020138228486,0.08306592468098398,1,interior
0.4174994133196608,0.25766486716177417,1,interior
0.41954694086605193,0.2548655599363207,1,interior
0.8590544969983248,0.3323871581456098,1,interior
0.4080682482206564,0.27060537978296123,1,interior
0.8517765249458862,0.35663322383656715,1,interior
0.7581478742733004,0.09508910012072455,1,interior
0.40626451104835837,0.26834007544149985,1,interior
0.8694787150334311,0.2534984167669541,1,interior
0.865976974425255,0.2610162946453287,1,interior
0.7783312399082493,0.11266158985518152,1,interior
0.7538337920746756,0.09390380140782587,1,interior
0.7607120160843014,0.1014552272288143,1,interior
0.6891043006659373,0.07426467446943973,1,boundary
0.4201457164092266,0.21959539605145353,1,interior
0.7041980827565967,0.07920988017622255,1,interior
0.8640717165858884,0.3167811456946901,1,interior
0.8549100274310925,0.224915353437406,1,interior
0.40476780027773734,0.2667492767191824,1,interior
0.7246218182120344,0.07708206640411513,1,interior
0.8632165486591776,0.31872809204900754,1,interior
0.7607338033739263,0.09973019151370546,1,interior
0.8308041646502274,0.37463679029580127,1,interior
0.8726585182546127,0.24665151267212293,1,interior
0.8680164087420713,0.25578958816579483,1,interior
0.8471894449097078,0.3568187002783257,1,interior
0.4117854511873419,0.2651159002306661,1,interior
0.49644554663431406,0.11410595408266229,1,interior
0.8655989539457317,0.24291357708895706,1,interior
0.4158814815513867,0.24505418402422569,1,interior
0.8016409769509075,0.13600066315324963,1,interior
0.848420323676464,0.17237371470126453,1,interior
0.41493955039353925,0.23572359796873774,1,interior
0.4309936099902053,0.18367144386907258,1,interior
0.8289578013086704,0.15694829902331167,1,interior
0.4199100562920748,0.20440405262445113,1,interior
0.7147619717414291,0.0760144794973961,1,interior
0.429725796624387,0.18273561382822592,1,interior
0.41201504718409354,0.32552559913486767,1,interior
0.8605908245969108,0.33042601564613344,1,interior
0.7037269714248772,0.07676420899537639,1,interior
0.8540565095099878,0.19645617207382254,1,interior
0.4592917448052777,0.14121001444858453,1,interior
0.8299854746008921,0.15950261202815458,1,interior
0.4217184804983257,0.2492293947391204,1,interior
0.856301809143755,0.17303680147430692,1,interior
0.8651887526151721,0.2759982230522482,1,interior
0.7992670457805456,0.1307364655281498,1,interior
0.7920168979892853,0.13642637511737732,1,interior
0.5107062436191047,0.11303369747344988,1,interior
0.721473563783048,0.07553268999879495,1,interior
0.7771489521806219,0.10978276425304428,1,interior
0.4101176201903648,0.34021740125970723,1,interior
0.8623265962435224,0.253762498297991,1,interior
0.7961689078122733,0.12748583672954475,1,interior
0.783382609029304,0.11643283251064736,1,interior
0.8497536023872423,0.36339712271480323,1,interior
0.4118629100655423,0.32220788290898206,1,interior
0.4094891843497628,0.3345338864632382,1,interior
0.7719193609845891,0.10602038383442701,1,interior
0.8394804376456506,0.3730178062179766,1,interior
0.7718233121709855,0.10319776358587421,1,interior
0.7751303354548541,0.10506238525200232,1,interior
0.4937429647209018,0.1139785236243433,1,interior
0.7971831792597186,0.12625990201220166,1,interior
0.4100868988708928,0.3244146921596713,1,interior
0.44841220388923203,0.16485922850058132,1,interior
0.7786549757634166,0.11445782911582317,1,interior
0.8525940224218099,0.35227868256046835,1,interior
0.49541585120839843,0.11920787550967402,1,interior
0.41309465537047124,0.30982161763669697,1,interior
0.4237805679887756,0.220408657471514,1,interior
0.4901157920118159,0.11871651842241918,1,interior
0.7734905857047217,0.107552442435605,1,interior
0.8477347524911232,0.36077397194810634,1,interior
0.8647388906149941,0.3197831920227582,1,interior
0.4075508427945447,0.3018935811533985,1,interior
0.8397113626325874,0.17005032825834768,1,interior
0.697983111979963,0.0723694543586443,1,interior
0.8331434551841063,0.16561096807965353,1,interior
0.8634759319388443,0.27980075773962626,1,interior
0.8592107565886749,0.21826677953110973,1,interior
0.7993650388548819,0.13368231298346972,1,interior
0.8552687920289789,0.22105579636319314,1,interior
0.44829943703405073,0.15902447299773376,1,interior
0.4190444357975459,0.20631073514085152,1,interior
0.44519693067931015,0.17144711785763828,1,interior
0.4113804793998501,0.25997999073260203,1,interior
0.44251351482886314,0.17478053845382288,1,interior
0.870939414605152,0.2530289171821928,1,interior
0.8462366076377665,0.18975570937960043,1,interior
0.8680981562303903,0.2794481308841642,1,interior
0.483445844017117,0.12262614129981952,1,interior
0.8617002285718285,0.3411100138263087,1,interior
0.7947524177118284,0.12657719636954026,1,interior
0.7001148212031537,0.0721357488720301,1,interior
0.8336499093915157,0.16717275647768126,1,interior
0.41928127296953693,0.21807621725726908,1,interior
0.8736111905223686,0.24455528100509455,1,interior
0.8051622834757047,0.14117339786379357,1,interior
0.8673356740061716,0.31590375642248314,1,interior
0.4147303437877025,0.26679990464498504,1,interior
0.5122814315534923,0.10980147369373111,1,interior
0.8675779847282016,0.2419352950159615,1,interior
0.8695475998359934,0.2965359762708177,1,interior
0.8564378412773798,0.19519336341302176,1,interior
0.7267483694658354,0.07735894750305201,1,interior
0.4045037386248985,0.30214356618567506,1,interior
0.41841316474248325,0.25012578525454443,1,interior
0.40772043064778507,0.29224236808825266,1,interior
0.41685229786802996,0.2281125645264572,1,interior
0.8448528107400517,0.3598732818144626,1,interior
0.45543675756339247,0.14246381394634122,1,interior
0.8441811193293851,0.17150053787382233,1,interior
0.8361065414879074,0.38677526974856574,1,boundary
0.8639929188586087,0.24264894607685958,1,interior
0.8609241426519685,0.33676736210096275,1,interior
0.4121415076282372,0.23618717355477323,1,interior
0.4234704066778348,0.18563244249562938,1,interior
0.7240597452843445,0.07541461409503614,1,interior
0.4395439971345654,0.17468468199317136,1,interior
0.45273399661750546,0.14122523652226482,1,interior
0.8569441032000004,0.19732159605999963,1,interior
0.4516931300043834,0.1535022856785075,1,interior
0.7665637727224122,0.10089028655373175,1,interior
0.7355916114001234,0.08826944908478211,1,interior
0.8700266235775264,0.3135108882185808,1,interior
0.7784321049714008,0.12106381087353174,1,interior
0.49946052048302947,0.1139629061281575,1,interior
0.8013720797073304,0.13752639295039903,1,interior
0.47964776563952816,0.13077090569602715,1,interior
0.8589447447448486,0.2142990989742707,1,interior
0.4104135919808484,0.31765465245788105,1,interior
0.8615591209331201,0.33928641579323954,1,interior
0.48834179880102047,0.11279117882243989,1,interior
0.8652208028933921,0.323306862779726,1,interior
0.451607119020737,0.14361801387175524,1,interior
0.41141844047459264,0.3125941660844893,1,interior
0.8539098144597319,0.20859336971274037,1,interior
0.837007839520309,0.3777803334479621,1,interior
0.7984968392942456,0.13239071972265734,1,interior
0.41611487509498846,0.2480069106943079,1,interior
0.48991137467137047,0.124884766864392,1,interior
0.8150911887346891,0.14694989861970334,1,interior
0.7476054390281026,0.08908459703679789,1,interior
0.8306671052274596,0.15709171441019895,1,interior
0.7947463390807832,0.11808544469009165,1,interior
0.8622001068952244,0.23157730189397624,1,interior
0.8547460932720885,0.3535409666782712,1,interior
0.6935621992010135,0.07033504927565709,1,boundary
0.8647418869151776,0.23705662592405877,1,interior
0.7617382414502308,0.0969617548081328,1,interior
0.49951567557637605,0.11757644364609307,1,interior
0.8316007524142409,0.37953884754392453,1,interior
0.8567247341002726,0.3531796131218838,1,interior
0.6995548866882297,0.07799922303874414,1,interior
0.5028076120764595,0.11387188771731092,1,interior
0.8353143975573248,0.16758325165792853,1,interior
0.4194619046724971,0.2013198816272307,1,interior
0.48086614349163437,0.12130697657080364,1,interior
0.422297102950848,0.20351656743405375,1,interior
0.45813360099311684,0.13966911374005778,1,interior
0.4166317942697587,0.2311159618922305,1,interior
0.7961879670025713,0.12113757571941478,1,interior
0.4240004326197635,0.24498792913939735,1,interior
0.8656447601841757,0.2694302279128336,1,interior
0.5136751975362143,0.10442983141489667,1,interior
0.8554968928111262,0.3518399214620339,1,interior
0.7884419167600356,0.11623293971592395,1,interior
0.8690318633993069,0.24908108162657883,1,interior
0.4258847337652671,0.19455856250071862,1,interior
0.7797760872712146,0.11196272800723622,1,interior
0.7387357540328179,0.08812927510318837,1,interior
0.4250472150876475,0.19103776559429717,1,interior
0.7812553437312315,0.11412710537031179,1,interior
0.4176365100481088,0.20407878514308186,1,interior
0.799780348244439,0.1269423297446107,1,interior
0.8720627576731452,0.29498527146969294,1,interior
0.4059925000847305,0.30175397036331925,1,interior
0.4044666886546561,0.29573634830644013,1,interior
0.840295670837553,0.19881113337387207,1,interior
0.772581017729626,0.09866953025170005,1,interior
0.8506013510842227,0.1897966460494005,1,interior
0.8600818900273697,0.3415133899532714,1,interior
0.4036332170398192,0.30059662164443635,1,interior
0.797102021070863,0.12415238066839483,1,interior
0.8659291908189672,0.27930363529424895,1,interior
0.4070643197225974,0.2861749975355086,1,interior
0.41596311498225796,0.25039973999338844,1,interior
0.49260268282948794,0.12017742844185532,1,interior
0.8579075831008781,0.20193182681321634,1,interior
0.7739864325312571,0.1030806430428515,1,interior
0.8514612415110198,0.34774460179129363,1,interior
0.7057795867064157,0.07491084718382651,1,interior
0.8368140759886331,0.38140289415152784,1,interior
0.4663963489051652,0.13583592494985666,1,interior
0.449331748759026,0.14177957708988384,1,interior
0.4068847985810018,0.30460744856673694,1,interior
0.8287301489215005,0.1553459375243214,1,interior
0.466947537847114,0.13759771506170046,1,interior
0.8555587531352679,0.19870171939275397,1,interior
0.8526509749212836,0.34912901892419135,1,interior
0.4714153482259521,0.13738940262426597,1,interior
0.408474576737263,0.31987846179763496,1,interior
0.4193034401269385,0.22281618233146558,1,interior
0.8727101310068962,0.29295097497819717,1,interior
0.8713334129339311,0.3153000906046402,1,interior
0.8615636209244537,0.33239128227004394,1,interior
0.4443746933325095,0.16988778022670817,1,interior
0.41618614715277263,0.23299965909908718,1,interior
0.4119917920729912,0.3384558601929089,1,interior
0.8307794324126373,0.3816226708206054,1,interior
0.7625223137800454,0.10131021499430772,1,interior
0.7626970863963587,0.09445627635014464,1,interior
0.4111577820213079,0.2341819305117756,1,interior
0.8397419083638795,0.16735387972125246,1,interior
0.8663303070383411,0.23871344466621763,1,interior
0.41567792472646725,0.3353699108716231,1,interior
0.7764877786229312,0.10767722109964009,1,interior
0.8708575274297734,0.30663355588651037,1,interior
0.4135861322170302,0.34276975026727713,1,interior
0.728162335613048,0.07941665257981444,1,interior
0.42459885423496113,0.20143238420518123,1,interior
0.74007275544154,0.09078453436062273,1,interior
0.7526587589985008,0.09644371511708145,1,interior
0.46963122120030293,0.13564974965360146,1,interior
0.8630934205040294,0.23416158934788744,1,interior
0.8678328820337835,0.29267148237281726,1,interior
0.7100349778157973,0.0799912762351189,1,interior
0.8626774056494533,0.21012935187204368,1,interior
0.8615627502911224,0.22538416976721745,1,interior
0.8720048618128292,0.2416704872977131,1,interior
0.8517374794318592,0.1965627373930004,1,interior
0.8715602322728421,0.2896832931247458,1,interior
0.866930554300865,0.2777231735558102,1,interior
0.7804641187757722,0.10937655206722587,1,interior
0.742217723415869,0.0891708503281699,1,interior
0.8729857623356992,0.3089402395543016,1,interior
0.4054627714150136,0.28837829196695275,1,interior
0.763724656878337,0.09572226715622055,1,interior
0.4664957359893384,0.13431220158171964,1,interior
0.7141724668128538,0.07366797016889655,1,interior
0.4866377199572563,0.11290433179039247,1,interior
0.7977042514981838,0.11967694645936235,1,interior
0.511969748600056,0.10640853442968036,1,interior
0.8388198802736739,0.37780720408147084,1,interior
0.45904765942530773,0.15227914418061367,1,interior
0.8511601898892929,0.3533364526920389,1,interior
0.8467427742321739,0.173219395514339,1,interior
0.41207217794410717,0.3444943002687209,1,interior
0.7807993688578768,0.11976842071731071,1,interior
0.7413572181370915,0.09228739884812487,1,interior
0.41498455289109953,0.3145845135356081,1,interior
0.43926443134128745,0.17206670275671038,1,interior
0.8579363617860798,0.20376688758144895,1,interior
0.7336031742004978,0.0817656756509141,1,interior
0.8091201656700961,0.14630905848696293,1,interior
0.40816171656183814,0.3061435633694328,1,interior
0.7404151579977195,0.0874185219845152,1,interior
0.42808569683346875,0.18368238807129475,1,interior
0.42839498313738733,0.18071972508278913,1,interior
0.8563892109475333,0.22343137347430994,1,interior
0.76296635115207,0.09963999490631265,1,interior
0.8512680245094028,0.17604831968232448,1,interior
0.43457243416453856,0.17674746920492473,1,interior
0.4117823304309478,0.34181509767550644,1,interior
0.8020173921101335,0.1343552820269632,1,interior
0.8631835680228949,0.3330975637065533,1,interior
0.5108755672836625,0.10853288022887718,1,interior
0.40602688505704787,0.2788394368900572,1,interior
0.8544469919662887,0.20221145115015082,1,interior
0.41020032501000736,0.23161468317030617,1,interior
0.7738023599572187,0.10588095488456858,1,interior
0.4262902902355054,0.35093258917860864,1,interior
0.7734825032820295,0.10943438455950755,1,interior
0.8481436370249446,0.3639028598555384,1,interior
0.4192280163043666,0.21359971545947087,1,interior
0.4602585534759163,0.13728563154257603,1,interior
0.8541535931319701,0.3510045594591538,1,interior
0.40880057313411783,0.32256434034226933,1,interior
0.8714496789624476,0.26201241083404386,1,interior
0.8611801311148766,0.3264307289101068,1,interior
0.8712393823883331,0.25775612096196554,1,interior
0.8603663889930112,0.31540699832095903,1,interior
0.863629217182658,0.2141622767193258,1,interior
0.8702808962270632,0.26362361911204213,1,interior
0.8493875250102314,0.18758754770273528,1,interior
0.7191385002724252,0.0758197167977456,1,interior
0.8575997720118733,0.2188061859077295,1,interior
0.8632184712791309,0.33047598936450256,1,interior
0.45754280376574535,0.15414290525899557,1,interior
0.7140552385134533,0.07214144769313578,1,interior
0.8665084036610161,0.24026204554890884,1,interior
0.41452535257244266,0.24098285528867835,1,interior
0.7510731334117917,0.0928791882354229,1,interior
0.7915786745229082,0.1181846596564435,1,interior
0.41924941437962704,0.21631620694221806,1,interior
0.40706525926878273,0.30867381124025034,1,interior
0.4482198411245332,0.14679618873996797,1,interior
0.8603779472078517,0.20582393617580044,1,interior
0.40922303841346985,0.2657195903190666,1,interior
0.4147865265980709,0.2707860733788789,1,interior
0.44682672016296593,0.15953662428586826,1,interior
0.8639241337021718,0.21581748367863957,1,interior
0.8263965302908819,0.16585507736593777,1,interior
0.4181603765974456,0.20215418352364234,1,interior
0.4087582067727597,0.28223267820278813,1,interior
0.776335708387707,0.10125010623802759,1,interior
0.8705049360325716,0.29136859157645584,1,interior
0.40146657132814717,0.29910287771973804,1,interior
0.827491322700813,0.1563941644087423,1,interior
0.45786742283062287,0.13701014256642133,1,interior
0.760844279561067,0.09410832293797938,1,interior
0.8751368064429275,0.24582857420538462,1,interior
0.5062051580795202,0.11416339882332396,1,interior
0.8564054640897723,0.20133296685287763,1,interior
0.47614857097731994,0.132238043300049,1,interior
0.42078113396773653,0.20048125145051202,1,interior
0.8477190194232905,0.1748748699002488,1,interior
0.4979449245743528,0.11462996477746765,1,interior
0.8728209963187834,0.24861531250125715,1,interior
0.8560380962643422,0.3347079763735327,1,interior
0.8071659735809851,0.14237814830356413,1,interior
0.8621885411254977,0.20579049287227302,1,interior
0.4804971281481001,0.13535814444500222,1,interior
0.7154146896207556,0.0713961493316546,1,interior
0.4052957906706855,0.26449427454949154,1,interior
0.8271513744682012,0.15438286484879887,1,interior
0.42457592112493137,0.35341615485395034,1,boundary
0.8679217509327017,0.26670073072755096,1,interior
0.7803977609923977,0.11779067238949989,1,interior
0.8351582881148663,0.3739749834494916,1,interior
0.4465674415608589,0.1618395005916728,1,interior
0.8663948769158473,0.3223027310420541,1,interior
0.41698076772125386,0.20060327189650853,1,interior
0.4799659527895741,0.1272439221522053,1,interior
0.7183961309385514,0.07387287843419842,1,interior
0.8583208323116196,0.19875593753575943,1,interior
0.4789062401614377,0.12304234282019792,1,interior
0.8598560608921273,0.20236504401167538,1,interior
0.41054578961197535,0.32660539290896184,1,interior
0.758654041063538,0.09962869088136032,1,interior
0.4265302926037292,0.18491366201901283,1,interior
0.8650320862503708,0.2047966495466964,1,interior
0.4309330480458065,0.1792058683281681,1,interior
0.40537382381136006,0.3050306557850307,1,interior
0.4148417153808172,0.19857768434544765,1,interior
0.42303187714020996,0.20048225904416828,1,interior
0.783330019072582,0.11488883598820125,1,interior
0.477548061939199,0.127909042515791,1,interior
0.8504371280716643,0.36076736238796214,1,interior
0.7340109918758103,0.08346319366035523,1,interior
0.8678385710773237,0.3185144158657262,1,interior
0.8461620386228995,0.3636981821226151,1,interior
0.41975489801390553,0.3469559701346289,1,interior
0.40585720401301395,0.3202433520857187,1,interior
0.8696508396019846,0.25191236284677015,1,interior
0.8714870524130724,0.3124284337419478,1,interior
0.4178076553114986,0.21871228329453507,1,interior
0.4153257991003176,0.3462512465942664,1,interior
0.40790191099568646,0.2644355418479262,1,interior
0.41807571949274847,0.22537046759153323,1,interior
0.731523116276056,0.08614611123899024,1,interior
0.8000839087150808,0.1321161923804004,1,interior
0.8324644718348542,0.1577967852296735,1,interior
0.8706706555911988,0.2997005986667993,1,interior
0.7583086363555265,0.0908808582537836,1,interior
0.803418806652764,0.13820634914159097,1,interior
0.4178724242806956,0.21464398819735742,1,interior
0.8592244270482767,0.20077639372490305,1,interior
0.7229961981536833,0.07994922944398561,1,interior
0.8490297581303321,0.19113670842185063,1,interior
0.8531097034079645,0.17681374886966192,1,interior
0.42396552649313135,0.2523665017280286,1,interior
0.868106466395693,0.32406058425695616,1,interior
0.8375012949161481,0.1681525221444349,1,interior
0.7555889162797538,0.09353650540851939,1,interior
0.8735157127483028,0.2997514121096209,1,interior
0.805562855250323,0.13906586592961143,1,interior
0.8520002579615521,0.1904294203392489,1,interior
0.448495806876971,0.16120254863806718,1,interior
0.4172180374826734,0.34702197631377096,1,interior
0.42037818779345937,0.21459646920657632,1,interior
0.41486095545426166,0.3085063211725069,1,interior
0.4243596420449029,0.18720384095090054,1,interior
0.8593287312632253,0.34734124831101776,1,interior
0.8727142503617413,0.2551739710805456,1,interior
0.8512646716819504,0.1876814667897176,1,interior
0.8075704348560648,0.13864411205423033,1,interior
0.875075125580417,0.24239286411019012,1,interior
0.41639218931809785,0.2061135899218286,1,interior
0.8651875666952269,0.3258808785329676,1,interior
0.8390364764980349,0.3711791310251934,1,interior
0.5013240786727942,0.11318853344597381,1,interior
0.8255195794727337,0.15420943792407582,1,interior
0.441270216146387,0.17384549408821537,1,interior
0.8319571267519931,0.15480859425083898,1,interior
0.4114915350796818,0.3206856807642559,1,interior
0.4042232285976782,0.2861757824955409,1,interior
0.7161793474869651,0.07664484397777102,1,interior
0.7291475429647781,0.07641400002269087,1,interior
0.8532109908861654,0.1751417438978979,1,interior
0.7941654534664577,0.11993677043313654,1,interior
0.8079335900547491,0.14383465249038488,1,interior
0.5096304103714249,0.11000602315482286,1,interior
0.8523894783412235,0.17311095736251456,1,interior
0.4039929204634693,0.2795349278531941,1,interior
0.7699279693678677,0.10096785823999696,1,interior
0.855110775636034,0.35568886382921094,1,interior
0.8347077667989676,0.37580026825854007,1,interior
0.870259430507887,0.25570002208640874,1,interior
0.41124994939042425,0.23861200198000673,1,interior
0.40961292173626107,0.27140314768852647,1,interior
0.8544771573438485,0.1775966569964241,1,interior
0.8697968183907538,0.2778209302580384,1,interior
0.8677066808311172,0.32144544456442864,1,interior
0.8306799425339549,0.3867171099515345,1,interior
0.7855575530376246,0.12076179396681672,1,interior
0.8507961955802427,0.18594626032603323,1,interior
0.8170964468515163,0.14770908599627386,1,interior
0.4066166930332152,0.2813836963247838,1,interior
0.4122213194452686,0.31522830554081843,1,interior
0.8624625009136675,0.32794151448506154,1,interior
0.7527737454887296,0.09120287923473389,1,interior
0.5067729690834315,0.10948404002809646,1,interior
0.8455052681839307,0.17072652647963327,1,interior
0.8570045118073161,0.35525321286234446,1,interior
0.40438843333600233,0.3076297744720584,1,interior
0.8709542687377473,0.2402132324157673,1,interior
0.7750122815012317,0.10842464994164606,1,interior
0.7789230796260376,0.11055784809441785,1,interior
0.8729028354090235,0.2965609556196551,1,interior
0.4184481091320841,0.22753899265365002,1,interior
0.8474903859517289,0.17754320998428194,1,interior
0.8250950709572269,0.15221996028066548,1,interior
0.8698397197243726,0.24417179518983076,1,interior
0.49103355661200804,0.11381098560826451,1,interior
0.7878503045183688,0.12107896948569244,1,interior
0.8427195506405217,0.36684343647727413,1,interior
0.7784006823799171,0.10787760507389722,1,interior
0.7665153240869259,0.0983897436029517,1,interior
0.8675138479816569,0.32654949192493965,1,interior
0.6919522939909638,0.07348511328094605,1,interior
0.8680141996023643,0.26948843309264436,1,interior
0.8645436892128835,0.26787205199318453,1,interior
0.41291689597195935,0.2407909092771317,1,interior
0.41493725114853386,0.25528222001652306,1,interior
0.8424009043897992,0.3727334626980364,1,interior
0.7812446260435623,0.11095385295938597,1,interior
0.777344909778174,0.10479521874376095,1,interior
0.4553000809249073,0.13838358130564082,1,interior
0.7964105005919897,0.11794984088277803,1,interior
0.8625746331723722,0.2165910912855647,1,interior
0.8490752017363542,0.17891401658454806,1,interior
0.7760119890143554,0.10340462904186179,1,interior
0.7075876975737042,0.07381077953865679,1,interior
0.8520697402965997,0.22521758230829203,1,interior
0.8095023085650365,0.14398426552875174,1,interior
0.40828504332957555,0.280765079643584,1,interior
0.8630788742381094,0.33841850987623384,1,interior
0.48504300297800346,0.11624390512881048,1,interior
0.4024752123069623,0.29717898655860553,1,interior
0.8533064616172201,0.3475234764167124,1,interior
0.7279152624664371,0.081677843035256,1,interior
0.8634520207507953,0.2324766036769124,1,interior
0.8612465560660856,0.20364233515133,1,interior
0.4743134043212547,0.1361193229880566,1,interior
0.47499710675040474,0.12917311162603615,1,interior
0.8441083890798429,0.36575500748027984,1,interior
0.4057749364089122,0.2917771419992058,1,interior
0.846583080551046,0.36714113097518186,1,interior
0.4408712699220793,0.16832553726429383,1,interior
0.8683130155106422,0.26515026443075557,1,interior
0.4255424739933201,0.18357584583792416,1,interior
0.4857107041552012,0.118781394917097,1,interior
0.5028143346446161,0.11204386358328888,1,interior
0.4430518593725665,0.17284511400871166,1,interior
0.8648248057996978,0.3287629222809677,1,interior
0.4172936546676547,0.24385074459961914,1,interior
0.8449771469143744,0.3677284553257357,1,interior
0.6943770640491425,0.07314519134350332,1,interior
0.8588616405017206,0.2318083587562673,1,interior
0.42468037142341525,0.1928959024249235,1,interior
0.8623537908822165,0.20797499021775906,1,interior
0.7598568513267063,0.09139767294363328,1,interior
0.4043873510632444,0.2683141549734069,1,interior
0.8641976955371965,0.21078891000191455,1,interior
0.49934641001694385,0.11574384876329202,1,interior
0.7458079510993817,0.08858184928792123,1,interior
0.5048178741003327,0.11222659954887822,1,interior
0.4076196166528104,0.3182646379395339,1,interior
0.7580507924631481,0.0968002418463441,1,interior
0.78650534081633,0.11949074031401526,1,interior
0.40318912176490485,0.27715921867949395,1,interior
0.7699421676158036,0.0991661967963572,1,interior
0.4582638413664785,0.13417421640566943,1,interior
0.4229206176804287,0.351522054496167,1,interior
0.803596593299446,0.1351389058550102,1,interior
0.3993932373538564,0.30084382698576767,1,interior
0.41336969081091257,0.2578407839081012,1,interior
0.8582673893209922,0.3537327001957635,1,interior
0.7872824718232335,0.11370091196750323,1,interior
0.8507555210845136,0.18326294486045772,1,interior
0.6931489720546767,0.0685831302911498,1,boundary
0.8420349384150777,0.3747970847268915,1,interior
0.4089541639959077,0.315668436035013,1,interior
0.7158503479174366,0.0736891112622293,1,interior
0.4063492204241805,0.30669894189654334,1,interior
0.41692560003508666,0.2168231312712377,1,interior
0.8653859964644546,0.2665408045185954,1,interior
0.8574513755920617,0.35000121665553025,1,interior
0.8628796180290763,0.3247052596986836,1,interior
0.7115807822074375,0.07284341115782104,1,interior
0.8281900302983255,0.15300811595574323,1,interior
0.4027429269400174,0.30235815108485214,1,interior
0.7831835144770353,0.11278962925801532,1,interior
0.8406014169912369,0.16867008458249164,1,interior
0.8360072182992452,0.16610347102964435,1,interior
0.78132375954036,0.11255575733908409,1,interior
0.695386370590066,0.07021244635083765,1,interior
0.4804753606649323,0.13690165719183736,1,interior
0.4047371018695604,0.3092009976260224,1,interior
0.7908820506133821,0.11559136385391865,1,interior
0.4104251060628187,0.2576957003932751,1,interior
0.42114697194996487,0.20981996417573284,1,interior
0.4482141378549915,0.15707854717961114,1,interior
0.7195001655103533,0.07281839750342409,1,interior
0.8387418189083709,0.3754820261981837,1,interior
0.8326985004471855,0.1605474141847791,1,interior
0.8745021765533041,0.25002312738588545,1,interior
0.45102998253218085,0.14097843623166267,1,interior
0.857548187050526,0.34742590812439506,1,interior
0.8744589029708164,0.29746697792367455,1,interior
0.7774790959356664,0.10271973049525929,1,interior
0.7169493115892196,0.07146248392291416,1,interior
0.41725457994616694,0.25246875883924236,1,interior
0.4989424799573109,0.11230443218389788,1,interior
0.7437288070575282,0.08980217590072313,1,interior
0.8720840906050902,0.3138787909193761,1,interior
0.8723730123411813,0.2520983955617494,1,interior
0.7853859759065538,0.11368805491702597,1,interior
0.4087236527658829,0.3269583217871469,1,interior
0.44950208998192553,0.1512544046362121,1,interior
0.8665853727512782,0.3249114254666362,1,interior
0.7461038629113694,0.08612047530995927,1,interior
0.43603931542928254,0.18015188868631,1,interior
0.5076476555724941,0.11193281768414645,1,interior
0.8379512436079796,0.3842455297687304,1,interior
0.8067383077368744,0.13617475810418833,1,interior
0.7813329983141147,0.1254027351906344,1,interior
0.8618266881882153,0.32944276145656165,1,interior
0.40551739265038084,0.2746615919307581,1,interior
0.8394857608710021,0.38299164155290677,1,interior
0.7987907589011612,0.12470553676082409,1,interior
0.7052391553396037,0.07304882619564479,1,interior
0.8052021294633935,0.13712565646720945,1,interior
0.4099288434694243,0.33634686877108155,1,interior
0.4997425954029971,0.1095220077985046,1,interior
0.7361706136532555,0.08026689182792121,1,interior
0.8654635956643435,0.2091412654714861,1,interior
0.4542167074623038,0.1372385565968708,1,interior
0.7746969082096772,0.11145845466537668,1,interior
0.8646824415590904,0.3404346908806071,1,interior
0.7165641414781364,0.07515285229653162,1,interior
0.870081534482783,0.283455866266384,1,interior
0.5090726405259454,0.11293726073423611,1,interior
0.7302098098753118,0.0811526205719936,1,interior
0.8498522018439497,0.3486733984006098,1,interior
0.4028716291627454,0.2659033483357926,1,interior
0.44354765768272564,0.17134191552196767,1,interior
0.7393270944368115,0.08201035391418049,1,interior
0.8743037326917219,0.3127877734210686,1,interior
0.8487965940147127,0.35956502454077915,1,interior
0.4034599212253213,0.30558887868788165,1,interior
0.44139559275886,0.17116651214592427,1,interior
0.6973764634885622,0.07637830794498687,1,interior
0.4479338932138375,0.15031256443125454,1,interior
0.840979789961399,0.3696644031565277,1,interior
0.40838872786865965,0.3356344519065216,1,interior
0.8602943310953136,0.3441621680336003,1,interior
0.7312300557898573,0.07914723511184915,1,interior
0.4878526008818482,0.11096433982344578,1,interior
0.8535521611363497,0.3571185120152674,1,interior
0.8736717272583381,0.3075319862113077,1,interior
0.411353263238646,0.3190660773495905,1,interior
0.40828488703953886,0.23444744352194805,1,interior
0.8337287020662969,0.1641721911009876,1,interior
0.4036460991822141,0.28913667822422895,1,interior
0.8592814240624429,0.34886809448816675,1,interior
0.8444856609978927,0.3636764903004653,1,interior
0.8661128850886631,0.32727506003401335,1,interior
0.7449831675027175,0.08478374063625284,1,interior
0.8659625041167978,0.273084832487581,1,interior
0.48333449594048955,0.11915193539259691,1,interior
0.4891820426920623,0.11001316596057274,1,interior
0.7718119567750666,0.10765900472495184,1,interior
0.8589698862625305,0.19598866747377136,1,interior
0.8694549298740188,0.2572868159045777,1,interior
0.8695939295946996,0.26010650531109486,1,interior
0.7692826046554013,0.09769851144284288,1,interior
0.8527747903629714,0.1925622042086197,1,interior
0.4100992686741094,0.25497776440820835,1,interior
0.8519525169426108,0.18065207708872918,1,interior
0.4085268122405569,0.32876886061345734,1,interior
0.8666883594205659,0.2754589563861209,1,interior
0.4567856679702521,0.1404766588818179,1,interior
0.8729345141917865,0.2842217465609756,1,interior
0.40725805433366236,0.28391566876802915,1,interior
0.855471271381076,0.19401345060319755,1,interior
0.8746807926624665,0.29533810508178204,1,interior
0.8620806950556525,0.22310873794753355,1,interior
0.8596710700965836,0.351445016565586,1,interior
0.8594650576181311,0.19772715638345378,1,interior
0.3997628979969215,0.29773423183798564,1,interior
0.40655112077037453,0.29369793360359353,1,interior
0.8729291463186876,0.24302225724430096,1,interior
0.8631908781081711,0.33671497997838173,1,interior
0.8718121625836651,0.2638786926040672,1,interior
0.4816076498819716,0.11688679698814775,1,interior
0.40156908896511023,0.3013655461087055,1,interior
0.8743441823370379,0.24811103578565116,1,interior
0.41319645598602234,0.23352442903335913,1,interior
0.4559374605847902,0.13542583227325106,1,interior
0.8485448663378703,0.17083115537894136,1,interior
0.8732163146177477,0.31057370998003575,1,interior
0.8377450472400468,0.37982485052990017,1,interior
0.4120314876974629,0.32788291447771284,1,interior
0.8445864054093714,0.37622589508474513,1,interior
0.8411340557470667,0.37155844851246345,1,interior
0.8424513812328077,0.36893986716464156,1,interior
0.8600780195339558,0.2215032536619627,1,interior
0.795313872429594,0.11559787608283906,1,interior
0.501194176871179,0.1106643267959952,1,interior
0.47433525207684696,0.1309702026377145,1,interior
0.4146101808818794,0.2308354343364606,1,interior
0.8692444507249708,0.28203241795268075,1,interior
0.40948382633350205,0.34186454247021575,1,interior
0.4259989889729909,0.35252323387447687,1,boundary
0.8639043175115619,0.2090204090792393,1,interior
0.8688285227534088,0.2734375061081622,1,interior
0.8750819098997304,0.24399566259462388,1,interior
0.41933761586177626,0.21077926780292205,1,interior
0.40905975790600785,0.33804660174003365,1,interior
0.4870645624324415,0.12425347599744423,1,interior
0.40674252145533396,0.3157308664056668,1,interior
0.809299858307571,0.14125951191472932,1,interior
0.4956676240296364,0.11237549750849038,1,interior
0.4132468332630012,0.3463169607280028,1,interior
0.737402730838818,0.08119182637090298,1,interior
0.834639132165769,0.38134015691022155,1,interior
0.4456448637441562,0.15810136050195434,1,interior
0.4598962477002883,0.13491633684874005,1,interior
0.8702458290341799,0.3272356178293419,1,interior
0.8656406564906991,0.27118173492086994,1,interior
0.4073542781659984,0.3233332422412617,1,interior
0.49189972211804633,0.11151809241932846,1,interior
0.8522259085903621,0.3603218783995377,1,interior
0.40774399275257217,0.29547532525527687,1,interior
0.8736916702639614,0.2594406703148585,1,interior
0.42317077585289176,0.19098444203591283,1,interior
0.6946672393629953,0.07502384246001427,1,interior
0.4019624187481536,0.30769140849242843,1,interior
0.45217965728003845,0.15172576718652883,1,interior
0.40246493869325595,0.29482053945099906,1,interior
0.4783179982788657,0.1294261759490826,1,interior
0.8408462857474982,0.37757666232564646,1,interior
0.8412845355995814,0.3677239076058097,1,interior
0.47346315446359305,0.12857875234707955,1,interior
0.8690446359191936,0.31690000592865175,1,interior
0.4932602863701284,0.11546110765967364,1,interior
0.7442229964867548,0.08692930107319742,1,interior
0.7144538383722091,0.06937018822851715,1,interior
0.8646409538878885,0.23389079271349641,1,interior
0.7359953909479579,0.09405175610869602,1,interior
0.8442470129724189,0.37297986070083844,1,interior
0.46836132369255606,0.13393598526358763,1,interior
0.8628934723578181,0.20435131296890846,1,interior
0.48628182918019525,0.11099029595226413,1,interior
0.826966527774375,0.1504009246292412,1,interior
0.4940752760057309,0.11125221104906087,1,interior
0.8724120546103635,0.31767356295273635,1,interior
0.8635386337110124,0.2068470673990303,1,interior
0.41780121211677534,0.23209341370187941,1,interior
0.8731825791955945,0.25775228879889445,1,interior
0.40672670929411253,0.29034355051377453,1,interior
0.4352187508462056,0.1744589697429134,1,interior
0.4220621975788546,0.35301305966270763,1,interior
0.8582532942355782,0.1939168851575738,1,interior
0.41027015188430543,0.31439491082956644,1,interior
0.8533222015448116,0.18957708295499648,1,interior
0.8707558794838951,0.2734463071618594,1,interior
0.8421989146872111,0.16906358855323442,1,interior
0.4156838963945985,0.2295229547979188,1,interior
0.4177713542952978,0.21305514372937348,1,interior
0.4075738446984764,0.31424895923914903,1,interior
0.4703153124031957,0.1329770541015459,1,interior
0.5098483958729225,0.11155599331370282,1,interior
0.7124851807937617,0.07075173035257319,1,interior
0.8740805514173098,0.30146220881170777,1,interior
0.4124670788177346,0.24594073653193793,1,interior
0.41659677834541,0.20838632806373278,1,interior
0.41219360532748944,0.3172175001400788,1,interior
0.7787032420887573,0.10585779001745946,1,interior
0.8067882377325678,0.140894054753828,1,interior
0.8601355106525093,0.20913391168822065,1,interior
0.4133018362828114,0.22916729111075737,1,interior
0.41502012359069956,0.20264138070471224,1,interior
0.7993353344669589,0.12875630078312192,1,interior
0.8693178746835191,0.3196454010286906,1,interior
0.4227064899621638,0.1882169072077881,1,interior
0.8622965226639074,0.19731665607458806,1,interior
0.40987658721270903,0.32082081819654823,1,interior
0.8681625737464237,0.24011843701310162,1,interior
0.4147241177968528,0.22788968518142833,1,interior
0.7956027125534771,0.11936196657695099,1,interior
0.8089860558507664,0.1392409246849038,1,interior
0.46064435826018685,0.13291720252294342,1,interior
0.855744974009131,0.1750461903421049,1,interior
0.7915308441785154,0.11337984122046538,1,interior
0.8548457090039371,0.3492569876409327,1,interior
0.8663359624593688,0.21175253227728338,1,interior
0.8756708953975669,0.29854138708498873,1,interior
0.4150928657090178,0.2099126391971942,1,interior
0.7843004436403023,0.11118289050980297,1,interior
0.40569450745769275,0.32184962016392055,1,interior
0.44173423846468735,0.16961320403662083,1,interior
0.4972281803514924,0.11210819958498595,1,interior
0.8684485460759584,0.2768322711201648,1,interior
0.41200175817173806,0.25853442932424553,1,interior
0.8713661382620304,0.32106710826092755,1,interior
0.4811374575001858,0.12382017543868942,1,interior
0.7093824308132957,0.07203469572066233,1,interior
0.8032854029794205,0.13347236301875715,1,interior
0.4169854537205581,0.22654523392520012,1,interior
0.4011311705346778,0.2654912756107723,1,interior
0.8620062347452778,0.35092665486700286,1,interior
0.8735280169605525,0.3213035703833102,1,interior
0.7405768911875265,0.0891818712729633,1,interior
0.8595369580931682,0.3552139696484856,1,interior
0.8662947224875692,0.23153121387890593,1,interior
0.4375912737445462,0.17336879292699903,1,interior
0.4960696747232332,0.1108938671090456,1,interior
0.4247824421705472,0.188985394301463,1,interior
0.8726671287586625,0.2756298349329098,1,interior
0.4707592969833036,0.1299201738939189,1,interior
0.8720119952461678,0.28735427446270095,1,interior
0.7884744617219718,0.11170175451245795,1,interior
0.8447552263131827,0.3708347425630763,1,interior
0.8694920869366883,0.3212580881037847,1,interior
0.7813176174130957,0.11617359199813296,1,interior
0.8761818934847075,0.25049754676899433,1,interior
0.7982023054754094,0.12261944819288638,1,interior
0.4145069197701768,0.19655742451620595,1,interior
0.4236681087939209,0.1977872078747901,1,interior
0.8711832437430207,0.2599721172888311,1,interior
0.7126506823052469,0.06920496665833854,1,interior
0.7080602638528948,0.07575959303562804,1,interior
0.41824183118565017,0.2536810533108762,1,interior
0.4155303097071538,0.25329231180060846,1,interior
0.7304029104882517,0.0774907461460402,1,interior
0.42251128855442366,0.19287705903781735,1,interior
0.8183682985307166,0.1455627009976486,1,interior
0.457207768157278,0.13843569891338836,1,interior
0.6962000495017779,0.07211917259277173,1,interior
0.4463671048336194,0.16469944130794523,1,interior
0.7209869260470458,0.07148689207988225,1,interior
0.4096672427146794,0.2591153199985081,1,interior
0.864435192674869,0.21235768546903053,1,interior
0.863727376212618,0.2753997316514694,1,interior
0.8618351670184935,0.20199717697715183,1,interior
0.8748322271762431,0.3034182089966849,1,interior
0.8462978770156246,0.36929749535271084,1,interior
0.8620525186247772,0.35388666962886395,1,interior
0.39939945366850593,0.2633873771953652,1,interior
0.7187622278438393,0.07101379084075929,1,interior
0.8607092257009175,0.19572548671556125,1,interior
0.8675860885750719,0.23635244892807325,1,interior
0.7810616815071335,0.10512698823516745,1,interior
0.4116062924112778,0.23228212785399127,1,interior
0.8616592946733774,0.34284734001288797,1,interior
0.44523968386931106,0.14139405819669204,1,interior
0.7532080321465916,0.0892983240136992,1,interior
0.7933938761516939,0.1164957153546303,1,interior
0.4263560553927475,0.18205262701245692,1,interior
0.8491091354737227,0.16888878773553256,1,interior
0.8219690430673557,0.15472693013604538,1,interior
0.46146033304960854,0.135563612150926,1,interior
0.8400797725265176,0.3791967818196709,1,interior
0.853066230099838,0.18737547290710138,1,interior
0.8650567411185447,0.33825825253294806,1,interior
0.4179819197446393,0.22371780294926807,1,interior
0.43086970761532956,0.1770737998817112,1,interior
0.6952824157918058,0.07645958962274836,1,interior
0.8637103248119895,0.32665199923603355,1,interior
0.8585993407221828,0.17470030124892297,1,interior
0.8605850686360085,0.19936615444449118,1,interior
0.5075530219129517,0.10751446033759939,1,interior
0.8522232114202428,0.18541662965610223,1,interior
0.733158122212973,0.07979110292911683,1,interior
0.4532903348010428,0.13456386194293543,1,interior
0.8666918197810365,0.3202025507928495,1,interior
0.7617176969766913,0.0924070546851592,1,interior
0.834421834964891,0.1586816044144258,1,interior
0.7338630908625177,0.07843433606476963,1,interior
0.8751654012446552,0.2518335506295055,1,interior
0.44782753440192524,0.1409008260201472,1,interior
0.7180113532667485,0.06959681162830406,1,interior
0.5149869366171775,0.10893680687636365,1,interior
0.8030579278339026,0.13663401407845902,1,interior
0.8513143170537815,0.2075970310184122,1,interior
0.404486330254787,0.31732664450978426,1,interior
0.4856339160696928,0.11462157644786969,1,interior
0.8431482508310695,0.37115284905338497,1,interior
0.41425746138267766,0.2521089057335553,1,interior
0.42002298686155987,0.18804409080491047,1,interior
0.8772822802257275,0.29734740060316944,1,interior
0.7632359758740953,0.09253537661481841,1,interior
0.8342715823575585,0.16138753021154567,1,interior
0.8679088299434778,0.23399108675494945,1,interior
0.8445545290505982,0.1694974396916833,1,interior
0.7568553264010668,0.08986625096669705,1,interior
0.4569581074926411,0.1329253039473172,1,interior
0.4098312832586696,0.3112530721655361,1,interior
0.8624639579301323,0.3346603509911342,1,interior
0.8716009590609656,0.2854694540945305,1,interior
0.4058417544216441,0.23271898748348188,1,interior
0.4106873275480589,0.3436127979268758,1,interior
0.42257017492594706,0.1834798711507869,1,interior
0.8675099921893238,0.21355444904773804,1,interior
0.5143881509018389,0.10297272205887033,1,interior
0.8723405269691341,0.27797015588579743,1,interior
0.7830669142801258,0.11020821459896585,1,interior
0.462948087052629,0.13599018315190972,1,interior
0.4212199555507353,0.19671222745624056,1,interior
0.8550589423124471,0.3470915016710752,1,interior
0.8357645913204935,0.37914222507605344,1,interior
0.45122258471128346,0.13719378785418818,1,interior
0.8722146719736239,0.2713308742540947,1,interior
0.40936494339618273,0.3131694026787489,1,interior
0.8174356402039651,0.14298587799050147,1,interior
0.7992591537632665,0.141859444087737,1,interior
0.6912936860685317,0.07171186868656187,1,boundary
0.48219630781942807,0.12032561928690438,1,interior
0.8732587903746329,0.3039098239594201,1,interior
0.4156716651634898,0.2115040357053905,1,interior
0.7514943189373302,0.09034728148667531,1,interior
0.835582652248217,0.1634466505765133,1,interior
0.45788628603245046,0.1492232267442468,1,interior
0.47950074433255635,0.12005990847774166,1,interior
0.4159851678582872,0.21316980732666446,1,interior
0.4192975008698109,0.19670443169319607,1,interior
0.7224997066418822,0.07103769232304495,1,interior
0.8404427497117208,0.3754882016546744,1,interior
0.8489397744320647,0.3620049411263323,1,interior
0.7650660816367109,0.0927665198306084,1,interior
0.8677853115113525,0.32937193782452157,1,interior
0.7347096248924326,0.07984404117829659,1,interior
0.8470998547510907,0.3651901966653134,1,interior
0.8760036207629874,0.30664975283251233,1,interior
0.7854733094719234,0.11006581715456147,1,interior
0.7117309847502045,0.07790913717165875,1,interior
0.4158347148657567,0.2154281721141152,1,interior
0.4838738748931899,0.11424065401943774,1,interior
0.40819089735259745,0.3448365168509613,1,interior
0.7743541440901605,0.09983819894985185,1,interior
0.5053014356176719,0.11004616375227681,1,interior
0.7798232489805073,0.1033283141176862,1,interior
0.5039382855213422,0.11073356736324289,1,interior
0.40068552458385015,0.2675004373377841,1,interior
0.8647276626410018,0.3349765738961495,1,interior
0.4110718028305187,0.262789443477765,1,interior
0.7426235297707934,0.0875916483607133,1,interior
0.8554377974065136,0.1915722471265454,1,interior
0.8638786663012157,0.20251200902244254,1,interior
0.4789535532200146,0.12580842761967118,1,interior
0.864790219651333,0.23087413084706634,1,interior
0.46745298487153064,0.1312644435411603,1,interior
0.82332846556963,0.15277421176693556,1,interior
0.4108265047713077,0.28610242962350013,1,interior
0.4175079163147179,0.21016567658259291,1,interior
0.49770952032357896,0.109610993189708,1,interior
0.8146674172160695,0.14399700328879134,1,interior
0.4009224524674225,0.2965094921822621,1,interior
0.7669575212145513,0.09361032748955787,1,interior
0.4491628765351913,0.15440971612081225,1,interior
0.42459124870442594,0.18117638899447688,1,interior
0.7036531779380936,0.07381603486484782,1,interior
0.4100628685641615,0.26149975085219473,1,interior
0.5103943701217784,0.10595377297753795,1,interior
0.8233969241578434,0.14983703011410668,1,interior
0.788435950000966,0.11470750714689526,1,interior
0.8650608832837253,0.33113085196962644,1,interior
0.8738438354108906,0.2411135530842204,1,interior
0.4241678003418593,0.18269209669907788,1,interior
0.42373318538912585,0.17937698089477078,1,interior
0.4045722213996873,0.2934454656290444,1,interior
0.510868506339663,0.1036966078537408,1,interior
0.8610533943163593,0.34562779485947115,1,interior
0.4146754773473865,0.2485152613840409,1,interior
0.4833876783439286,0.11154322029590916,1,interior
0.8732482920451402,0.2629425817895167,1,interior
0.8726060812255496,0.2606178579627006,1,interior
0.7640445530860319,0.09805674493426046,1,interior
0.47075159917292425,0.1276104781153334,1,interior
0.8539199232748993,0.1939471263120712,1,interior
0.48111975326412576,0.12559766162103403,1,interior
0.41892392721241783,0.2205118571517414,1,interior
0.86171750226625,0.20039957318225185,1,interior
0.7894814530385035,0.11335155210254902,1,interior
0.872986349820126,0.23985318329869434,1,interior
0.8647203247433031,0.33665480157391797,1,interior
0.8487890075535502,0.3664381896004834,1,interior
0.4491295482861848,0.13963403307563718,1,interior
0.8601045968528098,0.19378789350910208,1,interior
0.44589504413787306,0.1430351311551215,1,interior
0.4093852006760435,0.278659762594635,1,interior
0.7066844651401648,0.07656478406835666,1,interior
0.8585520951208333,0.3444533505572095,1,interior
0.8748075745129228,0.3049627077043793,1,interior
0.48309670026314316,0.12752925086810302,1,interior
0.40625392229175084,0.2627459696412991,1,interior
0.8664605087583068,0.3349374547487485,1,interior
0.41217568371468566,0.25295851302173034,1,interior
0.7623557071002957,0.09048205134556475,1,interior
0.4037102387570396,0.23211015296285664,1,interior
0.8543035088270565,0.18520400108778728,1,interior
0.8111769480762874,0.1398406495226531,1,interior
0.7373435330792657,0.07915408363284154,1,interior
0.40953250241096784,0.23898779400581951,1,interior
0.5135629226531171,0.1061453003795279,1,interior
0.7655164245238214,0.09129866792270754,1,interior
0.45003761867475756,0.1531613257016048,1,interior
0.41402708916159564,0.2501303614207723,1,interior
0.8491032166346458,0.18528996254158944,1,interior
0.4036593074313538,0.2643728936433437,1,interior
0.4052730992781511,0.2844707421915607,1,interior
0.466179952183447,0.13269381661579815,1,interior
0.4866630159500763,0.10909091935528706,1,interior
0.8401637862205853,0.16582733628832808,1,interior
0.8697114214588245,0.2710178993825353,1,interior
0.7769834936494584,0.09945645654417214,1,interior
0.7319087075374185,0.0812673457859732,1,interior
0.8724044850816879,0.3238456690497327,1,interior
0.7357255792043679,0.07841509846017439,1,interior
0.4107589509698425,0.3305308512790969,1,interior
0.4906430209246318,0.11050586507851082,1,interior
0.7469896322046247,0.09080658078004089,1,interior
0.4164475568791439,0.25574979154626215,1,interior
0.44375094617334343,0.1762401273772269,1,interior
0.3986337414673922,0.29936519164373737,1,interior
0.4927293155636474,0.11012449852975142,1,interior
0.8665111835249599,0.3371981307783079,1,interior
0.40808267382082364,0.34004147963853265,1,interior
0.8219735326461297,0.15076526872884097,1,interior
0.4517210671888127,0.1323976859637716,1,interior
0.4494144140367615,0.13174489175649473,1,interior
0.8002977792665834,0.12543933345495187,1,interior
0.8016617753160975,0.13016064297324995,1,interior
0.8547331694558497,0.17311825820682214,1,interior
0.875634719891511,0.24023717065819655,1,interior
0.8643836354137718,0.23540482723467943,1,interior
0.3993900820521599,0.30272532313466294,1,interior
0.4235412499490454,0.19422163043099758,1,interior
0.7230224454836292,0.07356131099698404,1,interior
0.8430894700847652,0.3767140724338544,1,interior
0.8419117167365899,0.3795438048961382,1,interior
0.8616919165483534,0.3491881244924886,1,interior
0.8482961315185282,0.3689758046120707,1,interior
0.8655513638183927,0.33368948007504695,1,interior
0.8692686844440207,0.3255404708759255,1,interior
0.42458063791570133,0.35113616646073736,1,interior
0.8611707541011371,0.32459983617689325,1,interior
0.8524335647687594,0.3645290420021496,1,interior
0.4268944260910324,0.17961134804409382,1,interior
0.8567490937120525,0.19310702742407268,1,interior
0.4453366484190198,0.16086116079121893,1,interior
0.809284828468156,0.1481913066557035,1,interior
0.8617536904584019,0.1940955034353081,1,interior
0.8554348955705668,0.3593021156339473,1,interior
0.42887734668042554,0.17753658683347792,1,interior
0.7326281146216571,0.07753856539454858,1,interior
0.7656999710137962,0.09680619656873295,1,interior
0.8122494857569222,0.14818094423266848,1,interior
0.8660305073554647,0.2146999449910641,1,interior
0.40634620812909406,0.32533403650729875,1,interior
0.8709107173062304,0.27918483565453306,1,interior
0.8745122365386537,0.26073314751694976,1,interior
0.8249707613923292,0.15050425287551963,1,interior
0.4429199769695984,0.14141288058829227,1,interior
0.4063263733717664,0.23055610280436323,1,interior
0.8535194717126524,0.18355839581780004,1,interior
0.4070095903768201,0.33334063636120465,1,interior
0.48481493432551803,0.12349545482247265,1,interior
0.8752249930725764,0.2928466489851756,1,interior
0.7508927957097262,0.09511341983941743,1,interior
0.813519644507039,0.1412375066457619,1,interior
0.8475375839135733,0.3763825236377866,1,interior
0.47096895532895156,0.1348877559905452,1,interior
0.40521563558975715,0.27058833917492947,1,interior
0.8578703819763028,0.3592165941049218,1,interior
0.8198429675630987,0.147298028401561,1,interior
0.8345144770184955,0.1567743248537428,1,interior
0.41456507935569537,0.34835354464682133,1,interior
0.8658688343529498,0.23587884713562682,1,interior
0.7857600433015551,0.11192941904771994,1,interior
0.8663821688700035,0.23379987546053232,1,interior
0.7370404002166576,0.0847349463115766,1,interior
0.849862174565889,0.19513205684327325,1,interior
0.8734320160351228,0.28954992993778095,1,interior
0.49557763277733424,0.10820064431142296,1,interior
0.7387597919832645,0.07713749268009042,1,interior
0.8214525665431968,0.1468650122550133,1,interior
0.3981446357686981,0.2622599441738247,1,interior
0.863616565765377,0.19632541942468107,1,interior
0.3994257472203779,0.2613596380227635,1,interior
0.4078256400139718,0.2381351929358147,1,interior
0.40893168040166306,0.26304870396004354,1,interior
0.7656266493101938,0.09451188896236029,1,interior
0.4100865352354913,0.3280782155121605,1,interior
0.4136505403614413,0.23904109734549278,1,interior
0.8761172169306006,0.26040940416366204,1,interior
0.8745679225049705,0.3144376426368298,1,interior
0.4219718462291588,0.3466470440883979,1,interior
0.4877727550440966,0.1220409291574063,1,interior
0.48715026848626164,0.10729215213512915,1,interior
0.4132145624529179,0.26456487630052233,1,interior
0.4188008878179849,0.24433672210680185,1,interior
0.7107094372540711,0.07073978922691593,1,interior
0.7462787238053008,0.08347852879454597,1,interior
0.3991642237871395,0.27011856114484684,1,interior
0.7500393324081566,0.08790982877620858,1,interior
0.8595858425433288,0.35823802470192334,1,interior
0.42203279056707893,0.35479733683641884,1,boundary
0.47995779238440567,0.11837993982739133,1,interior
0.7390395012600621,0.08022963380557237,1,interior
0.8622613474529943,0.34760345455823016,1,interior
0.8003913326560727,0.13501499387163676,1,interior
0.4841280385789951,0.10877267375228354,1,interior
0.4950629775695132,0.10656757434966507,1,interior
0.4072563332768549,0.32793231466045003,1,interior
0.8718282499561661,0.28159127382735066,1,interior
0.41561741570158794,0.22418578725645905,1,interior
0.8453499896737546,0.1726066716984649,1,interior
0.40576662368632044,0.33137991167633524,1,interior
0.4324986367193629,0.17330514539290412,1,interior
0.41335633026628876,0.20917535775745874,1,interior
0.8167636124445631,0.14584150348091499,1,interior
0.8766006968846413,0.30380238698516526,1,interior
0.8718204052777844,0.2504852892513558,1,interior
0.8563255223729989,0.3483905546405668,1,interior
0.8690422723969101,0.32286406517802885,1,interior
0.8628501722428149,0.22084903351604798,1,interior
0.40161191032392735,0.23256740359743278,1,interior
0.41488779099657463,0.20749099013737288,1,interior
0.7593976144690522,0.0932567765322697,1,interior
0.8612137720070693,0.2195728899849807,1,interior
0.40197372439842294,0.264184526166814,1,interior
0.782400493608425,0.11767472316742639,1,interior
0.43302009560868837,0.17533978773718803,1,interior
0.703969650985266,0.0708614196468602,1,interior
0.48551079049761303,0.10777650137436096,1,interior
0.4542753248761624,0.13299442102406586,1,interior
0.825862288213952,0.1488514486132995,1,interior
0.8697721428047422,0.23878455005421415,1,interior
0.7672406035936596,0.09181862631286758,1,interior
0.4078951495381116,0.33110248192041064,1,interior
0.8516983964111916,0.36221373994703765,1,interior
0.41207644289823475,0.31106826779343144,1,interior
0.8663033165963525,0.22961036232125223,1,interior
0.4034794899153782,0.32000385884738586,1,interior
0.813228302018705,0.14695900475474175,1,interior
0.8771419983485471,0.24619317978497582,1,interior
0.40831473745440483,0.23103196596236028,1,interior
0.41967146791528975,0.2464528810667137,1,interior
0.7168817648522869,0.06801930226796037,1,interior
0.8003804385553519,0.12212759725696766,1,interior
0.40892405655707276,0.3095505231328352,1,interior
0.4130013260681051,0.20648721917332416,1,interior
0.8162428472552357,0.14433326341841968,1,interior
0.869952180972418,0.28970549154491015,1,interior
0.8635272896301025,0.34493034448408216,1,interior
0.47229116724716597,0.12984007602096617,1,interior
0.7406639778741152,0.08558001488667533,1,interior
0.8729724686705268,0.2861634817017548,1,interior
0.7807065553327721,0.10697171045453988,1,interior
0.871719969946708,0.2388282308075819,1,interior
0.40764725846183375,0.3114244627693702,1,interior
0.4003646346710234,0.31008042619982784,1,interior
0.49337879978445154,0.10826811959656725,1,interior
0.7431213726253815,0.08586254584514079,1,interior
0.8568162817575206,0.3608641602050564,1,interior
0.8376098544530766,0.38581479723572637,1,boundary
0.41281613347160995,0.24256776286891907,1,interior
0.4141272584551117,0.21613955536262508,1,interior
0.4206000925926534,0.18450011892231746,1,interior
0.8046616806477195,0.132643480364321,1,interior
0.8017322285195958,0.12406270060105326,1,interior
0.4434531866833505,0.14293541208709584,1,interior
0.42308240909147626,0.18098725936893484,1,interior
0.44367471911562345,0.1565538851032623,1,interior
0.7328778120805874,0.07570137424841486,1,interior
0.41427873071200455,0.24674627521484507,1,interior
0.7829471350353259,0.10704134900843335,1,interior
0.8668864611085862,0.3326087389396909,1,interior
0.8754397632951235,0.28379381202324006,1,interior
0.7627999371283215,0.08772799985402227,1,interior
0.859416466814721,0.3457748886420884,1,interior
0.7163503881506645,0.0698543768309802,1,interior
0.8768412274375799,0.2491031176648251,1,interior
0.4561735553236421,0.13694817008829357,1,interior
0.4849899156723836,0.11320635823374063,1,interior
0.8738626194442086,0.2724534561942588,1,interior
0.7543622547846405,0.09134315012277679,1,interior
0.8527940259919792,0.17864445052837868,1,interior
0.8251750679256042,0.14710679009218064,1,interior
0.7470239048016533,0.08735048135164834,1,interior
0.8006125832158011,0.12026413142350569,1,interior
0.7745919679094019,0.10143645993077162,1,interior
0.8381857199742421,0.1665165661224884,1,interior
0.7553237627419951,0.08980665746783353,1,interior
0.8579633742622316,0.3572079609315502,1,interior
0.403722399145959,0.2628307914185079,1,interior
0.4438772920025618,0.15979251880115272,1,interior
0.40516710676999734,0.3235485900802448,1,interior
0.41630625678378724,0.19635879211689533,1,interior
0.819839917865164,0.14486243840680188,1,interior
0.41674481073037983,0.19806039300870126,1,interior
0.4041839482071388,0.29162931790483404,1,interior
0.4891100581940197,0.10829750439449506,1,interior
0.720479763369219,0.07426647269459359,1,interior
0.8673298984303378,0.2721110410485744,1,interior
0.8708673460026056,0.31686948466223586,1,interior
0.7692499443257719,0.09375486354754559,1,interior
0.40383992152427456,0.28208524872750185,1,interior
0.4018995812060575,0.26245383158875035,1,interior
0.8707834481547049,0.266501349643547,1,interior
0.40267732957037583,0.27206631107506973,1,interior
0.8681686896646049,0.3373552100868511,1,interior
0.846893330853809,0.1713788006651217,1,interior
0.8742773279982421,0.27012952766842097,1,interior
0.865435611704878,0.2063321014920129,1,interior
0.5040535181935843,0.10892177412209578,1,interior
0.8265334948150669,0.1527937253769881,1,interior
0.45175785793594775,0.1354964550581656,1,interior
0.710376374670417,0.06825673470525787,1,interior
0.40712442424798667,0.2607543551195917,1,interior
0.4030849441864495,0.3111773807442989,1,interior
0.49088734005685686,0.10817620713410357,1,interior
0.4267892180124245,0.17667197621034275,1,interior
0.8159717805807257,0.14221354479319073,1,interior
0.8758631467022924,0.2586878781725379,1,interior
0.4398278824860942,0.16950040121958762,1,interior
0.864404068283171,0.1997892426605532,1,interior
0.8174179021561749,0.1410690363399399,1,interior
0.44734554680581123,0.15522695641830864,1,interior
0.40597293078941016,0.25917026222255807,1,interior
0.8472150231188789,0.18365281788802684,1,interior
0.7790471115370992,0.11620193723706493,1,interior
0.8601915346722809,0.1921184242569435,1,interior
0.7488581299402005,0.08547284837392588,1,interior
0.8642244624607192,0.2199269425836522,1,interior
0.864195636538839,0.22651408467978748,1,interior
0.4246023902860337,0.19632325129281175,1,interior
0.4062927878388891,0.3294691954397676,1,interior
0.8405820589775898,0.3814752577018603,1,interior
0.8494708186425586,0.3678806274693758,1,interior
0.4455419935558416,0.14476789899282128,1,interior
0.5022654598653908,0.10880264243781716,1,interior
0.870530590890974,0.32391656519012213,1,interior
0.8751072110850544,0.3093030100181222,1,interior
0.3987846595597725,0.26615855780498743,1,interior
0.3987993443048492,0.23192920730673933,1,interior
0.8168898675952698,0.13962593349247068,1,interior
0.4103488975700346,0.2641790199488491,1,interior
0.4119045363620301,0.24825672816258457,1,interior
0.6981340664532895,0.0705789725316547,1,interior
0.7998209454572811,0.12356315636542853,1,interior
0.40444965598403615,0.27251251100272805,1,interior
0.8073694494245894,0.13228738220235517,1,interior
0.846223635361025,0.3749056361061899,1,interior
0.4115412300446415,0.25439882981092365,1,interior
0.8765237451464123,0.29569455390253113,1,interior
0.40497638315185297,0.3270448654205234,1,interior
0.7680970160504192,0.09869818874144104,1,interior
0.8765331377646618,0.2936471735602294,1,interior
0.41013432039694225,0.2355722212636691,1,interior
0.40271522998580206,0.30398704681759836,1,interior
0.4094714391694366,0.3316601182883259,1,interior
0.8462579705118112,0.37196205884819944,1,interior
0.8125662563309953,0.14351189579753842,1,interior
0.8755834370229085,0.26260950035565084,1,interior
0.4405673652853841,0.1432224101159962,1,interior
0.8500983978674873,0.3653836514205233,1,interior
0.7396017620257337,0.08414437052365221,1,interior
0.45052780231008827,0.1336679087220358,1,interior
0.39670778574782417,0.30210975346455576,1,interior
0.8538519286598687,0.191450220067967,1,interior
0.7407294109620576,0.08281184229965319,1,interior
0.866358810888786,0.2273933090602975,1,interior
0.8671769657853766,0.28399052801416824,1,interior
0.4124220310447888,0.25618645845426286,1,interior
0.43478541495107353,0.17285233539027006,1,interior
0.8723333464329095,0.23705148743853366,1,interior
0.864115779672798,0.21821777178913518,1,interior
0.8676562009921185,0.2288563953983112,1,interior
0.7134686828826184,0.06742907391465969,1,interior
0.8483232443522277,0.37359741959184906,1,interior
0.4010292616723716,0.3050809227310192,1,interior
0.44715299171062495,0.14465504400415663,1,interior
0.7402226372055475,0.07882880323383887,1,interior
0.40256957942992777,0.2603377406939056,1,interior
0.8726794945931422,0.26857056482836855,1,interior
0.8710824310300035,0.23583265612804125,1,interior
0.4192528856717096,0.19931289000392222,1,interior
0.4819810351272992,0.11347926742440342,1,interior
0.464325994722005,0.13327359439073655,1,interior
0.41614223740620937,0.2037851438368973,1,interior
0.7676709618075132,0.09520120856203722,1,interior
0.42194046901209437,0.18977777801639514,1,interior
0.4107628793728618,0.31604837828981663,1,interior
0.8663497584267931,0.21739722826638005,1,interior
0.7582619992229285,0.08790107781400146,1,interior
0.8477816211099706,0.37071788282115936,1,interior
0.4032845959611681,0.2705388673771043,1,interior
0.3979494534246822,0.29644976080292673,1,interior
0.8760940219996952,0.31246092042836743,1,interior
0.4050322893253716,0.28089194957568925,1,interior
0.41037465533226225,0.32266454638881037,1,interior
0.4690495177084886,0.13072191860054327,1,interior
0.877963180736117,0.24437874353715747,1,interior
0.860238997727228,0.1902521976279951,1,interior
0.765019378722507,0.09964537167748677,1,interior
0.7440060869458264,0.08315800200914007,1,interior
0.4098362202201506,0.3459588448150175,1,interior
0.40810738642684824,0.32546961090300597,1,interior
0.4044602913199747,0.2581116015177358,1,interior
0.46715182396626065,0.12968997601336302,1,interior
0.8739841079274447,0.26478767756982813,1,interior
0.407134306510155,0.32135250713262037,1,interior
0.4110278673843729,0.24517471502260876,1,interior
0.4795200135053108,0.11628277149022326,1,interior
0.7297010487800615,0.07957337067834168,1,interior
0.4324426935459588,0.17694005915976777,1,interior
0.40940375412482904,0.2405071928095481,1,interior
0.8728185250094338,0.2658117776076183,1,interior
0.40374907216517647,0.2567231213370885,1,interior
0.842324153684781,0.3812530760515016,1,interior
0.8413548719451327,0.16683769088355396,1,interior
0.8699061091116614,0.2756608616045158,1,interior
0.41346043105526903,0.25426461200857364,1,interior
0.8641567971946786,0.22397132893971253,1,interior
0.6996232005203054,0.06984386009299696,1,interior
0.8553928362920845,0.35776941952874186,1,interior
0.40476206342566334,0.2611777093793662,1,interior
0.4134935122285419,0.20098355605350052,1,interior
0.44791808321616844,0.15193453879496777,1,interior
0.41157765449276257,0.2501265846084979,1,interior
0.862204114660953,0.21816975564508145,1,interior
0.4162910078214079,0.21839489108915824,1,interior
0.4139959484821714,0.2050933659804627,1,interior
0.7424448839941932,0.08371166954294373,1,interior
0.7821027021712351,0.10897198860277228,1,interior
0.8774672513609793,0.31348003439771793,1,interior
0.5079293525683075,0.10486919005028361,1,interior
0.7160163016481095,0.06634741778439482,1,interior
0.46248106423997143,0.1311410471875706,1,interior
0.8752455992912999,0.2561413858704041,1,interior
0.8667977440434298,0.22467095572275314,1,interior
0.8749465432697885,0.2913337599023665,1,interior
0.8775025440666424,0.30588832579087044,1,interior
0.40926443062261425,0.24818855042366947,1,interior
0.8196616204527278,0.14202850880803994,1,interior
0.8579219471123233,0.19168893233158837,1,interior
0.4849272718006006,0.12044939219322591,1,interior
0.8773754174087213,0.31068644326076356,1,interior
0.7567579298406247,0.0918837656144021,1,interior
0.8770705312518808,0.23787554514672785,1,interior
0.8652968210875863,0.20328875709353572,1,interior
0.8241264799993422,0.14820680283099236,1,interior
0.8788816696754381,0.29685898227492385,1,interior
0.8756859778254398,0.2813209591822028,1,interior
0.816546599363796,0.15948077885832623,1,interior
0.421205072561244,0.19438142211342546,1,interior
0.8613726573909362,0.17526064845104122,1,interior
0.40211870557040474,0.26870074478754497,1,interior
0.864691737645477,0.19741681257445956,1,interior
0.8727355376890426,0.2798223714981382,1,interior
0.8682437091485657,0.20792859439510672,1,interior
0.8759864018482072,0.3014392948331977,1,interior
0.40891116535176203,0.23674531410908992,1,interior
0.8731680858624855,0.29115422358354814,1,interior
0.8033332820116414,0.11918055152977333,1,interior
0.41076954480816885,0.21022294040849768,1,interior
0.8100094946577211,0.13706594759455773,1,interior
0.40259591885257084,0.2837714236914766,1,interior
0.8766147183548908,0.25238617863350343,1,interior
0.8152198799694161,0.13958252772814408,1,interior
0.4217263395157495,0.3502217694168451,1,interior
0.412895183007985,0.23100371099428155,1,interior
0.8388131045329574,0.38125805405380503,1,interior
0.4758488003119976,0.12723311597715806,1,interior
0.40083434726486605,0.303221816871299,1,interior
0.7836152164831386,0.10877620565899655,1,interior
0.4728900842388262,0.13172428958305635,1,interior
0.8033101496946597,0.131854968227133,1,interior
0.5059265323267033,0.10666562059642667,1,interior
0.4129258808279018,0.1993776023850243,1,interior
0.3968278343421983,0.2681672522244406,1,interior
0.8722739289373715,0.32574838051513494,1,interior
0.8474681052343493,0.16951524480902763,1,interior
0.8551086214794765,0.36118787600378294,1,interior
0.8230699287604869,0.14703948119965815,1,interior
0.49309781892966476,0.10666666150843865,1,interior
0.8376988290526486,0.1640163182896751,1,interior
0.4692504324144771,0.1287760777211786,1,interior
0.8650399566110355,0.3422696648797139,1,interior
0.4107099311144854,0.24709872322450807,1,interior
0.8693766347919903,0.21250428917907555,1,interior
0.4424580264170078,0.1575845965171533,1,interior
0.4604337186958653,0.13136639014487347,1,interior
0.4019057748137846,0.28001688504444516,1,interior
0.4442272279494156,0.1621741195404949,1,interior
0.40253408764827975,0.28628112449603216,1,interior
0.8364959444594396,0.15556555390913607,1,interior
0.859630396131077,0.21973963593924872,1,interior
0.4122805819448211,0.22669311504570866,1,interior
0.8411777309517334,0.38295810750238907,1,interior
0.7565670885281826,0.08790027028915862,1,interior
0.4049564669461841,0.23405749322144034,1,interior
0.8726342286579054,0.3161341689601697,1,interior
0.4514269473612335,0.13072727102428075,1,interior
0.4136539132150754,0.2258929977217436,1,interior
0.8765975141598045,0.24216647511579764,1,interior
0.4091453115395635,0.3487798211662662,1,interior
0.4195592388195148,0.19488147473165757,1,interior
0.8479217473149813,0.16792242555790923,1,interior
0.4513309555622028,0.13923087795381683,1,interior
0.42552587432578903,0.17516926022354912,1,interior
0.8743112202594557,0.3179367508011985,1,interior
0.4021546142118666,0.29128071228757296,1,interior
0.4266228408183393,0.1734568224314874,1,interior
0.7668588963197743,0.09007206203027238,1,interior
0.47259781514236227,0.12564501458521526,1,interior
0.7308472802331929,0.07454405868548641,1,interior
0.699697595582083,0.06799041365921867,1,interior
0.8431772672267308,0.36123970810306666,1,interior
0.4457789143310633,0.15001452257330145,1,interior
0.8774622541791873,0.3005556500518424,1,interior
0.8697879075910611,0.26845120413935664,1,interior
0.8429212496266061,0.17053227833351073,1,interior
0.4456803467982078,0.15643192030128197,1,interior
0.8780816202134815,0.25773083052334395,1,interior
0.7291491998158183,0.07259230434905446,1,interior
0.480130495307918,0.11172948441853521,1,interior
0.8023100856659082,0.12182606561393228,1,interior
0.5062401258314478,0.10498208979854644,1,interior
0.859122871652322,0.17663694172238484,1,interior
0.40764988434597943,0.22940636717709623,1,interior
0.7084954000914504,0.07006847923621237,1,interior
0.8578550699731737,0.3520697008559591,1,interior
0.8625696799930935,0.1990966200043044,1,interior
0.7873349996376415,0.10907740727390455,1,interior
0.8583522617814834,0.22063302795654918,1,interior
0.8633500143071731,0.3425511787732211,1,interior
0.4575772206727643,0.13079009386159524,1,interior
0.4130131498382109,0.19696464395487254,1,interior
0.4067266252690073,0.23573428797999116,1,interior
0.40567354239592085,0.28296333630374526,1,interior
0.7688682055503646,0.09192516543332317,1,interior
0.8361758936247048,0.15716768252620278,1,interior
0.8353694447941179,0.15393184978062452,1,interior
0.39705581156973113,0.30503112607205546,1,interior
0.41063596064411384,0.2529243103781088,1,interior
0.40667591845233886,0.25737879602305974,1,interior
0.8700140789391634,0.28057378497933116,1,interior
0.8621344650005079,0.34430982152924894,1,interior
0.8744773930874244,0.31640938243593736,1,interior
0.41807030501440035,0.22190034204404122,1,interior
0.8413501553557446,0.1647522747769113,1,interior
0.4005084490055804,0.2692137666189376,1,interior
0.8726393102443207,0.31931879680646796,1,interior
0.3956781340895525,0.3073272618370618,1,interior
0.7753052766078916,0.0977574948052073,1,interior
0.5085010768653173,0.1031370440713609,1,interior
0.462377628824604,0.13341066295865922,1,interior
0.4827663780912373,0.11533316051562642,1,interior
0.8121562539750725,0.1452841520909521,1,interior
0.8505877230397308,0.3690423024217302,1,interior
0.4017496487446253,0.2737379569412197,1,interior
0.878486077278452,0.2951881685962476,1,interior
0.4296759428667549,0.17351079352953028,1,interior
0.8758177240204218,0.26626631938192685,1,interior
0.4250335706378727,0.1777841850810659,1,interior
0.6957179112361573,0.06824407199844972,1,interior
0.4772671539479139,0.1261661551478794,1,interior
0.47637694155816823,0.13042122619441285,1,interior
0.41001685685334993,0.2513947810040332,1,interior
0.8682360453087076,0.21099971580109714,1,interior
0.8108623118660924,0.14273339493284726,1,interior
0.8391390943296232,0.3860081677145917,1,boundary
0.7854920192570118,0.10713587245465422,1,interior
0.8681550860524108,0.22646690792968785,1,interior
0.4083716592730935,0.35081083903969906,1,interior
0.84602495646365,0.3774219047231241,1,interior
0.8550604363360365,0.3637716081131117,1,interior
0.4831173090575722,0.12441928058817686,1,interior
0.4158945999785307,0.2200616609619543,1,interior
0.8637464754385145,0.3487135744320432,1,interior
0.42011775748676394,0.35509833399738,1,boundary
0.8771214278185226,0.26193163310071477,1,interior
0.8782362586798056,0.26035926157189326,1,interior
0.43226256271380215,0.17132700721470553,1,interior
0.4082996879802557,0.25977668168449364,1,interior
0.8748358865668961,0.32307027884412703,1,interior
0.44335772263197365,0.1662671712417573,1,interior
0.8768551140292844,0.31551591067003804,1,interior
0.8572868866662625,0.19986956379749504,1,interior
0.8293023329033657,0.1518947654283975,1,interior
0.5117955150919519,0.10192588616644815,1,boundary
0.8656308191886143,0.21898775408116505,1,interior
0.4017483943909263,0.25728011362770176,1,interior
0.5035540185430533,0.10724147657534375,1,interior
0.8516511681988959,0.16887573211159365,1,interior
0.4142879065871197,0.21317336416939184,1,interior
0.40767881147112967,0.23291295877686538,1,interior
0.8707011274464941,0.3189486264521156,1,interior
0.87105498500029,0.2694986459433418,1,interior
0.8592483449732289,0.18845376275312783,1,interior
0.49164773667054,0.1061087564699677,1,interior
0.41138345848138846,0.19735384267236616,1,interior
0.39846375887598384,0.3067547486682871,1,interior
0.40659325299439164,0.23912639337843167,1,interior
0.4018839055573645,0.28847152450778885,1,interior
0.8787195244008228,0.2415689275323539,1,interior
0.40222605400150135,0.2928218956131607,1,interior
0.5015636755016467,0.10734897135348596,1,interior
0.8739618305210205,0.32466768452898653,1,interior
0.8112246322266506,0.14682614430477334,1,interior
0.4106657453961207,0.1948011755220475,1,interior
0.4044135294658995,0.2301591786186693,1,interior
0.7069172334719057,0.07122604632779354,1,interior
0.8663669550629208,0.2216504174573831,1,interior
0.8432560814206214,0.16684504643710235,1,interior
0.8134205864613447,0.13923530718764587,1,interior
0.8657169703700617,0.3449779418943111,1,interior
0.8597744533071187,0.3610865345198763,1,interior
0.8550670572405253,0.18814846604067106,1,interior
0.8512558263056708,0.3670558054474648,1,interior
0.7791393265213193,0.1016549093060576,1,interior
0.6977828696734546,0.06897486596782594,1,interior
0.8671362192673278,0.2681992002512122,1,interior
0.8432197000640897,0.16277776742113673,1,interior
0.8125233879025324,0.13764983574385173,1,interior
0.87472467679229,0.238836480735712,1,interior
0.48330631683227676,0.10714526644359164,1,interior
0.4108071365587358,0.22975666235503794,1,interior
0.41345326497074136,0.21087082717887212,1,interior
0.4748797461258095,0.1259719619026632,1,interior
0.7938685058933682,0.11419422308020656,1,interior
0.4208535307361173,0.23223517173681824,1,interior
0.40618309439816586,0.3355094227047679,1,interior
0.8642800087851267,0.19406818220338853,1,interior
0.8361290135945274,0.158788650999313,1,interior
0.4219025029128159,0.19849919335138422,1,interior
0.8786547469763716,0.3116481498648124,1,interior
0.4063708407595665,0.33735504782426634,1,interior
0.8739310006898717,0.29389633974804763,1,interior
0.8338034132278906,0.15510008445619092,1,interior
0.44686181986376594,0.14769353367250387,1,interior
0.8740646472423887,0.2815015742288968,1,interior
0.4084588300111796,0.2615849928574009,1,interior
0.8637509231911085,0.3467213368205064,1,interior
0.7555520281847017,0.08518945602404251,1,interior
0.6993933428043076,0.06590581244386876,1,interior
0.6959026448603263,0.07367401360109949,1,interior
0.8676150644806944,0.20558424659022473,1,interior
0.8666345620969118,0.34017769810229775,1,interior
0.84351198672756,0.3832087363286835,1,interior
0.85757969231426,0.1771042722438405,1,interior
0.4184003923058834,0.18876249583370677,1,interior
0.7234473044946921,0.0697232384942213,1,interior
0.4218749073870488,0.18645828344307305,1,interior
0.8470853602752866,0.37871440052294714,1,interior
0.4215520544293483,0.18181767429569623,1,interior
0.3984439264435823,0.23461928041172836,1,interior
0.40436204365584993,0.32998217613458647,1,interior
0.8496144719840456,0.370512317704133,1,interior
0.7829832978870132,0.10520130958322849,1,interior
0.44828014013006284,0.1293698091166667,1,interior
0.4530553105548374,0.13101902441269078,1,interior
0.8395893510630859,0.16372685997259556,1,interior
0.4585755429680644,0.13233677710059014,1,interior
0.4286247166368016,0.172108321340358,1,interior
0.7576232341507463,0.08577005584257996,1,interior
0.7632963355542293,0.08922273052307683,1,interior
0.8406886702523977,0.1625042573888478,1,interior
0.801488919877844,0.1278883124402545,1,interior
0.86938317959718,0.21501532853524885,1,interior
0.874277101886843,0.31973978818689885,1,interior
0.8539611515361836,0.367126259893083,1,interior
0.7026346025608341,0.07251646480491254,1,interior
0.7598124491947951,0.0871368271005566,1,interior
0.47662166352107543,0.12424842798862533,1,interior
0.8220998222556489,0.14362129322811845,1,interior
0.42309393307973514,0.3483945001435128,1,interior
0.4040015869323129,0.23669608198041406,1,interior
0.41469810158181847,0.23246861627279244,1,interior
0.45420195563441795,0.12924579689465426,1,interior
0.8188015472677479,0.13902514400931665,1,interior
0.4127551762279634,0.20370657576934673,1,interior
0.8674044422161933,0.34259487712879777,1,interior
0.39764561421243183,0.30082703938947164,1,interior
0.853409051761675,0.36299580695692557,1,interior
0.7514266111072726,0.08879489916954862,1,interior
0.46467329556921405,0.1305249490359684,1,interior
0.4607230928008516,0.12971647798788957,1,interior
0.8551636467671736,0.1832917717290046,1,interior
0.8145480475860389,0.14853507172539376,1,interior
0.8103776408854152,0.13854726802199657,1,interior
0.8752983280783306,0.32104065513533264,1,interior
0.8686714504489593,0.33252200596119125,1,interior
0.8771764874426337,0.2406489274513066,1,interior
0.7962026835430558,0.11283603973053946,1,interior
0.8449841995025791,0.16722656527503624,1,interior
0.7011979350228328,0.068734954304156,1,interior
0.8562271963151913,0.1897787602927124,1,interior
0.49470024669733464,0.10382567833371525,1,interior
0.8794559529316255,0.2402014943611166,1,interior
0.40462852902699137,0.3340991142320254,1,interior
0.410971143730421,0.20448681608836977,1,interior
0.46967670094952485,0.1263360402173073,1,interior
0.44744535939739843,0.15358654997324964,1,interior
0.41058498098488727,0.33772648088223367,1,interior
0.4204504480858954,0.3534356038580491,1,interior
0.7181049444769003,0.06671544559011583,1,interior
0.8682171426765505,0.23043743259305796,1,interior
0.8650200344726555,0.2921302981346912,1,interior
0.4054283069805646,0.25530101946074435,1,interior
0.8285706192702675,0.15041864026176419,1,interior
0.420578064290024,0.19109807268447082,1,interior
0.8765494634315685,0.264611033353313,1,interior
0.8056663859575999,0.1341058669176538,1,interior
0.8320872400197483,0.15214895531884148,1,interior
0.7017523745822769,0.0711039556778444,1,interior
0.8405250461936248,0.38531196541286217,1,boundary
0.39489166643428675,0.305551837051895,1,interior
0.410587465310883,0.24260389725665388,1,interior
0.4559197047384839,0.1316458407838892,1,interior
0.4891205848869383,0.10496421327661123,1,interior
0.8164475279696232,0.13812442202263436,1,interior
0.40804098457654653,0.25819321741181694,1,interior
0.8064741023576043,0.12987178982346562,1,interior
0.5093358171711343,0.1015997374123892,1,boundary
0.7697683135586454,0.09066697397212775,1,interior
0.803059022199495,0.12554334862251265,1,interior
0.8195742845771813,0.15380178458697136,1,interior
0.4093578353634471,0.25637052307123065,1,interior
0.8527144752343824,0.3683602365718068,1,interior
0.8116153365340637,0.13643113318696706,1,interior
0.8756049173319654,0.3264626565040859,1,interior
0.8764757510921835,0.31829384939643607,1,interior
0.40185456046117446,0.320965564115768,1,interior
0.8590841852427367,0.2683079241025126,1,interior
0.4067149950157492,0.24820970081911564,1,interior
0.4973753370208806,0.10637787526426261,1,interior
0.7205068867046724,0.06670775057031751,1,interior
0.8442892670390669,0.3792620993701623,1,interior
0.7422833902859401,0.07833602519098017,1,interior
0.8769869497767112,0.30863934189708375,1,interior
0.41139511044236615,0.21296095646991622,1,interior
0.4012324987026105,0.2587469618631812,1,interior
0.8656714851029601,0.20130139336995112,1,interior
0.8643420050425727,0.22222675012790968,1,interior
0.4066846348090681,0.26987935113345674,1,interior
0.8793932966563595,0.24313962985402954,1,interior
0.859901480319785,0.35296517687615975,1,interior
0.44703643230097967,0.1395506349538787,1,interior
0.8814132874323053,0.2409693441733091,1,interior
0.4439384874628878,0.144377834229273,1,interior
0.6933628873460789,0.06690437616806642,1,interior
0.44700512267932585,0.1371775980642088,1,interior
0.40517475321915497,0.29022112316796983,1,interior
0.8809035739373413,0.24477625879495474,1,interior
0.7282988608367448,0.0747940973690821,1,interior
0.4793537105758695,0.11006388513113181,1,interior
0.41929904678635266,0.1864059471156409,1,interior
0.8749153008980601,0.2788814861086952,1,interior
0.8787708926894139,0.29321917663331004,1,interior
0.40645931598092544,0.350541942698195,1,interior
0.452477560963509,0.12852397398292653,1,interior
0.7421683138760357,0.0816260331366939,1,interior
0.8705181333439167,0.237342170003034,1,interior
0.8522345580537628,0.1824536198260059,1,interior
0.40167720951865266,0.27075582501673867,1,interior
0.4119797875836643,0.2078185251785417,1,interior
0.7553069695254729,0.0835805298210946,1,interior
0.7493665630693259,0.08942085043025547,1,interior
0.40067833266613045,0.2752761168063242,1,interior
0.4152644384171723,0.2215103864087603,1,interior
0.3974431743809953,0.23603717615393624,1,interior
0.8314711231578347,0.15903717430332115,1,interior
0.40039571267168966,0.2899761250109677,1,interior
0.4373435319729278,0.17083596446762023,1,interior
0.41984017174458604,0.18150703243509161,1,interior
0.43584532729834685,0.17175942378559025,1,interior
0.8657304293872379,0.3471147133860516,1,interior
0.48416706761627704,0.11764735097691006,1,interior
0.8694421473382407,0.2277799464877239,1,interior
0.3943893719423111,0.2694849538582006,1,interior
0.8738056757857902,0.27697370053289466,1,interior
0.4733688831648089,0.12331891214132544,1,interior
0.4170948723762081,0.19367532827764986,1,interior
0.445398174001628,0.163323977425516,1,interior
0.4467445485501609,0.1461501162905148,1,interior
0.4995141813084615,0.10571956392572147,1,interior
0.8736823139722593,0.2879658064537295,1,interior
0.7284486412628317,0.07781399748366963,1,interior
0.8652934915744749,0.19552801955976387,1,interior
0.8681530394571686,0.2184481042749721,1,interior
0.44138612665863564,0.16131907803846868,1,interior
0.7680491582868694,0.08829478452903686,1,interior
0.4072599150188764,0.24080255523077065,1,interior
0.41994473788086945,0.3485403672370977,1,interior
0.7324094159633642,0.07383842526536546,1,interior
0.8355991914600476,0.15216509046642965,1,interior
0.429044295345255,0.17578894279593704,1,interior
0.44303196873791484,0.14632999783095912,1,interior
0.48205035190021783,0.10889564037291258,1,interior
0.4443699742175523,0.1543261648657306,1,interior
0.4137547438645665,0.22205195223287783,1,interior
0.4153770322303115,0.21710331152009096,1,interior
0.40275333730001156,0.3254273618572591,1,interior
0.8459706488594847,0.1684191030186811,1,interior
0.7138042799620269,0.06581462197653497,1,interior
0.44249213293216366,0.1548913587233712,1,interior
0.8784224111805397,0.3035920745924558,1,interior
0.8148892766032174,0.13771159395608845,1,interior
0.4649732793857304,0.13517650844041035,1,interior
0.803867622615721,0.12889480595895575,1,interior
0.4650441515552802,0.12774311288459655,1,interior
0.8216265275869467,0.1452855354741231,1,interior
0.4176192459505118,0.3542453756491472,1,interior
0.48130404957749323,0.11026807690240831,1,interior
0.4591125362838318,0.1302310543287188,1,interior
0.44139895606802915,0.14075139624512054,1,interior
0.4177803064139885,0.3488649896743594,1,interior
0.498862903697047,0.10710638954629337,1,interior
0.7190136523548839,0.06810970434310024,1,interior
0.4116739955457381,0.24369139040725532,1,interior
0.8551426295891594,0.17118627146872728,1,interior
0.8379991301798884,0.38267108200329986,1,interior
0.418661935580794,0.18417495448841367,1,interior
0.8532493232165604,0.16893419182906994,1,interior
0.4053191362067776,0.23751825948712466,1,interior
0.40936609612564506,0.24461945175313657,1,interior
0.867750713174154,0.20333794627566623,1,interior
0.8279861365270705,0.14796867011605797,1,interior
0.7441487259602538,0.07955760547028193,1,interior
0.8559211185281235,0.3503317288419498,1,interior
0.7122944668819924,0.06639151308227079,1,interior
0.7395409208159738,0.0751374729162462,1,interior
0.8684749039050547,0.22370442796207496,1,interior
0.47700765105871096,0.11667069218181422,1,interior
0.40112658163276993,0.27866407524990056,1,interior
0.8540752501261114,0.18199042983862038,1,interior
0.8492084179499667,0.37557505960746557,1,interior
0.8692512485398917,0.2222909720380647,1,interior
0.40514684568324577,0.25244438902010885,1,interior
0.41036366427155707,0.35124418580832273,1,interior
0.8528701310122497,0.16721209193510933,1,interior
0.8239409793176139,0.14506338423929646,1,interior
0.4059645436048847,0.3186783680136181,1,interior
0.4190472825136717,0.3498405447955211,1,interior
0.8696148819227233,0.3407514418778019,1,interior
0.4132283710213814,0.2235451688138162,1,interior
0.42003333863292325,0.19312218757705663,1,interior
0.4177795398572745,0.1910905534756264,1,interior
0.3987844031520283,0.2683193620191119,1,interior
0.8771880905795146,0.2922519092867867,1,interior
0.7028448990088256,0.06821597878184879,1,interior
0.8543055761468532,0.17949505830631005,1,interior
0.4445179020175271,0.14784197771966193,1,interior
0.8575094019069119,0.17139469122313755,1,interior
0.7717679034866406,0.09708423823834043,1,interior
0.7311905250690395,0.07251014347877585,1,interior
0.7215735684910682,0.06415572484954903,1,interior
0.3976505368604932,0.2710980675338975,1,interior
0.4034487958057696,0.23374174236216774,1,interior
0.8431780012398873,0.16469256229523394,1,interior
0.813967517955756,0.1362266615669815,1,interior
0.4075105100815589,0.3532208763394697,1,interior
0.8483655505444776,0.3459754159705002,1,interior
0.5042063258289244,0.10464746801892051,1,interior
0.4123332250786488,0.34790606300758453,1,interior
0.41021433156158144,0.19932880844000314,1,interior
0.8375564190383914,0.1513670653363187,1,interior
0.4047580538553511,0.3496616787971496,1,interior
0.41071702377821456,0.3487399019746624,1,interior
0.43827370141949107,0.143533781432213,1,interior
0.8182983410255541,0.1368704188529459,1,interior
0.8770165124795671,0.26948058148254744,1,interior
0.39912490920859645,0.30502974294242674,1,interior
0.8267439743297421,0.14539932912492154,1,interior
0.4850781377972422,0.10481183131588391,1,interior
0.7940656835840368,0.11244141135631729,1,interior
0.8679380434399652,0.19499853373450862,1,interior
0.8707030089719274,0.22565126114768053,1,interior
0.413318360868285,0.21466053062159746,1,interior
0.4079382353956534,0.24638823562997694,1,interior
0.8464392583483911,0.16566001080365558,1,interior
0.3972530490434739,0.2664868357191402,1,interior
0.8711719329383016,0.2767050036133092,1,interior
0.8665975632157661,0.19682830885143013,1,interior
0.8421545008855376,0.3857498362263957,1,boundary
0.8380149638867251,0.15540529976461673,1,interior
0.40042374073965187,0.30752655984385985,1,interior
0.4975165261337621,0.10806830333954219,1,interior
0.7541484254160987,0.08732378322233919,1,interior
0.4849762752620166,0.11012225435313773,1,interior
0.8553164678844755,0.186515327044669,1,interior
0.8206703896487251,0.15168995831863177,1,interior
0.41759545618981064,0.18533209390286692,1,interior
0.8538753577615162,0.3598542821420721,1,interior
0.8793825252765975,0.3049737913723734,1,interior
0.4099483926119954,0.2332372859267781,1,interior
0.47518772706297974,0.1231185987536531,1,interior
0.8813373801546802,0.29728578611382217,1,interior
0.5055376839074185,0.1082996115982624,1,interior
0.8226625105245011,0.14218117243246803,1,interior
0.4989768811816674,0.10316186915366608,1,interior
0.8447308694881998,0.3853172065002895,1,boundary
0.821232907738742,0.13999480990478208,1,interior
0.4150669165084014,0.20074011968767744,1,interior
0.4086135202718727,0.2505620504195653,1,interior
0.8558562997013055,0.18026494900021567,1,interior
0.4427983472431565,0.1498821632900087,1,interior
0.8200686611275657,0.13786136271638288,1,interior
0.41110953550178503,0.24067536845400603,1,interior
0.42140083555962815,0.17982531451624895,1,interior
0.47183071285177514,0.12351186090770888,1,interior
0.5069985561900422,0.10271078065184991,1,interior
0.6987409355317424,0.0637180889097494,1,interior
0.4772980213426713,0.11961028592653623,1,interior
0.7921981062196735,0.11140527126045006,1,interior
0.8660468044560307,0.3299483591325264,1,interior
0.4532961667703079,0.12696737685200005,1,interior
0.8600224775762674,0.1779794136186226,1,interior
0.7356057723801571,0.07629803838655605,1,interior
0.8498008842863221,0.37708185564576313,1,interior
0.4422762139367056,0.1592273841054808,1,interior
0.8205201977496516,0.14343189824753033,1,interior
0.49246304341301816,0.10464802389499613,1,interior
0.4692903087199376,0.12413496990724886,1,interior
0.8768197481131892,0.2902871609385041,1,interior
0.41834928784369035,0.19265746577780085,1,interior
0.4096771778993892,0.20674790204582014,1,interior
0.3929014466648092,0.27060208599642577,1,interior
0.4727964299998438,0.12717949918596863,1,interior
0.8790715808254709,0.2373959255350112,1,interior
0.8017873481399076,0.11862152211432087,1,interior
0.8306284091324082,0.15382834149113547,1,interior
0.408428671633481,0.2272502890367405,1,interior
0.8782524696569788,0.25060495050231674,1,interior
0.4532020367117986,0.13608825521792428,1,interior
0.4442063704724682,0.13900199087769813,1,interior
0.4487627897903208,0.13726850681160677,1,interior
0.8703871521619291,0.19540647672501257,1,interior
0.7491284738531497,0.08389618242857642,1,interior
0.4686645143929362,0.13232248694101634,1,interior
0.8295602027780726,0.14853183301106238,1,interior
0.8741435134832725,0.2370557855542859,1,interior
0.4202122815504082,0.18962291120658004,1,interior
0.8656415273731956,0.19328193147046915,1,interior
0.4035697883207252,0.32207013957625535,1,interior
0.4418327078990116,0.13820921964618438,1,interior
0.8672729445841079,0.20151644021162232,1,interior
0.4801880658545094,0.1147994463590128,1,interior
0.4450135143030423,0.1463432787144741,1,interior
0.4081444605361275,0.20651179429672653,1,interior
0.8792844963581512,0.2455971279732441,1,interior
0.4112033360101222,0.2144887026263097,1,interior
0.7020713118917831,0.06684186802672883,1,interior
0.4105932502882815,0.23713364213987567,1,interior
0.4458603850496885,0.13842593747597515,1,interior
0.3964731609017912,0.26463201464044145,1,interior
0.44544213672152255,0.15248045609534513,1,interior
0.3990653409554421,0.3083229947362606,1,interior
0.7196633470359096,0.06433045664058584,1,interior
0.4042381628808886,0.3322868293283022,1,interior
0.7197164620960999,0.06946242406783673,1,interior
0.4076592819349299,0.24359910245234162,1,interior
0.8439152793321721,0.38073699822843315,1,interior
0.41764089563379914,0.1872354253300629,1,interior
0.4151533961235587,0.22628321567752696,1,interior
0.40132031647510347,0.27678295067234315,1,interior
0.8473384335366575,0.16303083053878417,1,interior
0.4080493856055659,0.255347876707462,1,interior
0.44221319376889584,0.1446462015357299,1,interior
0.7339031870463453,0.07328765472379761,1,interior
0.8676772074273432,0.2201148920701029,1,interior
0.7454037681399964,0.08087232170743382,1,interior
0.4146565101382803,0.19335300661924282,1,interior
0.7152280949335552,0.06791123606967892,1,interior
0.8697863532618866,0.2085180581039912,1,interior
0.4058477103895347,0.3522968089883193,1,interior
0.45080879353911485,0.12841251618397864,1,interior
0.4084551449812612,0.20046711444012527,1,interior
0.8518802823053319,0.371023846431211,1,interior
0.8809432668863982,0.2953523775525672,1,interior
0.8689769218791314,0.19768131590493968,1,interior
0.8795213650490684,0.31013106475819313,1,interior
0.47899453604377384,0.11336155104135451,1,interior
0.8031275711526077,0.11624754262125742,1,interior
0.39692470693879156,0.23420442167341635,1,interior
0.41757364926238627,0.19541809258026108,1,interior
0.4161952618272465,0.19151710204222738,1,interior
0.8437359665553529,0.37470699678416186,1,interior
0.48178686836637225,0.11196719185628125,1,interior
0.7808753271190979,0.10090785194958442,1,interior
0.4499754172238092,0.13003784611247,1,interior
0.8730765746785167,0.2739073344008762,1,interior
0.8707219789144174,0.2187588095226215,1,interior
0.8051669425055895,0.12732956711466697,1,interior
0.8666680250534258,0.19881092218401802,1,interior
0.7646528698548243,0.08996266580521524,1,interior
0.4190817630830894,0.17913184469388257,1,interior
0.8761919232730253,0.2762508432021401,1,interior
0.8617012505730897,0.3571703873698707,1,interior
0.8452333401010399,0.16444034087164858,1,interior
0.862450867488213,0.17371387770547722,1,interior
0.8753374879873453,0.26805450674856557,1,interior
0.44783733415686083,0.1352110193703829,1,interior
0.8362407025644709,0.16138753693366717,1,interior
0.8304614472542062,0.15061592605003468,1,interior
0.8717585143962494,0.23415705404738232,1,interior
0.8639239176618011,0.19247502009539352,1,interior
0.8600009969617581,0.29555170599387104,1,interior
0.40970851205406117,0.20830158379283867,1,interior
0.5091148909646234,0.10836343845557778,1,interior
0.8767029445581832,0.25543355100247767,1,interior
0.8746557782001536,0.2539486939121258,1,interior
0.49073363963484534,0.10367989270761084,1,interior
0.8037352683292184,0.12353099333895966,1,interior
0.8694352784641193,0.20597766704305492,1,interior
0.7655322527234996,0.08830997769649007,1,interior
0.4017449674761571,0.22957586303726538,1,interior
0.41543527598702923,0.19467231490159478,1,interior
0.8776020544766671,0.2673667611217528,1,interior
0.481482369027372,0.11884476107249047,1,interior
0.41777536861766695,0.18245732165856937,1,interior
0.4418771622958186,0.16705875498036016,1,interior
0.8765020101427182,0.27904605857376846,1,interior
0.8049097766878613,0.11711345288971127,1,interior
0.41379513395928214,0.19462242702232713,1,interior
0.43982080822568215,0.14160936388573692,1,interior
0.8571832151768105,0.1755843054151353,1,interior
0.8699254769668946,0.21044449176075186,1,interior
0.8776112057876082,0.25355343011412224,1,interior
0.8097668161100938,0.1349518915610833,1,interior
0.8759418159932294,0.23598911760017435,1,interior
0.8518982220974529,0.16591711263732603,1,interior
0.8050952712233113,0.11977123598163346,1,interior
0.8705301560515716,0.33907970612560495,1,interior
0.8625579486160301,0.19059725774281547,1,interior
0.4471243289984338,0.13047842214264696,1,interior
0.4154046665864306,0.19005389040638912,1,interior
0.7199806084166552,0.061697343393217766,1,interior
0.4201608762640608,0.3514258923189491,1,interior
0.7311396056048127,0.07613305706220082,1,interior
0.8561326626492554,0.17796434055061502,1,interior
0.8740161940142199,0.26727538625117025,1,interior
0.8041128451945885,0.11496561706936025,1,interior
0.39649294318986056,0.2733367742142677,1,interior
0.7259015894031846,0.07572745836970911,1,interior
0.748594148336943,0.08698478808959652,1,interior
0.8578293781572376,0.18018031352070338,1,interior
0.8223484399738644,0.13798210829442,1,interior
0.8056380603120765,0.13138246632875186,1,interior
0.429273637495154,0.17926157853741487,1,interior
0.8594096885208162,0.17285351626407947,1,interior
0.7052030907593411,0.06758466401734897,1,interior
0.8315223240008782,0.1494314895933722,1,interior
0.8502322057233275,0.379647158333408,1,interior
0.4141059534506489,0.21857990612862505,1,interior
0.8800062876075107,0.262611229279004,1,interior
0.396725757322055,0.2316499556045613,1,interior
0.4100365158732983,0.3538552366605433,1,interior
0.8335264396005038,0.1491072099072955,1,interior
0.8657928414012753,0.22590806493730736,1,interior
0.47130479558466987,0.12118893308730365,1,interior
0.7774883863219617,0.09623633634519942,1,interior
0.8382703561375338,0.162004690397362,1,interior
0.4002897405207413,0.29241177649859296,1,interior
0.848537425705731,0.1657077918621732,1,interior
0.8703727091877175,0.3295548875143231,1,interior
0.40881807157244493,0.20981441063832312,1,interior
0.4121529950218977,0.22472733067142678,1,interior
0.8087901744878491,0.12945313039771292,1,interior
0.7268149428537193,0.07157802986567377,1,interior
0.4110258588935729,0.20135855023908905,1,interior
0.7162484852796747,0.06448498831678863,1,interior
0.8691735454540547,0.2357270998731487,1,interior
0.47586717864446887,0.12175126721066022,1,interior
0.7613665075581474,0.08894350298683391,1,interior
0.4080153308703728,0.2082215693221264,1,interior
0.8251323742175519,0.13747637405866595,1,interior
0.869034164513698,0.34454839242637386,1,interior
0.8385647024014604,0.16030601418313176,1,interior
0.8701766682513441,0.2239992046979229,1,interior
0.8631841433835632,0.20088216126752584,1,interior
0.8403100930845825,0.15929888848408202,1,interior
0.41866030078467587,0.3565679880469492,1,boundary
0.3988790967336759,0.2723434778705867,1,interior
0.8452978057504676,0.3813752626154001,1,interior
0.8663615367947496,0.22316881504043423,1,interior
0.6950858397559179,0.0656633403241716,1,interior
0.867771997262421,0.21607934712955795,1,interior
0.39775941860675385,0.2906410146868317,1,interior
0.8077005297912214,0.12754037836980112,1,interior
0.8571136456858071,0.3624795092557455,1,interior
0.4095572328544014,0.21218502339968914,1,interior
0.8697426628876895,0.20293429460197324,1,interior
0.4067648508208065,0.23417224321663277,1,interior
0.402807069593341,0.2587033031866144,1,interior
0.7352874607605249,0.08164770530441973,1,interior
0.6974468054017973,0.06694050869086465,1,interior
0.7093713283451392,0.06573994266048588,1,interior
0.4992958309626598,0.10109720633567239,1,interior
0.4506776792701067,0.15471693628028108,1,interior
0.8685505158667267,0.20059563425435406,1,interior
0.49478069263362284,0.10963665108297865,1,interior
0.4569695318597569,0.12861626248933525,1,interior
0.5004951724097759,0.10363430553773563,1,interior
0.47731363545087774,0.12263679442073386,1,interior
0.40903950978608306,0.24288925532713024,1,interior
0.4460078229774338,0.12900017938153518,1,interior
0.4088297987682272,0.1965088394584284,1,interior
0.47847087290426304,0.1215168477393937,1,interior
0.759224917313962,0.08935560481736779,1,interior
0.4308348452832513,0.17534899795079809,1,interior
0.48047301248281865,0.1067896445026571,1,interior
0.8747303641256983,0.2868217933063536,1,interior
0.4129185569644383,0.3494396078269676,1,interior
0.7755061017139957,0.09594721961076252,1,interior
0.4026213618306309,0.33451693760822443,1,interior
0.8787032870584602,0.3077856747162657,1,interior
0.8071773957240336,0.13449672083239284,1,interior
0.4147848200119114,0.35022994698818605,1,interior
0.862066709113797,0.17681919968901114,1,interior
0.8783709200334111,0.23880646078740977,1,interior
0.8505206468387199,0.1670577415499713,1,interior
0.8789349833536767,0.3171429889282026,1,interior
0.41634273498922425,0.3483100431230667,1,interior
0.863214784885809,0.22529358858802714,1,interior
0.4395949630061961,0.15797995453990793,1,interior
0.41334262229469176,0.22012075313514712,1,interior
0.87449648553824,0.275534467672036,1,interior
0.8654570205397552,0.19147431468205153,1,interior
0.871058356638602,0.34252695452407866,1,interior
0.4301693534650319,0.1720128050936681,1,interior
0.8568724702234545,0.18481663717607694,1,interior
0.7793310614978107,0.09949017828263544,1,interior
0.7369463298162242,0.07709947412652249,1,interior
0.3983644520885957,0.2646136289299023,1,interior
0.39548058240084377,0.2364203434474074,1,interior
0.4961134805515498,0.1053671955362065,1,interior
0.4046710446764418,0.3357689377303336,1,interior
0.40751146127395943,0.3484039114618988,1,interior
0.4118422953808448,0.216995172781067,1,interior
0.8583688953497531,0.1901406150558151,1,interior
0.8777682671090424,0.2635749160596313,1,interior
0.8772871289851131,0.2347734994488521,1,interior
0.39519323112751914,0.2743648424139214,1,interior
0.4173949273026207,0.3507646120461984,1,interior
0.850581740219865,0.3727450037165793,1,interior
0.856676576044395,0.16893646161098294,1,interior
0.3987073089690875,0.2782489324861989,1,interior
0.5012036589648138,0.10505022147742445,1,interior
0.7997323740306767,0.11793928794463533,1,interior
0.42164779939174657,0.17796990970005636,1,interior
0.4027246014758413,0.2755315371293892,1,interior
0.8137752998203877,0.1455098471888944,1,interior
0.8731097659058692,0.3272364034004649,1,interior
0.7028562507533441,0.06975520417112763,1,interior
0.8731164154133015,0.19484260385139593,1,interior
0.8797763417516539,0.26109389664246313,1,interior
0.40237210240551763,0.3310630526327689,1,interior
0.8792306578733708,0.3007374942140299,1,interior
0.863571396338992,0.3511803055744348,1,interior
0.4426010420069557,0.14816109476746378,1,interior
0.4166230142501598,0.2229699424885378,1,interior
0.3909827041373445,0.27197072161074815,1,interior
0.8169452544948065,0.13612410462227115,1,interior
0.8618614871112695,0.19214228182599896,1,interior
0.8503947090267271,0.16497416139901463,1,interior
0.44298330392845187,0.15170585863195593,1,interior
0.4637505102670639,0.12912838671945026,1,interior
0.705028843024131,0.06950619709367252,1,interior
0.8547620448152831,0.1671689098311284,1,interior
0.8256306493643077,0.1443530107560712,1,interior
0.8345132919890039,0.1505155385708911,1,interior
0.8718031827978295,0.32822479618465294,1,interior
0.41177917119195584,0.2199173338058296,1,interior
0.42284341186677715,0.19614240057480217,1,interior
0.8383351479442379,0.1585318646041926,1,interior
0.5049550758379087,0.10226241821453835,1,interior
0.8298577513663645,0.1467907730928411,1,interior
0.8375797491181369,0.15321479251038872,1,interior
0.40126408834877003,0.28162070757292745,1,interior
0.6912118566429397,0.06702924935350942,1,boundary
0.39514102582520083,0.23469966392406333,1,interior
0.41409909342266704,0.31270375879944873,1,interior
0.43988086492348155,0.16558565528084787,1,interior
0.5088176295296433,0.10617336105757087,1,interior
0.6976476460908102,0.06510337262831138,1,interior
0.7125128397374277,0.06478601799038465,1,interior
0.7733459577589693,0.09483037706865616,1,interior
0.8493351816384027,0.1635222636450299,1,interior
0.395648151786054,0.2715942248166209,1,interior
0.4067344605072308,0.19669573931355547,1,interior
0.8641494867131467,0.17624101622486732,1,interior
0.7509183958317585,0.08465417494112694,1,interior
0.8521470187159158,0.16440570417625894,1,interior
0.7713250471313089,0.09460372765252317,1,interior
0.8550292990578705,0.16558935088102705,1,interior
0.4296167067556727,0.16998154500586787,1,interior
0.8483467440318885,0.3777635274949399,1,interior
0.8801693440716176,0.24849477961459918,1,interior
0.44560127634938823,0.1336774121982848,1,interior
0.40550965022427865,0.34018874241758584,1,interior
0.40014963198809317,0.23073432149683423,1,interior
0.751729626385502,0.08699330398618405,1,interior
0.3976105727661902,0.22990740308680468,1,interior
0.4934925891508076,0.1020367038046776,1,interior
0.4412314075142918,0.1362002900870269,1,interior
0.8778952672873174,0.2719214528795065,1,interior
0.7438222524318948,0.08126582573079079,1,interior
0.8802331265568247,0.30665376372562525,1,interior
0.7224727652310319,0.0626256568307929,1,interior
0.40455450031525,0.33758270965655973,1,interior
0.8062387983530178,0.11444819317999289,1,interior
0.4179829618819945,0.35225988308323686,1,interior
0.8792510477620087,0.2913537337863886,1,interior
0.8677695895099444,0.339101309015582,1,interior
0.4202574287423777,0.3246102341541789,1,interior
0.831258250087304,0.14774523124458175,1,interior
0.8054276897939084,0.12572593757907677,1,interior
0.8787839825925923,0.23539652757209745,1,interior
0.4623830842380679,0.128126044054202,1,interior
0.8668964999744454,0.21018454063941566,1,interior
0.8792838292246804,0.2641041990144444,1,interior
0.7139509603964541,0.06393606389648926,1,interior
0.4914365676351348,0.10129183929779674,1,interior
0.8184061113917824,0.13525670347903088,1,interior
0.4159101716453197,0.3516958178632407,1,interior
0.8521527231608544,0.37697894718643854,1,interior
0.8286512958905011,0.1456950095451098,1,interior
0.43989727120351146,0.13954588890177028,1,interior
0.4066949496145733,0.31275215155973657,1,interior
0.8688824836078706,0.3421594507682036,1,interior
0.39767288330917316,0.2941507733442801,1,interior
0.7470384897929606,0.08163402507788699,1,interior
0.42813017608396176,0.17408342918327105,1,interior
0.4336874894479051,0.16948800503664013,1,interior
0.4032495399889641,0.2530365731879639,1,interior
0.8168728070192769,0.13426423395791978,1,interior
0.8637459764375459,0.3536797570194033,1,interior
0.7967622787676937,0.1109808667340115,1,interior
0.41139291149919405,0.34641367442758747,1,interior
0.39917433244806444,0.2879066402856986,1,interior
0.8757526276473847,0.23415151661031003,1,interior
0.8641522852394942,0.17902279081142677,1,interior
0.39721126996527284,0.29875229051743646,1,interior
0.8246845699862979,0.14295393884140886,1,interior
0.8634060589054255,0.17490242541665144,1,interior
0.7736713931946388,0.09681338256762041,1,interior
0.4406180155381136,0.14787285619143342,1,interior
0.45956102340119165,0.12708949888167903,1,interior
0.5022188816569821,0.10339850740648193,1,interior
0.405559965582754,0.22851734065553028,1,interior
0.3926105803706243,0.30388707600067266,1,interior
0.7477051892278357,0.08446261602267233,1,interior
0.7327449263690466,0.07153611360610575,1,interior
0.3946053270039945,0.23273429146992683,1,interior
0.8078866013821173,0.1252866677393478,1,interior
0.4031440325839264,0.33635782604915,1,interior
0.861855420103346,0.1786606742719464,1,interior
0.39257590074406545,0.3055810556918193,1,interior
0.7215304266128242,0.06939427044291092,1,interior
0.4779796657964983,0.11467836063693555,1,interior
0.863231353267795,0.33993793618765944,1,interior
0.3997941265258941,0.27972682485124495,1,interior
0.4036357621493668,0.2548943588758603,1,interior
0.4792610983810459,0.10816547893751101,1,interior
0.4958177364813763,0.10178472521682692,1,interior
0.40108503573287113,0.260868883526082,1,interior
0.6907198714308027,0.06444145164655203,1,interior
0.8793676076528546,0.3150998340933511,1,interior
0.7849980435314823,0.1050312959838518,1,interior
0.40358402269048216,0.22873854853939685,1,interior
0.734414299300501,0.07062279891323249,1,interior
0.879435385254525,0.31332393528614405,1,interior
0.4163392006877509,0.35318645966156337,1,interior
0.8703317896342081,0.2329971599946892,1,interior
0.4045868783693408,0.3512752643184854,1,interior
0.48672486222149586,0.10504399949199215,1,interior
0.40510721820451395,0.24141745619356458,1,interior
0.8733233264286451,0.23528087073929305,1,interior
0.8778428020710775,0.2742357491225476,1,interior
0.857210824318587,0.18674709401015316,1,interior
0.49786664971640204,0.10453427461169551,1,interior
0.8620873498957488,0.18898129814912534,1,interior
0.41634381486408467,0.1842767418522502,1,interior
0.7296065497687676,0.07107950531190685,1,interior
0.4050866460465026,0.2429420438527748,1,interior
0.40644459591899273,0.20799043118999563,1,interior
0.4773024580295933,0.10941513642848688,1,interior
0.867691644458574,0.2952572195911577,1,interior
0.8390853529554895,0.15412894790460316,1,interior
0.8098415562125052,0.1333021254440506,1,interior
0.8519975993385949,0.37381326884480615,1,interior
0.8095348225901351,0.12665902931957812,1,interior
0.44297266557088794,0.13442050440279232,1,interior
0.8682643604418682,0.3355826463739224,1,interior
0.8657536816163669,0.1773480531103726,1,interior
0.3925550326734488,0.3073734243314777,1,interior
0.8789986330832326,0.2332281098073494,1,interior
0.8823825618449558,0.24601605627495823,1,interior
0.8812670861115073,0.2999133522033064,1,interior
0.7783842511108449,0.09779924884001985,1,interior
0.8689257441725033,0.23198845453810082,1,interior
0.4244103078142276,0.1729971953167101,1,interior
0.8840207422265911,0.29664427005871646,1,interior
0.8610561798543678,0.3637239036955772,1,interior
0.8050531002240215,0.12276201325525635,1,interior
0.8331712787714708,0.14718510897784573,1,interior
0.4058234034468006,0.3440014883828316,1,interior
0.7663466807650069,0.08616228605347727,1,interior
0.403096929495722,0.33835816853356676,1,interior
0.8704424162463601,0.33738977897521677,1,interior
0.41694629317558357,0.18103691264785746,1,interior
0.8547900334328894,0.3698684283703726,1,interior
0.40996228799379714,0.22803595331139914,1,interior
0.4126491020216038,0.19362373192028864,1,interior
0.873123016369825,0.32897809006140893,1,interior
0.8401316780987291,0.16097201918938747,1,interior
0.4790968935106854,0.10419540896014742,1,interior
0.7229740818977956,0.06663335311987469,1,interior
0.85032257483808,0.37439053965789026,1,interior
0.48970981688491577,0.10666872150624954,1,interior
0.40220530094786194,0.2274970675489211,1,interior
0.4039416384327271,0.19747285063648876,1,interior
0.843118754413157,0.3782898190718205,1,interior
0.8468054404793266,0.382273606772797,1,interior
0.7533704835683996,0.08534205936984444,1,interior
0.3981312241643591,0.3038049030702071,1,interior
0.8491381194900062,0.38086848569206383,1,interior
0.8794812857990539,0.2983492235805654,1,interior
0.4098329462327361,0.22646001691379652,1,interior
0.40540737293524987,0.3420355779187306,1,interior
0.856814318695091,0.18260615645425707,1,interior
0.4083628017136459,0.342990832914503,1,interior
0.4488119215314819,0.1266606509817349,1,interior
0.8816735152248437,0.30889880277148357,1,interior
0.7710772722723447,0.09149261733188212,1,interior
0.3962989590250614,0.2756130895000131,1,interior
0.39450855833188847,0.2667133815173638,1,interior
0.47662328707246443,0.11319497581089329,1,interior
0.8747179115936039,0.31085940415974356,1,interior
0.8038860238532258,0.12085741829370487,1,interior
0.4465582713714143,0.12745887769449532,1,interior
0.8068293276340256,0.12233494899330738,1,interior
0.39809749380963716,0.2744345828114175,1,interior
0.8688158293393976,0.3465569691998227,1,interior
0.839344285377044,0.15144300467097704,1,interior
0.8794992915440913,0.26688381862604593,1,interior
0.8794909367113031,0.2567511247820101,1,interior
0.3985462540499232,0.23743619204023012,1,interior
0.8828508260882805,0.24881538080739266,1,interior
0.8619601346571268,0.18159617556277063,1,interior
0.7781638438074316,0.10047757181795205,1,interior
0.4395713448827501,0.1627211817024468,1,interior
0.8558152752299506,0.37162252433302256,1,interior
0.489213373157818,0.10254062562097149,1,interior
0.4126380952829247,0.3531899198648531,1,interior
0.7070908422955785,0.06948341400961096,1,interior
0.8645850523320942,0.18740897841877938,1,interior
0.7708480933290072,0.08857110907160237,1,interior
0.8593395214093159,0.17109272939622155,1,interior
0.8618934014660663,0.17073236010645948,1,interior
0.4191838261043747,0.176689555672084,1,interior
0.3938510061772406,0.23695692376766256,1,interior
0.48783636156664756,0.10391470565125169,1,interior
0.4129322714754564,0.35097529143327905,1,interior
0.40042626243195895,0.2283172407800845,1,interior
0.8689138169372185,0.2170893840011008,1,interior
0.8665818834135756,0.20781577654175817,1,interior
0.8805570494111689,0.23490460210700373,1,interior
0.8806106010429583,0.2590359665180305,1,interior
0.40166215552277784,0.33679266199818825,1,interior
0.8451324869402296,0.383573658826139,1,interior
0.7284824324086675,0.06965162895844003,1,interior
0.8774888128501224,0.3022573112700603,1,interior
0.8033042571589963,0.12736460527086652,1,interior
0.6885996334726391,0.06413179603536079,1,boundary
0.42111858264890123,0.17554924075822495,1,interior
0.870840642012158,0.1990913754983759,1,interior
0.8017553488609466,0.132703921199531,1,interior
0.506391078641016,0.10096024302058138,1,boundary
0.7904643025896398,0.10956279083572859,1,interior
0.43577851573985993,0.1700987774015034,1,interior
0.8722621323246034,0.2325651555890181,1,interior
0.41151566714498794,0.2284084826885006,1,interior
0.5014699164905282,0.10193182972594039,1,interior
0.405504474637045,0.3107700944888141,1,interior
0.4087442476740215,0.2143293324354928,1,interior
0.6965112520378359,0.062682295771915,1,interior
0.8771700106863681,0.23201071473661553,1,interior
0.7675606073661649,0.0970631889259688,1,interior
0.7705084161679836,0.11306759775694757,1,interior
0.8552334518735952,0.37397141469249423,1,interior
0.876457610827714,0.3241734155211973,1,interior
0.5028419467454985,0.10541686322017163,1,interior
0.47855122684057705,0.11749703815412063,1,interior
0.7404211347350699,0.07313552059857768,1,interior
0.8454565563116433,0.16285176609806803,1,interior
0.46192636968996365,0.12519318481883526,1,interior
0.7682927483329944,0.08623763013278969,1,interior
0.8784789913282947,0.2656645191984387,1,interior
0.7815819279103813,0.10269854545008146,1,interior
0.4080005080568108,0.25323302984706064,1,interior
0.4024755143955634,0.23112700691980975,1,interior
0.3994540085546134,0.25976582827590594,1,interior
0.8197163126937779,0.1363111322051538,1,interior
0.8063521703172889,0.1283317660008415,1,interior
0.3993519665101707,0.31170325596756865,1,interior
0.4139485570062497,0.24524915354825721,1,interior
0.8099904714219952,0.12504443808701687,1,interior
0.8605183303921683,0.17399273639266813,1,interior
0.8237122606625091,0.14055871015754604,1,interior
0.39403884554637764,0.23956098144592095,1,interior
0.4384148711548668,0.16750479411575464,1,interior
0.8793458735600016,0.24717986932001126,1,interior
0.5028331020057338,0.10105984293497451,1,boundary
0.8597572002675747,0.18062342692491415,1,interior
0.4412080616788692,0.14987450883305947,1,interior
0.7416708918779729,0.08001551246454024,1,interior
0.8788731825986921,0.26930731974580663,1,interior
0.8800741789370172,0.2704379438058069,1,interior
0.8275193450942173,0.13835589101067125,1,interior
0.7250371591816184,0.07218902414730984,1,interior
0.8828713648479758,0.2629212622678833,1,interior
0.8784340083131413,0.2896933151827201,1,interior
0.3960670884916102,0.26226401036398994,1,interior
0.8721802075473974,0.34144586558705997,1,interior
0.8709422653730581,0.3463509163298622,1,interior
0.8480890510820575,0.16134080104046777,1,interior
0.40450889809023916,0.23914332393816037,1,interior
0.4026652507290746,0.34948907883834135,1,interior
0.826612870734859,0.13593244614876931,1,interior
0.8797350819915695,0.30244721592155077,1,interior
0.4953367323847424,0.09972539549748281,1,boundary
0.40315886543277324,0.3412413745041546,1,interior
0.44340380443424005,0.12895615288788606,1,interior
0.7697126737744593,0.09587467003233256,1,interior
0.4111953252396865,0.35258466581254594,1,interior
0.8470772714293324,0.3846574976222736,1,boundary
0.4006897157104473,0.3385129687836098,1,interior
0.4782039535028038,0.11169919584294599,1,interior
0.39061738001642166,0.30530041896839927,1,interior
0.40676508055210636,0.25437724494926955,1,interior
0.8811187823453552,0.26386402438135587,1,interior
0.8564201710551281,0.16713401489119195,1,interior
0.4186007794418725,0.18059852574729612,1,interior
0.8701727638480296,0.23001347084666035,1,interior
0.4423071396423364,0.15308729007156596,1,interior
0.4687661144753946,0.12163432503865032,1,interior
0.7178611929061043,0.0643659909581178,1,interior
0.7641655038077337,0.0868339759840386,1,interior
0.45597332886436737,0.13012727736928362,1,interior
0.47516611415206683,0.11222617352282671,1,interior
0.8576385280962271,0.3639766699147062,1,interior
0.8805243027867284,0.25095191796105404,1,interior
0.8755282869108173,0.27250703318420977,1,interior
0.43824617560613854,0.141961332078325,1,interior
0.8722172581737319,0.22780072766063808,1,interior
0.753637590596088,0.08349516460275724,1,interior
0.4673366264230094,0.12705189950670429,1,interior
0.8711423906345346,0.20662889683656038,1,interior
0.45790141949445773,0.1260826298600999,1,interior
0.44514030362797385,0.13514402904971978,1,interior
0.839800189464585,0.15562418430527905,1,interior
0.5043782573315525,0.1005007823691378,1,boundary
0.7362553798937859,0.07009727394762715,1,interior
0.8783829814270482,0.2556690494390364,1,interior
0.7826145295743737,0.10064727272374412,1,interior
0.49368910320677684,0.10047045566542795,1,interior
0.4593710282127689,0.12862436130951416,1,interior
0.8272071404262241,0.14359305279775691,1,interior
0.875781516024841,0.2743476085612548,1,interior
0.8676951085006818,0.33403522359963994,1,interior
0.41330057305144136,0.1917760759571363,1,interior
0.4756236901224606,0.11773487121201187,1,interior
0.8779996196694148,0.28107390681568056,1,interior
0.4348156490283713,0.1674427178000473,1,interior
0.40467080788482324,0.31217908688454954,1,interior
0.4918482042053964,0.0997228543145668,1,interior
0.869311079246192,0.3284676387977504,1,interior
0.827940669925503,0.13373579013398085,1,interior
0.44264822299802714,0.13688583213784147,1,interior
0.8014859498602861,0.11712588582389886,1,interior
0.8560811139969644,0.3654307285353025,1,interior
0.8196796903235196,0.14045270526410972,1,interior
0.4695201968973707,0.12027035359061582,1,interior
0.8217270794510546,0.13618765441768801,1,interior
0.4014400706856933,0.347338410921318,1,interior
0.7514320931183763,0.08193237177661376,1,interior
0.8760286940355474,0.2474430516450926,1,interior
0.8696216100338049,0.2199866781707249,1,interior
0.4084099461614129,0.19491583994724404,1,interior
0.39752958290934065,0.2581079536994973,1,interior
0.8549755248750855,0.16894929562975508,1,interior
0.7824334433505058,0.09831832506185528,1,interior
0.39998284844583576,0.23589475885255615,1,interior
0.8424883979399366,0.16067155155864962,1,interior
0.8520458812631666,0.3754397965705443,1,interior
0.4158016500744533,0.18225577322396938,1,interior
0.39908276549678706,0.33955335015253146,1,interior
0.40845846794931384,0.19811332078900065,1,interior
0.4040575051529534,0.2504722432990072,1,interior
0.7794051208180157,0.09400981242177193,1,interior
0.8683641153113332,0.3481580444286716,1,interior
0.40084104571899554,0.28702664864312416,1,interior
0.8700433375254012,0.33525223269839327,1,interior
0.41454753415045525,0.18442594718584132,1,interior
0.88117082943344,0.3038536447934187,1,interior
0.7733054702396599,0.09310542563413604,1,interior
0.8528277646913026,0.3785753034132485,1,interior
0.7848129065126711,0.10138006835160349,1,interior
0.41089503823988166,0.35588415594872913,1,interior
0.4095713529471756,0.20279322287810667,1,interior
0.4555870969124052,0.13376277906156395,1,interior
0.8718821794901933,0.33112171229998183,1,interior
0.8502268299053151,0.1616008719507993,1,interior
0.4260191892535472,0.17138666048310244,1,interior
0.8708234283843438,0.22244382628501472,1,interior
0.4420247203872464,0.16302448332307012,1,interior
0.725099495989999,0.07409173150695175,1,interior
0.4040980083878804,0.1956168476548744,1,interior
0.39500135171740225,0.23806437463925634,1,interior
0.437761361452079,0.1572125677060004,1,interior
0.8752003354248488,0.32862985121454746,1,interior
0.40066286872575857,0.2721524480540421,1,interior
0.39887582261527466,0.27659807345375864,1,interior
0.4164624047091756,0.35615257266189915,1,boundary
0.825232747798142,0.1410779329635893,1,interior
0.8680212052250385,0.23854331972525397,1,interior
0.39923063897432887,0.25663713934798005,1,interior
0.397527779517068,0.3081010393643384,1,interior
0.833717125161921,0.15222823198914243,1,interior
0.7804456144794136,0.09608241753181339,1,interior
0.8506865386067906,0.3817243875269038,1,interior
0.468134025431838,0.12564639605160957,1,interior
0.7314673100795195,0.07026051947213223,1,interior
0.8810613878638012,0.25590781258710976,1,interior
0.3954050331444877,0.3032649062775964,1,interior
0.8762981546112062,0.28548429752766696,1,interior
0.42738794613097064,0.17058647336392413,1,interior
0.4449579991470425,0.13700981915994107,1,interior
0.4077202037622301,0.20491222494302158,1,interior
0.8741112877636323,0.2329256954776647,1,interior
0.7641991838144652,0.08504766279557315,1,interior
0.4441110091226874,0.12744987145530545,1,interior
0.40602211224607215,0.2054466235960738,1,interior
0.8511695107953179,0.17924108742761816,1,interior
0.39329820237074153,0.23541887364608588,1,interior
0.8780060347932286,0.28323099135731256,1,interior
0.39984736889389005,0.3352292931132065,1,interior
0.4015757655236091,0.23508411826802073,1,interior
0.40437742563581014,0.3447250768578208,1,interior
0.7183864798764491,0.06288685646602185,1,interior
0.400897476856384,0.29461410503481184,1,interior
0.43100809996224443,0.1688569543295497,1,interior
0.8672650408136143,0.34417330699547233,1,interior
0.8487436822110935,0.38246902550765793,1,interior
0.7684009762920037,0.08415304643420513,1,interior
0.39806045717788613,0.22697992950154908,1,interior
0.39613941067431946,0.2696505745331111,1,interior
0.4963006039200407,0.10370750926110497,1,interior
0.404908994815884,0.34796625859289654,1,interior
0.8811298374066517,0.29372017916610577,1,interior
0.3963060792549677,0.2774520527151088,1,interior
0.8610369709985414,0.17241715947432287,1,interior
0.81130529887928,0.12627185577442937,1,interior
0.7034854643097282,0.06419304583092955,1,interior
0.42245231511049874,0.1745608521391177,1,interior
0.3999462775280176,0.2334904241821202,1,interior
0.7231022429147795,0.06403853983603904,1,interior
0.7843591917830623,0.10295759600636012,1,interior
0.39244864055639206,0.24206970544371287,1,interior
0.41383042996038244,0.18052995124784973,1,interior
0.49772015742897896,0.10193498514123325,1,interior
0.8807615234480831,0.25421233469929533,1,interior
0.39436690165366556,0.2727602984756424,1,interior
0.4176926016258087,0.17785372352895717,1,interior
0.43906320097658347,0.15630980486588264,1,interior
0.8639632183459615,0.172740702336172,1,interior
0.40512233472845743,0.3154834114222167,1,interior
0.3940449640768251,0.2634883825496584,1,interior
0.4064020668247384,0.251455280988231,1,interior
0.43714918122852,0.1687994304092074,1,interior
0.40655395797914257,0.34547308028560075,1,interior
0.835001739792922,0.1467393131840892,1,interior
0.39955457065426436,0.29542246912078385,1,interior
0.851612159373478,0.1629320286955821,1,interior
0.8450931439746661,0.16048707281171382,1,interior
0.46680394017775045,0.12124110872992856,1,interior
0.7903710539892775,0.11137292023850924,1,interior
0.4379753323211875,0.15879183518592194,1,interior
0.8712181623519314,0.2136320636303449,1,interior
0.7486017178334797,0.0822411463689071,1,interior
0.3995577981800638,0.31416300622122584,1,interior
0.4657022476144215,0.12490788925125976,1,interior
0.8775204492245625,0.29888933597239414,1,interior
0.8120543605285738,0.13340519342492987,1,interior
0.40227445537680073,0.3188281196926107,1,interior
0.8081884418046084,0.13709769494516486,1,interior
0.7011809601126312,0.06537433932369137,1,interior
0.40048832527126066,0.3195377737916501,1,interior
0.882724584722188,0.23619592205243511,1,interior
0.4016947483434949,0.2554904747898609,1,interior
0.4439767465896418,0.16399665449891282,1,interior
0.8635134907225682,0.17126787238003205,1,interior
0.8040568118807807,0.11341802360363339,1,interior
0.8795593447698447,0.25287934088688796,1,interior
0.3912541406172337,0.2373526822347379,1,interior
0.4100857809424608,0.21764486542376218,1,interior
0.877011631342165,0.2876354811000953,1,interior
0.882642098078021,0.29843594753769276,1,interior
0.39484317769326704,0.30923072393794,1,interior
0.4939423194682944,0.10526097777885753,1,interior
0.8837610122621382,0.25520443713263136,1,interior
0.4759567338153043,0.1152586137173057,1,interior
0.7899120211902595,0.10754464049306871,1,interior
0.40058077940397135,0.22632064008135397,1,interior
0.39705190734146856,0.2600203385912618,1,interior
0.8677823257691887,0.19259919110311857,1,interior
0.40090545128935007,0.31255690567734856,1,interior
0.8753713742287431,0.28949399742406096,1,interior
0.4248049559887203,0.1702334855214222,1,interior
0.39244416690708733,0.2333955212569553,1,interior
0.3979564857120105,0.2859237338423478,1,interior
0.8722361003848302,0.22041730646465457,1,interior
0.4069519209558818,0.34174546480185747,1,interior
0.4808260486469386,0.10192974808780535,1,interior
0.8656920575000043,0.34878020100324114,1,interior
0.40152555457377825,0.2384420969441436,1,interior
0.4552601716989519,0.12667791575837067,1,interior
0.8013337303093055,0.11387043298562594,1,interior
0.757084633763002,0.08340928311815535,1,interior
0.8327406738616243,0.1562464084413835,1,interior
0.39352256926608314,0.26146891231744357,1,interior
0.8509208930303578,0.3781549622522661,1,interior
0.49767335146568475,0.0998586220230667,1,boundary
0.48940744460506885,0.10095049175630359,1,interior
0.39164737047069836,0.3095385390761025,1,interior
0.440939659686059,0.154044954032034,1,interior
0.7246719921292437,0.06569739335184438,1,interior
0.4737775947942771,0.12164528616108723,1,interior
0.4169743057307982,0.17938141101331254,1,interior
0.40579295844077945,0.19482353569075012,1,interior
0.3991757600435556,0.22919978354813544,1,interior
0.40313474941753674,0.22583221806627993,1,interior
0.7155093135888767,0.06274662995917624,1,interior
0.39319618426217423,0.31017577944979546,1,interior
0.8736427183228217,0.3466007808779402,1,interior
0.7985311554110766,0.11681725740701072,1,interior
0.832139154514027,0.14604683327369575,1,interior
0.46992766137247083,0.12261263469135442,1,interior
0.8747578871785724,0.34053304438936405,1,interior
0.8839160885659944,0.24665313113468615,1,interior
0.6903707781981517,0.06245476101183817,1,interior
0.8370766139370305,0.1599831372265603,1,interior
0.40074269369173365,0.3402377672331992,1,interior
0.4360907798067066,0.15709280535474468,1,interior
0.7409432740123303,0.07673528526649773,1,interior
0.3998217932591356,0.23827808168107192,1,interior
0.4155610187793722,0.18607882630723543,1,interior
0.3943722047665046,0.25982405486414956,1,interior
0.40803945342612213,0.3469299926959423,1,interior
0.8361143485550884,0.1497824744415333,1,interior
0.8196463615872304,0.13384184290090337,1,interior
0.8587968183245649,0.18682167897952248,1,interior
0.7246031591292291,0.06339197354628208,1,interior
0.4051707690450451,0.31386678966042453,1,interior
0.4118726945564378,0.3545253547531154,1,interior
0.4113606646370668,0.1800798233904433,1,interior
0.439930979477074,0.1594972952863959,1,interior
0.4168185329210788,0.18851388915014744,1,interior
0.3961228132708062,0.29473531815068105,1,interior
0.4012136010099334,0.2532004336678113,1,interior
0.8537145429255969,0.36550093529766586,1,interior
0.4142893971206366,0.3553692469687877,1,interior
0.8350885608372098,0.14849024677062048,1,interior
0.46287085899789676,0.1230851230196815,1,interior
0.411513119293896,0.32378492775017786,1,interior
0.8824166130626185,0.3024566881091655,1,interior
0.40271641094288324,0.19349943735435526,1,interior
0.45554497288782053,0.12369574048868175,1,interior
0.4020045497761839,0.33255607679203064,1,interior
0.44001577742554954,0.14620976626296586,1,interior
0.8809918445643549,0.23785516822158914,1,interior
0.735957331420415,0.06750059991055714,1,interior
0.8636254899465453,0.35604875494204474,1,interior
0.40425778474447366,0.32487581493274803,1,interior
0.7363602673943034,0.07486062293153596,1,interior
0.8535801537455747,0.37464416697366965,1,interior
0.8657725223100025,0.3510599988392359,1,interior
0.8708610886186704,0.23145912140111485,1,interior
0.6945684678964821,0.0640332442649522,1,interior
0.40247426376912027,0.2371157884412701,1,interior
0.4656933608710238,0.12925380197020142,1,interior
0.7260873841136253,0.06416833343160255,1,interior
0.8808515859294668,0.24664310137843046,1,interior
0.4057892558720037,0.22501046905338448,1,interior
0.7970169041075087,0.1154349603399671,1,interior
0.8823835044515607,0.25392690759418446,1,interior
0.8822406153527684,0.24325704412507643,1,interior
0.39622380492097353,0.30000754672801244,1,interior
0.4123736171919764,0.35640996658463014,1,boundary
0.4013389152028571,0.3140933097347649,1,interior
0.40302885034396424,0.32694780579629884,1,interior
0.8613832126112094,0.3556219469293143,1,interior
0.8824277457402024,0.25666249541276104,1,interior
0.8700142060139873,0.3312215155096811,1,interior
0.4745144553695467,0.11992824579089315,1,interior
0.7017013312516036,0.062888150075327,1,interior
0.8631357729336164,0.3577402407772074,1,interior
0.41569435644851677,0.35473726667422456,1,interior
0.8377620912520958,0.15705797152977233,1,interior
0.4149430049948193,0.17861818912055774,1,interior
0.471870765326505,0.11865459356204311,1,interior
0.4059747207717523,0.20967626956380955,1,interior
0.4067857859833927,0.3391612481588198,1,interior
0.40680510538439024,0.20151270618906428,1,interior
0.3990985404944447,0.33737072783393424,1,interior
0.7425308292929181,0.07498001860488195,1,interior
0.7873762114665542,0.1061671999259292,1,interior
0.8000721727742054,0.1157298447956917,1,interior
0.8574570298654908,0.3700295505851509,1,interior
0.8783883315090547,0.27824113027281305,1,interior
0.4762420583536984,0.11072740849493838,1,interior
0.4015304596437903,0.3264875018730973,1,interior
0.395523685315209,0.22958758595755094,1,interior
0.4000881882333298,0.2544434766935036,1,interior
0.45927906329947576,0.12494360565304123,1,interior
0.39491836522747703,0.30117832466643946,1,interior
0.4374966177821608,0.16588576116793208,1,interior
0.882292818748073,0.23290987587602172,1,interior
0.8583950326068329,0.1783940466542457,1,interior
0.8409737158861734,0.15297983204450263,1,interior
0.46452124742761985,0.12379219563652552,1,interior
0.40292338710186043,0.2428176768832125,1,interior
0.858449204513518,0.1828302514766295,1,interior
0.40882768104083367,0.21630651111558163,1,interior
0.4058853771083246,0.1996337638022454,1,interior
0.400719952187086,0.341795195594757,1,interior
0.797798450615993,0.11398689694570849,1,interior
0.40696394920453544,0.19839748353473283,1,interior
0.8744125988264246,0.21987286795853292,1,interior
0.8828016474706943,0.30622873711212384,1,interior
0.40650340306790206,0.22644938134441653,1,interior
0.4071879573165179,0.2223269303391355,1,interior
0.7938458713771209,0.11022612899948682,1,interior
0.8656721541781826,0.1745030968645926,1,interior
0.8102508959339504,0.13160469314102138,1,interior
0.8151215142092759,0.13513741751338082,1,interior
0.3991150429304763,0.25291462215801563,1,interior
0.4374936697530032,0.1462744798712455,1,interior
0.4450571949108262,0.1322420543628963,1,interior
0.39085334150144385,0.23511769486399256,1,interior
0.41140625564292865,0.19250142614654184,1,interior
0.396989650033016,0.2846678699508801,1,interior
0.8719302991697258,0.22936702968337047,1,interior
0.7925574773045172,0.10877077326818918,1,interior
0.7258535142954475,0.06928031581857971,1,interior
0.883302372349173,0.2420007393579007,1,interior
0.4026658743494125,0.2515149629625746,1,interior
0.4035656003690879,0.24111871462837645,1,interior
0.4019105702661078,0.3446485625710428,1,interior
0.41535696065280414,0.18809093303248467,1,interior
0.3947854393551365,0.23122458705272214,1,interior
0.8651825760419434,0.17047062774599037,1,interior
0.4272542249339407,0.1686336017063433,1,interior
0.4443369820324236,0.15087754723181837,1,interior
0.4741973306217331,0.11692949358721193,1,interior
0.8473191348882098,0.3806915562651266,1,interior
0.7728459496724466,0.09079981654125906,1,interior
0.8608460226550114,0.18809331202355525,1,interior
0.7932473116533982,0.10710869789185255,1,interior
0.400193896503674,0.33099269000138226,1,interior
0.40882394674864986,0.2248036808646647,1,interior
0.40230353396942686,0.19754286029447987,1,interior
0.8068909144735403,0.12409042916838686,1,interior
0.4106963146660626,0.22516610958259006,1,interior
0.4230380456778001,0.17693762292645646,1,interior
0.40957563450380774,0.3572548171503651,1,boundary
0.39981170200427724,0.27377860130066456,1,interior
0.860329452539,0.18223567404104102,1,interior
0.4080771721865105,0.19316108504017607,1,interior
0.8367365217166169,0.1471747948196744,1,interior
0.40941132784254164,0.2232316314288139,1,interior
0.8585978714159349,0.16929539531885412,1,interior
0.4358950191215791,0.16631829136764562,1,interior
0.8272707231199137,0.14129075523671733,1,interior
0.46560597218556643,0.12254184752659093,1,interior
0.8071984670692237,0.11693885567035885,1,interior
0.4026648782054159,0.23969535992397514,1,interior
0.4400471356377301,0.13757453229927988,1,interior
0.8622309358876292,0.16852047483446583,1,interior
0.4111121010919714,0.22311826135685625,1,interior
0.4676404933361791,0.11937981125210308,1,interior
0.7702621837955053,0.0832118060256615,1,interior
0.8603820653084946,0.1684918060540883,1,interior
0.8809685239344848,0.31244906403742445,1,interior
0.8422661534749611,0.3842224720007483,1,interior
0.8734878675521377,0.19309145850539275,1,interior
0.7712069377412833,0.09305862154711853,1,interior
0.8572072046596396,0.37518692223907824,1,interior
0.47821607325671117,0.10689207174923934,1,interior
0.409358276789404,0.2044333014274809,1,interior
0.403883390147835,0.2446290523153916,1,interior
0.8836743070943379,0.24390945213052231,1,interior
0.4052128315718342,0.20682744151867632,1,interior
0.8380671485148072,0.1482954300621612,1,interior
0.8466373029430809,0.1608685712601676,1,interior
0.4055202454079483,0.24526579198966014,1,interior
0.8616151159784878,0.35949967758872636,1,interior
0.43697116725212354,0.16407832485984067,1,interior
0.4363629529912883,0.14185681617225715,1,interior
0.4033616487449777,0.3137202152767735,1,interior
0.3961541914930118,0.29706065367868706,1,interior
0.8748914936107163,0.23091255749199133,1,interior
0.8858234994652778,0.24274058452033698,1,interior
0.4415753895813302,0.1318947299289745,1,interior
0.4091305080585792,0.35239852158703733,1,interior
0.41010531692705876,0.19091486269667607,1,interior
0.39304261200319207,0.27413547834451024,1,interior
0.4416965658370302,0.16495437906298704,1,interior
0.8701923236971828,0.34817371671193165,1,interior
0.4412519142138325,0.15611246427407555,1,interior
0.8559016657154169,0.36759555994275667,1,interior
0.7301805085282181,0.06921494729189966,1,interior
0.865504905458987,0.17292275728701198,1,interior
0.8731261314674095,0.2534916822831718,1,interior
0.39196448572187376,0.30139646351298943,1,interior
0.8106616233502677,0.1279706006133377,1,interior
0.8671116752417333,0.17356791736894608,1,interior
0.3882135004861833,0.27194716960995646,1,interior
0.867560409598014,0.3310903422826951,1,interior
0.8819432688640071,0.2684631364153288,1,interior
0.4812745782742214,0.1045353814947179,1,interior
0.88424927843645,0.2640413177226066,1,interior
0.40687846143843454,0.21323701365789932,1,interior
0.4137453667345,0.18929368747379735,1,interior
0.40169941718366314,0.19559894198013777,1,interior
0.39749715665486035,0.3354787612104895,1,interior
0.6917270925889956,0.0598617306801917,1,interior
0.39929654253554786,0.34822538456866736,1,interior
0.40370786666373226,0.34286389628213015,1,interior
0.7888247770338277,0.10942975118884038,1,interior
0.862256544812826,0.3623796978888245,1,interior
0.7825066256666828,0.09410559155378094,1,interior
0.7498366098657843,0.08075721941708006,1,interior
0.4025870637872052,0.22410974418091842,1,interior
0.8122794913852253,0.12455773109991737,1,interior
0.4407111331798877,0.15242062617738694,1,interior
0.8820364148313337,0.26098216389561624,1,interior
0.8128923780488065,0.1350110959301815,1,interior
0.3910555350942503,0.30801142521636204,1,interior
0.41890045601879144,0.17379510259941108,1,interior
0.40484086838665284,0.20169727432636161,1,interior
0.3994541801418224,0.2937585829603585,1,interior
0.4138166194044731,0.3570435788055033,1,boundary
0.42899000315917774,0.16816817109118387,1,interior
0.8824205121958957,0.29181993040606674,1,interior
0.43709383918195494,0.1554772369062489,1,interior
0.8765539637264542,0.25720271684650803,1,interior
0.45655798104314593,0.12118603829307818,1,interior
0.8642904667136405,0.358746957258255,1,interior
0.860099112406115,0.3655627460218301,1,interior
0.4518253955755295,0.1261628219310587,1,interior
0.47106185578068255,0.12512791937820797,1,interior
0.47074747194702815,0.11754367536884319,1,interior
0.8618307861924988,0.184581780927857,1,interior
0.40520414429090923,0.24752377735682668,1,interior
0.40133837042278614,0.24413371291514205,1,interior
0.41281403157007096,0.21234148739127398,1,interior
0.45290866349347425,0.12330988671812373,1,interior
0.828799499674115,0.1360726309423769,1,interior
0.8471068287639624,0.15787281276959253,1,interior
0.8140422466908607,0.13262322518532008,1,interior
0.6938392147340524,0.061569955422097374,1,interior
0.4731807438580019,0.1141860991537205,1,interior
0.4825034954637975,0.10556199615320622,1,interior
0.49244030531308247,0.09818549216965594,1,boundary
0.8840944875599925,0.2571926089647872,1,interior
0.7761169885953437,0.09448678711074766,1,interior
0.4672690865303044,0.12375032785126379,1,interior
0.8113719835722633,0.13481031218240552,1,interior
0.7274820375104472,0.07333862829109586,1,interior
0.8486081420983623,0.15884762341143727,1,interior
0.8375141910667938,0.14538201175049534,1,interior
0.8487383560786295,0.3719332618084484,1,interior
0.7107951695623997,0.06518644897145864,1,interior
0.39669013612890036,0.22831142318839723,1,interior
0.3920996259224364,0.23914616796050833,1,interior
0.8814698802202202,0.3162121181335271,1,interior
0.48375303876154735,0.10339609979056244,1,interior
0.4370960865192701,0.16056730068732236,1,interior
0.8710293726173712,0.211623017719536,1,interior
0.7375692688344343,0.07390226603756624,1,interior
0.8714285355377293,0.19341437668096767,1,interior
0.7067371472643544,0.06742310583935109,1,interior
0.40658531717786417,0.19280545261188542,1,interior
0.7032835501469119,0.06589184893631828,1,interior
0.3933340545413441,0.22858184162767056,1,interior
0.4353083397659751,0.1585321188258617,1,interior
0.8643130548611369,0.1902173870147313,1,interior
0.8307817492484899,0.14526832584557356,1,interior
0.8732604550188129,0.23018765091520466,1,interior
0.4378030016638535,0.15295101346351708,1,interior
0.8707179091513619,0.20428434784849756,1,interior
0.8056040874628684,0.11252817672542016,1,interior
0.39777677081898166,0.2923155600986251,1,interior
0.8657106251298013,0.3580939511400901,1,interior
0.8656152543957013,0.18056417282844878,1,interior
0.8841213600393006,0.31042680106428466,1,interior
0.8292598500362222,0.1442304229807377,1,interior
0.8736678645529236,0.22854418769645443,1,interior
0.7245282187693245,0.06180242227639193,1,interior
0.7675339712416094,0.08263252568021338,1,interior
0.41437136480159087,0.3528012164520525,1,interior
0.7175245628203865,0.0600485382918414,1,interior
0.7270596647065825,0.06297642030360893,1,interior
0.8447574384780607,0.36926334818725465,1,interior
0.7868729509097223,0.11077226524545246,1,interior
0.3975152360329281,0.348872126173387,1,interior
0.8713597428597553,0.333432507072655,1,interior
0.7959859662567201,0.10892732979265302,1,interior
0.473466211223243,0.11867864455187029,1,interior
0.3899078763190134,0.3091996382939511,1,interior
0.47505713805634275,0.10823764853718104,1,interior
0.39779660027706876,0.2538152038436315,1,interior
0.867047178330329,0.1764700972403008,1,interior
0.3981250030926898,0.3413593902307184,1,interior
0.4374106143454159,0.16218396545015126,1,interior
0.4355781262500157,0.15564888238149327,1,interior
0.8112884796701963,0.13014264006007437,1,interior
0.39238887570114434,0.2726383935320495,1,interior
0.8134292510174673,0.12318888313545841,1,interior
0.7469238113942382,0.07911849490585215,1,interior
0.8729447932780475,0.21116472348659418,1,interior
0.40937722797263465,0.19227452351186053,1,interior
0.871706896044411,0.2010277788915192,1,interior
0.867951136426624,0.18082638886524888,1,interior
0.8614115095993725,0.16682944322941398,1,interior
0.7709658047211614,0.08457701335083027,1,interior
0.7345457686607131,0.07492674282619118,1,interior
0.4033004026291278,0.20570575209688644,1,interior
0.8669415108279276,0.1696943140424285,1,interior
0.7807791452685388,0.0917114899344805,1,interior
0.8500575652514635,0.38431492042216936,1,boundary
0.39036715761187296,0.23904273172963034,1,interior
0.8806496343475182,0.2656261193747934,1,interior
0.4544418563881086,0.12175733553838206,1,interior
0.8688999238532004,0.17122966788418542,1,interior
0.8711820199210577,0.21680169734269342,1,interior
0.40312465768890593,0.32353861032184394,1,interior
0.8728678203342138,0.21769862270703477,1,interior
0.3997263272817768,0.31750552914603136,1,interior
0.4084623361179999,0.3550000457993663,1,interior
0.3933434289769087,0.3006336875058811,1,interior
0.4000344217714201,0.1946484020118794,1,interior
0.7724029450370036,0.08310133157358765,1,interior
0.8824793693471923,0.2394537032685471,1,interior
0.876481062983531,0.3199441630850397,1,interior
0.8830768954686354,0.30829764408162486,1,interior
0.7387870544060244,0.07252795011566664,1,interior
0.7095815276773689,0.06367506123778761,1,interior
0.39918187914698133,0.2840958847328702,1,interior
0.48285438728915714,0.10072799897972605,1,interior
0.866378353750251,0.3539217916280115,1,interior
0.7241611344883285,0.05978469838760911,1,interior
0.41008246406252385,0.22162914532053313,1,interior
0.8427712391225043,0.15294929773682076,1,interior
0.809712225857541,0.1175557922202907,1,interior
0.39728759563903904,0.2811460194857319,1,interior
0.7998182282966769,0.11293556541207796,1,interior
0.8763144447877714,0.19237035907126263,1,interior
0.39336440475913986,0.2940716707894256,1,interior
0.8686032799807213,0.35299735487334616,1,interior
0.8781778942568423,0.3195058215055786,1,interior
0.40788059883481637,0.21837116332777096,1,interior
0.40115550247028553,0.3248325512804696,1,interior
0.7991623775414826,0.11016812836075184,1,interior
0.8670218880585113,0.34621159319743705,1,interior
0.835622558662182,0.14436487046142626,1,interior
0.394036731633493,0.30689362107942547,1,interior
0.46368526647863023,0.12506701999130895,1,interior
0.8744157391837228,0.28521466292112063,1,interior
0.4036179261653645,0.24654469702054116,1,interior
0.8707288887103367,0.3440547693322354,1,interior
0.40034257679870955,0.3435512018476512,1,interior
0.403097467677653,0.3095447265414399,1,interior
0.7158718390305935,0.0591799442052657,1,interior
0.4045855253927111,0.22725895592655806,1,interior
0.8760171554699502,0.22988947707326712,1,interior
0.40889857776426924,0.317361102541618,1,interior
0.45177748595396555,0.12229245268996679,1,interior
0.8684288872111725,0.3501228956703211,1,interior
0.46325797482312914,0.12667939401026643,1,interior
0.8829396050984722,0.25931147863933185,1,interior
0.40064345744998,0.2850692679862684,1,interior
0.4537716363367503,0.12500295263617195,1,interior
0.413860862869698,0.1871760634132284,1,interior
0.8317063348653524,0.14334817963134838,1,interior
0.7357486687318324,0.07219226627169104,1,interior
0.3989634547589188,0.281431007946801,1,interior
0.45129610801949593,0.12449581898205746,1,interior
0.7138702955597623,0.059541148003278616,1,interior
0.43421934578828186,0.17130700272134475,1,interior
0.8843321102664463,0.3033989724242642,1,interior
0.40301269592923433,0.35105367557935335,1,interior
0.8760734298835027,0.2709200027411298,1,interior
0.8771167131850175,0.321957470308165,1,interior
0.39543814391535265,0.2545325284630779,1,interior
0.3908482319147214,0.30366474918433656,1,interior
0.39476617585657997,0.2766573376930119,1,interior
0.3919741815917388,0.26930667517091594,1,interior
0.40332206946204396,0.23527526339678012,1,interior
0.46117484720792834,0.1266381501346304,1,interior
0.7337820591517138,0.06671907830403193,1,interior
0.397353240073024,0.22403903598746144,1,interior
0.7980232146437184,0.10784544920156344,1,interior
0.758971626790931,0.08221346739936325,1,interior
0.47716121796330924,0.10561111665312779,1,interior
0.8417137997288506,0.1515167865721721,1,interior
0.40083424474656637,0.32311383771303304,1,interior
0.8726894122583141,0.20345004299505254,1,interior
0.7809448979011383,0.0945402145091124,1,interior
0.43601530566360897,0.1472455137234728,1,interior
0.39926408884053954,0.33304262617916336,1,interior
0.8536803748368562,0.3717736013221474,1,interior
0.40591292048303573,0.35654571468348906,1,interior
0.43429692196252145,0.14698011147071785,1,interior
0.7052576355829251,0.06571374579261187,1,interior
0.8746285199694819,0.20343991509969062,1,interior
0.8723093852875643,0.2051025133216318,1,interior
0.6875867132090627,0.06131356154110499,1,interior
0.8843114979052872,0.2611290209987969,1,interior
0.48629016788741275,0.10337392826716776,1,interior
0.8815870598228015,0.27018046103693877,1,interior
0.7118899804659167,0.06788553060880671,1,interior
0.8794316843681877,0.32177266140696525,1,interior
0.8748338167166675,0.1961286540959197,1,interior
0.8305618852670594,0.1364837863795533,1,interior
0.3893274193325957,0.26950202906194404,1,interior
0.4295785663293643,0.1660636668919753,1,interior
0.39672804196551686,0.2827631026149502,1,interior
0.40242103639309973,0.3290166042292894,1,interior
0.43919703866437587,0.1515936871724719,1,interior
0.4067722528254769,0.21140232679281779,1,interior
0.4080577530776813,0.3568043141243787,1,boundary
0.870743425760315,0.19744536007845076,1,interior
0.8816959487681858,0.27249695296677645,1,interior
0.8745523021613403,0.21735377836081843,1,interior
0.4849618319452328,0.10160787840463839,1,interior
0.8728859690281845,0.22392761583464307,1,interior
0.882791872777783,0.25103087717092815,1,interior
0.3892401668983993,0.307616385388359,1,interior
0.8621182776598398,0.1650696487841523,1,interior
0.3949848272660274,0.2565753270715378,1,interior
0.4219148263114642,0.17230836081502215,1,interior
0.46540503910623704,0.11909911202697138,1,interior
0.4253421796578602,0.1797290746524913,1,interior
0.8471864938014954,0.1594181623599064,1,interior
0.8668925628910039,0.35912432405467426,1,interior
0.7138014004101427,0.06160512761744277,1,interior
0.3981970245233642,0.3431790106768686,1,interior
0.8007067400435778,0.11102740133725822,1,interior
0.4006329274530151,0.2833649484679874,1,interior
0.4047878978438249,0.19336477835519195,1,interior
0.7171887348186629,0.0616050960989064,1,interior
0.8682477220382174,0.2751104255916169,1,interior
0.4029439260448683,0.3536701998210987,1,interior
0.42751708821796125,0.16554457557791116,1,interior
0.3972851598869927,0.23845467643827706,1,interior
0.40292678176461033,0.24893823407921462,1,interior
0.854503161987856,0.3761673023389287,1,interior
0.42470923786374226,0.16864425060376034,1,interior
0.4334080512251953,0.1566934165615115,1,interior
0.39322860335805176,0.27603884433241693,1,interior
0.7606178655772061,0.08539102870033541,1,interior
0.8778280361635497,0.28474672996027317,1,interior
0.402107754346005,0.3427872179602801,1,interior
0.43915306928590664,0.1486971780100609,1,interior
0.4044557158831278,0.3541688237808682,1,interior
0.782864033006791,0.10359682283651624,1,interior
0.8774894978163108,0.3271654849720623,1,interior
0.3875018516034582,0.30892895499363504,1,interior
0.39376505821075525,0.29880615338687533,1,interior
0.3999148270150132,0.3293233743076952,1,interior
0.7484925442834401,0.07947037133494628,1,interior
0.7087006745273515,0.06733432417183094,1,interior
0.874546936881378,0.2220375663245823,1,interior
0.8303321301909846,0.1555830649996102,1,interior
0.851509930916549,0.383640104452479,1,boundary
0.8855559631382224,0.2620002287301944,1,interior
0.700928493423269,0.0603488866036373,1,interior
0.7453696870772663,0.07513753886259344,1,interior
0.44304051112237736,0.13053526373197363,1,interior
0.3948916635682856,0.26520476298954543,1,interior
0.8336203596868074,0.14435477334140387,1,interior
0.7253172494894625,0.057611881361466416,1,interior
0.840921291152918,0.15022102686599773,1,interior
0.7861451876699906,0.10320655749757685,1,interior
0.8124401252496445,0.13177595224068606,1,interior
0.8806559911020901,0.2886820151818931,1,interior
0.40750500826015157,0.20308388536590394,1,interior
0.8351039673215925,0.14289137528045223,1,interior
0.40460596813011657,0.22279883891079558,1,interior
0.8674212478278389,0.3618746688510329,1,interior
0.703653556233843,0.06137192095386182,1,interior
0.49021212791559904,0.09965223518931184,1,interior
0.46771015344759015,0.11770508165976508,1,interior
0.8818305307292571,0.29004672805404597,1,interior
0.3958167864761255,0.2582279049548698,1,interior
0.8729854223942267,0.22236133512692438,1,interior
0.4162259686415135,0.1770100886721138,1,interior
0.4025417343422133,0.1914780394804406,1,interior
0.4006757234083477,0.22420634539857248,1,interior
0.39192650777816884,0.2961069382903318,1,interior
0.8585867312478856,0.16743329409386593,1,interior
0.8831129910265183,0.312654811432368,1,interior
0.49034862737074236,0.09732023948926155,1,boundary
0.7440421235277888,0.07739064180719854,1,interior
0.8824129926197354,0.26549750443832076,1,interior
0.8211454723037475,0.13470990601846564,1,interior
0.7841124386116101,0.09973810722931437,1,interior
0.7657071772067995,0.0842099189013427,1,interior
0.8835241338489686,0.31638931856438296,1,interior
0.4334331322821258,0.15398203268016775,1,interior
0.4060751121968292,0.2497981232764476,1,interior
0.39739719708071086,0.31060572446525103,1,interior
0.39567151135449885,0.22675390493310427,1,interior
0.45014899696772764,0.12577789347739946,1,interior
0.40902475114983006,0.22034860689027624,1,interior
0.3926156917089791,0.23134169829022386,1,interior
0.8777574360124614,0.2761483205845312,1,interior
0.8829212047662055,0.2949065126587145,1,interior
0.8860600565811833,0.256507350073628,1,interior
0.8430443094455903,0.1488362193467781,1,interior
0.4719253960413584,0.11557854371029477,1,interior
0.49444727500326785,0.09842361365822551,1,boundary
0.8729857215832775,0.2071342446526135,1,interior
0.8807288665448437,0.28011404600999856,1,interior
0.8635391640330594,0.3605737287763378,1,interior
0.4357524782480997,0.15304760078995672,1,interior
0.7382037417227111,0.06553113108644835,1,interior
0.8785783639919922,0.3285906585898199,1,interior
0.7804983524784037,0.09804242137828366,1,interior
0.8680743506016697,0.17800424316714175,1,interior
0.4082404850213031,0.1906355817323154,1,interior
0.8401889955459171,0.1487298479092898,1,interior
0.8738636465869556,0.2016380479076153,1,interior
0.8555713340528325,0.3787815540226002,1,interior
0.8615836255731868,0.18658753628358252,1,interior
0.7726108676011018,0.08732068579606075,1,interior
0.8683702811093981,0.17463251565901713,1,interior
0.4500705834522957,0.13590525316513272,1,interior
0.39292677785618446,0.264690127040849,1,interior
0.7190240694383551,0.058354154735806185,1,interior
0.4049115885643844,0.21163953930324927,1,interior
0.39773009933709447,0.3171255113456658,1,interior
0.7456287652156994,0.07703644168191831,1,interior
0.7318035554880913,0.06704951634603262,1,interior
0.4704354790794972,0.11466923130031179,1,interior
0.8505394778575996,0.1587344271744467,1,interior
0.769316124176145,0.08134122181519632,1,interior
0.4468793460984986,0.13218453914780773,1,interior
0.7002516528546259,0.06410589569105131,1,interior
0.4073187196251689,0.2206426284442484,1,interior
0.4060247955653346,0.35383622445040763,1,interior
0.3912133526227141,0.2997092160444625,1,interior
0.8640627849122631,0.1837103719988152,1,interior
0.4009742623895812,0.33398456545922967,1,interior
0.7708737404466391,0.08125165442991902,1,interior
0.40562504862585613,0.20301062688168214,1,interior
0.4343886512380326,0.1520732413570738,1,interior
0.4069128844392787,0.21554832194718238,1,interior
0.858611017897965,0.18475278348023685,1,interior
0.6922968699033697,0.06421029962300856,1,interior
0.41397671729272156,0.1822401662743995,1,interior
0.39844219447922186,0.3460586512903586,1,interior
0.4122101898825473,0.18377311134581764,1,interior
0.4876004727909299,0.10146766891937344,1,interior
0.4027036155768203,0.3153055239266775,1,interior
0.40003465374951047,0.3156808756384694,1,interior
0.8788099555870051,0.2865784763196068,1,interior
0.44842696746766525,0.1334634834230829,1,interior
0.4096523040726108,0.183671347026576,1,interior
0.833177817654804,0.1352819561252078,1,interior
0.40079977532119687,0.24142887065300633,1,interior
0.8766207928179451,0.21976539304776255,1,interior
0.4436090453604047,0.13294085365605116,1,interior
0.7503654998785334,0.08619455694523641,1,interior
0.8763777574455318,0.1908145847224147,1,interior
0.8069160227442027,0.12078298951477698,1,interior
0.43700508078158684,0.15072626306838563,1,interior
0.44239453404246454,0.1250611066034064,1,interior
0.8234640512184401,0.1369132784588664,1,interior
0.39196055401243896,0.2983556956492555,1,interior
0.405205376036081,0.2186547272499488,1,interior
0.8174343053851489,0.13219543179326998,1,interior
0.4369850526560927,0.13968308400203433,1,interior
0.40205212018551667,0.35553764397012594,1,interior
0.8720086580513416,0.1961449055685709,1,interior
0.8591626358458754,0.36330838724569564,1,interior
0.4447608202286054,0.16532483382442612,1,interior
0.8603290413554154,0.18538303060261344,1,interior
0.6916590521368483,0.06164079395379848,1,interior
0.43942932417311054,0.15373851930274998,1,interior
0.8856203210190108,0.24895019878470587,1,interior
0.7548277790602945,0.08113430032523469,1,interior
0.7702002851440276,0.0863343062744311,1,interior
0.8696880318606356,0.18098858565421433,1,interior
0.43955961650366626,0.13602943983639174,1,interior
0.4386311092024995,0.14045304002741482,1,interior
0.8422558271663299,0.15892671509041068,1,interior
0.8324880397580084,0.15067123976977218,1,interior
0.4690162118083111,0.11606282499421748,1,interior
0.7945758797100635,0.10827152309614427,1,interior
0.39994232213082453,0.24352566953792307,1,interior
0.872624642441765,0.34411217028257496,1,interior
0.40052546528386695,0.3560956456427436,1,boundary
0.4357919398182641,0.14354273894520583,1,interior
0.796230128600544,0.10740515655957128,1,interior
0.7582145498746932,0.07935598611082761,1,interior
0.4134123589544897,0.1790332387893593,1,interior
0.8529625898235559,0.38317616398836024,1,boundary
0.39474917519444663,0.31151846287805285,1,interior
0.8659533685102669,0.18903468072388668,1,interior
0.7226924086885732,0.060780263860047146,1,interior
0.8260519840921996,0.13919673106214206,1,interior
0.881637958512626,0.25222047772434225,1,interior
0.7891623230340945,0.10580189991764449,1,interior
0.3860648143640094,0.272363795619669,1,interior
0.8647301027941002,0.3524469496151737,1,interior
0.8789180994457299,0.2302197661467122,1,interior
0.8847220823611103,0.2662938605137718,1,interior
0.4239518440689851,0.17520203749726304,1,interior
0.3993144786311454,0.32577056485404954,1,interior
0.4375231494802945,0.14869183730733718,1,interior
0.4120371629438274,0.22146810446180776,1,interior
0.39488870664727993,0.22436125521974895,1,interior
0.465061604069141,0.11660877355535773,1,interior
0.40319707763714613,0.3467728694705333,1,interior
0.8512193661511858,0.15666483670802298,1,interior
0.8740057984115644,0.33200539035292215,1,interior
0.39781580412149065,0.28900683568845953,1,interior
0.4036792493023835,0.20343063854600407,1,interior
0.4117597805847178,0.1769073671246945,1,interior
0.4048038228374857,0.19127218647137145,1,interior
0.4366544611254376,0.14488349344788107,1,interior
0.40383480231017943,0.3283733928942534,1,interior
0.8857961839290013,0.24501274768543102,1,interior
0.4021954064355621,0.22245416184343622,1,interior
0.4011384303067874,0.2506807352967458,1,interior
0.48825094345520065,0.09979873739071007,1,interior
0.8583069770875222,0.36569080835875545,1,interior
0.4089918780405714,0.18614128106556907,1,interior
0.8834831546989176,0.2718800579052412,1,interior
0.47778124132570476,0.10324357397492381,1,interior
0.4203511208333408,0.1726597162645738,1,interior
0.8809969986584809,0.2574324758530146,1,interior
0.4042873841329453,0.3557023453827835,1,interior
0.7058625135404858,0.06087111543261183,1,interior
0.7844195867583725,0.09349360454982912,1,interior
0.41139615864009843,0.1885580231848782,1,interior
0.7878974237760481,0.10468277970981359,1,interior
0.8132067272627175,0.12614586959107107,1,interior
0.8577033447650875,0.36797521544574335,1,interior
0.4071163486339055,0.18918883225332264,1,interior
0.8409071904557257,0.14730911335111282,1,interior
0.8448201018830104,0.15799596790427073,1,interior
0.7043472794347827,0.06284905729738127,1,interior
0.4033470915624609,0.20095599665363562,1,interior
0.3910413095913422,0.27370214224123535,1,interior
0.8118647192592756,0.14131095045012618,1,interior
0.8299531216523316,0.14110645012103357,1,interior
0.8736750954654119,0.33381603258452036,1,interior
0.8088883148895175,0.12279486621422701,1,interior
0.44964250158742397,0.12315905291721865,1,interior
0.8137558998121789,0.1309097810456836,1,interior
0.8595841470729793,0.16557342673014724,1,interior
0.8836113634139646,0.26887096813573724,1,interior
0.3908044116790763,0.2703633531928389,1,interior
0.46414490762156435,0.120899426340606,1,interior
0.759472075859787,0.07785955551711422,1,interior
0.7073151977606275,0.05978483504995262,1,interior
0.8209550543778199,0.13171997471211472,1,interior
0.47070487127746896,0.11305040071575702,1,interior
0.39389344918258906,0.24116442686358497,1,interior
0.8804592970071541,0.31951488792028826,1,interior
0.43358568969640543,0.14926242092895312,1,interior
0.8298612119307693,0.13286227108117885,1,interior
0.7625612276576003,0.08543056704534314,1,interior
0.8432769578411061,0.1456601611961769,1,interior
0.8278837959790386,0.1398583081483621,1,interior
0.40099277665925953,0.34878934681782375,1,interior
0.7051572436693081,0.05825635283329014,1,interior
0.8437248164633787,0.15934911264340826,1,interior
0.43446825343397655,0.1649572029018279,1,interior
0.4411459927738424,0.1340834409139795,1,interior
0.8666310483922463,0.16741946736580604,1,interior
0.7986182955870791,0.11184106176514949,1,interior
0.8432397035742939,0.1513340481107007,1,interior
0.7730272573756636,0.0857399496256913,1,interior
0.8862101754326538,0.2590363993255849,1,interior
0.7426318705069656,0.07674248682114958,1,interior
0.8152754366622393,0.13059163202677068,1,interior
0.40513115987220255,0.34621166867954967,1,interior
0.40232581356740693,0.2021365352003635,1,interior
0.7951617226194754,0.10629606181076355,1,interior
0.45634047918569437,0.12535915181533727,1,interior
0.40000147792534346,0.3466400244564634,1,interior
0.7068827815750102,0.06418805228790833,1,interior
0.38605925786670103,0.2742880892795889,1,interior
0.7923442618318955,0.11473535400278033,1,interior
0.7285158832132274,0.06810372035339328,1,interior
0.4731723727946847,0.10831260596808365,1,interior
0.8724405586825159,0.3476471798890709,1,interior
0.4059284010176961,0.2213855658549318,1,interior
0.8325709466838567,0.14161503935418718,1,interior
0.41191160978386815,0.18558390810613526,1,interior
0.4067681026535861,0.18488755608924262,1,interior
0.7075562158276076,0.06575641728970473,1,interior
0.8850477302283973,0.2503909104784336,1,interior
0.6991873599243851,0.0613431351536661,1,interior
0.8639372376875212,0.16705451831289458,1,interior
0.38925292287911756,0.2739691305782945,1,interior
0.8453194895587143,0.1499093348414451,1,interior
0.8581023307878595,0.1640435914159382,1,interior
0.8842786365522913,0.2935222431570795,1,interior
0.3931907475763631,0.2584645318213129,1,interior
0.7728369507859613,0.0792083735978974,1,interior
0.8493901819268248,0.16024440095766748,1,interior
0.43904312010327284,0.13444456927634144,1,interior
0.8707717736838904,0.34990880872481356,1,interior
0.39484097013934477,0.31633477720593695,1,interior
0.39670739690177453,0.27957213992808483,1,interior
0.8750312028475407,0.33816509159057545,1,interior
0.40452390118563786,0.22013939628917265,1,interior
0.7289700263039619,0.06250591470516144,1,interior
0.7827431799796365,0.09668305999854188,1,interior
0.7271160735420621,0.060977646983867144,1,interior
0.44820023914793156,0.12363350184535764,1,interior
0.8702994469196706,0.17304731803284193,1,interior
0.46072475885186737,0.12340251084636686,1,interior
0.8788129232497772,0.323835050932644,1,interior
0.7615669816587909,0.08400363421009414,1,interior
0.4053717392905415,0.21433284769178323,1,interior
0.862295192523185,0.3668033769855025,1,interior
0.8567164713482129,0.18826768930965526,1,interior
0.39846812772139584,0.2444880063208443,1,interior
0.4358845045058931,0.14924426165702978,1,interior
0.8726131543884299,0.33684102401641103,1,interior
0.7041984845983611,0.07524077141636902,1,interior
0.426130316787212,0.16685599846191468,1,interior
0.8752093773285432,0.20523049004894317,1,interior
0.8718001619458736,0.1720409258456262,1,interior
0.8090383125832625,0.1200193995758482,1,interior
0.46900269440503,0.11855959863342595,1,interior
0.8730040090157449,0.33521754191943864,1,interior
0.7744471254162351,0.0920380141564994,1,interior
0.4378607592720996,0.13794138910678277,1,interior
0.3998989389787769,0.24630409107608212,1,interior
0.39549434577159537,0.3192884261447299,1,interior
0.7229585723447182,0.05840990405284594,1,interior
0.8578718670145858,0.16592863182775158,1,interior
0.8060528268401567,0.11814873115956173,1,interior
0.7267386916951177,0.05941715975878629,1,interior
0.8821769394392899,0.2774975055694231,1,interior
0.46740301426026143,0.11604325151261799,1,interior
0.8822030749876093,0.2870741930640151,1,interior
0.3864518832844645,0.2701094817258909,1,interior
0.8343824378765842,0.13941893831428753,1,interior
0.8744497049781389,0.19883374457347677,1,interior
0.7573694417316649,0.08100440702198591,1,interior
0.7842735438446724,0.09732018585892893,1,interior
0.4579647366175322,0.12218222823866205,1,interior
0.4356621155812759,0.16210625904641565,1,interior
0.40458485715084064,0.20880670039989585,1,interior
0.7867832982738017,0.10173585208220413,1,interior
0.39368725982382663,0.2543278396939328,1,interior
0.7257271103332633,0.06716501652763454,1,interior
0.8774877734732177,0.3252894805771272,1,interior
0.39526154610354297,0.2846000727442137,1,interior
0.8533165419149253,0.38154728194808285,1,interior
0.8078981054439778,0.11292714653661647,1,interior
0.7606193867586861,0.08075471981258972,1,interior
0.8532683992760731,0.3702821566253411,1,interior
0.8831209628759125,0.3043616076918916,1,interior
0.8128097871270541,0.12897991899162176,1,interior
0.8858325033500717,0.23994716949967773,1,interior
0.4572754367690563,0.12362507018592729,1,interior
0.3986861820000869,0.19709930497236186,1,interior
0.3857052083088759,0.30971927640057073,1,interior
0.7865870614702455,0.10022600611887474,1,interior
0.39908754614332353,0.32056429882914794,1,interior
0.8551930323636957,0.3818106299674686,1,interior
0.8238736300308239,0.1350485381688325,1,interior
0.3965972350710573,0.3446342416704818,1,interior
0.7766911285082321,0.09248158085313633,1,interior
0.82984125503757,0.1345568245630908,1,interior
0.7375548118004007,0.07127768704563589,1,interior
0.8655452009136314,0.18278876343338057,1,interior
0.759655732365768,0.08376414431837376,1,interior
0.3951687380604714,0.28189077114010797,1,interior
0.40054482564839633,0.24910639725119746,1,interior
0.8731180241012674,0.3392501744546017,1,interior
0.8449611726996821,0.14736481797491305,1,interior
0.8553151080752681,0.3835707594275902,1,boundary
0.39354215787905616,0.29614896223134657,1,interior
0.41742952638868747,0.17571972314652312,1,interior
0.4006792711976182,0.1931978511992568,1,interior
0.7243826082921624,0.06848793410126816,1,interior
0.39182865903470654,0.2753342172980635,1,interior
0.4315104137186159,0.14813128695025757,1,interior
0.8319331599917198,0.13165774775476383,1,interior
0.7334173720471793,0.0689647519168898,1,interior
0.40471820452203505,0.20459861952814623,1,interior
0.8715439693596652,0.20902932733583723,1,interior
0.43313008498821043,0.16661724559770394,1,interior
0.8685434683332945,0.35993476533118796,1,interior
0.8389848866980949,0.14984674378071663,1,interior
0.7678264814716245,0.07969805527532917,1,interior
0.8854756615419135,0.30478883611258173,1,interior
0.7308999668203779,0.06412487741224716,1,interior
0.4072375891314006,0.2239333488674071,1,interior
0.3984426541427148,0.3156595268901905,1,interior
0.8802084198853315,0.23199084631694136,1,interior
0.887018528401438,0.2613441179470182,1,interior
0.8636861398014032,0.18070343715841422,1,interior
0.770105756372722,0.07961818561551218,1,interior
0.7146522194769126,0.05802064602362397,1,interior
0.8800223421386114,0.2733069601699955,1,interior
0.7731414470102658,0.08080435418127091,1,interior
0.412321490494353,0.1819984759246451,1,interior
0.4336578416722334,0.15867039275650205,1,interior
0.8518355957159363,0.161255748032461,1,interior
0.8519101472041107,0.3803511843512579,1,interior
0.761487421743419,0.08238449872928202,1,interior
0.8468509558591302,0.15028192834263948,1,interior
0.4303574673658562,0.14708134707583873,1,interior
0.4460949832107578,0.12311705726841124,1,interior
0.8160155291017401,0.13287589799967472,1,interior
0.8681945159908296,0.3580604676537301,1,interior
0.875150052380625,0.3331072364949548,1,interior
0.873076033454097,0.3496404636163585,1,interior
0.4065623090576882,0.21728639877144681,1,interior
0.8829033025434643,0.2308695411497433,1,interior
0.7024562728798529,0.059445698600965866,1,interior
0.8747915398532694,0.335964553734956,1,interior
0.8642972762668385,0.36204496280067916,1,interior
0.8601105789940343,0.16284353597188084,1,interior
0.44133934097639094,0.12369945685339687,1,interior
0.8651746040939666,0.36018202759154994,1,interior
0.7703597332417629,0.0774687375696045,1,interior
0.8657518103074946,0.3558992658350102,1,interior
0.39240529706377,0.2567814193738773,1,interior
0.7301920503646498,0.06749984800350349,1,interior
0.3960891290031656,0.31765652767073677,1,interior
0.6898276828815418,0.06601159913498196,1,boundary
0.8811108760192139,0.27532488644702124,1,interior
0.3959428357324266,0.31402508464290596,1,interior
0.8229689722750649,0.13310804512810695,1,interior
0.8629230342123407,0.3646650229371619,1,interior
0.885313944942435,0.25324520958152846,1,interior
0.857990037827184,0.37357925783107887,1,interior
0.8732164597668813,0.20008646409125222,1,interior
0.7274835861903113,0.0668810520659502,1,interior
0.8258280219671202,0.13454834209216837,1,interior
0.4019866196584388,0.3170707354953131,1,interior
0.8755589574249623,0.3452953421042834,1,interior
0.3985481199429883,0.2254520921436177,1,interior
0.4221439981849444,0.16958505639907526,1,interior
0.3990126599356809,0.31892603045270046,1,interior
0.38446009414629995,0.27049611539163604,1,interior
0.7474887876694434,0.0761068075831064,1,interior
0.885599698912206,0.23005537902049064,1,interior
0.849246886946258,0.1566894148174281,1,interior
0.4015600840887933,0.3110409950324943,1,interior
0.875028788391705,0.19419568982122834,1,interior
0.39773805499872233,0.3134746462812339,1,interior
0.4220716677278849,0.16757786277868575,1,interior
0.39241481082178675,0.31159999299879937,1,interior
0.8844488794876539,0.25195929845630566,1,interior
0.7212271489786356,0.05847447334592619,1,interior
0.7882358740156599,0.10777464328414041,1,interior
0.3928127702606493,0.2678766433193168,1,interior
0.3993300904802791,0.22307194248828355,1,interior
0.8301041105946141,0.13825809888619367,1,interior
0.8819122177392169,0.31404583358323906,1,interior
0.3910532989905667,0.2605972808956465,1,interior
0.8740291487211795,0.3302241360808517,1,interior
0.39952068845682304,0.32736545558545155,1,interior
0.7915289603199938,0.1043318900584819,1,interior
0.8541021558259739,0.16090559828646914,1,interior
0.8756901783253108,0.23241335551032996,1,interior
0.8406361887529581,0.15723215258580145,1,interior
0.48339692834592796,0.09912224923112936,1,interior
0.8535024485030801,0.15825304358926787,1,interior
0.8839438610576364,0.30113428792363695,1,interior
0.4068869222524083,0.3551826611818736,1,interior
0.8393887022190822,0.1458062113626883,1,interior
0.8722953569168287,0.19074425927567346,1,interior
0.8234725475644982,0.1390479009040119,1,interior
0.8770571712837069,0.20175870558201897,1,interior
0.47605148495999944,0.10679079084962233,1,interior
0.846209051075603,0.1566132526378332,1,interior
0.7077978110109135,0.06165899867422822,1,interior
0.7389045668002867,0.06875652973624499,1,interior
0.883960228983493,0.2737073655366636,1,interior
0.4591637108883483,0.12033954551591332,1,interior
0.8674430826632842,0.35575129288038554,1,interior
0.43958332960226887,0.14461496375785962,1,interior
0.8869936925006026,0.2629193643646125,1,interior
0.8832900490159218,0.2379766420820649,1,interior
0.836827934192755,0.1418529001927837,1,interior
0.39102518524895585,0.2322931182976594,1,interior
0.8111542770033058,0.12316437745570895,1,interior
0.44556716138752095,0.12600184612276744,1,interior
0.40138759796978435,0.22041267779856077,1,interior
0.845764923673712,0.14544314992163573,1,interior
0.8640083068973003,0.1687158218025331,1,interior
0.3959777786765661,0.3425392941215767,1,interior
0.8781669016201731,0.2173585289251413,1,interior
0.8836383280579443,0.2893646423374188,1,interior
0.8869302191105034,0.2520735307560714,1,interior
0.8322727556214005,0.1376060181677233,1,interior
0.39810959443708605,0.3292568881817749,1,interior
0.87582719682449,0.33102362951639236,1,interior
0.826813766640006,0.13179469514429878,1,interior
0.4395323627102131,0.13204981221452242,1,interior
0.7883721991563699,0.10274897686120149,1,interior
0.829268612284823,0.14250894515062934,1,interior
0.8447561354377153,0.1525026484855876,1,interior
0.8734563974990092,0.34279315660626053,1,interior
0.7173191723705628,0.058237074237187596,1,interior
0.8143222595718959,0.1292633840449413,1,interior
0.8677181037842814,0.19056784645310057,1,interior
0.721179279520598,0.06004207493947046,1,interior
0.7930390878707171,0.10554826048237756,1,interior
0.4471196246326508,0.12597349208406655,1,interior
0.6904781178073046,0.058863164502767164,1,interior
0.86704632033982,0.36456661878876057,1,interior
0.3967362450715353,0.3389879039832791,1,interior
0.7908002839762169,0.10621289747116268,1,interior
0.41160864016155396,0.19024201990131315,1,interior
0.851239128768431,0.15385802761536194,1,interior
0.8845464871208233,0.2329484326253268,1,interior
0.8663169645992134,0.1788416385526742,1,interior
0.8241094507477962,0.1304446308942598,1,interior
0.39773522315350146,0.33189600488958354,1,interior
0.8807891457192099,0.32292643386690584,1,interior
0.7990331881284778,0.1204673295206111,1,interior
0.7289216956413714,0.06569454137570589,1,interior
0.8814545958962445,0.26691641104601055,1,interior
0.7522253656343307,0.07953719498840196,1,interior
0.7685466236228354,0.07828770180751199,1,interior
0.8669593279627071,0.1713825731555573,1,interior
0.39330778464181904,0.29142156278639925,1,interior
0.3932495153413814,0.22561756643212547,1,interior
0.8804668602339029,0.28577906982930223,1,interior
0.884864448337952,0.22858333510909704,1,interior
0.7152308136150078,0.060931711664886604,1,interior
0.40661025110569127,0.19075597397181995,1,interior
0.8521429627733083,0.15908347066284256,1,interior
0.8247215200100403,0.13188520790993025,1,interior
0.39530148750546834,0.28710939604245433,1,interior
0.39596416226564224,0.3363177430536618,1,interior
0.43547477376845106,0.15073012869268562,1,interior
0.38781233946550087,0.2745482240203319,1,interior
0.885478812232836,0.29191857620718,1,interior
0.7119496386141001,0.062089393411129935,1,interior
0.4451125616261657,0.12111482400731878,1,interior
0.4037130969021354,0.22155116162969526,1,interior
0.3883601934756929,0.30375060334599774,1,interior
0.8345153098100656,0.13694413978511444,1,interior
0.767741155584175,0.07570123417299444,1,interior
0.8733130789189402,0.1975403280698127,1,interior
0.44496285580622585,0.13068582817153493,1,interior
0.6923415396354066,0.05809200417222084,1,interior
0.8858719399874989,0.30930554903805346,1,interior
0.8739446813516639,0.3448696237283256,1,interior
0.8778564890056405,0.19379232708167646,1,interior
0.39505712648539526,0.33406022396215673,1,interior
0.39035060086552853,0.2673832618323304,1,interior
0.39337446996339853,0.31823003333846966,1,interior
0.770917743845571,0.07478287124223824,1,interior
0.3945856197018125,0.3131989920784968,1,interior
0.8750939070061654,0.3425885743843203,1,interior
0.40102133373090315,0.3508325063277448,1,interior
0.8762129053339682,0.334482755494491,1,interior
0.8472761473732335,0.15499937853077647,1,interior
0.3996244553332304,0.3449057431609328,1,interior
0.4862820035637367,0.10018124144523045,1,interior
0.4406673489322379,0.12873806441041355,1,interior
0.3970620111196499,0.32016083292913733,1,interior
0.8465281888992766,0.1472583850284557,1,interior
0.8782202967822522,0.34649122490502327,1,interior
0.6906575767280247,0.0572257298649959,1,boundary
0.8705246067258989,0.3586505678209397,1,interior
0.880368123192828,0.2781219699986476,1,interior
0.40991344284525727,0.18897762359665918,1,interior
0.3936371533220076,0.27803751348536054,1,interior
0.8731553659347355,0.2260021930848551,1,interior
0.7883302108796988,0.10052879606662679,1,interior
0.8433011862054531,0.15745141519040906,1,interior
0.3882203990794971,0.24116587918647917,1,interior
0.7425419229242229,0.07345908067850491,1,interior
0.6980494129769339,0.0623544166625391,1,interior
0.4014920439677655,0.3529901031560125,1,interior
0.4065452899330763,0.1829310091466694,1,interior
0.39696522049086197,0.3335402811742118,1,interior
0.8857124663894088,0.28994477751712244,1,interior
0.41987737759764354,0.16895485176576258,1,interior
0.39694632665239765,0.256500417050188,1,interior
0.8022262628280536,0.1106527562249129,1,interior
0.4169937954447232,0.17341629680833887,1,interior
0.8686468394843037,0.1676296406924202,1,interior
0.39251424718040556,0.3164420941429599,1,interior
0.39450446540404593,0.27997851669762885,1,interior
0.8316820332850383,0.13906812712506753,1,interior
0.38999030849048094,0.2757138749510962,1,interior
0.475049385169574,0.10392829409368319,1,interior
0.8433642676804519,0.14729432403390744,1,interior
0.8447216468613362,0.15610197519589755,1,interior
0.8753750187495765,0.2237074591010602,1,interior
0.41570992915476196,0.17510289639983426,1,interior
0.3879350060028732,0.30650954603398467,1,interior
0.46147616740927183,0.11838215279391072,1,interior
0.7456850305019113,0.07344202943965444,1,interior
0.8412375684863391,0.1545564974929754,1,interior
0.3919678324871089,0.28021165188051517,1,interior
0.3987857474652366,0.2403225775223743,1,interior
0.3932731242312194,0.2813285874234266,1,interior
0.4345053047957662,0.1450476135803343,1,interior
0.40433575867793814,0.21312054612559156,1,interior
0.41245569113007063,0.2185470955777375,1,interior
0.395459231393956,0.24099371181229473,1,interior
0.8588797495707494,0.37646836587932486,1,interior
0.3850673040460438,0.3075228657062993,1,interior
0.8097206578249273,0.11582281995790164,1,interior
0.3962399225472463,0.22519529689719958,1,interior
0.398745738045483,0.2512578372509046,1,interior
0.8662259529576204,0.1656447747754328,1,interior
0.8843141610198172,0.24054317705259137,1,interior
0.4315088826811422,0.14554457420576966,1,interior
0.8763967276431711,0.19644859101723763,1,interior
0.7063839621289967,0.062410934108199485,1,interior
0.8808435770167701,0.23040098880691476,1,interior
0.8885487557611967,0.23978417246085038,1,interior
0.38412891210009703,0.2735222428464878,1,interior
0.875097206491298,0.22745184156514042,1,interior
0.4082623368842752,0.18750612362674618,1,interior
0.3962800574474528,0.3118615208321059,1,interior
0.7936543669448515,0.10356434651006166,1,interior
0.782294049567248,0.09070025782042154,1,interior
0.8771189463569168,0.33303844016825246,1,interior
0.8367196326161905,0.13617782267623152,1,interior
0.3965138074055353,0.3092370783874535,1,interior
0.8873805626054483,0.3103902023022383,1,interior
0.8418125506900982,0.1450346675977692,1,interior
0.7120811350170085,0.059918888823954006,1,interior
0.8595859534002264,0.36830507044610244,1,interior
0.7373259612483974,0.06851475967699054,1,interior
0.8811592418898443,0.30159610017182265,1,interior
0.39885412527835123,0.3525397234020897,1,interior
0.3817998505390466,0.27202883327261046,1,interior
0.3958791655330301,0.3228786243135781,1,interior
0.7274501130567422,0.06486792940461472,1,interior
0.8886591556324365,0.2577389674931327,1,interior
0.7970183950527182,0.10465541827342825,1,interior
0.3887926413735282,0.2656281209422037,1,interior
0.8866415597154267,0.24143960335968198,1,interior
0.8419001534117104,0.15637206674181528,1,interior
0.4084334998826449,0.18016857459707597,1,interior
0.8388427938571656,0.14248802587138729,1,interior
0.3912770493220341,0.28337162877443234,1,interior
0.8544555345332375,0.37773016006775195,1,interior
0.8801155369742905,0.3257267650697481,1,interior
0.40564306434660824,0.18654298482256357,1,interior
0.8815522425346904,0.3214769967141641,1,interior
0.8881978302754143,0.2479763936953688,1,interior
0.39634138855369894,0.3155600554272605,1,interior
0.7104186393735681,0.06183059437561808,1,interior
0.8752764054132989,0.34700865701610906,1,interior
0.8892146405285932,0.2622383457584817,1,interior
0.8839577539137924,0.2908860068745477,1,interior
0.3892850868897879,0.31062358296112275,1,interior
0.8690515629662523,0.36292628982290925,1,interior
0.3966988570745339,0.28797646540378125,1,interior
0.8861626483789327,0.31157064032031645,1,interior
0.8695300437325673,0.19412055532555228,1,interior
0.8792185462812072,0.2189932579781702,1,interior
0.8085105956733403,0.13123009103771643,1,interior
0.702250964351486,0.057869661549823634,1,interior
0.7091086421198746,0.059811176356768955,1,interior
0.38670003527289154,0.26801602592181334,1,interior
0.38156909759053287,0.2745431980694316,1,interior
0.8105396541844665,0.12043963589390064,1,interior
0.3893131844705216,0.23413787661473628,1,interior
0.4050204070576599,0.1897690999878433,1,interior
0.6964673257773273,0.06036446215691251,1,interior
0.39177676972552083,0.2770117236111324,1,interior
0.8538664322009369,0.3797282787788822,1,interior
0.4213085347026474,0.16574904026614667,1,interior
0.8136910430422685,0.1276217226233787,1,interior
0.7520415094760147,0.08362455824028178,1,interior
0.39537122549442305,0.33108889074097514,1,interior
0.43377556100347064,0.1404238346259368,1,interior
0.8588175663840807,0.3714436137496598,1,interior
0.4046728138910369,0.3578062128633824,1,boundary
0.8786953167709356,0.33197105025873486,1,interior
0.8719705819685365,0.21539225361295553,1,interior
0.4215066015517676,0.3481716358257889,1,interior
0.8830278522801329,0.22926871825868217,1,interior
0.40290946044811715,0.35745167345617285,1,boundary
0.7729438421529,0.08884929348944443,1,interior
0.7852466276720917,0.09580013466470025,1,interior
0.8762005340972964,0.3371614629083593,1,interior
0.8852088491719229,0.2868817175162991,1,interior
0.8867168752285484,0.2539006071453684,1,interior
0.3800243925965553,0.2724549049341437,1,interior
0.8716168078094874,0.363519857408078,1,interior
0.888203007202351,0.2535235776252161,1,interior
0.41773883121041333,0.16950633765819423,1,interior
0.8568562178498933,0.3801116548864096,1,interior
0.8843304740541269,0.29908111393603903,1,interior
0.8539034816654226,0.15605388100394893,1,interior
0.5007566795253168,0.10050319643640059,1,boundary
0.39064235537000763,0.291913332315865,1,interior
0.7217286297468654,0.05680643702691696,1,interior
0.38713747395195147,0.3117200086938954,1,boundary
0.3962208018384296,0.289802240731625,1,interior
0.8818216346439051,0.31059054189640145,1,interior
0.4689122347034678,0.11103197561600313,1,interior
0.7160836156364201,0.057296258190587764,1,interior
0.3915479861684156,0.2633617058001557,1,interior
0.8848876150806102,0.30631189256172414,1,interior
0.7503015679773265,0.07886697810717114,1,interior
0.8337472549376015,0.1331072367878572,1,interior
0.4050378665643975,0.21621663515505116,1,interior
0.45289483732868635,0.1205357455392803,1,interior
0.8800195799863934,0.28300072005900945,1,interior
0.39624937629934764,0.32439304674597746,1,interior
0.8854852164925071,0.29453234413220486,1,interior
0.8878466616289082,0.28854553754064266,1,interior
0.8724364721277685,0.18211777627699705,1,interior
0.39784114223195743,0.1948082474798063,1,interior
0.39694568729485297,0.19840492117044306,1,interior
0.4387796430634285,0.14716168099785293,1,interior
0.3971415846306442,0.24310505833369167,1,interior
0.3968394437457095,0.3467329980282934,1,interior
0.7976885786207227,0.10947023460861792,1,interior
0.8774880973014261,0.3443010630874552,1,interior
0.39159279167030203,0.26603611885259315,1,interior
0.4746167688917272,0.10583668573116514,1,interior
0.38835569139058235,0.3141919715723185,1,boundary
0.8077580821727586,0.11523303267915709,1,interior
0.8496869192288953,0.15419544885933578,1,interior
0.3937515780922177,0.30282263186633257,1,interior
0.8454744113220869,0.15454352799055146,1,interior
0.4017335061759234,0.24690273333147408,1,interior
0.4024889450048168,0.2452440691088655,1,interior
0.41045819215495233,0.18698742595342316,1,interior
0.4551555906120246,0.11896705924329398,1,interior
0.3977267935059248,0.19222498713677158,1,interior
0.8656417445682992,0.16873937063086153,1,interior
0.6967463263043662,0.057940989866074225,1,interior
0.8819984384115225,0.2791135589553985,1,interior
0.8566130809907346,0.1624583973738045,1,interior
0.3962041095124688,0.2918618547368027,1,interior
0.8595684510175589,0.37348766411494994,1,interior
0.8794963127082165,0.2758745481796275,1,interior
0.3905812587124938,0.29349676576745404,1,interior
0.7097995471528599,0.07552073529247416,1,interior
0.8771679732146422,0.3292529715844493,1,interior
0.8797324882337915,0.34603058194548036,1,interior
0.4442003344076829,0.12445974414444108,1,interior
0.8763507618694897,0.21621400827732834,1,interior
0.39511764429407886,0.3467644566272543,1,boundary
0.8226151120930973,0.12923693592792626,1,interior
0.8852585840550521,0.2724204890462638,1,interior
0.4126330430881753,0.25148195145151836,1,interior
0.8892728613955145,0.2867387544352623,1,interior
0.8673485724594405,0.1827343090863767,1,interior
0.7040460820333929,0.059379444579404896,1,interior
0.39611161170562087,0.1915778848232398,1,interior
0.44227783730993114,0.1270518660469414,1,interior
0.82926164546319,0.12989410982122024,1,interior
0.8544036306478932,0.16253430900012789,1,interior
0.7785596131119581,0.09179990061804973,1,interior
0.6946304250477363,0.05841271093848787,1,interior
0.39942351034474866,0.3225366168812272,1,interior
0.8903651788546731,0.24737555728903712,1,interior
0.8849514330914113,0.23833208579633466,1,interior
0.39963528641898005,0.22110820795564792,1,interior
0.8793589900769937,0.1956767508813149,1,interior
0.8810434152841131,0.19777273952103386,1,interior
0.3950215795450731,0.2933762576070419,1,interior
0.8694713231431334,0.18334304784316172,1,interior
0.8002913952808587,0.10860695891248119,1,interior
0.8919580786676926,0.2857565315845527,1,interior
0.40539950205941905,0.18420140482225247,1,interior
0.3947569801276267,0.34492347752732566,1,interior
0.8638908634053141,0.16515750789275777,1,interior
0.7288426451604237,0.05956817141023151,1,interior
0.8585381421885024,0.3801306544888834,1,interior
0.3973927037840503,0.2221953956878707,1,interior
0.8641518217393651,0.16306602301922832,1,interior
0.8826856041429626,0.29337250149763205,1,interior
0.4244822515171851,0.16531602784007915,1,interior
0.8701139777826378,0.16893182801220666,1,interior
0.8321977451314574,0.13331517591110126,1,interior
0.38928355958901695,0.3016482472043593,1,interior
0.48451443102058633,0.09766232281522852,1,interior
0.3996339444277085,0.19977138356074656,1,interior
0.8637774779444288,0.18574089712376576,1,interior
0.7609048221230175,0.07918877239489043,1,interior
0.3984010574513844,0.35414084964646614,1,boundary
0.4725984923947726,0.11036576502523962,1,interior
0.8778339208685333,0.22748724710203166,1,interior
0.8865734250444156,0.2962357097544569,1,interior
0.4106867865803241,0.1818534988002132,1,interior
0.4189401658424501,0.16711408678117512,1,interior
0.40806309493086446,0.18312276406842545,1,interior
0.8587965477639429,0.374947002977265,1,interior
0.39545851490270373,0.22271883328567377,1,interior
0.4233415992003144,0.166581312761915,1,interior
0.8777209101957026,0.24777701421533035,1,interior
0.8703044881579125,0.3647461981842455,1,interior
0.4503368121001328,0.12134975280406307,1,interior
0.7498704433842712,0.07436556074525563,1,interior
0.7296532276544618,0.06112729508385236,1,interior
0.8785595276618342,0.19172098252204234,1,interior
0.8659305609513807,0.36309671124068943,1,interior
0.8734043856968822,0.21617657423614475,1,interior
0.8468967100984964,0.15332994203561437,1,interior
0.8747083346229699,0.18953573961726955,1,interior
0.7200820662924323,0.05668968596672778,1,interior
0.4191596856587113,0.17087467338494844,1,interior
0.871133255779364,0.18491122088218265,1,interior
0.6866093078244774,0.06339745005620455,1,boundary
0.4231041052111207,0.17116150947313308,1,interior
0.8851339782659157,0.23559756185254851,1,interior
0.4124822910991096,0.23770200862897048,1,interior
0.8403678755408411,0.14076847964888367,1,interior
0.8820787070228537,0.28114629165142613,1,interior
0.8740199962596392,0.21388676863530903,1,interior
0.38516089073001364,0.30560292266565536,1,interior
0.8673785250747501,0.3517981516231871,1,interior
0.42255706955432415,0.16479569374260855,1,interior
0.7304913776391826,0.0657359497423475,1,interior
0.8846668950475948,0.30836862746018856,1,interior
0.8827319081294099,0.3235792148729291,1,interior
0.8784448625646374,0.1979770648519536,1,interior
0.37969334235431207,0.26959536072935003,1,interior
0.876010974847547,0.1982429656671488,1,interior
0.7624937091780986,0.07779837953941816,1,interior
0.8857313403528196,0.28516198191548564,1,interior
0.39670507641898045,0.19625848378479044,1,interior
0.7003323246184298,0.057983958439802114,1,interior
0.3885339506784159,0.2368781720117028,1,interior
0.4781275775947114,0.10150405427879351,1,interior
0.8802959914088265,0.20008624110026918,1,interior
0.869510484575243,0.19140954971135724,1,interior
0.8834787264574022,0.32579953084847485,1,interior
0.7168001886151139,0.05579807582290007,1,interior
0.4020736874741351,0.19961158459193457,1,interior
0.4034959725383606,0.214978057734289,1,interior
0.749456996147558,0.07713096121292609,1,interior
0.888131086681082,0.29056120226405,1,interior
0.7325699927443097,0.06464778736841618,1,interior
0.38156125578746586,0.26985584801502516,1,interior
0.39547396496256815,0.19390150984050722,1,interior
0.8675536517459325,0.18705850237972219,1,interior
0.8706911375377968,0.1902267605322971,1,interior
0.763590224865967,0.08075689261731088,1,interior
0.395204312594854,0.2446345787208695,1,interior
0.8811337692028502,0.218083636359265,1,interior
0.3939148079394121,0.3148013108030193,1,interior
0.8826077528907781,0.2346308538604066,1,interior
0.48882314060261856,0.09813458380465855,1,interior
0.8839571070978994,0.2858306857736944,1,interior
0.7695735309777584,0.0759366728199216,1,interior
0.8881530423716251,0.2510726896724733,1,interior
0.8749052872443533,0.21527889174751572,1,interior
0.8787992801022044,0.33043205699761347,1,interior
0.8595006017228177,0.37890540139235035,1,interior
0.3901336329518347,0.2642090549234907,1,interior
0.4128952049137773,0.1757356008174436,1,interior
0.8403145569541617,0.14424621751566863,1,interior
0.7672029216358811,0.07742022036002692,1,interior
0.703931358939462,0.05731101993516216,1,interior
0.40267180264053754,0.20897155488067187,1,interior
0.39361326617428105,0.2847129813938336,1,interior
0.41068613950193167,0.21593274298501577,1,interior
0.8579251388329837,0.17321624888653198,1,interior
0.4154698899082468,0.18058737441212136,1,interior
0.8830709159268612,0.26720241846384624,1,interior
0.40038320786713927,0.19790631703900355,1,interior
0.38371594949620086,0.26890539525448065,1,interior
0.3861876913268441,0.2758906017858443,1,interior
0.698777149116572,0.05850266947097527,1,interior
0.8893362793451752,0.24227458785204495,1,interior
0.8161336532316958,0.12645378444182692,1,interior
0.38623813267296525,0.2653310310340839,1,interior
0.4042216692449998,0.224310383906704,1,interior
0.8475025907467892,0.1444826784784522,1,interior
0.4343721627332628,0.16063643666590952,1,interior
0.8486377622967267,0.3792549161927039,1,interior
0.8368775224735037,0.13794185303297396,1,interior
0.38435489554261193,0.2655257487500532,1,interior
0.41149929199136653,0.17850348232770968,1,interior
0.8848717668791555,0.2883920553924675,1,interior
0.8665230966425225,0.16364524376750894,1,interior
0.3909428132077305,0.3157180412157862,1,interior
0.8841207329683515,0.2842926334701526,1,interior
0.3883211532642109,0.26758795857490475,1,interior
0.8892519121640299,0.3095693537024371,1,interior
0.8863446838748273,0.27101811779739887,1,interior
0.8483450969903312,0.149250395559528,1,interior
0.48644737396678234,0.09598167732142018,1,boundary
0.42101262348286367,0.17063296251886761,1,interior
0.3810913980135747,0.2678253899333954,1,interior
0.804065828976772,0.11037816387699188,1,interior
0.802563700125573,0.11224731690352141,1,interior
0.7952302124565792,0.11134476666199956,1,interior
0.8738139251731936,0.19159960665825468,1,interior
0.8121459378617826,0.12034143740888374,1,interior
0.4381536923348597,0.13097162679567245,1,interior
0.3902185361100884,0.2547211212462832,1,interior
0.8435825843505899,0.1547630710179959,1,interior
0.8284268076018536,0.131606944699216,1,interior
0.7193649123508017,0.06007553321416694,1,interior
0.8353503228691559,0.1407263607326939,1,interior
0.8380010457337267,0.14382902479874252,1,interior
0.43686483805372706,0.1359332487395439,1,interior
0.7985717786249754,0.10617752088676607,1,interior
0.7020454890546503,0.05612064365632115,1,interior
0.8728879240232952,0.18911148443890777,1,interior
0.8785481771713858,0.3341951916988759,1,interior
0.8604804545333573,0.17008039831271207,1,interior
0.45697042132013316,0.11856311228682524,1,interior
0.8712438115188648,0.1918539940019181,1,interior
0.8806772829167137,0.2279494266328794,1,interior
0.7540247429785679,0.07868256488090779,1,interior
0.3844197200333334,0.2759245534340489,1,interior
0.774854750392157,0.08223974300636801,1,interior
0.8798328354516383,0.19413164759079762,1,interior
0.397066787745105,0.2407679368221822,1,interior
0.8461489921872019,0.14272541333284205,1,interior
0.8190887460996943,0.13099596858089657,1,interior
0.3940655482913714,0.1922472061479451,1,interior
0.4353078949018651,0.1402780199064003,1,interior
0.4325759366506245,0.16811431215402792,1,interior
0.45977154191055203,0.1174257453455519,1,interior
0.8431680337408666,0.14236109571565536,1,interior
0.8708787843069238,0.3530271949616851,1,interior
0.8800124756803358,0.2166623526283119,1,interior
0.7740996960490665,0.08450042836088097,1,interior
0.8153926435962505,0.12305377238263175,1,interior
0.4281234304523681,0.1485725796758482,1,interior
0.8897790037678156,0.25230749016829307,1,interior
0.7736788479596772,0.07784328163451962,1,interior
0.881294134655601,0.19479474093420984,1,interior
0.482530889786371,0.10240767617591401,1,interior
0.8821565359826318,0.19660118823461376,1,interior
0.39056829829269724,0.29516905936986154,1,interior
0.87916046050321,0.288083919683608,1,interior
0.855678733406939,0.16404104639485168,1,interior
0.3960224438715698,0.34819111421319543,1,interior
0.3828605828574191,0.2755455446339862,1,interior
0.8057797019107361,0.10803501447862865,1,interior
0.8803771149451413,0.22037168313636057,1,interior
0.8860347895143882,0.2672328578359302,1,interior
0.7188395745749036,0.05569865107162395,1,interior
0.410407574701369,0.1744534891525547,1,interior
0.4067915495775367,0.2422500232559396,1,interior
0.4277833849336071,0.14623860849454018,1,interior
0.8813978462025672,0.28421611533713775,1,interior
0.8865922152680837,0.26530374806333784,1,interior
0.870121301438081,0.20116540980471817,1,interior
0.43185584896641865,0.15965520836245678,1,interior
0.38505519240420416,0.2679123243932762,1,interior
0.40242043836002245,0.20734757799113063,1,interior
0.3941127354317912,0.32141082233293283,1,interior
0.8885577981318912,0.255326527918271,1,interior
0.8350179191688802,0.1342283635158763,1,interior
0.46672463506437284,0.10953555947959247,1,interior
0.83362098962604,0.13087153786579786,1,interior
0.47515539004341933,0.11384933134318706,1,interior
0.8627228175643781,0.16251684536932462,1,interior
0.8537379757810556,0.16476767197770256,1,interior
0.8255597822473247,0.12993815288117916,1,interior
0.39347382775683987,0.2224828148181469,1,interior
0.42906627053205515,0.14477183044687397,1,interior
0.8812823703271996,0.33263218715450865,1,interior
0.8852852524662874,0.24735772172160284,1,interior
0.8908881463266598,0.24559930394766258,1,interior
0.3884422907677846,0.2920705520387099,1,interior
0.39575029697295955,0.32106742455997433,1,interior
0.8689471521760973,0.3544861765652871,1,interior
0.8868890317144642,0.2929378327093725,1,interior
0.8367476205604231,0.13416275916359666,1,interior
0.7859046245190356,0.09403898661083832,1,interior
0.43810453300917784,0.128923721382535,1,interior
0.8799803595433991,0.3334659714870721,1,interior
0.7346075852007908,0.06521073827464105,1,interior
0.7635647544918888,0.08259788338247973,1,interior
0.8771446776579951,0.3389374628656356,1,interior
0.8787939007388279,0.3494726536339485,1,interior
0.39735848680530805,0.24581044997587523,1,interior
0.8067544109225063,0.11106497872027794,1,interior
0.826868796487038,0.1285133723976513,1,interior
0.7322066061715367,0.0626701728588076,1,interior
0.4004112703504974,0.23970232609434303,1,interior
0.39848661230354554,0.24188188395378346,1,interior
0.40357091515630844,0.21673129430411345,1,interior
0.7249058653538778,0.05611261780079527,1,interior
0.8637851934597247,0.18878301577054912,1,interior
0.8818162902892819,0.3179475997329617,1,interior
0.3875865165518951,0.3020439373397244,1,interior
0.3906852750561526,0.3186507863872794,1,interior
0.729057511748018,0.0641181786800682,1,interior
0.7759902324295573,0.09061489061331998,1,interior
0.891977218953008,0.24845401379936174,1,interior
0.39362313044614256,0.2522920742208205,1,interior
0.3987053039944712,0.34981707909335297,1,interior
0.7729381089079816,0.07528639408421448,1,interior
0.8906326261894112,0.2510017621556685,1,interior
0.8855148982027445,0.2695790950233144,1,interior
0.3839349222776825,0.3094218995830402,1,boundary
0.8879587590314335,0.2840609193862927,1,interior
0.7220109390388348,0.06792632236513717,1,interior
0.45962928656924407,0.12230012699911418,1,interior
0.85980978615322,0.18373081779041014,1,interior
0.38916717544170437,0.29899495265835313,1,interior
0.8777410589853681,0.21520514314338063,1,interior
0.8790347860391388,0.27977110430953506,1,interior
0.8691519184451447,0.18835766131979134,1,interior
0.8133964496571934,0.12125770070972569,1,interior
0.39084664740577446,0.23037357826468136,1,interior
0.7651998448253876,0.08223996839427829,1,interior
0.8261754679460958,0.14241256654088713,1,interior
0.39476336132754486,0.3401326213894966,1,interior
0.4361181827226919,0.1324195772346662,1,interior
0.8813254071068352,0.24962631943206592,1,interior
0.3937922130928688,0.3198378149513317,1,interior
0.8910272660732376,0.24112266093591647,1,interior
0.3972633434379833,0.3526881679425612,1,boundary
0.877500490478906,0.2292768303187707,1,interior
0.38861756376587986,0.2969210820149483,1,interior
0.8700895206493691,0.17680920563795785,1,interior
0.8704244610756922,0.3513887179787656,1,interior
0.8140722518925844,0.12472780946877832,1,interior
0.4320639278633372,0.1513211037275145,1,interior
0.8020217128830082,0.10813505051235922,1,interior
0.4001769225127469,0.19135934586497422,1,interior
0.40105859162659924,0.20124542908797474,1,interior
0.7231210367882359,0.05472991035163802,1,interior
0.7394411319092098,0.06687285417212394,1,interior
0.8426307112720398,0.14052786498695893,1,interior
0.38305041939179996,0.2674307707538438,1,interior
0.7745557476608538,0.08850202840243936,1,interior
0.38196964231399255,0.2648280081318329,1,interior
0.7864630078271599,0.09208974579482632,1,interior
0.39469188689367096,0.32574042702324413,1,interior
0.3934567010311392,0.3434452325017088,1,boundary
0.817021175543419,0.12457833929607683,1,interior
0.8777281832904358,0.19558502398609756,1,interior
0.4344080611039145,0.14266364131310882,1,interior
0.8892302760760958,0.3079861311564296,1,interior
0.8367543695862737,0.1321622698520646,1,interior
0.870411924073246,0.17856820197449697,1,interior
0.873999223451709,0.35217253325033915,1,interior
0.3924047838200566,0.3396608745512404,1,boundary
0.8509798016316741,0.1511577554817385,1,interior
0.7105502169576903,0.06673839077781855,1,interior
0.39598159079920475,0.23956771009158692,1,interior
0.86990790252245,0.35723821748782864,1,interior
0.7686147702397067,0.07338871631444699,1,interior
0.7273651149713647,0.05720100988275446,1,interior
0.7712622469173483,0.07240146726388283,1,interior
0.8166404943230732,0.12144820455529019,1,interior
0.8641397509069925,0.36368935524911733,1,interior
0.39364840998303513,0.3314792186597027,1,interior
0.7526492168875164,0.07751469881801264,1,interior
0.4746138164081684,0.1105341127809494,1,interior
0.698742445976343,0.05614637434396306,1,interior
0.8862810471983726,0.3071760585861473,1,interior
0.3937269481281305,0.2862822377146622,1,interior
0.48410508617789333,0.0960072290270657,1,interior
0.8776582472220051,0.22263362298939354,1,interior
0.8569062774587706,0.3772025914041701,1,interior
0.7765133973586615,0.0827977418474918,1,interior
0.7395841251329073,0.07109090709406153,1,interior
0.7395161121884919,0.06450547065517227,1,interior
0.8688129374921206,0.18598419076175354,1,interior
0.4054968035686821,0.19777361823840867,1,interior
0.7051975134298469,0.06412225104191384,1,interior
0.7751769566549044,0.07833861658282124,1,interior
0.38849137565665515,0.29434402686795136,1,interior
0.44724769056049,0.12203676409016764,1,interior
0.8724455872348611,0.3516292478165037,1,interior
0.4861889829106654,0.0977233272696938,1,interior
0.8705282826703152,0.35544152701694953,1,interior
0.3835108568921153,0.272082022080864,1,interior
0.8849978182339305,0.27749217694128375,1,interior
0.8822188473002709,0.33453788815091695,1,interior
0.8720392037155361,0.17052475443548445,1,interior
0.871977732242148,0.3542999148223842,1,interior
0.8659455290662545,0.18666832353809104,1,interior
0.685317680148794,0.06129260967658093,1,interior
0.7766566962568122,0.08675239543877555,1,interior
0.8792089226847265,0.22517711395251527,1,interior
0.4043970804748971,0.1990583408225985,1,interior
0.7343326745799176,0.0636549736508867,1,interior
0.40117213296233833,0.20569988935959066,1,interior
0.8386675107028554,0.13991770807628623,1,interior
0.8090428354663741,0.11017450250011171,1,interior
0.3948193849043576,0.24307089353593858,1,interior
0.7713406934414905,0.0786515704565145,1,interior
0.8649359237139862,0.36546474453890376,1,interior
0.3933011894477923,0.28942085655658306,1,interior
0.39337140273178983,0.32280830474913047,1,interior
0.4679647804615056,0.1068613140499029,1,interior
0.7365783873087164,0.06590206180035175,1,interior
0.39959040198212936,0.204504547666444,1,interior
0.8037936769065868,0.10768663064388387,1,interior
0.765809349870337,0.07971665644052503,1,interior
0.40643927993166906,0.3472597208103715,1,interior
0.400640912307757,0.2174108599361252,1,interior
0.39750556112321217,0.220646390501992,1,interior
0.4033081029657871,0.1876589234855931,1,interior
0.3986677818418443,0.20734078936639586,1,interior
0.8892363681884329,0.26501460933902293,1,interior
0.8795940371714882,0.32730336076861677,1,interior
0.396479898559906,0.35078262024804596,1,boundary
0.38712991392837415,0.2986236337606897,1,interior
0.8274841378881571,0.13008259926338217,1,interior
0.4318745092210725,0.15367916211590557,1,interior
0.4048109390058752,0.18275592200028348,1,interior
0.39365313307371935,0.24406948127015007,1,interior
0.8777426748528323,0.3367176050829322,1,interior
0.3964160061617002,0.25291859901780944,1,interior
0.8883304884084942,0.2949332590071605,1,interior
0.8833243870336843,0.2274553306959275,1,interior
0.4358552045104292,0.1301218061949032,1,interior
0.3931035253797116,0.3273226623143103,1,interior
0.4024930004298822,0.2182874384155034,1,interior
0.8878781570848585,0.2859480475781039,1,interior
0.8877854429426926,0.3087372726717969,1,interior
0.3981875480479801,0.18973522807955195,1,interior
0.8748935141200088,0.3506594136829392,1,interior
0.43177604839153466,0.15543715656565435,1,interior
0.8873696921456266,0.249739070670685,1,interior
0.3889485585045991,0.25935010896487676,1,interior
0.8776339580014924,0.22587540784112423,1,interior
0.7759542208242167,0.08477477368885669,1,interior
0.3927555093473424,0.28746427821322934,1,interior
0.8381477137082978,0.13510334463990709,1,interior
0.8899030622287938,0.2884987482653517,1,interior
0.3931695010126881,0.2240682503404512,1,interior
0.8729065244009592,0.18732394777789751,1,interior
0.8839379520546726,0.2763167228633186,1,interior
0.8222038358902756,0.13078841449500186,1,interior
0.8877601599358883,0.3060827814953906,1,interior
0.38733096001562956,0.2641866323111197,1,interior
0.8834412999983995,0.3145629198558144,1,interior
0.3914772814692326,0.28956828175332966,1,interior
0.8411537661753885,0.1381403307518546,1,interior
0.7269975522384815,0.05538425689847815,1,interior
0.8848972713219438,0.2798569955535721,1,interior
0.8898896637199826,0.2608124060135493,1,interior
0.8881305688646137,0.24325523180875508,1,interior
0.8706175067568708,0.18646583934837263,1,interior
0.8855649817245166,0.27579370090544353,1,interior
0.7637996534269834,0.07866300804396642,1,interior
0.39572989100641537,0.22116421136705222,1,interior
0.8326620519223903,0.12886583542605815,1,interior
0.3940378795430388,0.34172996947251405,1,interior
0.6884239386258529,0.05892796682471343,1,interior
0.8823594208160094,0.273924911543303,1,interior
0.8707519892055213,0.1885682357664048,1,interior
0.37876884673846184,0.2676880112379486,1,interior
0.39913007463702965,0.24825934939582944,1,interior
0.8021988304745943,0.10655815143745699,1,interior
0.8160074122703259,0.1289289381758921,1,interior
0.8811909696320045,0.22280229464427662,1,interior
0.39319423451428936,0.2831306623013097,1,interior
0.3932099171260397,0.21953294090821204,1,interior
0.7602660776752123,0.0763206183889927,1,interior
0.3960833641681671,0.2509292564273533,1,interior
0.7529913508127735,0.08201184140322777,1,interior
0.80938385131135,0.11334972214608886,1,interior
0.3945452614334392,0.2903657801032791,1,interior
0.39857951262161906,0.20157215237930015,1,interior
0.8917109648995399,0.2876941645338111,1,interior
0.7763828693140228,0.07734510380427659,1,interior
0.46821614970200726,0.11334578135560995,1,interior
0.8724452526660624,0.21264259235623328,1,interior
0.7414219913983172,0.07126031676657169,1,interior
0.6972586609150289,0.05473853402442358,1,boundary
0.4300895370793022,0.1561846765288924,1,interior
0.7761507865336488,0.08861504262286671,1,interior
0.43059326474763926,0.14415189898689384,1,interior
0.8710334137764447,0.360684133958327,1,interior
0.8815355064565138,0.34767541987892797,1,interior
0.7743527310061371,0.09035788928070997,1,interior
0.42926422189979047,0.15245632741207601,1,interior
0.8915298148599663,0.2584739353829564,1,interior
0.8655706174779149,0.1848333769718327,1,interior
0.3916634698443095,0.2271494802272853,1,interior
0.4722221931762567,0.10609239339062256,1,interior
0.8753607166803795,0.20193624584689784,1,interior
0.8817046333758147,0.32486142455969574,1,interior
0.4721551176899923,0.11205079399468393,1,interior
0.3973608388989624,0.32165542076737835,1,interior
0.46267191097288207,0.11980941537435823,1,interior
0.40841842000402967,0.1846348008496979,1,interior
0.7563319765117198,0.07906031689439574,1,interior
0.8723384945843017,0.3562541576802053,1,interior
0.8759057553693962,0.21393786988033967,1,interior
0.42992385300378994,0.14866248811678193,1,interior
0.3983107370624159,0.323860726831011,1,interior
0.38300380271270157,0.26362223326086265,1,interior
0.8745388736847571,0.34847490382307816,1,interior
0.7214248955005009,0.055097218612916735,1,interior
0.8819959467496904,0.32842701080000347,1,interior
0.7479210277035511,0.0735222786428813,1,interior
0.8656047351187641,0.16195839578384982,1,interior
0.3796099913402804,0.2664109971765743,1,interior
0.44844457565312,0.12518219486196103,1,interior
0.42685414916866715,0.14477908750657512,1,interior
0.8308193479350635,0.12945108690338897,1,interior
0.8082373338279566,0.11823101770815096,1,interior
0.8906497729907211,0.30893557093608615,1,interior
0.4021126120176283,0.21604664827018244,1,interior
0.8868513771381054,0.2767440967857318,1,interior
0.8754756165113413,0.2252573569370411,1,interior
0.8352504983383316,0.13064198799375332,1,interior
0.7659015542507772,0.07388250421434636,1,interior
0.8485016177377379,0.1463548453112168,1,interior
0.826465221269645,0.12682972155697245,1,interior
0.39544248670101856,0.2986551633798309,1,interior
0.47069386793895984,0.11070199516400792,1,interior
0.3989876988901629,0.21856824958366525,1,interior
0.76652375796504,0.08140692352641138,1,interior
0.7776736854670502,0.08978709629774616,1,interior
0.422672377672449,0.16285161258372063,1,interior
0.3984724278595666,0.25530555398049193,1,interior
0.8834480671790996,0.3198837297908752,1,interior
0.8107069749114134,0.11457824174064,1,interior
0.8704161772064181,0.1705987900197296,1,interior
0.8795924131195084,0.20238851828440718,1,interior
0.40080474353935985,0.214549439840768,1,interior
0.7352155378704213,0.06885275220098863,1,interior
0.4031157703634792,0.21057487182137466,1,interior
0.3921192692037182,0.3132494003437499,1,interior
0.45007748638885314,0.11919800263083953,1,interior
0.731805376282247,0.059391514447039835,1,interior
0.7719861009522333,0.07662985145374042,1,interior
0.8766872121356242,0.3506070604712305,1,interior
0.868161180360501,0.18422164382438513,1,interior
0.38662361039136545,0.24129528787097804,1,interior
0.7561078971470381,0.07751090778177873,1,interior
0.39477119917685904,0.3377438057996957,1,interior
0.7477499971386522,0.0720058766042274,1,interior
0.3890077500136512,0.2561263283534571,1,interior
0.7549660280794057,0.07552198265480888,1,interior
0.8849618966054157,0.31560056065200104,1,interior
0.3902857144472698,0.2411557628780987,1,interior
0.8877608523341417,0.2377446395029672,1,interior
0.37763550507564814,0.2705328962368538,1,interior
0.40305066798730926,0.18987762621031806,1,interior
0.4000729142620919,0.3537109490433086,1,interior
0.38871965988055746,0.2392662000057063,1,interior
0.8570437110009292,0.3835401875021338,1,boundary
0.8461881732577715,0.1518412495459066,1,interior
0.4033267991778874,0.18578151803536158,1,interior
0.42814170104517907,0.15011126212209275,1,interior
0.8909439804555627,0.25603980984196095,1,interior
0.8576059394579468,0.3787848150314394,1,interior
0.8817390209635851,0.20176384620716764,1,interior
0.8642949157943565,0.36803379507300016,1,interior
0.800079767457259,0.10709034700875783,1,interior
0.3867539144810252,0.3005261142263186,1,interior
0.4329467537809293,0.14420106476511615,1,interior
0.8745613396853317,0.3641476237351421,1,interior
0.7005640406306127,0.0550148104394392,1,interior
0.43274781374238475,0.146635823729114,1,interior
0.886138904085152,0.2830424138045771,1,interior
0.8200254084955876,0.12949713612270702,1,interior
0.4318719535433718,0.16544738532597783,1,interior
0.3779891562786619,0.2725245886063489,1,interior
0.4019454192125425,0.2038631418310053,1,interior
0.43635424979274906,0.1376703830749785,1,interior
0.39479681482486617,0.19543386587124037,1,interior
0.8760033830197764,0.35213861039132127,1,interior
0.3887572819843317,0.27721388226144966,1,interior
0.39754926731917556,0.24923794312207026,1,interior
0.8780285450846257,0.22419406798120578,1,interior
0.3898339033364471,0.2906215697499459,1,interior
0.3922195173642291,0.3303000137398385,1,interior
0.7898554150852946,0.10065718907887981,1,interior
0.8848846180456579,0.3178231084646633,1,interior
0.4475012851949873,0.11948888404098834,1,interior
0.879502352694827,0.35162688128713604,1,interior
0.39520305783354165,0.3494873547371132,1,boundary
0.8852972037281153,0.23162010417404794,1,interior
0.43774583640056436,0.1325903128326256,1,interior
0.40998125206641955,0.17782581243868653,1,interior
0.3886476328648784,0.2318211818125483,1,interior
0.8912416815098745,0.2634514686692369,1,interior
0.694502516093771,0.060080810284171365,1,interior
0.7289234460565945,0.056577293263879364,1,interior
0.7778678537982219,0.08352164522783737,1,interior
0.8802728322082729,0.22644543797561803,1,interior
0.3938615913858239,0.19404250164624184,1,interior
0.7747357452589335,0.0802159883753473,1,interior
0.3950113012800246,0.22813595737574185,1,interior
0.8628146195645329,0.1609029379675581,1,interior
0.7413280729857749,0.06779861976321437,1,interior
0.3877690201084418,0.26915246907138207,1,interior
0.3971535715297283,0.21728923526806906,1,interior
0.46894168121274954,0.1082975010663441,1,interior
0.8853356298968377,0.25505368287983143,1,interior
0.40261188862681424,0.18192335802219536,1,interior
0.40008852422047003,0.20840477942931238,1,interior
0.7286941315485034,0.05451532909071442,1,interior
0.8878551275909186,0.2681251836417726,1,interior
0.6889209976630033,0.05706282476270404,1,boundary
0.7897283388135317,0.10381255789595113,1,interior
0.8317000431935503,0.13481178451232279,1,interior
0.38596164870481064,0.2939307334484089,1,interior
0.7909551978883271,0.10265634459264067,1,interior
0.4638015106533995,0.11822165102594728,1,interior
0.4290123007616498,0.16453095341284765,1,interior
0.8927282432562127,0.2599115769060769,1,interior
0.8744221558121711,0.18671592871207515,1,interior
0.8494574799456444,0.1525777383536874,1,interior
0.6986254969593462,0.054026502881548845,1,boundary
0.8936099813077109,0.28617797266416556,1,interior
0.3920525861409262,0.22080798663703985,1,interior
0.43208330589020066,0.1576150760222686,1,interior
0.41461559980853585,0.17702424765654115,1,interior
0.4244433671664829,0.1612109193831314,1,interior
0.4011298786017185,0.1889317503182729,1,interior
0.3921717248497313,0.31931991679995914,1,interior
0.8768411490608257,0.3404390303430514,1,interior
0.8924061041114317,0.26244573949704986,1,interior
0.885298889116528,0.31408940216645803,1,interior
0.6898564042215538,0.06077411321561206,1,interior
0.38619936626442114,0.3042384003282314,1,interior
0.43359849005300205,0.1623802470435414,1,interior
0.4180135955710093,0.17218458284988628,1,interior
0.8183703445770638,0.1296002763668979,1,interior
0.850334507034979,0.14828310221333793,1,interior
0.8409213436028656,0.14261562178501352,1,interior
0.882878984254234,0.28329845094548445,1,interior
0.8798729110056254,0.3355293395659992,1,interior
0.7237964662439458,0.053362194717677135,1,interior
0.39117935899938416,0.28788976614584577,1,interior
0.8812098251813636,0.3268186944321178,1,interior
0.40259041891633146,0.18423312027158842,1,interior
0.8677135430674576,0.1890486205037291,1,interior
0.8334854444036255,0.12654794677544226,1,interior
0.8620335697770369,0.3685882646116285,1,interior
0.3989581425102433,0.21538644954658948,1,interior
0.38980311740419893,0.22034589908297683,1,interior
0.3979190296228643,0.2473360644575422,1,interior
0.4308778487380889,0.167216793972665,1,interior
0.6934171751534786,0.05537243510401544,1,boundary
0.7302380756238873,0.05766290265905119,1,interior
0.8780998449835974,0.2043004978556922,1,interior
0.8886067691062802,0.2704494189970285,1,interior
0.7539567537190627,0.07668931579005946,1,interior
0.41479254464693593,0.17372681693647662,1,interior
0.38835853686667804,0.3170856101054935,1,boundary
0.7082961436977521,0.057682851161653746,1,interior
0.8240464710861221,0.12866532988046012,1,interior
0.821326708039254,0.12772619876213712,1,interior
0.3848525024237941,0.3012154816533083,1,interior
0.38994820654389567,0.257475098486005,1,interior
0.8672632713288903,0.16128566643555503,1,interior
0.8671211786272399,0.18556898868191685,1,interior
0.7440761596264321,0.07416282742974431,1,interior
0.83510395035779,0.13221133739561872,1,interior
0.4349688275958402,0.13836147724706743,1,interior
0.44849261368054383,0.1211397389466585,1,interior
0.46742690178944635,0.11139911478020137,1,interior
0.722225079229796,0.05277669140977326,1,interior
0.7519496424173399,0.07600182927693061,1,interior
0.4394004633536361,0.12756673028917004,1,interior
0.8844011832136451,0.2822317018420792,1,interior
0.8935151897224088,0.24833035401211154,1,interior
0.4295389530401066,0.15784476413853932,1,interior
0.698039278466871,0.060271899921861584,1,interior
0.8525509854416589,0.15524809566415157,1,interior
0.8772134116761419,0.21310346401880298,1,interior
0.891227295092015,0.26535916966178286,1,interior
0.432682642687594,0.16112516637896662,1,interior
0.8685490759943234,0.176185651723604,1,interior
0.8898375441328749,0.3052568516237333,1,interior
0.4296453169519791,0.15059347927265554,1,interior
0.3921084096160214,0.3219162846544538,1,interior
0.8875940543248472,0.23597014018779916,1,interior
0.8653370348001461,0.36965489781783084,1,interior
0.4658057705411829,0.11259094183742532,1,interior
0.8867028183808157,0.3033452142403475,1,interior
0.44020627673816176,0.1303934223377751,1,interior
0.7164653534449232,0.054227934194389975,1,interior
0.3944768988525711,0.21849307440954815,1,interior
0.3960263941976936,0.2490701866791587,1,interior
0.39032658284891525,0.26195549365452403,1,interior
0.8908695976544877,0.2718523112646539,1,interior
0.4265786457480432,0.1476717611638118,1,interior
0.8365893596800129,0.13966911063255197,1,interior
0.8580936565859921,0.3816846621078986,1,interior
0.3907779583478961,0.225228233811657,1,interior
0.4076968361432696,0.1784325479421491,1,interior
0.8083141101106696,0.1078831424808468,1,interior
0.4359954630957748,0.1342731638847846,1,interior
0.7787999493109538,0.08863155510194899,1,interior
0.8810876047762516,0.3443813219615062,1,interior
0.4385150281502022,0.16421087841266369,1,interior
0.3990635087497946,0.2133935363592063,1,interior
0.8867874624763531,0.2287135318312453,1,interior
0.6862828994838193,0.05980798554624035,1,interior
0.8897008154270887,0.22899708750941228,1,interior
0.6885155193981604,0.06260294500618555,1,interior
0.37617288631523144,0.26839289516370834,1,interior
0.39898573759811534,0.19328853175473248,1,interior
0.744327914850854,0.07216894856395739,1,interior
0.8915787949192091,0.2703222696603206,1,interior
0.7863481212185689,0.09829899225097202,1,interior
0.8708142268878417,0.16713444343240524,1,interior
0.8826670578894711,0.27541567545146656,1,interior
0.7920679778246905,0.10117325734288171,1,interior
0.7412124345419927,0.06497282978920126,1,interior
0.7525404743832509,0.07374816646745846,1,interior
0.8879024373444443,0.2800385608430097,1,interior
0.8892992044084601,0.29168050717003957,1,interior
0.7341313817798397,0.05800015991406581,1,interior
0.7651719654613937,0.0754338876627834,1,interior
0.8588363027275939,0.3830912960686475,1,boundary
0.8752328033299329,0.21220575606434677,1,interior
0.3895466461589978,0.25294931348609057,1,interior
0.7887993454903574,0.098308227709607,1,interior
0.39289853564543575,0.3354009470022566,1,interior
0.4294668532657138,0.1542268677114472,1,interior
0.8803210663086153,0.32965026072584513,1,interior
0.834263141578644,0.12922937907152549,1,interior
0.8655963519681465,0.160029962678221,1,interior
0.8382710071125649,0.13294243918300921,1,interior
0.44711772830805524,0.11738377743362201,1,interior
0.3916733095535291,0.2287665529186207,1,interior
0.8449622336981844,0.14073473870338124,1,interior
0.8828386699518432,0.3000320784611248,1,interior
0.40145282032745416,0.2130056665316948,1,interior
0.3980069586249469,0.20348047856261842,1,interior
0.3815435157462472,0.26227336157116604,1,interior
0.38885242222332655,0.22676087281241822,1,interior
0.4609011210031963,0.12087116973152663,1,interior
0.8808086169297865,0.3311065425476646,1,interior
0.8484339319501005,0.15142689942887466,1,interior
0.38030156076230953,0.26472027078220733,1,interior
0.3864838677399969,0.29704109062452067,1,interior
0.4705685787756599,0.10830589508137628,1,interior
0.4362539836390253,0.12854446537250375,1,interior
0.7576665798305428,0.07633656464837434,1,interior
0.39076287893385414,0.3360049769849381,1,boundary
0.394452154186006,0.32411655770803766,1,interior
0.7305869245303697,0.055896365047050124,1,interior
0.8692486306319448,0.36138938162539375,1,interior
0.38856222370870186,0.25416210973514713,1,interior
0.39244572628637603,0.3330698100877933,1,interior
0.8114403742120442,0.11893451566329434,1,interior
0.3896526234003436,0.31300151323192343,1,interior
0.888370641353525,0.24532889952559922,1,interior
0.883179150985608,0.33062357476477844,1,interior
0.8279481088010138,0.12720611170768426,1,interior
0.8601727262384714,0.16070337913972493,1,interior
0.44247140017428715,0.1222123588878392,1,interior
0.8175873769961023,0.12298997695490378,1,interior
0.8603286994679026,0.3710202152584836,1,interior
0.7800574065035514,0.08966809686244767,1,interior
0.774787778817742,0.07588996530156425,1,interior
0.8905310882007187,0.3027174045803659,1,interior
0.8923282515287442,0.26706326707008,1,interior
0.8746227856297785,0.18490987911003093,1,interior
0.7689230196443132,0.07164133420101913,1,interior
0.8851759364973151,0.32174877472694474,1,interior
0.4730761071564959,0.10468515600236676,1,interior
0.8893679126454583,0.2846524653718156,1,interior
0.8832762533488214,0.32211382691333074,1,interior
0.7497442664823253,0.07167961444323509,1,interior
0.4011172000725044,0.185512318784457,1,interior
0.47584216814548447,0.1022655360108535,1,interior
0.86589637342798,0.3615691990413742,1,interior
0.8886949966335661,0.27335826859261664,1,interior
0.8683752151295948,0.16339107936846137,1,interior
0.8950847394666445,0.2585865203093961,1,interior
0.8827730576921141,0.19424717549672527,1,interior
0.773065392088337,0.07264443233805692,1,interior
0.3927809231359098,0.2600617111127275,1,interior
0.3900571873616137,0.28012466451443696,1,interior
0.883487462472124,0.19149978075452728,1,interior
0.38845252154229154,0.26253399258749105,1,interior
0.4131216550563663,0.17373943909179984,1,interior
0.43113267992985244,0.14993381143035958,1,interior
0.8360568560469179,0.12908496233774389,1,interior
0.4826070550845366,0.09773925106271414,1,interior
0.8827443578540686,0.3445190642342034,1,interior
0.7934858734231939,0.10021105692705344,1,interior
0.39135980683194194,0.2862928115054379,1,interior
0.8744618363418626,0.35657692052731765,1,interior
0.8850383182586372,0.19190235573250533,1,interior
0.8729131711730569,0.18486914195361093,1,interior
0.4658397867162407,0.11464978575922057,1,interior
0.7643945633647667,0.07720492168237503,1,interior
0.38720484877823624,0.24273891350916232,1,interior
0.8895522032628437,0.24939339553863787,1,interior
0.8872026876617297,0.23176317653074766,1,interior
0.8782253372731411,0.18997335614629046,1,interior
0.4724790448320714,0.11720816782198501,1,interior
0.8112404958017686,0.11669930990806468,1,interior
0.48242898321207034,0.09468519329507387,1,boundary
0.3845133123889292,0.2633908510119018,1,interior
0.8900245284555801,0.24398378484457742,1,interior
0.3871228683686058,0.2617088219461191,1,interior
0.8845794994698563,0.3289502694659205,1,interior
0.8861424066377408,0.2262683110558485,1,interior
0.7207726575545587,0.05339113635195672,1,interior
0.391136248835197,0.3260937533859384,1,interior
0.8766492340681384,0.3482562988750719,1,interior
0.8842216539011629,0.3478597038966339,1,interior
0.8618265914450775,0.37181357017011807,1,interior
0.3827655139675735,0.3078002283621235,1,boundary
0.8878604295579783,0.2642763650935117,1,interior
0.4882455082551012,0.09662919721647284,1,boundary
0.4488550816597007,0.11626073893452853,1,interior
0.796471184209729,0.10244372014791103,1,interior
0.8075513052011207,0.10953206810637531,1,interior
0.41574119519339875,0.17181590293900126,1,interior
0.3910220930784331,0.24310771384250326,1,interior
0.8867303419221315,0.2784358716650118,1,interior
0.871876246351014,0.35793693695343776,1,interior
0.880264138649197,0.2685275304904175,1,interior
0.8481126733672851,0.14266349293943367,1,interior
0.762556642300242,0.07575876277142994,1,interior
0.42906630048854516,0.14178631845338727,1,interior
0.882227464746959,0.1992590658582918,1,interior
0.8920109454331809,0.2688337782431722,1,interior
0.4814250877634485,0.10013583623199758,1,interior
0.685673133994907,0.057945679747849796,1,boundary
0.8582658846176198,0.16183970911373227,1,interior
0.4564979585425654,0.1157607911185862,1,interior
0.8723135298975431,0.16672168692119874,1,interior
0.8922188484034241,0.30961667643847723,1,interior
0.3767668146761683,0.26656951447299876,1,interior
0.40401402343027676,0.1810778685207998,1,interior
0.39238262433792404,0.2926381630430147,1,interior
0.8851535663192778,0.32662289331547856,1,interior
0.3865034339560265,0.25963057725787686,1,interior
0.8808196633826547,0.34958054280461653,1,interior
0.38536051607832794,0.29967478268365044,1,interior
0.7872893220229943,0.0971066251039849,1,interior
0.860141252173074,0.37734731880300465,1,interior
0.890586242712344,0.3073024000651975,1,interior
0.8898666602821904,0.2822013973142438,1,interior
0.39501147033469014,0.2888781302623971,1,interior
0.4105955400783935,0.17261531584047746,1,interior
0.3836322773594011,0.2994164544419228,1,interior
0.8784729620914992,0.35337810507088324,1,interior
0.4501002674639309,0.11419711174588507,1,interior
0.8868910331133197,0.3195990664983487,1,interior
0.3864319949101126,0.292472890279265,1,interior
0.7911457931288037,0.09947337593907846,1,interior
0.38536197068751277,0.2615077140518425,1,interior
0.8772082920123061,0.36271510953786573,1,interior
0.8684176132542462,0.16586257303657298,1,interior
0.8880357878198675,0.29752468109525365,1,interior
0.8947472419328554,0.2601978193681785,1,interior
0.8939608702415592,0.26794784449303166,1,interior
0.8834224993240208,0.27856727578688356,1,interior
0.8381901812678104,0.12991415466240497,1,interior
0.880197206034071,0.2039822544546466,1,interior
0.7606537516660354,0.07438834556524189,1,interior
0.8920799820182183,0.24439237157969412,1,interior
0.37970888619415694,0.27589122103050706,1,interior
0.3998319972876189,0.18337093410885938,1,interior
0.886314627420142,0.2980134760874533,1,interior
0.6837434092308483,0.060609443141106,1,interior
0.4697819257586698,0.10528850650835163,1,interior
0.8872958841728937,0.2743398067564784,1,interior
0.7641765784302054,0.07299844730984485,1,interior
0.7778901558071184,0.07714706505284795,1,interior
0.46339175250002074,0.11563734762505995,1,interior
0.8290342873676817,0.12828213134262934,1,interior
0.4801187912677489,0.09605883096589288,1,interior
0.8250134357810801,0.12731282571156655,1,interior
0.8035174711964087,0.1057411437638623,1,interior
0.8524719161710322,0.1485785429249839,1,interior
0.39414816740651426,0.24738967533226797,1,interior
0.8623270537287002,0.37011297648830827,1,interior
0.41524311837666683,0.16971293255822364,1,interior
0.4017671852684291,0.1874849838617969,1,interior
0.3757906548779546,0.2707676712926066,1,interior
0.40068813638354045,0.20287872957062794,1,interior
0.38812846037116117,0.2576144201178505,1,interior
0.41230417207411074,0.1717601930404125,1,interior
0.39022638243689634,0.29763447145897626,1,interior
0.40024720875628994,0.21041450797525169,1,interior
0.779483779325698,0.08330287230257942,1,interior
0.8938245903380584,0.2561327320287757,1,interior
0.8904606600988414,0.268803596459113,1,interior
0.46193269186303204,0.1165013104470462,1,interior
0.46954818773057216,0.1068106703216275,1,interior
0.8857296686206383,0.30004015749904606,1,interior
0.4395099038799977,0.122632908925524,1,interior
0.8409326180607682,0.12998529504285494,1,interior
0.8793702380105193,0.3475889844541847,1,interior
0.7422980636985272,0.06608753988171125,1,interior
0.8168573428740692,0.13059937507879116,1,interior
0.8933842775641914,0.24518110477353983,1,interior
0.8774502313316773,0.3418535987496127,1,interior
0.4196903491358529,0.1645598266927902,1,interior
0.8444944364697201,0.1444009347608784,1,interior
0.3918698723161945,0.25428732671208215,1,interior
0.810139261818989,0.10802752542280439,1,interior
0.47144969325278546,0.1023791896332272,1,interior
0.42658717221898523,0.1529758385812554,1,interior
0.732929850714063,0.054902018376210046,1,interior
0.3891797201991003,0.2292101156767214,1,interior
0.7841101436686799,0.09188712141834898,1,interior
0.758675866709779,0.07416467568449246,1,interior
0.43959922029260734,0.16104331278863887,1,interior
0.8912024219075414,0.2530731333973899,1,interior
0.8790049722899842,0.34275550093485385,1,interior
0.43148819508182856,0.14251165418305853,1,interior
0.8470835545833707,0.1414299961888309,1,interior
0.3857589112379602,0.2573662890523151,1,interior
0.8886177086057425,0.30412238490180565,1,interior
0.8937058354618027,0.25794664372672943,1,interior
0.8108647965267902,0.11237841745276822,1,interior
0.8006762918384758,0.10562906087613315,1,interior
0.42783249294417347,0.1670579427275257,1,interior
0.861009770144723,0.158766626318092,1,interior
0.3917979532641759,0.28483889536379164,1,interior
0.8815450577454259,0.351571807749008,1,interior
0.38749145047890754,0.30504386596670974,1,interior
0.742163137870041,0.06967758259501752,1,interior
0.7912191445614122,0.0977961703089902,1,interior
0.8788858234319165,0.3411813778855611,1,interior
0.3994544049551713,0.35113941486661676,1,interior
0.7234633586632343,0.056833100742382466,1,interior
0.3887481367822408,0.2877963645792545,1,interior
0.8769937369013013,0.3542719870742567,1,interior
0.8593784525486928,0.158156745678124,1,interior
0.8760415409022324,0.2183377154967213,1,interior
0.4409479906878353,0.12596590970818494,1,interior
0.8804623466540171,0.19162744343165683,1,interior
0.8912516641330116,0.2429613694958696,1,interior
0.45766276579715837,0.11693644513999381,1,interior
0.7340512464189015,0.061589453704603316,1,interior
0.3862527996884476,0.29093195512109493,1,interior
0.8771538404272583,0.355946381478027,1,interior
0.8886125687515696,0.27832929572821363,1,interior
0.8832495755704415,0.28011505773013223,1,interior
0.39480786168820253,0.19721237146320722,1,interior
0.39049724817476955,0.3223528561736738,1,interior
0.6838309979662643,0.058666321233147356,1,interior
0.4437994348256037,0.12592998021845234,1,interior
0.3985534194362557,0.18484984048976624,1,interior
0.7838185126980497,0.0951673604949963,1,interior
0.7495037996396696,0.07010150559798124,1,interior
0.8761273614250075,0.2217811092908686,1,interior
0.8391572136524053,0.13784566617929975,1,interior
0.7429411591814213,0.07126064751422702,1,interior
0.8062215081498129,0.10639479682092706,1,interior
0.809499024610113,0.11163330078152907,1,interior
0.8180182518304169,0.12603503315236494,1,interior
0.41038171405940266,0.17610080871159986,1,interior
0.8883219821072829,0.26635083085819755,1,interior
0.39187516841469294,0.2519864259151467,1,interior
0.39800477229736125,0.19966762761616186,1,interior
0.4392851411833347,0.12439549036689462,1,interior
0.3871557435139026,0.23772667220693738,1,interior
0.8882335148992674,0.28200902284720697,1,interior
0.8745890693191684,0.2088816780012998,1,interior
0.40795666043872086,0.17505317410039423,1,interior
0.3898783735579861,0.28572849223899194,1,interior
0.719556221227799,0.05435667901757464,1,interior
0.8364777657468554,0.12697501315197895,1,interior
0.39741939707828655,0.21896657272502804,1,interior
0.8839932014072511,0.2012169847849935,1,interior
0.4691406859894353,0.10388229571933358,1,interior
0.4525721920451623,0.11391620007580433,1,interior
0.4538390052252221,0.11579208883517508,1,interior
0.8888919152592829,0.23231940543839333,1,interior
0.7771709817061191,0.08088526062152694,1,interior
0.8903850246682999,0.3117953022062329,1,interior
0.3938199171596963,0.24935318220021901,1,interior
0.3855461291203955,0.27780974087182086,1,interior
0.3833440232112709,0.2616019651982109,1,interior
0.4538140510129242,0.11752888242588812,1,interior
0.740348843875503,0.06959330915695575,1,interior
0.3871868141526527,0.2396443606096035,1,interior
0.6828943005777666,0.057458195799884926,1,interior
0.8758899434264121,0.20039681184558636,1,interior
0.38502112373338226,0.2976348436547009,1,interior
0.8910955282667967,0.2831223712931451,1,interior
0.8946471075204742,0.3106114240070188,1,interior
0.44457469366216473,0.12286524717599813,1,interior
0.7319519074567642,0.057420299412719596,1,interior
0.7195482114262259,0.051496634228410096,1,interior
0.8781398510707409,0.2113551433594967,1,interior
0.8784101243791352,0.20088237557794356,1,interior
0.8730632159068085,0.20953026564912083,1,interior
0.7662250565625346,0.07137289455871912,1,interior
0.38713198383900954,0.2950837848117695,1,interior
0.8551172256902443,0.15778053200731973,1,interior
0.4350688296285875,0.1359300042860305,1,interior
0.8883372178377725,0.2593017992888655,1,interior
0.7784466970756087,0.08174673630654357,1,interior
0.8815413362004781,0.19313835407257543,1,interior
0.38694460464809244,0.28824549040787384,1,interior
0.395277204548395,0.19014080380012607,1,interior
0.8895249058160122,0.2273983457090512,1,interior
0.8875000599731784,0.32959246142366205,1,interior
0.3885703667083681,0.24394117732433543,1,interior
0.8889328415881446,0.29336951545513723,1,interior
0.39625237151423365,0.32968732335364576,1,interior
0.8195404615934528,0.1264086208635298,1,interior
0.4787119166453323,0.09354149331026412,1,boundary
0.38513738591592295,0.2959665862118382,1,interior
0.3893909603522038,0.28413357645291154,1,interior
0.8695191112005607,0.16467210193001183,1,interior
0.8724905724283163,0.359565489361129,1,interior
0.3958981620503913,0.24720471676429587,1,interior
0.7281001358408028,0.05311549797298149,1,interior
0.3989869025128175,0.1870026034514141,1,interior
0.4459294466730071,0.1542070449802351,1,interior
0.7041508381807784,0.055092974636405036,1,interior
0.39259890700206707,0.2171353616822831,1,interior
0.48111520062140317,0.09836652948175728,1,interior
0.8158359513133154,0.11876986388004973,1,interior
0.793539273504161,0.10188613221300781,1,interior
0.4524163397330361,0.11195174747438023,1,interior
0.8764279489410017,0.1869828029219932,1,interior
0.8584939414689867,0.16019999850817743,1,interior
0.8825673510370494,0.35034802348636546,1,interior
0.8923277400368068,0.28918329991484204,1,interior
0.7121650119792108,0.05795143692015041,1,interior
0.8633248555795194,0.371289097914243,1,interior
0.45469072944804945,0.11317313214709099,1,interior
0.747973841132127,0.07797381839090113,1,interior
0.8411234093451672,0.1357452559825659,1,interior
0.42613626731280174,0.16474937007774615,1,interior
0.7812926090114685,0.08777079385835096,1,interior
0.8741349044515598,0.3543794900944328,1,interior
0.7950663698454901,0.10028848342952655,1,interior
0.4553366166039449,0.11744679783758999,1,interior
0.8862649132523366,0.3171162401128925,1,interior
0.884720203224896,0.3318216895171071,1,interior
0.7107727302862142,0.05910275313665717,1,interior
0.7563800154919301,0.07466966557099856,1,interior
0.3787021574275424,0.26491116124044034,1,interior
0.3859528171204447,0.30256957771968623,1,interior
0.7260761463608154,0.05291591668872502,1,interior
0.7795884689984,0.08071426974082982,1,interior
0.7252765732371863,0.05426429289080701,1,interior
0.43040342653708746,0.14101046659470087,1,interior
0.4302768024001491,0.16234177086265986,1,interior
0.4169001526894147,0.1678862013864932,1,interior
0.3917173482619903,0.2500179056991206,1,interior
0.39447404004793807,0.329239297695765,1,interior
0.8784619779994552,0.22125307556979645,1,interior
0.8780633472477903,0.18644770817019998,1,interior
0.8638546701139328,0.15876065371267667,1,interior
0.8573028226973713,0.37208794371304965,1,interior
0.8485376274804365,0.1397618728645949,1,interior
0.8844565844452166,0.2587523018063893,1,interior
0.7456453829504848,0.07011858741468531,1,interior
0.8907902450334624,0.26719857306098743,1,interior
0.8727068294730349,0.168418383204948,1,interior
0.8936922250596819,0.2543965829743674,1,interior
0.8954089163124844,0.2559079317897004,1,interior
0.8797901720741287,0.35430990729862627,1,interior
0.39530845149260535,0.21715210594948706,1,interior
0.8808070952697222,0.3405204518458493,1,interior
0.8550335560058336,0.1594518229089911,1,interior
0.8943493536194946,0.27008688872057285,1,interior
0.4272315196226889,0.14058090273270368,1,interior
0.38728400904898136,0.23465461723963454,1,interior
0.8536115534904619,0.15172335909617765,1,interior
0.8839307265652327,0.19865756410947955,1,interior
0.4041986420789506,0.17950888701845735,1,interior
0.8848846173115656,0.3428753679844809,1,interior
0.7851915016823001,0.08908428765669,1,interior
0.4137945248872966,0.171452612810219,1,interior
0.8776169298185238,0.20888976922922695,1,interior
0.799286929770219,0.1038603601856304,1,interior
0.47962768607491396,0.10048579961776684,1,interior
0.7245192325321828,0.05104936695596117,1,interior
0.40115989613288494,0.18243807381273383,1,interior
0.39115303689647796,0.32389809823844895,1,interior
0.47841620319518446,0.09852115643381933,1,interior
0.8312601850751659,0.1276400963087554,1,interior
0.6951612217850888,0.05546253936636276,1,boundary
0.8785088057495342,0.20651330407173432,1,interior
0.8438618948399882,0.13936298045998308,1,interior
0.47774962312172675,0.096168597499443,1,interior
0.8673214431072916,0.15926671958778055,1,interior
0.8901296113628105,0.29019215239632284,1,interior
0.8716708981295898,0.17377109878293703,1,interior
0.39165284727936656,0.2588880755954324,1,interior
0.8797476663056599,0.22344168607065437,1,interior
0.8905815170912399,0.23830826114587514,1,interior
0.3832925176754045,0.3010769877819154,1,interior
0.4087651742439565,0.17690621620799724,1,interior
0.3994531571134115,0.18887592775265163,1,interior
0.4590101924868007,0.11553837181060127,1,interior
0.87388703604051,0.18096063200332502,1,interior
0.7075127239732468,0.05595964935305184,1,interior
0.7788537585584674,0.07583450884093566,1,interior
0.8790216704574243,0.35572280214887303,1,interior
0.8814242894251271,0.3428304348876494,1,interior
0.875786487384628,0.18262573378445612,1,interior
0.8789139105957335,0.35822489534257035,1,interior
0.4345073621324094,0.12638535613905283,1,interior
0.8348762905501727,0.12782303778432405,1,interior
0.39035462430340395,0.27855730349976526,1,interior
0.8962373071628107,0.2866107307190304,1,interior
0.38749355767619825,0.28988353468539674,1,interior
0.379971812252291,0.27428386999424276,1,interior
0.8921838259583571,0.3016123066094056,1,interior
0.4509643362585817,0.11644815558844397,1,interior
0.8864237322147396,0.281187979011489,1,interior
0.40705066658110534,0.18102555502708056,1,interior
0.8877359409526793,0.32188211317086973,1,interior
0.8815683793099615,0.34610096869456547,1,interior
0.8741522503707897,0.1676399733347526,1,interior
0.8834964350076333,0.327728606264659,1,interior
0.38429242354585447,0.23738589491237133,1,interior
0.39006331561664953,0.2511525848868438,1,interior
0.4302686557338139,0.15972778796414736,1,interior
0.875646296330298,0.20702827761991807,1,interior
0.385713046577751,0.24403184102819334,1,interior
0.8758330395903047,0.21049690391360984,1,interior
0.8429331015980375,0.1439706207076506,1,interior
0.6821793501769154,0.061090713628328894,1,boundary
0.7553829172339922,0.0721779194130411,1,interior
0.3777283396936492,0.2743396710947451,1,interior
0.8434723319176987,0.1366494401302208,1,interior
0.8121354634869474,0.11369615509259533,1,interior
0.38729283067624937,0.27801614433363586,1,interior
0.893421250724209,0.24314733480952447,1,interior
0.7952102178764212,0.10440679053935101,1,interior
0.8940000975188541,0.2841618737000815,1,interior
0.7619758016335153,0.0725007849740911,1,interior
0.396452498588924,0.2073435744484211,1,interior
0.4808316083923258,0.09441682297115798,1,boundary
0.3843671920574402,0.29309021105214805,1,interior
0.4049161151517516,0.1879692693580569,1,interior
0.8135840753167393,0.11778764401319383,1,interior
0.7784286750071109,0.08539577003416325,1,interior
0.8899692862389066,0.25863086557499504,1,interior
0.39037430186268374,0.3340706051714035,1,boundary
0.6830764691783028,0.05559123622546621,1,boundary
0.8959299617628415,0.24287561453139744,1,interior
0.7410464717188681,0.0627576269043193,1,interior
0.39775622641114106,0.18278404818036992,1,interior
0.8724552264758493,0.36174123428835536,1,interior
0.8402172801795972,0.13204829840525514,1,interior
0.7425562272718819,0.06326458466812063,1,interior
0.8664999241501886,0.15689181328560375,1,interior
0.7778395635065639,0.09471586939198483,1,interior
0.38190065748806823,0.2769057500618482,1,interior
0.8774756302158838,0.36069212240883064,1,interior
0.8323046887844262,0.12517193150687733,1,interior
0.8815379922245385,0.33678826389013194,1,interior
0.8018037526438215,0.10429091768377172,1,interior
0.849123451164551,0.14474601210315988,1,interior
0.696260720420963,0.06424679979621593,1,interior
0.38794566974176986,0.31859563835809995,1,boundary
0.3926955953373171,0.33774139650966223,1,interior
0.8934198630141194,0.30847118018088665,1,interior
0.3896824694199294,0.32091576757684487,1,interior
0.7503149997147989,0.06879167686547637,1,interior
0.8845908607161171,0.32318872151147093,1,interior
0.7976395926734455,0.10145112323026573,1,interior
0.8790407854883207,0.337721829565039,1,interior
0.879410028299044,0.344441628978813,1,interior
0.884335433561544,0.19715285770601715,1,interior
0.45137095300753993,0.11812500795226562,1,interior
0.7819610477573736,0.08226154868153646,1,interior
0.8861643659321005,0.33106576466749843,1,interior
0.8829336942888408,0.34237321630271733,1,interior
0.885136746724085,0.3200486352016304,1,interior
0.8149237896024492,0.1208817636431551,1,interior
0.8883205140290491,0.23016328930266372,1,interior
0.4638925433180781,0.1138641833335284,1,interior
0.7750058098357442,0.08612771909597923,1,interior
0.8495117217707965,0.14104311194043517,1,interior
0.38802351407652824,0.2510543106118757,1,interior
0.44319383133041285,0.11937286312846951,1,interior
0.4017985794954522,0.21133463722043283,1,interior
0.4565033535699557,0.11401046791084384,1,interior
0.8904494596094784,0.29526482927312725,1,interior
0.8637919827425804,0.36965757925702053,1,interior
0.8394477202647316,0.13606827883062567,1,interior
0.8114460176354699,0.10957717776529992,1,interior
0.374228926815857,0.27133266253253974,1,interior
0.8887828786098725,0.3269747680659178,1,interior
0.4267853971984944,0.1508119389019268,1,interior
0.8329710431216789,0.13999395032360967,1,interior
0.4342918378719406,0.1292633698144613,1,interior
0.8798374871151449,0.21209209136292997,1,interior
0.44479418077127747,0.11842343365912932,1,interior
0.8763193944179203,0.3649308585772411,1,interior
0.42895587368476323,0.1381203851645807,1,interior
0.8897518664192429,0.2541519571579427,1,interior
0.8419321258043708,0.1342737699792069,1,interior
0.8768283349667308,0.36781529380165756,1,interior
0.38218661197781006,0.30617130826927713,1,boundary
0.3892903710202839,0.22440273146357745,1,interior
0.38682200901096275,0.2559271906101216,1,interior
0.3892927578337957,0.24257248889502372,1,interior
0.8139580779554442,0.11952851539931054,1,interior
0.8400527311770337,0.13371570418849263,1,interior
0.6938250457265173,0.05691348877317429,1,interior
0.3974901261205613,0.32690880666374866,1,interior
0.8714122165971748,0.1647818353401098,1,interior
0.8820552438795876,0.2259991887601665,1,interior
0.42082689474405693,0.1624845950457868,1,interior
0.8932220126948867,0.2657452891760109,1,interior
0.3891462930759325,0.32563141984803073,1,interior
0.40576908267431844,0.1791979059919154,1,interior
0.8942367111156253,0.2889239560670896,1,interior
0.8854870156320879,0.19935222039692532,1,interior
0.4029805255351657,0.21242091025959356,1,interior
0.8634931852737854,0.18228302037272012,1,interior
0.8821292790119462,0.22427654982295958,1,interior
0.43323215738152665,0.13676901480521647,1,interior
0.8050002303877121,0.10502517906469175,1,interior
0.3907757081507071,0.2561913006888356,1,interior
0.8886571310608665,0.31284187341707353,1,interior
0.887584856463545,0.2722093759122933,1,interior
0.7440027076346247,0.06989089075839076,1,interior
0.8798294318817453,0.3391030531168573,1,interior
0.38774805230797493,0.2797752000519729,1,interior
0.8766579646138023,0.1887769995270804,1,interior
0.4305271066285439,0.13880688887795645,1,interior
0.4088562471906407,0.17322354262354778,1,interior
0.4326142568382007,0.13514476546579438,1,interior
0.8966499714801884,0.309040697721709,1,interior
0.43433805112483037,0.13182445574387963,1,interior
0.455474098233617,0.11157099257874577,1,interior
0.8191218196466908,0.1237682455651024,1,interior
0.751049548106768,0.07021622987115882,1,interior
0.409980654915192,0.17934835982994743,1,interior
0.744148118663937,0.06533403704167492,1,interior
0.4125540671103032,0.16964213406271494,1,interior
0.4324772308753779,0.1638515535853959,1,interior
0.3778287751132251,0.2759291456053826,1,interior
0.8748193624153839,0.1692061277367303,1,interior
0.8568416269406791,0.15785362900611366,1,interior
0.8794225755932619,0.27185860873063084,1,interior
0.38462511151458395,0.28965128774995064,1,interior
0.47376828939310944,0.10286816217043333,1,interior
0.40910363269885874,0.18180174014693923,1,interior
0.8287417994966306,0.12470716065533433,1,interior
0.3945538040509326,0.3356000881820605,1,interior
0.8649975738167878,0.37325668922656513,1,interior
0.3967074598581394,0.2052356341491619,1,interior
0.4455499249476859,0.11560869381066502,1,interior
0.44765745756521025,0.11427591794332535,1,interior
0.8841933936945564,0.34604542343120875,1,interior
0.8838394411928145,0.2259904710454617,1,interior
0.8505075091511541,0.14621690655057834,1,interior
0.39608924175951155,0.1884254434317726,1,interior
0.4373644085018414,0.1271865590673687,1,interior
0.39308069559496783,0.24624950617066477,1,interior
0.3809697974484077,0.3047300158946361,1,boundary
0.7580587076418808,0.07235628835529564,1,interior
0.8796649371458313,0.2813665998281217,1,interior
0.4220191300180295,0.16123693200975617,1,interior
0.8564756066930177,0.16093441523910504,1,interior
0.8817467440992488,0.20437933727772434,1,interior
0.4309983703466244,0.13479501583299017,1,interior
0.8151874619970448,0.11716047404368539,1,interior
0.7271791176611058,0.0515067041993851,1,interior
0.8302571842985548,0.13119463551844063,1,interior
0.8009151055909323,0.10305049601739459,1,interior
0.8439522247769713,0.13497107784157314,1,interior
0.4444150726081273,0.11676048389756317,1,interior
0.3975538496481278,0.3253370375581787,1,interior
0.7852316196216946,0.09082252047725155,1,interior
0.4623533007616113,0.12132642392026266,1,interior
0.8946133260776341,0.287444387985774,1,interior
0.881599353219784,0.3566177730848845,1,interior
0.8379724183795428,0.12778761987408144,1,interior
0.39474570974565354,0.21559880145997232,1,interior
0.8856206185842922,0.30166817353569064,1,interior
0.6815898219884344,0.059469282653454976,1,interior
0.4758538395497103,0.09981297227973025,1,interior
0.4498305645126637,0.11769891814372539,1,interior
0.6843812352641718,0.05363656328451297,1,boundary
0.3925847195290644,0.2155004289488865,1,interior
0.7784106821848884,0.07946960367142285,1,interior
0.8175093455149309,0.11831203136616199,1,interior
0.7357158342302315,0.05771179520370854,1,interior
0.8904541232708256,0.2799653444195478,1,interior
0.8500744998230714,0.1428541077111994,1,interior
0.8458472369538522,0.13948016135680208,1,interior
0.3860857243989421,0.28102516368826774,1,interior
0.4258467872249096,0.1602624687023955,1,interior
0.38841978266196314,0.32304791642502223,1,interior
0.700732188501333,0.0534320488475318,1,boundary
0.8622094425818274,0.3775980821794264,1,interior
0.7343522316906601,0.056107676108301446,1,interior
0.702098779893928,0.05265059091225892,1,boundary
0.39375115568869506,0.2270512606550003,1,interior
0.38344683123748835,0.2978574605622663,1,interior
0.3910943428830092,0.28168548057990145,1,interior
0.3894918439792681,0.22287178791722334,1,interior
0.3969199218144243,0.1867811691213718,1,interior
0.3875805937100133,0.2841770912609745,1,interior
0.7351646438932673,0.05959600703647268,1,interior
0.8798206390782715,0.18902955754522344,1,interior
0.8872300057944755,0.23358467887693446,1,interior
0.893025903418649,0.27089443948776554,1,interior
0.3872508979819528,0.2824557993165183,1,interior
0.40996361311515883,0.17101042111218429,1,interior
0.892378278186833,0.24673202325110793,1,interior
0.4379532231175977,0.12575046900109638,1,interior
0.7308956866526749,0.053193849382912946,1,interior
0.8622071807034056,0.37490764215523303,1,interior
0.8480853223397309,0.13826592169074092,1,interior
0.7223590593142741,0.05080358800695404,1,interior
0.4738758838647566,0.09984148989964031,1,interior
0.4244326211532718,0.16370077812945202,1,interior
0.8556143982597854,0.1543169994593356,1,interior
0.7355610699628061,0.05428685017467261,1,interior
0.4673147948152182,0.10387273587647795,1,interior
0.3919506254622783,0.24800090763593075,1,interior
0.7855026611086003,0.08641385556562864,1,interior
0.8641845098679561,0.37885329785272054,1,interior
0.8186208517309568,0.12158379935088309,1,interior
0.38458731488478926,0.24226998037077152,1,interior
0.8909541150014925,0.29309592588554845,1,interior
0.7944823114211145,0.09778017787053435,1,interior
0.88287409693616,0.2188768739625008,1,interior
0.8381007821973697,0.12501194485049072,1,interior
0.8732769562766077,0.17167549096390197,1,interior
0.882964752630959,0.3328862213825249,1,interior
0.7151839492219059,0.05327840610559718,1,interior
0.39835294242684377,0.2102726268688413,1,interior
0.3738452251018407,0.26648857984041835,1,interior
0.7706618443065444,0.07023328810124951,1,interior
0.8893698790813992,0.23638122876418982,1,interior
0.44204736127165917,0.11805511597745298,1,interior
0.3956549160730453,0.33264306259244825,1,interior
0.876509680179274,0.20358761281366874,1,interior
0.8924812097429389,0.256848169081361,1,interior
0.849661031151309,0.1386425497465686,1,interior
0.884122287832719,0.3400315824704282,1,interior
0.7327054975651529,0.05201722640330579,1,interior
0.38934099143436474,0.3154856887354883,1,interior
0.760409963297189,0.07253391066118503,1,interior
0.38348331476069514,0.2596672986953449,1,interior
0.4281416723121752,0.1561250594255321,1,interior
0.8745474500683634,0.36255324509401515,1,interior
0.3847999119394349,0.29158101113118445,1,interior
0.4337641436783219,0.12381115954286666,1,interior
0.796469217716669,0.09948528576136749,1,interior
0.46061867272962,0.11413668998774133,1,interior
0.7685934909966211,0.06974117139089997,1,interior
0.7478685266234714,0.0703449897596138,1,interior
0.3898073939038457,0.2482694981469187,1,interior
0.40626448962217504,0.17610329522802268,1,interior
0.6970554461223585,0.05627209657078107,1,interior
0.41521182505379045,0.16772781465649406,1,interior
0.3858745559612129,0.23886239917527327,1,interior
0.886838868493267,0.3131733238844485,1,interior
0.3966785095171389,0.20901375717853174,1,interior
0.38981837525149704,0.24538474909774863,1,interior
0.4323834933236812,0.12734741804131325,1,interior
0.819966208030622,0.11751709873863958,1,interior
0.8861151582318182,0.3229976379244994,1,interior
0.8605498438092805,0.38084928961474224,1,interior
0.8930560600710861,0.2915110793060528,1,interior
0.775780576181243,0.07334914986563242,1,interior
0.4175737897065854,0.16554395285004228,1,interior
0.46660356980204953,0.10607664362186844,1,interior
0.8921542195083166,0.3122431373439568,1,interior
0.7724229973367803,0.07068131233563113,1,interior
0.8687485834666854,0.36529096326904936,1,interior
0.3929298321845302,0.32551169686515097,1,interior
0.8345482143069027,0.12522723040639028,1,interior
0.38901259261071797,0.3052752423245223,1,interior
0.3895732967917348,0.32405830732815644,1,interior
0.6916701037488648,0.056064849966829186,1,boundary
0.3900523980192303,0.28893174917326153,1,interior
0.3908954252076977,0.3318257062329731,1,interior
0.7645483666306292,0.07143277413117312,1,interior
0.7927930355060211,0.09859971605299919,1,interior
0.8824572124632022,0.34009401347018636,1,interior
0.8748194196048805,0.36672560044806085,1,interior
0.8857669810353506,0.3393175009704651,1,interior
0.8468146857261888,0.14876317524724025,1,interior
0.43241661989693575,0.13948271152127747,1,interior
0.8814681681284172,0.2119351820162315,1,interior
0.42548593797304635,0.14898039925994205,1,interior
0.7453669135909421,0.0786184678788349,1,interior
0.8917519921628416,0.23619070257403407,1,interior
0.8786053344997117,0.3676747558617172,1,interior
0.842703992753263,0.13808489798409987,1,interior
0.40094123698045797,0.18086003807273665,1,interior
0.4277863515887727,0.15398875780150556,1,interior
0.8794379258384931,0.21017017393626836,1,interior
0.8266649535726722,0.12461349375341389,1,interior
0.8750672489796687,0.3609754266188481,1,interior
0.4269574544662334,0.16210983135459034,1,interior
0.4622074048534793,0.11413365816262826,1,interior
0.39210807287530447,0.19792918556360342,1,interior
0.38373922006642625,0.30470796353570057,1,interior
0.8798902720873736,0.36344474370617946,1,interior
0.818449655409693,0.1278374265018101,1,interior
0.867792895690744,0.3669041940780038,1,interior
0.8929503129982769,0.240775753835432,1,interior
0.89324129220017,0.2819361435666679,1,interior
0.3855439459634883,0.2508206659183384,1,interior
0.8944321852649869,0.24955274213343148,1,interior
0.7442264445585018,0.06798616885217458,1,interior
0.8727917190593737,0.17937051198043533,1,interior
0.4768296123538867,0.09744778192559808,1,interior
0.7140078522161485,0.05526802324620396,1,interior
0.8787573417539833,0.3598614941138176,1,interior
0.74618792791569,0.06754811751833219,1,interior
0.8723424113343893,0.36668585205053905,1,interior
0.8973053172490436,0.30645325362255643,1,interior
0.8948869831251874,0.2718670875623093,1,interior
0.8569517367053526,0.15948243766667022,1,interior
0.4485172521195828,0.11260175994526836,1,interior
0.3789948908817892,0.26283297251017546,1,interior
0.8300425624443204,0.12672391085283935,1,interior
0.8687348939873614,0.1728874253395518,1,interior
0.4458343429390968,0.11970370111958144,1,interior
0.42959224899588444,0.12627378110276688,1,interior
0.426645221555196,0.14242674205537917,1,interior
0.8805013754191399,0.21514679390459193,1,interior
0.4275522336854642,0.1601236933109568,1,interior
0.8821909733602853,0.19043708156724706,1,interior
0.3916970230212318,0.3287939747742678,1,interior
0.46165977423111215,0.11236260174672666,1,interior
0.8359198207968166,0.12359837013143146,1,interior
0.840523470334601,0.12739418926636722,1,interior
0.8880445459139088,0.3148113640226403,1,interior
0.8216149066127896,0.1252278685583114,1,interior
0.41493543250454884,0.16603028016793217,1,interior
0.39650324310932633,0.2106383522155801,1,interior
0.4006624200199203,0.21895367594724915,1,interior
0.42794454289422557,0.14358160873931017,1,interior
0.893575883598576,0.23834179427922508,1,interior
0.7637843358438188,0.07451346726246674,1,interior
0.47661559439474066,0.09406642610919462,1,interior
0.8825672989476818,0.21665586374012097,1,interior
0.38910833375762255,0.3305428968243543,1,boundary
0.8945971148791388,0.280540296876933,1,interior
0.3839994444000193,0.302988587040231,1,interior
0.4033529011466184,0.17610423961428587,1,interior
0.46661093633095396,0.1076398563985244,1,interior
0.3763430573019389,0.27306991611775594,1,interior
0.38289113367299027,0.2580896665737892,1,interior
0.8691233526098966,0.157060985719267,1,interior
0.4656492300133036,0.11061795253407937,1,interior
0.8924955940168565,0.27943430946385805,1,interior
0.869318141537513,0.16121106874072588,1,interior
0.8935452193939832,0.2613445298179243,1,interior
0.806540403576873,0.10285752748395695,1,interior
0.7538450115378119,0.07176069198612138,1,interior
0.38785599049081576,0.24915956337275472,1,interior
0.3971397486093451,0.21373077883301653,1,interior
0.7881076252297048,0.09534021276653837,1,interior
0.7540908666964815,0.07376639508925334,1,interior
0.39660699611765826,0.340589728941675,1,interior
0.8135600128599678,0.11246869768406649,1,interior
0.386940532421638,0.22898169478421096,1,interior
0.8918712618471826,0.304849288449288,1,interior
0.3992401468172002,0.18071794435461908,1,interior
0.3949422436113892,0.20972386344559055,1,interior
0.8891629590051287,0.23402504372238292,1,interior
0.3958248595442612,0.32805541601196986,1,interior
0.8914497060492707,0.29155387791573695,1,interior
0.8921209871941531,0.23890690378728208,1,interior
0.8844993059392642,0.31192120734821177,1,interior
0.8794844109783779,0.18547348913171327,1,interior
0.8934810959416141,0.30340509494019713,1,interior
0.3968657947235819,0.21567793597794607,1,interior
0.8941846910053594,0.3066888503528786,1,interior
0.3923056885117904,0.2447901819191483,1,interior
0.8660577758039318,0.36705068483269676,1,interior
0.42924563688949374,0.1396305299491876,1,interior
0.8917500203748141,0.22568119264601352,1,interior
0.8931169290706813,0.26397614430408434,1,interior
0.8813724353310404,0.21009215271903336,1,interior
0.4033637474159519,0.17433610120939866,1,interior
0.8743883249720752,0.17939179262537325,1,interior
0.8038182684162515,0.10346004026090701,1,interior
0.8957435380001004,0.24729326000549298,1,interior
0.8077810940904747,0.10546280446001537,1,interior
0.738531571095769,0.05791887720468876,1,interior
0.8567570014265677,0.1561498719934452,1,interior
0.717960733476955,0.053629258554891784,1,interior
0.7874571566704639,0.0936513158053489,1,interior
0.8949102328995335,0.26217708645092264,1,interior
0.3777706970035689,0.26894261398078495,1,interior
0.4355830822503623,0.12496267873291415,1,interior
0.8856824815500933,0.3450981223509932,1,interior
0.7823190091444387,0.09229741219505108,1,interior
0.4251174117513677,0.14579662612217004,1,interior
0.7622134374724925,0.07078832928333688,1,interior
0.4642319079149924,0.11233789568596336,1,interior
0.4635352139066237,0.11092145349391261,1,interior
0.7460630802812501,0.07189299333908239,1,interior
0.8728902827845519,0.16431498785137008,1,interior
0.8141105150042791,0.11440222034543246,1,interior
0.8707735874463366,0.3621816277969872,1,interior
0.8567332599812093,0.15327598805801096,1,interior
0.8742369113178007,0.1732417844227628,1,interior
0.8888295811486195,0.27556998873228683,1,interior
0.8701990728756528,0.36645836508201846,1,interior
0.7836764017520715,0.08941720365353384,1,interior
0.7056547687514207,0.0559654591838459,1,interior
0.3800952952532373,0.2778665411291352,1,interior
0.8001838719346204,0.10049051841745604,1,interior
0.7608368810936521,0.07000768002400158,1,interior
0.8709729530772592,0.18271908076155616,1,interior
0.38364794846559214,0.2559819572214118,1,interior
0.890923966760161,0.2310027644137647,1,interior
0.47628429489706936,0.09195225537508366,1,boundary
0.4237885242134017,0.1470302058136578,1,interior
0.4305383366659751,0.12801138714265906,1,interior
0.8815311617589874,0.33867950617239984,1,interior
0.8961710799630933,0.2641271987256363,1,interior
0.38738466982285963,0.3153770778037612,1,boundary
0.38894335099658534,0.28140643801955467,1,interior
0.38824135485438055,0.2463806368037644,1,interior
0.7813026234150393,0.08536135052754938,1,interior
0.7164947572002526,0.05153063844285187,1,interior
0.8404769161746808,0.12553689186195796,1,interior
0.7363318696962754,0.061167178112896806,1,interior
0.3869302981745378,0.24764149610772837,1,interior
0.7897048175235675,0.09665666427082217,1,interior
0.38967731146321755,0.32781722269310165,1,interior
0.7897693472848876,0.0948244073387927,1,interior
0.8769214763253096,0.35839173491445503,1,interior
0.385054767953005,0.2587834902346217,1,interior
0.7535017737963642,0.06964112911642942,1,interior
0.8622427406571864,0.3814115602477078,1,interior
0.7061652792574825,0.05371389992922913,1,interior
0.8747697866956635,0.3689411844545216,1,interior
0.7730642891695538,0.06906862980689404,1,interior
0.39036552474369113,0.21478283195728526,1,interior
0.3818116662876577,0.2987584569635965,1,interior
0.8669117355179341,0.3700138277420979,1,interior
0.8858242379258691,0.3344488254245161,1,interior
0.37609477803666863,0.2753714274463814,1,interior
0.8855565961201965,0.3375007493864212,1,interior
0.8908476440403306,0.31408178608422077,1,interior
0.8957824373432288,0.3075994379198848,1,interior
0.43438315577578096,0.134037944922744,1,interior
0.4068839845003551,0.17312579625733698,1,interior
0.4254592253928094,0.1400427951586927,1,interior
0.7884464157302985,0.09044169775694462,1,interior
0.8923936419350484,0.3137673424038052,1,interior
0.4712550676126681,0.10491773330450745,1,interior
0.7660990805095811,0.06973292279605393,1,interior
0.4740562228555667,0.09281412225590158,1,interior
0.38679239977971613,0.2519570302502222,1,interior
0.8916860833962635,0.2732820262699523,1,interior
0.8866290952835718,0.19725130570176896,1,interior
0.41307565728830264,0.16623109333405295,1,interior
0.8837653516592914,0.20541786382536995,1,interior
0.7238036513255363,0.04870922944816904,1,interior
0.8819627329604758,0.22012818274012244,1,interior
0.7093830749320376,0.05552078467163922,1,interior
0.38646788803025495,0.25393450212197544,1,interior
0.8920250376002619,0.29437187587435054,1,interior
0.8662933331019265,0.3717683602690465,1,interior
0.8731837071697353,0.3652799515264548,1,interior
0.3873167060300281,0.3245911493192896,1,boundary
0.8890736513670526,0.3297463532259875,1,interior
0.7295790067522393,0.051812825532975046,1,interior
0.3899355649485513,0.31698902523562866,1,interior
0.7463400954705927,0.06539772933047733,1,interior
0.3953641066362224,0.21300840511153987,1,interior
0.8882973510631182,0.30034203108425844,1,interior
0.43549585396939944,0.1637081113367451,1,interior
0.8773633253184899,0.3662121834780425,1,interior
0.8868849974965726,0.22421260033785528,1,interior
0.4044790690731393,0.17738351102833635,1,interior
0.4137311395681024,0.16863664546883536,1,interior
0.6954490015930254,0.05698324363237093,1,interior
0.871519093731447,0.18023274371334233,1,interior
0.8826787932323013,0.2142413993200872,1,interior
0.38597435405226965,0.2359195499862011,1,interior
0.4022519976363828,0.1792973070000676,1,interior
0.764909739708301,0.06835359397027874,1,interior
0.37672657722237707,0.2622156570524583,1,interior
0.8870110259023345,0.3404320166635843,1,interior
0.8831112078822965,0.33749946603462194,1,interior
0.8867938109748954,0.2872684248360648,1,interior
0.42399564077315627,0.14443342222231456,1,interior
0.7837904050357148,0.08431418283984414,1,interior
0.3842523295409601,0.23972731195756203,1,interior
0.8884619654040817,0.3203276353043401,1,interior
0.7798205283954074,0.08710248938441935,1,interior
0.8929278877462364,0.25000180369897945,1,interior
0.8120988688480505,0.11125922623772201,1,interior
0.8901434250200908,0.3007088552142246,1,interior
0.38811864794246326,0.32885699436293947,1,boundary
0.47544658292141745,0.09558696135284278,1,interior
0.39322178931013735,0.2507821530852759,1,interior
0.8852662807963966,0.3412443856580929,1,interior
0.7926567818381914,0.09632008954580959,1,interior
0.7396068897959257,0.055921765839358574,1,interior
0.8802001816792856,0.20872092282416715,1,interior
0.38980338462132297,0.19661155605566624,1,interior
0.3859507310368517,0.2794325146655929,1,interior
0.4376079869094896,0.12177900604801897,1,interior
0.7257933961408641,0.05013903842382613,1,interior
0.8772017878311619,0.19924327713737616,1,interior
0.8812458832666995,0.2136298515235588,1,interior
0.8720804466287536,0.17717759980142106,1,interior
0.39142740719564445,0.19551135481398982,1,interior
0.3907026968694577,0.21666469376971856,1,interior
0.7887844050430024,0.09200835487128911,1,interior
0.8875873046027601,0.3423280399891587,1,interior
0.37764245729233586,0.2636422988348838,1,interior
0.7472663735735152,0.06877916337862841,1,interior
0.7521296593159482,0.06889459198745068,1,interior
0.8916825096842365,0.2330573257351503,1,interior
0.38931326638204705,0.3194249460159574,1,interior
0.6799221617457221,0.05994941158939517,1,boundary
0.886970032610789,0.32507342252307225,1,interior
0.38774313786333214,0.3268520927682156,1,boundary
0.45395018596492187,0.11090779756257431,1,interior
0.7344475583831206,0.05273959935845208,1,interior
0.8631753632483539,0.37361145025716413,1,interior
0.4308769656679156,0.12953003700839208,1,interior
0.8232332014193103,0.12508766742930114,1,interior
0.8792921557274344,0.21380826468857367,1,interior
0.3834307786000407,0.29614787330703496,1,interior
0.3724484201202477,0.26905062744984687,1,interior
0.7908025585990937,0.0917556605805368,1,interior
0.8848541457556279,0.324888898284537,1,interior
0.8220085129179864,0.12330364688856102,1,interior
0.7520853568967694,0.0719817281665953,1,interior
0.45843502397880675,0.11381765710061233,1,interior
0.3999564020038347,0.17829850704119038,1,interior
0.3884199408065702,0.21365842400039745,1,interior
0.3960075254009044,0.20372665511020055,1,interior
0.7387924929930897,0.06187837489546184,1,interior
0.8823737089481977,0.3547285383866864,1,interior
0.3856347147335204,0.24561260492951956,1,interior
0.3912641729762762,0.2465429617187146,1,interior
0.8763398732566244,0.17900261733264167,1,interior
0.3851117224517336,0.2827615484005458,1,interior
0.8878980212607674,0.1986615916564513,1,interior
0.8982012286277578,0.28484923162337217,1,interior
0.8846473602842314,0.3355346172004437,1,interior
0.7130186807339844,0.05656504776259612,1,interior
0.8884217974057168,0.31755634664548504,1,interior
0.8768618103200396,0.1844557801484804,1,interior
0.8828531632335308,0.3529347421652501,1,interior
0.38920833218367473,0.3322343490648172,1,boundary
0.8735714578328447,0.17497116610426816,1,interior
0.774926291335271,0.06781038685122501,1,interior
0.8921680689407038,0.30670799537503496,1,interior
0.7487921663164935,0.06677536680297272,1,interior
0.3754324339039926,0.26383710191285925,1,interior
0.862939174861444,0.15702456879816323,1,interior
0.42890155223859905,0.13656261408290035,1,interior
0.39544268033982805,0.2003784564370191,1,interior
0.8867480219232904,0.24682069212546526,1,interior
0.4226636287759284,0.14542688165122267,1,interior
0.8803975105142134,0.36003879784903736,1,interior
0.8950917854758024,0.24148553512602342,1,interior
0.7282677423458478,0.04891985697568715,1,interior
0.4788877120563785,0.0950723231561031,1,interior
0.8957117842681117,0.2916841622981883,1,interior
0.8866931617904766,0.3438547686848362,1,interior
0.6810095071762083,0.057680796912838415,1,boundary
0.4252365798231358,0.14341823341586057,1,interior
0.8698588855779718,0.36844306323666354,1,interior
0.381744213651576,0.25986043109528856,1,interior
0.8844647785448136,0.18984636498321178,1,interior
0.8666646174090759,0.3685135483431885,1,interior
0.8898781836118127,0.2980245472262413,1,interior
0.3811344348655421,0.258107545039842,1,interior
0.82053624988874,0.12287646978772401,1,interior
0.8648363306418918,0.15758416842547343,1,interior
0.884222517531337,0.2232850089240418,1,interior
0.7260960117130142,0.04740851247736275,1,interior
0.897279129904854,0.2913391552921751,1,interior
0.8220207588671072,0.12171300292110009,1,interior
0.4611727068504893,0.1108887246950547,1,interior
0.8981693174483499,0.2553728714989596,1,interior
0.8946875461496351,0.2637933091040801,1,interior
0.7037150182036367,0.05209962916337399,1,boundary
0.8927379097705423,0.25163375534789495,1,interior
0.4604855375937862,0.11592995520892901,1,interior
0.881263485456849,0.3532447772839684,1,interior
0.4643915358527651,0.10426300980818842,1,interior
0.3859642916471301,0.2850982842309492,1,interior
0.3790406526948116,0.2608044515688644,1,interior
0.7808535245143476,0.07836241284292966,1,interior
0.47335985936057634,0.09453015706261256,1,interior
0.8842943451981485,0.2149641989324617,1,interior
0.40260803082655466,0.17775240729005193,1,interior
0.8098277096506425,0.10637054447725026,1,interior
0.8919175211684587,0.2959391129754527,1,interior
0.3853120220411831,0.2488846309965405,1,interior
0.41998498186149674,0.16108085517742804,1,interior
0.7146598151411135,0.04938410706615487,1,interior
0.883837700622945,0.2214767161910029,1,interior
0.4006575634163475,0.1749025822883846,1,interior
0.3821346756338183,0.2555154498919816,1,interior
0.8591606571492326,0.15206187693024864,1,interior
0.8952160823311067,0.26708016493470194,1,interior
0.7360502662383857,0.06399495703130656,1,interior
0.89437674229562,0.2516407134437256,1,interior
0.8612487354890236,0.1526089803890429,1,interior
0.8497707484297612,0.15003508343838493,1,interior
0.8856285692730218,0.20573580177381368,1,interior
0.8980865141320173,0.31124303771439765,1,interior
0.8742609355550406,0.17770073022857233,1,interior
0.7447348706141063,0.06317400768394427,1,interior
0.4469402930985778,0.11225894078614197,1,interior
0.820219819493081,0.12133891682602249,1,interior
0.3773455322404407,0.2775343074550752,1,interior
0.8862565749436363,0.3276912481191289,1,interior
0.8175312246564066,0.12015307226993807,1,interior
0.7373875650302975,0.05960743744021026,1,interior
0.8844498956343111,0.3335050509103002,1,interior
0.37444246612623416,0.2759384921005353,1,interior
0.8963748535522045,0.28161196487953677,1,interior
0.8869320489027727,0.33243222728394517,1,interior
0.8841636825059603,0.20313496523840074,1,interior
0.3772738819918407,0.26053313032464104,1,interior
0.8740896041776572,0.16593857117963084,1,interior
0.767493813005427,0.06866464238718312,1,interior
0.39538475449844673,0.18665028501834585,1,interior
0.8983337246871321,0.280202862739797,1,interior
0.3993197906191909,0.21173610950928087,1,interior
0.7332451889077647,0.059931895561053064,1,interior
0.42506130352257715,0.15489447777488072,1,interior
0.39070525598917877,0.31177896516534326,1,interior
0.39756149812922703,0.3370169260039729,1,interior
0.8936551350176568,0.29338477155818354,1,interior
0.869962454154197,0.17487580515491585,1,interior
0.8720755499425638,0.17562961895869847,1,interior
0.8740829200348864,0.3592316456538847,1,interior
0.8834840243787261,0.21280704477632095,1,interior
0.883595301621191,0.2069325840495544,1,interior
0.895737508051582,0.24560373526910936,1,interior
0.4737159054972092,0.09064380378408206,1,boundary
0.8881217527865215,0.30253342664254507,1,interior
0.8438009236141261,0.1322387567414746,1,interior
0.388148125747872,0.32104438223891574,1,boundary
0.8902916137534136,0.2742703698585486,1,interior
0.391892781432608,0.2132876447842001,1,interior
0.8889705032149232,0.3228114554035099,1,interior
0.7294925670256752,0.050206482134807856,1,interior
0.7768526167718596,0.07903320518681378,1,interior
0.8885497641341982,0.340810322983105,1,interior
0.3908419273090002,0.31412511487745165,1,interior
0.8529197274148299,0.14465164150131046,1,interior
0.888131018267878,0.3455888040802852,1,interior
0.7964266525763132,0.09795340944277903,1,interior
0.38491026507130727,0.25458566362032686,1,interior
0.8770272066121393,0.1698553282866915,1,interior
0.8810390082809741,0.20656077400651482,1,interior
0.8860897786066789,0.34731543914066776,1,interior
0.4275244425067952,0.164010863386653,1,interior
0.39718679130457213,0.1791091862334285,1,interior
0.38810673518571287,0.21215483815867447,1,interior
0.8806566721802183,0.3581045239433683,1,interior
0.39920839334207114,0.17614257895650334,1,interior
0.4718220630217112,0.09345161145999395,1,interior
0.39795001490854404,0.17489538343261746,1,interior
0.8958097346587993,0.2848647749081334,1,interior
0.8422993526306918,0.12894134875981375,1,interior
0.8843904373440578,0.1938585068731659,1,interior
0.38433621333465273,0.25263335867526676,1,interior
0.3976436873917504,0.21164448767680075,1,interior
0.8754805669639051,0.1714190550996027,1,interior
0.893899411107108,0.23390224928872716,1,interior
0.8746293215267255,0.1640231635067336,1,interior
0.7371300285992436,0.05586891528564645,1,interior
0.38793389573698583,0.22108598160939932,1,interior
0.3922642074425209,0.19198187697492555,1,interior
0.851241536153525,0.14188052098825588,1,interior
0.3855968011158158,0.2333470551289811,1,interior
0.40065270964059757,0.176792960789069,1,interior
0.47171962832379777,0.08989729519438747,1,boundary
0.3830975634129446,0.2543408486697188,1,interior
0.8929732351772806,0.2775691870121521,1,interior
0.4239565405686805,0.14211455626692188,1,interior
0.889880093802921,0.3195392957490269,1,interior
0.7200029142196063,0.04966678813860115,1,interior
0.8623947697842318,0.3793182021960513,1,interior
0.8852926923362214,0.20421388127891574,1,interior
0.887779603649448,0.22584586608294166,1,interior
0.4503764581727369,0.1125602700652636,1,interior
0.3846079291572029,0.28680812368154446,1,interior
0.898376358034666,0.30827030119834076,1,interior
0.4357047903786433,0.12231688609541438,1,interior
0.8947250085553575,0.30472737750596546,1,interior
0.42917073947169443,0.16089074383843993,1,interior
0.879799843238953,0.20558723761611236,1,interior
0.3837713757200015,0.2776910059544138,1,interior
0.393331166326187,0.19659536334216232,1,interior
0.8233838229615311,0.12662371533890648,1,interior
0.43059759752164817,0.16418400478362605,1,interior
0.8048729489091985,0.10216251535813543,1,interior
0.8755782046600789,0.16158907503025913,1,interior
0.8521997375539181,0.15250762114584246,1,interior
0.37572346390915357,0.28001828571896126,1,interior
0.8939318777513161,0.29531733606427685,1,interior
0.8889147872755694,0.33877947063852243,1,interior
0.8972859511646841,0.26232698154592365,1,interior
0.8944727135725434,0.23638440761040996,1,interior
0.3970355713135901,0.20108875980351013,1,interior
0.8785711741771943,0.364708254620251,1,interior
0.8880879628671786,0.33543161354891216,1,interior
0.4724632650116601,0.10055139923223856,1,interior
0.7377837853994258,0.06405201173035947,1,interior
0.42724202924889815,0.13716443836116748,1,interior
0.896502602271887,0.2684347496681289,1,interior
0.8538075038200346,0.15438960585055733,1,interior
0.864870924286985,0.3809820915802325,1,interior
0.3825096596515934,0.3033443115279485,1,interior
0.41608131615481125,0.1637529502369432,1,interior
0.8896287133806222,0.19705428898665062,1,interior
0.3841974034773227,0.24749907227024232,1,interior
0.8701165816139252,0.3699455080951086,1,interior
0.8864898812459222,0.33609381075710043,1,interior
0.8917078383651407,0.22834586607297677,1,interior
0.8191822091963847,0.11941875668945416,1,interior
0.8981175339884951,0.26899961939400363,1,interior
0.8608686994554505,0.15664065979078065,1,interior
0.7592278386781197,0.06967945992353515,1,interior
0.8881098589921342,0.3371676240262869,1,interior
0.40059844443353093,0.17245718755942702,1,interior
0.37211477647377683,0.2771218193571824,1,interior
0.8973760399007458,0.29331219544849413,1,interior
0.8813687271622723,0.3620566353077495,1,interior
0.8594840140121545,0.15528233533152672,1,interior
0.4172901630282127,0.16265495315067283,1,interior
0.8909126289227197,0.2769360197491853,1,interior
0.38247197683094747,0.2933786383144073,1,interior
0.38341404794169565,0.2841089140813656,1,interior
0.4425461246219334,0.1153860566423031,1,interior
0.4554797580994946,0.1097995740032358,1,interior
0.7411613645147633,0.056438476041213576,1,interior
0.39088144617066856,0.18998995901123358,1,interior
0.4233959331681697,0.15961208078320194,1,interior
0.8682674452908344,0.36841799854105733,1,interior
0.38424396327606214,0.2347193405535257,1,interior
0.38657417230205604,0.23113765144734416,1,interior
0.42603526798778946,0.1585365164965211,1,interior
0.4331500442089373,0.1328420255740805,1,interior
0.4307210149397546,0.13652187906319838,1,interior
0.8161477170239108,0.11112093097436943,1,interior
0.8629209559294714,0.151812161762634,1,interior
0.882797238977402,0.360326647316467,1,interior
0.44341097336229407,0.11405624725745876,1,interior
0.8421884505496225,0.13090395424240056,1,interior
0.8926339013375552,0.27526945501217415,1,interior
0.7148185512969645,0.05157370279167194,1,interior
0.8350719505438908,0.12231279459035724,1,interior
0.8865830522392935,0.20859991245257303,1,interior
0.3903881799999768,0.21819968894731223,1,interior
0.3844525145614003,0.27913019213392587,1,interior
0.7896692086850452,0.08940152971909333,1,interior
0.3832304857670182,0.2446567287874848,1,interior
0.8637531951614307,0.37677753211092607,1,interior
0.8686730639206918,0.16946480715822965,1,interior
0.7748552080254382,0.07154370527146756,1,interior
0.43234606528899694,0.12900692040748854,1,interior
0.3973595785679678,0.18113855946466254,1,interior
0.4110184531746339,0.16545743177974942,1,interior
0.8826022066005151,0.363711463708551,1,interior
0.8771642292715355,0.2055911488551665,1,interior
0.7764096396810718,0.07566657463703301,1,interior
0.4200358791137116,0.14652820990643775,1,interior
0.8331901438200349,0.12268667544283617,1,interior
0.7503650411822992,0.07582028201950089,1,interior
0.38323071484231896,0.29038130864575706,1,interior
0.7425452789477202,0.0613247004391014,1,interior
0.8024027156322044,0.1022991834032982,1,interior
0.3978610870813016,0.1775834575395793,1,interior
0.897051660073359,0.2591602996534336,1,interior
0.8761168089368659,0.1683015342498425,1,interior
0.8851636738730991,0.21294212342788055,1,interior
0.3886978078045844,0.21539408773085691,1,interior
0.4258892580634823,0.13849017319344925,1,interior
0.38029263259589596,0.2594101685280113,1,interior
0.8979295029959015,0.25702655890759163,1,interior
0.8566774078044651,0.15103724953213768,1,interior
0.4480718504226451,0.11041679300456861,1,interior
0.791072164725924,0.09378977020893706,1,interior
0.8158968514808916,0.11407373781060325,1,interior
0.8018159272539839,0.10027896049043813,1,interior
0.38832141460574965,0.2178634793797935,1,interior
0.8969842256873368,0.2544067684727985,1,interior
0.8248958077082563,0.12518783638191994,1,interior
0.8767549164277914,0.17753365687966194,1,interior
0.8946741168414065,0.24433199533035282,1,interior
0.8619547229199842,0.1552050661765624,1,interior
0.47398029727583557,0.09794137063458527,1,interior
0.7867540730176736,0.09043588679599603,1,interior
0.7106404012167473,0.056934286335262214,1,interior
0.398504717000399,0.17194944067280785,1,interior
0.816738843995023,0.11606573574508988,1,interior
0.8125945109432386,0.115889777454644,1,interior
0.37327966220810105,0.2629650742591409,1,interior
0.3817473625676927,0.29618799360301556,1,interior
0.8670622984573194,0.3730879692635508,1,interior
0.3753875442268361,0.26577036285148004,1,interior
0.8461926436066739,0.13630959407382162,1,interior
0.3815487255342835,0.28345678193110097,1,interior
0.8521633366097628,0.13820131153577822,1,interior
0.7480938986560326,0.06538078878156518,1,interior
0.39536886525803094,0.1804560398457134,1,interior
0.38661297993041727,0.22586217690368182,1,interior
0.7680778545298048,0.06702651146730924,1,interior
0.41656966954782804,0.16085772802445686,1,interior
0.8967629883844149,0.2704156796212641,1,interior
0.7320237448275042,0.06112944249312528,1,interior
0.721371706670901,0.048978696709918654,1,interior
0.47084096998121344,0.09492546958905995,1,interior
0.7706472140148878,0.0680648090992967,1,interior
0.8909038911984688,0.27848586648061485,1,interior
0.3813694237088586,0.28573240409369494,1,interior
0.8971570336895135,0.2791440430433186,1,interior
0.8953726156676521,0.2533986939153976,1,interior
0.8911586205194926,0.339656036543879,1,interior
0.38050869749757193,0.302305953171127,1,interior
0.47244518976209554,0.09155510680289435,1,interior
0.8524647337877138,0.14278679426521795,1,interior
0.8923755855500469,0.28423010183794073,1,interior
0.7110880004933762,0.0552032183366058,1,interior
0.844961344990379,0.13796558912296225,1,interior
0.4488045568054025,0.10830991008637245,1,interior
0.3987311151463914,0.20581310277368012,1,interior
0.8770038990724439,0.1730357002912305,1,interior
0.8953698970060461,0.2901892033096147,1,interior
0.4304966195129911,0.1331937086303124,1,interior
0.45043125149405017,0.1102346178914672,1,interior
0.8991303523541418,0.29142026603470306,1,interior
0.8670892288946325,0.37914105339420295,1,interior
0.851222086829358,0.14438398378077394,1,interior
0.38408445803077146,0.28102790418933016,1,interior
0.457288446086749,0.11261385098329353,1,interior
0.7084017880785387,0.053156163159459896,1,interior
0.8604039486565108,0.15404609456975732,1,interior
0.8703728912266053,0.1599692498825497,1,interior
0.8754102751438712,0.18102994828371824,1,interior
0.7510693754240537,0.07738597783109241,1,interior
0.8890143226305605,0.2002113155616449,1,interior
0.39031725856692123,0.19332806522867133,1,interior
0.8393194900855326,0.1287121627858133,1,interior
0.8959712221644563,0.2507549827982822,1,interior
0.8969937844276511,0.2527071714813177,1,interior
0.38144569113501625,0.30085748420958836,1,interior
0.4581359160898855,0.11049686929486596,1,interior
0.8770706494299468,0.16690759310995104,1,interior
0.7043736401092388,0.05350843159571428,1,interior
0.8864402320372287,0.22197257753344835,1,interior
0.42357211226169844,0.155379381663827,1,interior
0.8761715847655457,0.17527763551250167,1,interior
0.7282997212077886,0.04637321033997813,1,interior
0.9007364927760722,0.25686318444919387,1,interior
0.7635929104152562,0.07004131240357818,1,interior
0.3949192445391523,0.2113054348913035,1,interior
0.44497954896063885,0.11079998278869882,1,interior
0.8972795025781807,0.2493262121731372,1,interior
0.7064871450697674,0.05194872773765577,1,boundary
0.3912243083326118,0.2225108446795421,1,interior
0.7662979131270696,0.06704844092654837,1,interior
0.453224515383753,0.10912683023445535,1,interior
0.42278446161234134,0.15736891501356765,1,interior
0.45894074470635443,0.10890462785286045,1,interior
0.8952059376833855,0.2829050336210097,1,interior
0.38521380321505777,0.23007434468364996,1,interior
0.39433036146719264,0.20444306644949456,1,interior
0.8959018704046579,0.23779468340596993,1,interior
0.787371495870929,0.08636142340117228,1,interior
0.8418870309055003,0.12637298678767556,1,interior
0.898332315246538,0.253662234615546,1,interior
0.7812371269020653,0.0837989107947132,1,interior
0.8847395728132371,0.21733540439429486,1,interior
0.38513125772871537,0.2254509473031279,1,interior
0.3753582778386278,0.261098827544545,1,interior
0.7527685297917839,0.06715903383760287,1,interior
0.4053939121735152,0.1745462517806751,1,interior
0.8925882998476451,0.23146760208405645,1,interior
0.3929936919229296,0.1995767819435829,1,interior
0.8123656013848485,0.10806322286599851,1,interior
0.7725330131338413,0.06697503092075828,1,interior
0.7758765843772301,0.06900279700695951,1,interior
0.7224586080172088,0.0466512503568065,1,interior
0.8416707957380967,0.13264170126282968,1,interior
0.390827175720157,0.21183262896197144,1,interior
0.8612063849874009,0.3735074516461791,1,interior
0.8898989642337547,0.31799383024489436,1,interior
0.4070700418878051,0.17159064668159124,1,interior
0.8782456243383183,0.1882542948145259,1,interior
0.4407073475261075,0.11919455071402076,1,interior
0.872602282517399,0.36866739735625387,1,interior
0.3794800977533966,0.25801541405669315,1,interior
0.3872105784486011,0.24524293821720583,1,interior
0.4520161388108779,0.11022304115737752,1,interior
0.8094747550922013,0.10482922055776484,1,interior
0.3798068384806085,0.2938119628495639,1,interior
0.884469985435022,0.36168734095838306,1,interior
0.4687264318613959,0.09536435306993304,1,interior
0.376733033403802,0.2649865805320341,1,interior
0.8772090583168534,0.37055799037096754,1,interior
0.7328950086486393,0.05033257854487543,1,interior
0.7559386647552553,0.0701112083792127,1,interior
0.4716135628993158,0.09925107466709254,1,interior
0.8948527934978986,0.2781252488532331,1,interior
0.8946122447579911,0.24002136228620097,1,interior
0.8914702650623128,0.31755612145676254,1,interior
0.8242250334042402,0.12241479761723159,1,interior
0.37512305396876605,0.2591750081603652,1,interior
0.8795595921490386,0.1873507315978519,1,interior
0.8709006402067042,0.1630148946832977,1,interior
0.8810356205163767,0.36462352044615515,1,interior
0.7834891179719216,0.08124619871310636,1,interior
0.7924486673446163,0.09473494513120238,1,interior
0.38295989897662513,0.2463059108448376,1,interior
0.43197121471092376,0.1307294577131961,1,interior
0.8588481085082746,0.15669770382004689,1,interior
0.8901167724363817,0.3362234860386977,1,interior
0.740640577680038,0.06128443655964827,1,interior
0.8833584554554998,0.2099303789407236,1,interior
0.3797326243736843,0.2964014169295123,1,interior
0.8950204456897015,0.26553879155244725,1,interior
0.7783662691923418,0.07018600537889971,1,interior
0.7827987395864622,0.08679375678013221,1,interior
0.8912005714742116,0.195626097421982,1,interior
0.7067741299950347,0.05759166943577279,1,interior
0.3877370225653567,0.2858846644587911,1,interior
0.8818467930612814,0.20821408473649894,1,interior
0.39321961948662404,0.18478913117740203,1,interior
0.8455067294685776,0.13418065746330934,1,interior
0.8894242660854305,0.2025124462388058,1,interior
0.3786210267184597,0.2789518183476953,1,interior
0.48167738663052373,0.09651545319964171,1,interior
0.8037968425021459,0.10020593655754718,1,interior
0.43257899104505576,0.12485060875364261,1,interior
0.8856703587788171,0.273942176269547,1,interior
0.7498988371459675,0.06445668364054145,1,interior
0.47469335192440176,0.1012661614568326,1,interior
0.8792275587951502,0.36190383249160524,1,interior
0.8617939637199548,0.3832881633164677,1,boundary
0.8859737053559446,0.2103684219285263,1,interior
0.8263225264410055,0.12261452754313361,1,interior
0.8437789802658101,0.1259448186637834,1,interior
0.8664578288699164,0.383190111048854,1,boundary
0.883621816495687,0.3584582283933124,1,interior
0.4047838446964494,0.1719577858545719,1,interior
0.7626896756726069,0.06779273541380407,1,interior
0.9001893474878438,0.25330937807213394,1,interior
0.39203333856976486,0.2786893872020514,1,interior
0.8538809789546702,0.14050059894436945,1,interior
0.8903213617476086,0.19901067408327655,1,interior
0.8931302461172108,0.22696356675522597,1,interior
0.42848332689544244,0.12884672873899122,1,interior
0.8760674294683704,0.16560597879357347,1,interior
0.3939673011227149,0.2069278484581923,1,interior
0.3739794775482081,0.2688214077838473,1,interior
0.8969808555091124,0.26077456004194927,1,interior
0.8787294525767713,0.17066423034298842,1,interior
0.8891873663312136,0.29640404991529273,1,interior
0.8885454294558826,0.3315039672235177,1,interior
0.41431503085748084,0.16222898593865848,1,interior
0.40286057804810926,0.1718862655528553,1,interior
0.881043341719627,0.18800419765560647,1,interior
0.8653099520353641,0.15560693076215973,1,interior
0.7512574742927702,0.06739023692391745,1,interior
0.8873043252793252,0.3384990433063451,1,interior
0.8922102299315147,0.25512157507230077,1,interior
0.8179293792935367,0.11463007736620699,1,interior
0.7355816956962005,0.049193548594417075,1,interior
0.3937769908818727,0.18701929550028434,1,interior
0.7428530885409182,0.05492201569620958,1,interior
0.8893480799635758,0.3244010514218991,1,interior
0.4278256618376798,0.15833819636410312,1,interior
0.884393815473138,0.20873738161180688,1,interior
0.37998773700786176,0.2465902801085598,1,interior
0.851034846001116,0.13705148608051232,1,interior
0.8304202818918941,0.12512458456245554,1,interior
0.45057729658687223,0.10681414253040135,1,interior
0.38244162746477234,0.2412576793866183,1,interior
0.8840701213491474,0.21995198876065736,1,interior
0.37233902764465376,0.2719965479948168,1,interior
0.39610238739190873,0.17686345484196522,1,interior
0.4596070248112602,0.11282162462153242,1,interior
0.880498650100951,0.36632042882615967,1,interior
0.8077017830612984,0.1038986456476581,1,interior
0.873500207906173,0.16236571942213693,1,interior
0.4281127943699176,0.12695888245348133,1,interior
0.8721451609084021,0.16040934863204065,1,interior
0.886017985815656,0.1956756375957159,1,interior
0.42874428851111657,0.1627848842539079,1,interior
0.3833856433979142,0.2359945776729836,1,interior
0.8913890952695289,0.2813902336463712,1,interior
0.44651719432201337,0.1097839375932709,1,interior
0.42676503414059025,0.1356717647781507,1,interior
0.38594811171396315,0.21702892715575162,1,interior
0.38698737787445314,0.21480813800641657,1,interior
0.37787288715012385,0.25851211206641705,1,interior
0.8528866601341083,0.14707259334150866,1,interior
0.8946007855552685,0.27400743680471057,1,interior
0.4624869689261424,0.10977371437830466,1,interior
0.8957506088237098,0.29371621863419023,1,interior
0.8644257190299101,0.3827299605354218,1,boundary
0.3790564252886936,0.30420326622278077,1,boundary
0.4240991936443777,0.14962896655179742,1,interior
0.3948157650321818,0.18377050654364843,1,interior
0.8740768268681076,0.15973136487208006,1,interior
0.38065699121076785,0.24170563245633575,1,interior
0.8864791691934273,0.31507271873072185,1,interior
0.38183791356222574,0.2349564451928116,1,interior
0.8662779566747998,0.37735689358399904,1,interior
0.8425917188146659,0.12471636103715293,1,interior
0.8533399020170938,0.13630613516645948,1,interior
0.8289509684794552,0.12272525701189312,1,interior
0.41408867591341764,0.16450804570661515,1,interior
0.8968629132968466,0.28872621451028213,1,interior
0.8867051875167121,0.21188268961141063,1,interior
0.4156553181451872,0.15952938515575402,1,interior
0.3925309504928598,0.2083754231812874,1,interior
0.7981811991174418,0.09915301265752513,1,interior
0.418834949989477,0.1631600707076308,1,interior
0.88449164446849,0.3570457594014909,1,interior
0.7745755902996275,0.06979964182069619,1,interior
0.8886230798512481,0.22344165658112453,1,interior
0.4533537732811306,0.10609800944932657,1,interior
0.45246652729174525,0.10773068951026903,1,interior
0.779312004743455,0.0776901372684836,1,interior
0.8887478922725056,0.20938449316793115,1,interior
0.8880656451840524,0.20725097615890756,1,interior
0.7949585842738925,0.09588039547621174,1,interior
0.4125543730935295,0.1647520878648786,1,interior
0.3781364928499581,0.2556301306752003,1,interior
0.3810606917012921,0.28789281344144557,1,interior
0.8906538254014499,0.3157708128236917,1,interior
0.8991697582903467,0.2936933762210468,1,interior
0.8788422445531289,0.17308441762347793,1,interior
0.39067139531013845,0.32996158748098325,1,interior
0.8987268271916253,0.251276432112333,1,interior
0.8946358545103729,0.30027170907115575,1,interior
0.3786353361257624,0.28660058574449465,1,interior
0.8665884338721738,0.3757934091702091,1,interior
0.3824848503079169,0.24909102499548713,1,interior
0.4258953526859232,0.12651807865152934,1,interior
0.8531076435346274,0.15017505977355117,1,interior
0.383186821902172,0.2506305797847697,1,interior
0.4559490856173723,0.1057551550927883,1,interior
0.44173013175383796,0.12075689419275158,1,interior
0.8182158046173686,0.11257621213344154,1,interior
0.8670348878385965,0.154401269436366,1,interior
0.4314196416190629,0.12611895326671013,1,interior
0.8878614985918217,0.21064517945207586,1,interior
0.8889601104607305,0.22114770317979524,1,interior
0.8584189276652523,0.15352053902638987,1,interior
0.3912271762115244,0.33857759062613485,1,boundary
0.3745126442008773,0.2576866389011865,1,interior
0.897217742680624,0.26563218796138316,1,interior
0.42156392724039876,0.15112958162527843,1,interior
0.8809902561208157,0.18591287410606383,1,interior
0.4293980845942324,0.13491807581586665,1,interior
0.8996345590695004,0.26412523559242174,1,interior
0.8858939428774123,0.21564697725610482,1,interior
0.712644322815531,0.05170739310295658,1,interior
0.428858957050954,0.1330960155718058,1,interior
0.3877784856624393,0.22475469765031253,1,interior
0.7610626629536236,0.06639451593695701,1,interior
0.8844042803152123,0.3550693379806815,1,interior
0.8307428856125466,0.12339110348962778,1,interior
0.8746348665633148,0.17615674548846108,1,interior
0.38357789651042473,0.29442385734982296,1,interior
0.3919813408363557,0.19408660024265262,1,interior
0.8841540514214328,0.21126783964425086,1,interior
0.4409647907825244,0.11442358219460762,1,interior
0.8897489379338795,0.22579530673011905,1,interior
0.8897018398018349,0.3345858939613439,1,interior
0.3765101270670167,0.2578414553180708,1,interior
0.3989619103070212,0.16993468581863297,1,interior
0.890524599575868,0.3307673348066596,1,interior
0.8837576364856374,0.36507209615253733,1,interior
0.4262704105860608,0.15697718260816243,1,interior
0.39187768449808863,0.2187303964060108,1,interior
0.8944405964874204,0.22865813720438305,1,interior
0.7026688463925455,0.054095701285056697,1,interior
0.8827022681452223,0.1887428058763628,1,interior
0.39619353830348064,0.18451666299902542,1,interior
0.38747884495789575,0.22304354954482308,1,interior
0.7876131913230954,0.08800147628808153,1,interior
0.8628445442967967,0.1874757944951728,1,interior
0.46879325667399785,0.09047391877961819,1,interior
0.9024283184749539,0.25179458384114123,1,interior
0.8143213200218964,0.10634972115753134,1,interior
0.7978936553430322,0.09570217425581323,1,interior
0.3861295143835061,0.26317474266052326,1,interior
0.8857652913316477,0.23404127909353056,1,interior
0.886421957171611,0.2140045032490904,1,interior
0.7514917223802974,0.0647148707960044,1,interior
0.8486403354161005,0.13601964340034164,1,interior
0.4701338188036204,0.09306759145316787,1,interior
0.796229967872939,0.09494810742010976,1,interior
0.879708184977755,0.16933029083741,1,interior
0.3819391647489158,0.24374464011676197,1,interior
0.3843771033729823,0.2187203744375158,1,interior
0.4640700984172477,0.10847159590716555,1,interior
0.8854472716860544,0.36024175686222104,1,interior
0.8972843121380603,0.29523460052187933,1,interior
0.7405303613676012,0.053893427804268305,1,interior
0.878103511278775,0.18259055136157543,1,interior
0.8932062431064963,0.19495855539901044,1,interior
0.4248660018698669,0.1516576412877499,1,interior
0.7857443908001615,0.08462127706771462,1,interior
0.4213452759584817,0.1435000183943187,1,interior
0.8947399111480004,0.19350105685259858,1,interior
0.8201354242311486,0.11178726318620477,1,interior
0.8547294416497203,0.15285081958805627,1,interior
0.37825391521160706,0.3022641807699415,1,interior
0.4300580904145343,0.13165823685231778,1,interior
0.8920880331552612,0.1973195330007707,1,interior
0.38223325206024444,0.2526631846658403,1,interior
0.8950661008716423,0.3130693436307597,1,interior
0.4326451153591998,0.12223604504445365,1,interior
0.38200226695942846,0.2798345570214699,1,interior
0.4700484010379398,0.08941393558833799,1,boundary
0.8780999093362496,0.18082574951647926,1,interior
0.884454403923894,0.3504551044438777,1,interior
0.4521483657673707,0.10480981806503258,1,interior
0.42514130447677156,0.1357797132056125,1,interior
0.8886353529835692,0.33330215066851565,1,interior
0.42182233779726896,0.14794777096974795,1,interior
0.739301925233989,0.059757275567336725,1,interior
0.4368408272556818,0.12353429110116203,1,interior
0.8332588772357309,0.12067465291842262,1,interior
0.3930317713730563,0.21140601558891312,1,interior
0.39554524722675244,0.1787086134248338,1,interior
0.8983783094246922,0.2894482847616278,1,interior
0.867687655153107,0.38107199577416034,1,interior
0.881995700725012,0.35895708291582823,1,interior
0.8543218321442199,0.14787471915475167,1,interior
0.7482804227074346,0.06363448075239732,1,interior
0.4177898595661732,0.15917675063492834,1,interior
0.44481540059651736,0.10870755353886927,1,interior
0.3835301009212689,0.23030847026912127,1,interior
0.8054439333947195,0.1095958736635952,1,interior
0.37010514695105506,0.2695519650565565,1,interior
0.3861719034185378,0.28683217185819077,1,interior
0.38541498941528235,0.21318284058255202,1,interior
0.843166460835822,0.12764375747850545,1,interior
0.4281551528543624,0.12487893254056631,1,interior
0.4400556209205479,0.12100077118016168,1,interior
0.8968751616462821,0.3043381313009981,1,interior
0.37262182477588485,0.2605168008281342,1,interior
0.8784208648921515,0.1781746187661087,1,interior
0.7428040440763369,0.0595048891372252,1,interior
0.8924294779494034,0.29958069656709374,1,interior
0.3729432252253409,0.2571943566097454,1,interior
0.8506564629483568,0.13981413161850892,1,interior
0.7764118500805414,0.07129590587658743,1,interior
0.7389044840970186,0.05381981068538201,1,interior
0.7936603776210435,0.09349156397844993,1,interior
0.45645890369349346,0.10735907425278104,1,interior
0.8829565353381787,0.3620058127295683,1,interior
0.3879760236481434,0.23028181850320942,1,interior
0.8998726329727602,0.30588008174511344,1,interior
0.4794002924843024,0.10266175590446858,1,interior
0.886944128903772,0.20443536328680822,1,interior
0.44122620547286445,0.1163204492076552,1,interior
0.8740210194102567,0.1827980481567067,1,interior
0.38326992297873475,0.286048783040124,1,interior
0.868738650185554,0.3732514321645735,1,interior
0.756192987643579,0.08213422246558615,1,interior
0.8972579814807269,0.24704849917993954,1,interior
0.44624247420064433,0.11362819854033866,1,interior
0.8827552266562773,0.3666408780311529,1,interior
0.8716045802133476,0.3735697562562279,1,interior
0.8606736781234543,0.37585633913268784,1,interior
0.39628505173476825,0.17106771009609192,1,interior
0.3739204087563712,0.25527920234198465,1,interior
0.9002857440461272,0.25485872814389576,1,interior
0.4236197495190084,0.1525638654146983,1,interior
0.8907412149343376,0.3381106845165471,1,interior
0.42145956411629615,0.15982277828133598,1,interior
0.38717696489558623,0.2272721744823077,1,interior
0.7436476407088384,0.05725917220606619,1,interior
0.7808379074814658,0.07670730273575418,1,interior
0.8949411546481032,0.27641420240320236,1,interior
0.441841590202467,0.11279634997576887,1,interior
0.8933492548377715,0.27309029139595936,1,interior
0.8943859108924433,0.24634959875705204,1,interior
0.8902365383951358,0.3324334231519302,1,interior
0.7300291408178811,0.0444542831818655,1,interior
0.374094730250961,0.2732202150820427,1,interior
0.8996363510153554,0.26153317048814007,1,interior
0.8952240296946339,0.3024774781988984,1,interior
0.4660975567221219,0.0909201906076235,1,interior
0.46666186545608657,0.09558673102364174,1,interior
0.8913081389979146,0.32465537211809475,1,interior
0.7374098440780277,0.04779964823796155,1,interior
0.39428321895336005,0.22066225775725204,1,interior
0.8219949147506581,0.1189182537815434,1,interior
0.39474526270521976,0.17581762156586028,1,interior
0.8878325985144531,0.19529122421152567,1,interior
0.8991746408014379,0.2583053972586949,1,interior
0.36895303812570285,0.2706850376288987,1,interior
0.4243619679887045,0.1573246530308593,1,interior
0.46643609988016116,0.10108550263616141,1,interior
0.43099126390375436,0.12352469817114678,1,interior
0.4680841499469249,0.10208849126831837,1,interior
0.8971154820487444,0.24162852520695502,1,interior
0.8790038849153813,0.18386855768012134,1,interior
0.7413446827835943,0.059074843365169445,1,interior
0.39252694171050845,0.3412484784072186,1,boundary
0.8797910492070896,0.18091558778389522,1,interior
0.8973527461553727,0.2391056214018068,1,interior
0.8922491007619469,0.22995878743888332,1,interior
0.8891574976839499,0.34255964158835234,1,interior
0.8978257523470139,0.24546759569611448,1,interior
0.44675429785694026,0.10819129428910243,1,interior
0.7123934053020651,0.054287252260054396,1,interior
0.8902784774926691,0.2235866130088952,1,interior
0.7984339203443768,0.0972707438059084,1,interior
0.8640829860283582,0.37487880007551216,1,interior
0.8965923325195387,0.31060637573165306,1,interior
0.8032782078469528,0.098552622025708,1,interior
0.8520424930721501,0.13444825219173032,1,interior
0.7921984369241378,0.0905827899881867,1,interior
0.90207703467863,0.2556328720698966,1,interior
0.7535518634483683,0.06408473535916734,1,interior
0.3805290648224291,0.2542482983102127,1,interior
0.736052562597984,0.05103686232129767,1,interior
0.7777235990077178,0.07396985174138741,1,interior
0.470491160481927,0.10095539497962268,1,interior
0.39067217205098087,0.20843120811198587,1,interior
0.41136294885824976,0.1634372230815056,1,interior
0.38046852615071647,0.25196783309141085,1,interior
0.4678873264729219,0.08851074295878736,1,interior
0.9007104749167822,0.26521337184452687,1,interior
0.8779849651521469,0.168639712431731,1,interior
0.3961947813952445,0.17289375573488228,1,interior
0.8687922340866324,0.37771139997868297,1,interior
0.8752512079564289,0.37111406466350183,1,interior
0.8911141831028041,0.23462726937849673,1,interior
0.884342311841737,0.19560489481366097,1,interior
0.41120785538068044,0.16858363882134783,1,interior
0.7464266343363042,0.06240083624296894,1,interior
0.3784172789458133,0.29860350186951273,1,interior
0.8537378674809406,0.1388718792364502,1,interior
0.8418752108639502,0.12324053518505418,1,interior
0.7342467787600422,0.047288199200676596,1,interior
0.7099838126441751,0.05409797272204251,1,interior
0.4044043760271799,0.1704051740634627,1,interior
0.8144509877176411,0.10998889950295664,1,interior
0.8896615671495196,0.1953891084315656,1,interior
0.8984654345165335,0.25989225151177814,1,interior
0.4651217025913487,0.10688594319656664,1,interior
0.8837970184071221,0.1868796958145514,1,interior
0.8875249614059327,0.19228641255964107,1,interior
0.8894298197053147,0.19302212473461633,1,interior
0.4721973512333878,0.09698076371310727,1,interior
0.8199244184063961,0.11429837116299575,1,interior
0.684395568653935,0.06258664069235513,1,boundary
0.3959135750156789,0.1822556200048204,1,interior
0.8959321538788436,0.29664319700271435,1,interior
0.781901373256561,0.08011813387253343,1,interior
0.4097090269526618,0.16906093778422626,1,interior
0.8920857366430538,0.22391599882003516,1,interior
0.38497445980179873,0.22731694578929873,1,interior
0.711954099854878,0.04965189999379924,1,interior
0.46532133142935395,0.10221174802932573,1,interior
0.39546361325481544,0.19880845896508662,1,interior
0.7783339290945331,0.07184105547455809,1,interior
0.4142205294473116,0.16022502541409445,1,interior
0.89430188018044,0.3148766659747116,1,interior
0.40190858097711196,0.17386270247559335,1,interior
0.8065707589586847,0.10105435883918681,1,interior
0.7842781076349822,0.08254832998284001,1,interior
0.45503076559944267,0.10813554459757302,1,interior
0.7517637374249897,0.06239552967266003,1,interior
0.8387690408794429,0.12332976113759905,1,interior
0.43974284645103245,0.11678625052285087,1,interior
0.886049453904803,0.1877660187727836,1,interior
0.43214884162966594,0.13787455948403043,1,interior
0.46975742193472486,0.0991882302455182,1,interior
0.8853640781230215,0.20733987908346446,1,interior
0.37878082423193316,0.24963998000628412,1,interior
0.880499257332892,0.1825885987667879,1,interior
0.3797208128842383,0.2564315908488188,1,interior
0.4181977054148121,0.16082303550803997,1,interior
0.7911023258834531,0.09596291341062213,1,interior
0.4624939658112411,0.10743460096975507,1,interior
0.8856101913654868,0.3638514630293138,1,interior
0.8896851239418363,0.3439916290678205,1,interior
0.8644263239466652,0.15148364429972766,1,interior
0.8855119077733811,0.3534240846076827,1,interior
0.3803974363912782,0.2809835381172298,1,interior
0.8979854896663804,0.28654477989920807,1,interior
0.8872146827703549,0.3493561112254886,1,interior
0.8974852722879362,0.3129367491624992,1,interior
0.8912093675128546,0.19293322208486785,1,interior
0.852287168528604,0.1404784584225533,1,interior
0.8859758880884427,0.19014064744511605,1,interior
0.8771922719497367,0.1608896796868169,1,interior
0.4438072634639405,0.10705432380177522,1,interior
0.8551003346161092,0.1431594248056938,1,interior
0.37406786426449706,0.26457295272423176,1,interior
0.8562512882653683,0.14864795623081922,1,interior
0.8122612837932014,0.10597307675114623,1,interior
0.8906760380440224,0.34529244473182197,1,interior
0.9035241673723651,0.25703514256249405,1,interior
0.38156430018460363,0.23918283397147683,1,interior
0.7935857807089214,0.08962126440586105,1,interior
0.7568598877865557,0.06829825919797945,1,interior
0.896427287518083,0.27386702803462776,1,interior
0.8999479839023732,0.2703456007572812,1,interior
0.7743628295726686,0.07407405514425683,1,interior
0.8807956680891518,0.2423787092960049,1,interior
0.7370832810676642,0.05312913497491354,1,interior
0.7397218046727485,0.051795638801677306,1,interior
0.8910806725036727,0.3417976109830956,1,interior
0.40571005450079484,0.16810517489934945,1,interior
0.37217506444011966,0.27452870919987615,1,interior
0.7446043044179047,0.06055254275819036,1,interior
0.42772496155279227,0.12334222189541345,1,interior
0.375787251614132,0.2777309644204277,1,interior
0.8790344445579922,0.17627945662308991,1,interior
0.8924619960117433,0.3200242246560225,1,interior
0.737610103797033,0.0516539886792176,1,interior
0.3761419109382248,0.2560099355052368,1,interior
0.8634133312564459,0.15335344677574325,1,interior
0.7923220611532361,0.0876075535538972,1,interior
0.407789152358114,0.16953727097636098,1,interior
0.7362059024361889,0.04574047745357813,1,interior
0.37571055449267726,0.30233463464973387,1,boundary
0.8990423135388557,0.2473460533858245,1,interior
0.4520250483148536,0.10203365290233884,1,interior
0.42583777381011145,0.1285185698325347,1,interior
0.7379511293537692,0.049371241751913396,1,interior
0.8988800000918512,0.30454904689224843,1,interior
0.43804866308640555,0.11967144156908018,1,interior
0.41533553260835476,0.15763870184295092,1,interior
0.3876718414338969,0.19328912799805983,1,interior
0.4570527059213085,0.10879843780222656,1,interior
0.3817882276557703,0.23725479205422564,1,interior
0.8991675271040807,0.2447263501154977,1,interior
0.8981031797067726,0.2674745815037133,1,interior
0.8608353266480726,0.15108222236634417,1,interior
0.43925115005829823,0.11484037535458808,1,interior
0.38813805526388384,0.2096630940194269,1,interior
0.8995095584142857,0.2865953082240127,1,interior
0.708523398980116,0.05136195613917176,1,boundary
0.39340009756118044,0.1781405394991129,1,interior
0.3959206509080911,0.2196299260932828,1,interior
0.46792653411592516,0.10042364260960597,1,interior
0.8972348502252785,0.27585800523286447,1,interior
0.9022349555298279,0.2540899688392605,1,interior
0.8435497247432592,0.12991458976538184,1,interior
0.38226314184213245,0.23346317872886668,1,interior
0.3762840039222155,0.3003618368559469,1,interior
0.38641630023862017,0.21189461180376046,1,interior
0.3801612686162418,0.23690528925357762,1,interior
0.8959405979283694,0.1945836130576593,1,interior
0.3784082648065787,0.25392435974125577,1,interior
0.845511031202264,0.12624944485641484,1,interior
0.8309643399561136,0.12066892231922377,1,interior
0.8980828473797932,0.2643552687701649,1,interior
0.8861974089128778,0.1940719455223965,1,interior
0.3807542586163187,0.24936167629697847,1,interior
0.8650623330486545,0.15292656512601616,1,interior
0.7549065345759931,0.06800134730815577,1,interior
0.8550688176396577,0.1507297391258969,1,interior
0.42840000781893306,0.13124021250191556,1,interior
0.7979240735207558,0.10310462959814544,1,interior
0.7805333562877103,0.06849720330863873,1,interior
0.4239912245121907,0.13755823658747712,1,interior
0.3936220649970032,0.2009718321027185,1,interior
0.854213673209682,0.14578952605672335,1,interior
0.8858305753335289,0.35579875436170594,1,interior
0.7998814194261379,0.09870358376612821,1,interior
0.8936268316656413,0.19717883141971418,1,interior
0.38079657144454615,0.2312455520336736,1,interior
0.9006659785362723,0.262658293216647,1,interior
0.8924137077625749,0.2974470912801792,1,interior
0.3848233263377079,0.2145973312775689,1,interior
0.4380655446561373,0.11328983911771531,1,interior
0.9032618473184099,0.2633204854070908,1,interior
0.37215188232776464,0.25484626418401973,1,interior
0.45961119648678006,0.11128712214692248,1,interior
0.8920707635952856,0.33669164237186205,1,interior
0.8685564430783564,0.3755884788929883,1,interior
0.8018066802088786,0.09786114197955464,1,interior
0.893832656671893,0.19215874313416575,1,interior
0.7184965850449567,0.050163616809431814,1,interior
0.8902173585660329,0.19058005876336506,1,interior
0.8963359311344343,0.2571556663731859,1,interior
0.4378698529294235,0.11691981695617157,1,interior
0.8975726096162756,0.27248345276757807,1,interior
0.3815366931872577,0.29457779504384934,1,interior
0.8952448932787167,0.22682153558187854,1,interior
0.3852282662936681,0.22344257162016845,1,interior
0.4611099864012387,0.10871671589200602,1,interior
0.37957034969989734,0.3011027390634205,1,interior
0.39996419756505075,0.16879401387837928,1,interior
0.7420190802735704,0.0535706602101757,1,interior
0.7994111324161508,0.09506164774398808,1,interior
0.7924158838745556,0.09242054043819503,1,interior
0.8622841366419619,0.14991133271147308,1,interior
0.4590226369116022,0.10632964403457318,1,interior
0.4236558721520478,0.1292786281330579,1,interior
0.7801849132589153,0.0707451828479289,1,interior
0.3792108851993712,0.24362746106321675,1,interior
0.42162554650056805,0.13020883715464676,1,interior
0.7536047495020142,0.06050724445065733,1,interior
0.7758544200273806,0.0663989081857184,1,interior
0.8589746778024618,0.14938211395239745,1,interior
0.42168656119755255,0.128408987230406,1,interior
0.832068778214585,0.11897233844705318,1,interior
0.8453179426438465,0.12444482248394531,1,interior
0.8760760996493057,0.15752672731577697,1,interior
0.44161613740282984,0.10904308443312825,1,interior
0.7862142131615405,0.08113049667436041,1,interior
0.7500818652621932,0.060440537747548956,1,interior
0.7461247624182422,0.060795579423966344,1,interior
0.9023830119000575,0.26559359859540876,1,interior
0.797530906686413,0.09398005577829574,1,interior
0.8681235335623032,0.37138521154644927,1,interior
0.3906782116818323,0.18341783897972538,1,interior
0.9011186537679647,0.26001587403843957,1,interior
0.42001429474648644,0.14475732186592313,1,interior
0.7871913014984527,0.08370800398420833,1,interior
0.8605227668564275,0.14857876300351913,1,interior
0.8767901224804541,0.16371015273850356,1,interior
0.9025490865728599,0.2612324733747921,1,interior
0.38526955697351384,0.2215432182720538,1,interior
0.3789579488144628,0.25232611449439457,1,interior
0.8908666406835635,0.3213906805593767,1,interior
0.4256980434689062,0.13069416901353692,1,interior
0.8788909852491746,0.16728660331122758,1,interior
0.8809052196275685,0.17693272372621488,1,interior
0.38035491546070266,0.2981846091643743,1,interior
0.3721179211482753,0.2528708401097754,1,interior
0.7330206879868568,0.0487069802325609,1,interior
0.8230353709893189,0.12036254748281902,1,interior
0.38684293533648106,0.2193167385386067,1,interior
0.7808726837148395,0.07428543560657647,1,interior
0.4224330555704711,0.15393448441812085,1,interior
0.7992077229242674,0.10213900550694618,1,interior
0.8572684386445826,0.14663276477365716,1,interior
0.8861800138000906,0.20112591220646436,1,interior
0.8908172499717328,0.2992526908928107,1,interior
0.37700277966120793,0.24930325955128746,1,interior
0.8453280993444676,0.1325696081189382,1,interior
0.896329608995867,0.2982336816766144,1,interior
0.8735428203603024,0.1701153950900964,1,interior
0.8783989481852353,0.16226834776973878,1,interior
0.38155665474457784,0.24534251278752314,1,interior
0.8181700997987177,0.11673675537700762,1,interior
0.8296961111877538,0.11853818599238554,1,interior
0.8009010339023185,0.09613526544215846,1,interior
0.8056226911661565,0.09940653309437941,1,interior
0.4017738017582297,0.1694941635137521,1,interior
0.8983226673347472,0.29728357910749575,1,interior
0.41253881158855327,0.16082646242352375,1,interior
0.8994252913238789,0.2882457500710139,1,interior
0.4678988330611067,0.0921906502617237,1,interior
0.8866389575650048,0.2203935523976977,1,interior
0.3762797365921548,0.254475516738316,1,interior
0.3801202487087192,0.2399093704267496,1,interior
0.8948630856853828,0.19607251128147044,1,interior
0.8975835783250268,0.22825978712694348,1,interior
0.8395987023430594,0.1211666764897664,1,interior
0.3823776260234328,0.28216907048990436,1,interior
0.868924292431226,0.15875026010569812,1,interior
0.8903862617392914,0.327420700870517,1,interior
0.7831036998467801,0.07325387098204982,1,interior
0.896004018528784,0.22936526084990316,1,interior
0.8930862090625228,0.3109823624901972,1,interior
0.8999316927435653,0.27860717416290776,1,interior
0.8851198842051904,0.3518754601140519,1,interior
0.7310986345227978,0.05089579969051952,1,interior
0.47048547064366414,0.09106703228874224,1,interior
0.7776378416438706,0.06710135929667503,1,interior
0.886481710378167,0.3618917672798283,1,interior
0.8929030219178953,0.3400950314246667,1,interior
0.42538568357823364,0.1248122184571696,1,interior
0.8557500749491911,0.14579805905008872,1,interior
0.874132604576366,0.3727943492581023,1,interior
0.8417139933081087,0.11913949762840602,1,interior
0.38421695700991165,0.2202332062987616,1,interior
0.8576552613677912,0.1549217687704568,1,interior
0.892685669819147,0.31578934963539185,1,interior
0.8870916241276583,0.3510381886848559,1,interior
0.7244116839841074,0.046835529172707516,1,interior
0.46334592952164455,0.10605126917631767,1,interior
0.3917296276617617,0.21051613321817209,1,interior
0.9012636618901895,0.2583219222216478,1,interior
0.8543332648046545,0.13396461182653344,1,interior
0.3833663714922228,0.22544995379255936,1,interior
0.8975517324322453,0.19375692787362578,1,interior
0.39299629678630504,0.18208334622436284,1,interior
0.46103050739204615,0.10464638918060518,1,interior
0.8809922335803364,0.18403120596661196,1,interior
0.8921799484174849,0.33457414857430023,1,interior
0.4192964469338852,0.14884368242288903,1,interior
0.9012845136543891,0.2678308675962932,1,interior
0.7931683081584373,0.08569092105544514,1,interior
0.885007034700827,0.3683274317255604,1,interior
0.3910564833349238,0.20621865292237304,1,interior
0.3736868304322584,0.2799842643353811,1,interior
0.4193782779601957,0.15160352708954036,1,interior
0.8713574087575858,0.37564609172392566,1,interior
0.8987674578733819,0.26585802751191795,1,interior
0.7960312212433132,0.09076343277033985,1,interior
0.7549834400349258,0.06593467305738393,1,interior
0.3817292311998512,0.2511144127193092,1,interior
0.37937868084507526,0.290104871413292,1,interior
0.3819381693621177,0.24753648443107304,1,interior
0.467075170957644,0.0983057895488854,1,interior
0.8956315321837727,0.23469292804320355,1,interior
0.7461890718693438,0.05647712885672744,1,interior
0.4449456421001852,0.1124149848095496,1,interior
0.8999552850832913,0.28989638818189634,1,interior
0.8959723169842967,0.19796360637382765,1,interior
0.881202363831011,0.3688041756277662,1,interior
0.8875722402546103,0.2022890989059309,1,interior
0.4242062574346145,0.12669332755829768,1,interior
0.3753834398417399,0.25323895501832416,1,interior
0.38124686810019387,0.2914084402024689,1,interior
0.3832857888671745,0.2919641426217782,1,interior
0.8071798403679281,0.09778411196880715,1,interior
0.8666509618298518,0.14984303733579965,1,interior
0.8047321508613584,0.09777651063886926,1,interior
0.7952576548137602,0.08851775794706773,1,interior
0.3924837145077521,0.18926451553179016,1,interior
0.379138639343072,0.2922732037048615,1,interior
0.8999198321496353,0.3100907911004869,1,interior
0.39263156671312444,0.17556967018581768,1,interior
0.39255194203224836,0.20551955718996867,1,interior
0.38749951073398214,0.20820150451485672,1,interior
0.4543141580687046,0.10438821937888905,1,interior
0.39393244037712893,0.1799241522340667,1,interior
0.443351540610789,0.11025500704105942,1,interior
0.888550974960916,0.19024581067752402,1,interior
0.37085881335779003,0.2731127095247167,1,interior
0.41938283282110944,0.15815597486142682,1,interior
0.9005924305141383,0.25101886335466855,1,interior
0.37477474508548214,0.24740733475255342,1,interior
0.3830368541935996,0.28880787864319,1,interior
0.4532496156386466,0.10311386189330159,1,interior
0.7893422124846224,0.08640319982326483,1,interior
0.8908390339119555,0.3292770272295069,1,interior
0.38395978019481275,0.2124445620530261,1,interior
0.3899169823049678,0.19120567002675004,1,interior
0.42356617011258635,0.1399907375605219,1,interior
0.8921648897221657,0.3428722941915474,1,interior
0.3950047710204919,0.20215057746649687,1,interior
0.8256169710705238,0.12124758666841297,1,interior
0.3784491971066001,0.2404912118756811,1,interior
0.3775434629596754,0.24604140070400893,1,interior
0.39346805404753277,0.21297971032518814,1,interior
0.4570357461553443,0.10465978361302569,1,interior
0.37331167207249716,0.27806038500639196,1,interior
0.8804369513283077,0.16757130260128245,1,interior
0.7307962375608511,0.04789073030735251,1,interior
0.844328926919544,0.12162803563604795,1,interior
0.9016547235633483,0.27048198715952193,1,interior
0.3769713536318365,0.25191474643766854,1,interior
0.8917629858002113,0.1895843555272621,1,interior
0.8989089064313203,0.2991167538216275,1,interior
0.3718159513913973,0.2643523748361626,1,interior
0.37954814795246905,0.2849392686506501,1,interior
0.7854071010447287,0.07981474459967808,1,interior
0.393444278500122,0.19062745712472415,1,interior
0.8791241091426019,0.36966582485069305,1,interior
0.4269341260904833,0.1297353822543218,1,interior
0.7316325853366983,0.046291611847176777,1,interior
0.815969955175958,0.10428476299957765,1,interior
0.8152415982745265,0.11240187511250804,1,interior
0.460177895248358,0.10743810771162861,1,interior
0.9001069335777665,0.29620768703624695,1,interior
0.8356290041680812,0.1195023732349286,1,interior
0.45356505973636024,0.10046950930531144,1,interior
0.9016365576393433,0.24572079690910423,1,interior
0.7502331407093115,0.06206357264809362,1,interior
0.9012532412211994,0.31218407779354396,1,interior
0.8918240149380015,0.3324503088673569,1,interior
0.8697594946562446,0.3794727238688064,1,interior
0.46991664342430955,0.09693945439209926,1,interior
0.38450660959993144,0.2101836259882434,1,interior
0.3887557187268359,0.19435921819704255,1,interior
0.38828848435394664,0.30024534449744444,1,interior
0.8779518138846475,0.17517653227302532,1,interior
0.3942256128643833,0.171750229336921,1,interior
0.794463024926876,0.0915548569723904,1,interior
0.3775237724939543,0.2880192988661165,1,interior
0.8185015283249859,0.10535816197546959,1,interior
0.901392106136112,0.29486879387369563,1,interior
0.8361113779140998,0.12535365116589176,1,interior
0.4334821222892101,0.12065306401493338,1,interior
0.7831324321106402,0.0786927212325265,1,interior
0.3827973963561904,0.22373375141232227,1,interior
0.743720369655509,0.051426081838183924,1,interior
0.44971551398185705,0.1030778947351569,1,interior
0.3922555634283305,0.1807023029446193,1,interior
0.8983772827891746,0.23768391385687157,1,interior
0.38311271130461666,0.2221086516602383,1,interior
0.8504102732326845,0.13563172234256807,1,interior
0.8957933073646954,0.24885010264342658,1,interior
0.8452563786905481,0.11994015147473887,1,interior
0.8681352749667396,0.15282145412728662,1,interior
0.4213421800450153,0.1559467184617456,1,interior
0.9010642698143104,0.2878317066237617,1,interior
0.3708245102745315,0.27115414851246045,1,interior
0.8985928239493124,0.30185421688132413,1,interior
0.8975315468819416,0.28341587819152025,1,interior
0.8933448196178261,0.3377121032924231,1,interior
0.8887022362407923,0.18822112545016706,1,interior
0.8486636163731547,0.13380558170859572,1,interior
0.3819764853139037,0.21458148559922963,1,interior
0.3995376740350145,0.17374918771183562,1,interior
0.4681185048891908,0.09699000385973255,1,interior
0.3945307344429908,0.188681545489338,1,interior
0.8437345169510335,0.1235783318161376,1,interior
0.734168020003265,0.045372299014122375,1,interior
0.7689035681350761,0.06486266855173728,1,interior
0.4123637501539801,0.15902021240685993,1,interior
0.8869443402844075,0.35941455553595864,1,interior
0.38136226944779616,0.28966290246358967,1,interior
0.8635505929374252,0.14894404259882996,1,interior
0.9019278254125481,0.2641018118265929,1,interior
0.8723454511245742,0.371580591741251,1,interior
0.901274999623866,0.29108934960033117,1,interior
0.8448611158382586,0.13092655021720667,1,interior
0.8897384408714323,0.21072261241415424,1,interior
0.42441979162847754,0.13180847357228542,1,interior
0.8941554298113868,0.2970059274785743,1,interior
0.38341606673290013,0.22746013439446974,1,interior
0.8806554910678993,0.1790574397424153,1,interior
0.8939044987265019,0.2306582258511864,1,interior
0.4556720878901224,0.1033716414272123,1,interior
0.40290145520338455,0.167320552406396,1,interior
0.8771994761804729,0.17146286865554072,1,interior
0.8696159604204796,0.3810939668133351,1,interior
0.38729652276578685,0.2163270412828112,1,interior
0.8879338852821449,0.36105904917779214,1,interior
0.903147132919864,0.25911839356828836,1,interior
0.4177058258662358,0.1498893573157547,1,interior
0.3949650826430555,0.174057837065408,1,interior
0.37641521556165675,0.29037192346625706,1,interior
0.8908533483638691,0.20394307141594303,1,interior
0.8821564947168754,0.18240591467377168,1,interior
0.8956077782796954,0.23230688147941003,1,interior
0.46413443037591523,0.09832533521041313,1,interior
0.8765158378695787,0.3743825896330659,1,interior
0.44019455367739857,0.11176078632584262,1,interior
0.41949431057185343,0.12904660334807083,1,interior
0.8981736655617055,0.2742774380974252,1,interior
0.8701293632472668,0.37222785506616135,1,interior
0.3774284680995386,0.28557485127254734,1,interior
0.8722903126880498,0.15886041315677643,1,interior
0.7668990686200546,0.06493672035997042,1,interior
0.45905976660024767,0.10447857710424503,1,interior
0.3913504136392143,0.1860578092293029,1,interior
0.9014028614939686,0.30538007148031493,1,interior
0.8779152464440447,0.16488850718410317,1,interior
0.8791771139718176,0.3713278419875507,1,interior
0.8078234180355571,0.09566812546036745,1,interior
0.8473213220027632,0.13497348418421065,1,interior
0.8452500790522538,0.1279394946044358,1,interior
0.8939045602399078,0.33297790479649203,1,interior
0.39337225299622036,0.20969862258362132,1,interior
0.43173659440800644,0.12093135062542225,1,interior
0.8565203100984928,0.1406698800494201,1,interior
0.8110728048869952,0.10479931412435545,1,interior
0.3973508849538981,0.16841209162735027,1,interior
0.8939001438605959,0.3425928639385006,1,interior
0.39501133812129563,0.20811901701474037,1,interior
0.3746091051028725,0.28127147819039844,1,interior
0.8848889507278693,0.36617909445264885,1,interior
0.7951895449815722,0.09292151237558666,1,interior
0.3859865368684729,0.20965173472346893,1,interior
0.44934439109621643,0.1013171326736508,1,interior
0.37670744642932924,0.24058483963609426,1,interior
0.43646449285337696,0.12061207552710798,1,interior
0.37254637906249494,0.2674744764592488,1,interior
0.8699600646910719,0.37664862794481546,1,interior
0.3756606620580208,0.28350176100222185,1,interior
0.4024352046161172,0.16553795856949038,1,interior
0.8988997516750766,0.27594451465851216,1,interior
0.37510572509142726,0.2893336608391801,1,interior
0.9027369062990304,0.29050059879092444,1,interior
0.4549714159937911,0.10113832731266115,1,interior
0.8150823510219553,0.10807575877950112,1,interior
0.4274528218127046,0.1390125314975476,1,interior
0.7674392049652637,0.06351689261684593,1,interior
0.8997083246827559,0.27253506273159933,1,interior
0.8283964270344387,0.12077173272417227,1,interior
0.891390431421611,0.26120682214802093,1,interior
0.7831334365457272,0.07676792206570539,1,interior
0.38302957516479713,0.23838573652507253,1,interior
0.8620612271812498,0.14840332591788769,1,interior
0.4527369831168223,0.11880549707650387,1,interior
0.8879853897872827,0.3628906521215489,1,interior
0.8980462798550618,0.23012500056251922,1,interior
0.7754318792975117,0.06396016188194556,1,interior
0.37780699051664984,0.29566275272250075,1,interior
0.8895126909239153,0.347327425395313,1,interior
0.7909651637692736,0.08529558222422065,1,interior
0.8776505430325902,0.15905468940459178,1,interior
0.9018939926179546,0.31356621230732873,1,interior
0.8985701606336004,0.1954424962884853,1,interior
0.7714493596771433,0.06566323216084254,1,interior
0.8094011682540987,0.10304471805056255,1,interior
0.789853231595698,0.0837138180773139,1,interior
0.3709819812119689,0.25885441514431295,1,interior
0.8029374949954611,0.09579107977850287,1,interior
0.8971307396599058,0.23623727742830578,1,interior
0.8919580561482292,0.2010012262633256,1,interior
0.7384700930723191,0.04461537490493678,1,interior
0.7317930968376082,0.04408345027986271,1,interior
0.45165526099382647,0.0984244771393131,1,interior
0.4176440698230804,0.14782517149992547,1,interior
0.8940604909317098,0.33475780213201056,1,interior
0.4629075308044158,0.10340536007552283,1,interior
0.7739178331435451,0.06560966807218252,1,interior
0.8996258855028065,0.24889406256138424,1,interior
0.8947405166152815,0.3173578260407435,1,interior
0.396345200485532,0.17517547223849858,1,interior
0.8813406937797575,0.16966821730167678,1,interior
0.8080560873741002,0.10161172337152655,1,interior
0.42549041266686244,0.13411270372346823,1,interior
0.7652671927650777,0.0656620521508747,1,interior
0.8906877766640403,0.18666728754511655,1,interior
0.37843235601645125,0.24796155691555796,1,interior
0.37664967000072563,0.2940840439527551,1,interior
0.7352627038794849,0.043667787650351904,1,interior
0.894908490494128,0.1909820851985014,1,interior
0.3741951095712343,0.2515274318959914,1,interior
0.7175903757156512,0.04816346290181851,1,interior
0.4364176342184569,0.11850833127796416,1,interior
0.8965449682883339,0.19617068295853407,1,interior
0.3891966991531433,0.18834429126346533,1,interior
0.8668497468393996,0.1515980729648893,1,interior
0.3841535235895837,0.216059905122139,1,interior
0.8590382653379773,0.1465461972519143,1,interior
0.7825096030874631,0.06622881933211694,1,interior
0.4001120648980447,0.16615894632760053,1,interior
0.9000681392353037,0.2285231373999371,1,interior
0.89286921345052,0.32764536291715646,1,interior
0.8401809568648819,0.11670299807630231,1,interior
0.7387193699672286,0.0463793057248968,1,interior
0.8772407528026379,0.3723564339492996,1,interior
0.8930747258372954,0.32581906230358215,1,interior
0.765023903560435,0.06303705880763127,1,interior
0.40118588740014144,0.16772709537723118,1,interior
0.37697323350988304,0.3037371423936718,1,boundary
0.8736353343264174,0.3699749464148509,1,interior
0.7265823434394195,0.04505471917363787,1,interior
0.4227598030052787,0.1339482846200944,1,interior
0.37815663782591535,0.3001060100239789,1,interior
0.8818531883393682,0.3702936888017809,1,interior
0.8403327180519248,0.1233485867826657,1,interior
0.8973674725212766,0.19888791986430226,1,interior
0.7855870398227859,0.0769819358923266,1,interior
0.8762499890261691,0.3597898272069163,1,interior
0.8609279563490788,0.14695449390149543,1,interior
0.8925771245281758,0.222328437260806,1,interior
0.3816848379401729,0.22866201005086004,1,interior
0.8060187643523927,0.09643064197192928,1,interior
0.3707191294088257,0.2674553126511186,1,interior
0.716643572719464,0.04977626114512866,1,interior
0.7981619216741107,0.09253072912413703,1,interior
0.38120511958026,0.22046917580756478,1,interior
0.3689979384193026,0.27451824049985285,1,interior
0.4215193369070312,0.14125050980337545,1,interior
0.4673384999163667,0.09389573414692746,1,interior
0.4454102306304597,0.10663016598270662,1,interior
0.4226121085687226,0.1365540451015247,1,interior
0.8219541978021269,0.1154207820915371,1,interior
0.8805952574315815,0.17500185512607777,1,interior
0.8217205214680651,0.11326641961276093,1,interior
0.8880218613536717,0.21426962716496675,1,interior
0.4176906064385252,0.15288582485296176,1,interior
0.8394013222007184,0.11920326006978242,1,interior
0.8860519884337825,0.20270404331450995,1,interior
0.8854740647104398,0.18570699378776323,1,interior
0.4270346838906729,0.13213175798924456,1,interior
0.7626548474834587,0.06525626718674944,1,interior
0.9009709114186306,0.3019481952003273,1,interior
0.3730255742055018,0.28244268370071185,1,interior
0.7291994115585853,0.0476947739017801,1,interior
0.7840727399193881,0.07529328577184025,1,interior
0.7207343985894491,0.045935781598411225,1,interior
0.37076732711767535,0.25390544149939387,1,interior
0.7412406174166961,0.046445666977679885,1,interior
0.46437957180585726,0.09504002475921537,1,interior
0.8708608586070544,0.37815515205192796,1,interior
0.7870775305528662,0.07614407352011304,1,interior
0.7335221828446228,0.04259140068586257,1,boundary
0.38112172437767683,0.22718053125746304,1,interior
0.8987428244377343,0.241925107521473,1,interior
0.7483440525311289,0.05834005116649881,1,interior
0.8919720188682908,0.3232483874722299,1,interior
0.3757042658120869,0.25101613180416255,1,interior
0.3805910464090215,0.23367549138049318,1,interior
0.7387415362970577,0.042115781113097675,1,boundary
0.3878205713833149,0.19081020000175122,1,interior
0.819040502172522,0.1093243410180234,1,interior
0.8966531270646818,0.23079120074620718,1,interior
0.8872195533965282,0.35274903978758326,1,interior
0.7565989339464687,0.06566753874599762,1,interior
0.7408039337055112,0.04801667769978396,1,interior
0.9027882179010431,0.29211592088890886,1,interior
0.8940814924464003,0.32417958349425474,1,interior
0.9013354702112197,0.29873823358466156,1,interior
0.7299503588303394,0.045972956162735265,1,interior
0.45695883712647783,0.10091626347892374,1,interior
0.4158055796207389,0.15129190812374932,1,interior
0.8897460143574674,0.21412950660771946,1,interior
0.3768683819503056,0.2815007991943515,1,interior
0.7705230065268347,0.06379640111086661,1,interior
0.8904796462769635,0.22065255982571302,1,interior
0.7698719900900107,0.06618413947430621,1,interior
0.40984472555144386,0.16167432464133497,1,interior
0.8574865390757269,0.14971970040370694,1,interior
0.378382938944488,0.2420562906830384,1,interior
0.7455818578724006,0.05888573642861233,1,interior
0.7576857601621189,0.06996816929759125,1,interior
0.4005932974269069,0.17060264400314298,1,interior
0.7410903180068182,0.04299749883706374,1,interior
0.7883531366699428,0.07979173032298048,1,interior
0.3713058844786333,0.2787581435858902,1,interior
0.8646516587479807,0.1467129345920727,1,interior
0.8841683763898948,0.3632763602700437,1,interior
0.4641755966701286,0.10055227843127608,1,interior
0.44851417924690606,0.10581522062031468,1,interior
0.39496664444597485,0.17017039626951236,1,interior
0.8885386209679937,0.20440454548834286,1,interior
0.7886529076062723,0.08210604406349187,1,interior
0.4200230953984423,0.12672160603727117,1,interior
0.3884720743685736,0.18138118645102172,1,interior
0.9012831368347417,0.24274422415484756,1,interior
0.4272756891214754,0.12036573973792104,1,interior
0.7369568458917354,0.043633535084354885,1,interior
0.4219350700492585,0.1324771170164771,1,interior
0.7831306248210271,0.06978289992080178,1,interior
0.7401923753076326,0.057654609729629915,1,interior
0.8007756251545307,0.09213299496947853,1,interior
0.8677596151175007,0.15597158908586636,1,interior
0.8701990707802607,0.38256909451402676,1,interior
0.36745832536992795,0.2696515765443724,1,interior
0.39743064853285737,0.16571438744599265,1,interior
0.8825772187773985,0.17670218717686412,1,interior
0.8470693582718473,0.1326314854176728,1,interior
0.3708668721670456,0.26114192163318634,1,interior
0.8733298393655952,0.3766086677814581,1,interior
0.8683716011526329,0.15004873889673176,1,interior
0.8946865653212519,0.22434582870602007,1,interior
0.896598175782726,0.22598623847704086,1,interior
0.37607362814909256,0.2973770041947552,1,interior
0.41394755650301107,0.14951207079652246,1,interior
0.9010055293088085,0.2482297866293914,1,interior
0.4270419988654073,0.13398530186081403,1,interior
0.42665424959468545,0.15521402082277802,1,interior
0.8936963051869717,0.18993906329785248,1,interior
0.8335138925148201,0.11809378441570319,1,interior
0.38218296968729665,0.2191606075077201,1,interior
0.39126358595876165,0.1779227743173582,1,interior
0.8384161579363486,0.1165959800413106,1,interior
0.37857718867730544,0.23368815466907106,1,interior
0.7111661562631026,0.05124249949128596,1,interior
0.8467679268010264,0.12102061027004413,1,interior
0.8956052815718201,0.34057989136337563,1,interior
0.9047389482823526,0.29183282024042445,1,interior
0.4658004528755209,0.10366762707927162,1,interior
0.8891515863353632,0.2122048066386781,1,interior
0.8904348256558358,0.20906833735873745,1,interior
0.3685857171758277,0.2574481596663954,1,interior
0.8961273001983435,0.3152680386491807,1,interior
0.7731937390640962,0.06413192496880235,1,interior
0.7476882115609375,0.061223442267143255,1,interior
0.45803883320528865,0.1076219465119191,1,interior
0.8167335080177702,0.10951685768407941,1,interior
0.7396503405915557,0.049696074165823084,1,interior
0.43025733456148696,0.12216439010747436,1,interior
0.4613756845707574,0.10636638439260485,1,interior
0.8931060806547798,0.31759593235674594,1,interior
0.3685083862690899,0.2730559642835656,1,interior
0.9004396243985082,0.19651881102867305,1,interior
0.37851098250938614,0.2826845511240944,1,interior
0.41693698886022906,0.1578483684968069,1,interior
0.8226998480740056,0.1114300372358118,1,interior
0.41003036579754937,0.16737690806018715,1,interior
0.720807015990947,0.04382694835020861,1,boundary
0.7427775725929281,0.04863494343478876,1,interior
0.730799093661634,0.04275618572420735,1,boundary
0.8826868844616216,0.17849366831088978,1,interior
0.41970648771563945,0.13169139897762636,1,interior
0.3895628577621774,0.17942139605374088,1,interior
0.7284932964943138,0.04470357630768139,1,interior
0.37049404646624395,0.2833480009703215,1,interior
0.8808971168616714,0.1719100369206693,1,interior
0.8632031805194365,0.1452254999289709,1,interior
0.8831709564057904,0.16889666979768253,1,interior
0.903451639245076,0.24139136160215002,1,interior
0.7470056330994364,0.05466222929158138,1,interior
0.780879794915839,0.06568668133247484,1,interior
0.850208209232724,0.1312083864023553,1,interior
0.37129618424869576,0.25657011713445743,1,interior
0.3899075976748509,0.19904621957762164,1,interior
0.8993677839128256,0.2815452263090314,1,interior
0.45750351968873265,0.1023453084263469,1,interior
0.37124403964276603,0.26596735148047695,1,interior
0.8969695939282065,0.30185000795601763,1,interior
0.8827105123504289,0.22260090032509502,1,interior
0.8760183921193266,0.15939702387419058,1,interior
0.8994464018664307,0.31316636475614806,1,interior
0.8265294960041163,0.11995115999766663,1,interior
0.8904107574423344,0.20102216215227545,1,interior
0.9002863456854184,0.22549609794584757,1,interior
0.8046734662150817,0.09547505994207844,1,interior
0.8720889642503714,0.15690881980773985,1,interior
0.8926614099885389,0.3311300994543933,1,interior
0.8941791811164207,0.19934243927104206,1,interior
0.42139042070071087,0.1253720105396373,1,interior
0.8717370662538907,0.38092433638052603,1,interior
0.9010039663792669,0.2734895988457028,1,interior
0.7156236719110662,0.047901071040330465,1,interior
0.8923205262999213,0.20273742380333667,1,interior
0.4651793926683486,0.08902057386365425,1,interior
0.8718320606557076,0.38255377898403276,1,interior
0.38128661033880723,0.2233626527382304,1,interior
0.37835603916983707,0.2807630363987297,1,interior
0.37695440390824364,0.2790165850687334,1,interior
0.3800800629450837,0.2828183302041191,1,interior
0.3760314339042447,0.24653530206781754,1,interior
0.7199599084383114,0.047592601253913173,1,interior
0.39548105446253434,0.16607827320174487,1,interior
0.7950423054636795,0.0866517562962605,1,interior
0.8605973411469466,0.14461373684543855,1,interior
0.8919226215871169,0.1912658884787508,1,interior
0.37633525981872323,0.2924877260332677,1,interior
0.9039747106170131,0.26893657145218686,1,interior
0.8956320764612133,0.3389424948409233,1,interior
0.8640177463900475,0.14337947043078203,1,interior
0.7306020936769764,0.06244604980026017,1,interior
0.4591172315173169,0.1028021122135075,1,interior
0.8937069300697927,0.31238495578294806,1,interior
0.39862000692993693,0.1647695616405266,1,interior
0.8697293796976604,0.15210593961027422,1,interior
0.3873063106460022,0.19539130358181744,1,interior
0.896527488098614,0.318952937752867,1,interior
0.45018887165272775,0.10466721794046523,1,interior
0.8998442084105602,0.2685319478223743,1,interior
0.41559963475506007,0.14938471914257026,1,interior
0.7794661466336821,0.06648416674700164,1,interior
0.7861599812873198,0.07412661324397557,1,interior
0.8826009197029776,0.16697342207361968,1,interior
0.88220109125175,0.17394502862023842,1,interior
0.3791135717038014,0.23542380465747867,1,interior
0.726861946238552,0.04304469344083932,1,boundary
0.8828054934380861,0.18528954997476885,1,interior
0.7400348728658912,0.04424701004025956,1,interior
0.891774749068526,0.21001813846791137,1,interior
0.39002585112681504,0.2101520920493144,1,interior
0.4237946431447269,0.12517210222006864,1,interior
0.824255291392071,0.11204188899112483,1,interior
0.8868657496921044,0.21837571011602852,1,interior
0.8908741153241514,0.21243008212041498,1,interior
0.8179003846180454,0.1105948619230692,1,interior
0.38110897409995775,0.21645734267306843,1,interior
0.900441255926256,0.19345837402487312,1,interior
0.8818162154924835,0.18014983503747814,1,interior
0.751889123404295,0.059610325540956875,1,interior
0.8851928792192889,0.22455981586772755,1,interior
0.8734957827789626,0.37432056505787104,1,interior
0.902743840060003,0.3037194929600704,1,interior
0.8844860696725249,0.1751889079443407,1,interior
0.8982861743120908,0.27093830051607865,1,interior
0.44326104536213407,0.10847322768098289,1,interior
0.42307005169475753,0.1277463958885474,1,interior
0.37668711965341634,0.2428511898850708,1,interior
0.8973677984195391,0.23306388614403745,1,interior
0.38962541108761595,0.17713087347615544,1,interior
0.7670362856690557,0.07269085142382625,1,interior
0.7830596781487694,0.06820536519645737,1,interior
0.8887850450381864,0.36524741377532055,1,interior
0.3745844384145178,0.24522635514845692,1,interior
0.7976868111144291,0.08970796095595664,1,interior
0.38073584367420327,0.22497495444698448,1,interior
0.3778759907449246,0.29127206591681093,1,interior
0.37827214364945494,0.2938229389939768,1,interior
0.3770672307944851,0.24439413053869946,1,interior
0.819402822277952,0.11582737393600322,1,interior
0.7846842537966077,0.07308017058662133,1,interior
0.8836583360613397,0.17229862835148696,1,interior
0.8873134316774522,0.18890736712452355,1,interior
0.4466140212511665,0.10501677260891955,1,interior
0.3900434691541056,0.22770991291080964,1,interior
0.819875458662828,0.10707654597442982,1,interior
0.7749189671477104,0.062100153229786084,1,interior
0.9045042845134905,0.2894016359253178,1,interior
0.3718763499370919,0.28029003728123886,1,interior
0.9032375326385683,0.3058091002376482,1,interior
0.7876013846288281,0.07170369975533501,1,interior
0.9019119435747959,0.30878107479696515,1,interior
0.7504228543256719,0.05848262032801445,1,interior
0.8976005443271236,0.19205707968137253,1,interior
0.7135010507220123,0.050391955499257374,1,interior
0.8091563842378673,0.09826079559376705,1,interior
0.7611253429100935,0.06350568887424271,1,interior
0.8507109039288508,0.1336291220775551,1,interior
0.8842810321707667,0.18459886614781879,1,interior
0.39184364696821167,0.20073490162418303,1,interior
0.8837231966754436,0.17036589657872211,1,interior
0.8949644557725023,0.2013074622008183,1,interior
0.8952835635718044,0.33669108393830355,1,interior
0.37948789031834324,0.2879179865990971,1,interior
0.7852562511718698,0.06994250808650197,1,interior
0.3662715840231871,0.2728797931138913,1,interior
0.8376978285175309,0.12101669794016173,1,interior
0.8858174480441904,0.17115658028032285,1,interior
0.3754339603343311,0.2858463569005387,1,interior
0.7774203591806093,0.06214749532279215,1,interior
0.8438898864204417,0.11881124643848617,1,interior
0.7315462134950916,0.049271112604115055,1,interior
0.8821984978473256,0.17097314795057678,1,interior
0.8266799961263575,0.11219872716569895,1,interior
0.44314599301587965,0.11194430418244233,1,interior
0.9044787222013719,0.265397892375074,1,interior
0.885195091874422,0.3490430319104729,1,interior
0.7472701377701787,0.0596174939622231,1,interior
0.8874940431903889,0.2003330390431762,1,interior
0.7966399051114924,0.08707092186317689,1,interior
0.8530399082373014,0.13121771879350694,1,interior
0.3710742712218177,0.2628943246412908,1,interior
0.36970625810970775,0.2562922898326587,1,interior
0.41099009993089564,0.1598569780612094,1,interior
0.8949765068895259,0.32563928924158464,1,interior
0.7817762665976488,0.07242971780245186,1,interior
0.4150976200215423,0.14788847107247974,1,interior
0.4191223919723443,0.15387968448999434,1,interior
0.4137566948024673,0.15768889429189817,1,interior
0.8142276241332653,0.1159494492581282,1,interior
0.8912207301802716,0.21838569000167812,1,interior
0.41716485188560537,0.12658838566409067,1,interior
0.7859119392445736,0.07190911694499733,1,interior
0.9060233659683476,0.30653597759872336,1,interior
0.8121946096502854,0.10314152068425421,1,interior
0.7890705270273096,0.0740564443169707,1,interior
0.9004750449529239,0.24680130210544907,1,interior
0.41917151639651234,0.1394884592001101,1,interior
0.3910969569070169,0.20314501614765218,1,interior
0.4661803129353342,0.0926513532100205,1,interior
0.7604833782127911,0.06804741826898915,1,interior
0.900918387818903,0.2807357399379653,1,interior
0.8924282227816642,0.34492010395671135,1,interior
0.8236191182708885,0.11871254259094319,1,interior
0.8920944746446346,0.34717949485905764,1,interior
0.41298310788984,0.16323326262025992,1,interior
0.7900724240065466,0.08778799151286985,1,interior
0.39275058419033265,0.20288174848559787,1,interior
0.3787110006317812,0.22908101351879878,1,interior
0.3865882294981614,0.189318323644565,1,interior
0.4122633223788827,0.14951221009558516,1,interior
0.8679479916911467,0.38351023561031317,1,boundary
0.7588482044520541,0.06666807192750746,1,interior
0.8215685541200731,0.1174153863200034,1,interior
0.8211258057634696,0.10457229403273728,1,interior
0.7997060457586301,0.09041564794000044,1,interior
0.9044063937285138,0.29445382849747886,1,interior
0.8162920564853505,0.10647539331944726,1,interior
0.7178306666136964,0.04527374695023458,1,interior
0.8981501674426476,0.19727092968082038,1,interior
0.4211784655976972,0.13432501050325021,1,interior
0.3902117133977226,0.1808255889974986,1,interior
0.8809009262828241,0.16502309647561483,1,interior
0.8996561868401761,0.22702203748614283,1,interior
0.9043239782763944,0.30326909135402697,1,interior
0.8109526667100663,0.09870078032921564,1,interior
0.8075689926643801,0.09961352843495044,1,interior
0.8472737428478037,0.12690998789912367,1,interior
0.7938721615001408,0.08333797920647434,1,interior
0.8935631832018385,0.3217180182051944,1,interior
0.8137832329215774,0.10485165625949239,1,interior
0.3933827136851842,0.1739559212230945,1,interior
0.8985303540087225,0.2350777407053475,1,interior
0.8386008067562818,0.1313967739719352,1,interior
0.38989469832923157,0.20163670186042218,1,interior
0.37514258410915513,0.2912383936197848,1,interior
0.3779574248971918,0.23642322375425223,1,interior
0.8942842467938308,0.3313802615316517,1,interior
0.7846021291984981,0.06778370262254982,1,interior
0.878615366459141,0.1603075726104854,1,interior
0.4039347452369323,0.16854197040841962,1,interior
0.8795317716335749,0.15734788801798244,1,interior
0.8854892686974427,0.16727091841642447,1,interior
0.7410651246132457,0.05071925537034776,1,interior
0.8798887429153319,0.16365446474573458,1,interior
0.4624929007521214,0.08880322613177428,1,interior
0.887430923693155,0.3662151413981839,1,interior
0.9030746866230739,0.2955031824691847,1,interior
0.4302282203525554,0.1199336553731293,1,interior
0.4259784909965568,0.12163256127425424,1,interior
0.9012573434307293,0.2928094048405327,1,interior
0.40603295854132093,0.170323833256451,1,interior
0.7726167103644306,0.0624912419719534,1,interior
0.3735295108192014,0.2926977548551997,1,interior
0.7799822875971089,0.06418732280444144,1,interior
0.845784926337057,0.12274662818599381,1,interior
0.823526612207462,0.11594860997090099,1,interior
0.4258184415581982,0.12333893491415476,1,interior
0.3747443295397255,0.293734450832484,1,interior
0.4076328157661786,0.16095227685678856,1,interior
0.8210323880701828,0.1085127538109612,1,interior
0.4655988427181793,0.09968051960975345,1,interior
0.8962474608607235,0.30050093328696154,1,interior
0.42094405866722595,0.13625274041055074,1,interior
0.8895774222026859,0.3501504479226633,1,interior
0.38861242809425417,0.20342919001582138,1,interior
0.4079733000834587,0.15944532765867125,1,interior
0.9043327300800029,0.25418815189099536,1,interior
0.9044918962480112,0.3048012901435344,1,interior
0.8258320071637624,0.11781895020599992,1,interior
0.45625820103654274,0.0981599362490719,1,interior
0.36852835348788854,0.25395764040291646,1,interior
0.37937474781030206,0.238390036165463,1,interior
0.8842272410136321,0.1795405825592675,1,interior
0.8842765156794579,0.16529241025030011,1,interior
0.8928212610531894,0.21239672635421072,1,interior
0.8094252927751395,0.10084868738806202,1,interior
0.7825614147613936,0.07513588991205,1,interior
0.7758740864027942,0.059587691451847655,1,interior
0.889011270933386,0.35942622989195516,1,interior
0.9027292316546511,0.29707516007954515,1,interior
0.7098550848236503,0.050048540135506484,1,boundary
0.37429664777171795,0.24930998191235107,1,interior
0.9014658169899223,0.28949600512620177,1,interior
0.8372335672251068,0.11876640685839539,1,interior
0.36576906470607884,0.2704115667255366,1,interior
0.3887673101206273,0.20711689893720217,1,interior
0.46475423965418755,0.09189864087097714,1,interior
0.8942841550545789,0.20351829571531613,1,interior
0.4420225524841761,0.10669600228146545,1,interior
0.9000582517990653,0.2366822891287862,1,interior
0.3709946589333118,0.27589001552349673,1,interior
0.8474894615514775,0.12423951858276587,1,interior
0.384176972098186,0.23219701872652154,1,interior
0.8875896684485054,0.1868789299570096,1,interior
0.3919363676367415,0.17349092372552813,1,interior
0.40090413776469463,0.3280028877971268,1,interior
0.8637407069332848,0.1557271334442518,1,interior
0.8923331300810894,0.19916283777969435,1,interior
0.900052646771494,0.19876958062917569,1,interior
0.9027123605213646,0.28822409968739987,1,interior
0.8825116810096141,0.16256915963475155,1,interior
0.4297318469710766,0.12451289760028224,1,interior
0.4362449313124484,0.11657176888944797,1,interior
0.3909724902989992,0.1882022530677652,1,interior
0.9005767734145458,0.23995979078773466,1,interior
0.8242686936571222,0.11400832016609483,1,interior
0.8871425372765152,0.3644681695237491,1,interior
0.36959679668784085,0.27809166713145395,1,interior
0.8702532914345953,0.3745432898808764,1,interior
0.89654046749209,0.20347770488268577,1,interior
0.43902121416261225,0.11813895823380635,1,interior
0.7907642365141349,0.08074027377372447,1,interior
0.8113953319586598,0.10174311617586256,1,interior
0.37323761264175953,0.2843947872498269,1,interior
0.888743283362278,0.18532100787549247,1,interior
0.41889605010765957,0.13751568743202505,1,interior
0.8871739229060789,0.18522670922413195,1,interior
0.9030882149673944,0.28663185781359396,1,interior
0.37518740937135736,0.24159642590384736,1,interior
0.7446748564788747,0.05575498003040108,1,interior
0.887309750248636,0.1668070531926348,1,interior
0.7192237621062282,0.046095291910385645,1,interior
0.41188072221272154,0.1479220591963215,1,interior
0.3854285863318371,0.1940168190607322,1,interior
0.7486896316143143,0.05558523142871476,1,interior
0.8745295504564417,0.1569169156063291,1,interior
0.8886140533800952,0.21880954099289182,1,interior
0.38030950347340464,0.21811165530323695,1,interior
0.41296172230824246,0.15599972785331417,1,interior
0.9004624542208733,0.3039618441774932,1,interior
0.41335347604095846,0.14721458526551473,1,interior
0.798483515449959,0.08742994917385428,1,interior
0.40028102063080045,0.16371844454510473,1,interior
0.9054509752258113,0.25880822605572207,1,interior
0.8169888629662349,0.10172875030025408,1,interior
0.4669587228743481,0.0871749259723468,1,boundary
0.7434716144479135,0.047166965224178535,1,interior
0.8279197661137773,0.1186511042634537,1,interior
0.40432106554925973,0.16570503569856507,1,interior
0.42055080759722796,0.1532952960550897,1,interior
0.904641310253062,0.255844823320264,1,interior
0.7187727549146987,0.04370065703740908,1,boundary
0.40988380143241787,0.16437254250708838,1,interior
0.8416379343760578,0.12157202063490267,1,interior
0.9019965360930191,0.2389678561824215,1,interior
0.8833260265103341,0.36860275437819984,1,interior
0.9007177771376086,0.2848780537059242,1,interior
0.776242305318824,0.05792584735562794,1,interior
0.734372238293387,0.05087702611498567,1,interior
0.3884052625295309,0.19861450424717575,1,interior
0.8265228870114414,0.11004438404302953,1,interior
0.7643148471582094,0.0668690635343515,1,interior
0.46452169686577816,0.09343416546615894,1,interior
0.8955298388542441,0.33434832941749737,1,interior
0.756169741146393,0.06391593551476954,1,interior
0.8968811152097164,0.19047897320241677,1,interior
0.8889953946050224,0.35189345551491064,1,interior
0.7660561285513641,0.061540636833191366,1,interior
0.8927448260265443,0.20520938067681715,1,interior
0.870551156787109,0.15511393839341553,1,interior
0.9040099040882642,0.24675253016153714,1,interior
0.7892191160380461,0.07605352971238823,1,interior
0.4507567482432116,0.10074360873848015,1,interior
0.8941886421869344,0.344348431205602,1,interior
0.418037201668417,0.13108353818659826,1,interior
0.8992890425357527,0.19159534495020317,1,interior
0.8906441266959865,0.21587937151229736,1,interior
0.837161912384152,0.12270202614521433,1,interior
0.8472972341050331,0.1183134662993072,1,interior
0.37343270827196523,0.2590606655438597,1,interior
0.4337049522009668,0.1184044250982123,1,interior
0.9048654078058008,0.2618729301347674,1,interior
0.4142934241485237,0.14548587329858895,1,interior
0.3741950095275638,0.29549955725125326,1,interior
0.8955505103005331,0.32745401566878274,1,interior
0.3750310734931476,0.24324922926270984,1,interior
0.8237402816801161,0.1096148174054394,1,interior
0.3796584240590544,0.21574471371940296,1,interior
0.8907776776236835,0.18832772378352153,1,interior
0.7162044209907884,0.044240690736285504,1,boundary
0.4173703923683412,0.1335564565624379,1,interior
0.7514807074743063,0.05657965596336917,1,interior
0.8977057673322523,0.2776533619886585,1,interior
0.7158221348968914,0.046232401389982775,1,interior
0.3904506516162979,0.174119197139899,1,interior
0.7450728908541916,0.05390977036370661,1,interior
0.8871782156512721,0.3575170264156448,1,interior
0.7923356971967745,0.0832442404205702,1,interior
0.3889277966493526,0.2055905742560296,1,interior
0.3674734451376571,0.255539996893705,1,interior
0.7292057129140981,0.04265915472023156,1,boundary
0.9056994112602691,0.24065664070088008,1,interior
0.7427085387529833,0.04439499110879195,1,interior
0.42231637553315204,0.13887892485422704,1,interior
0.9030966435102894,0.3004669776048262,1,interior
0.786555899748569,0.07823925271201436,1,interior
0.3690706041851743,0.26454151212119037,1,interior
0.9064988010876448,0.30462835158282975,1,interior
0.4195191103020844,0.15568822235832241,1,interior
0.8768571291103212,0.1556543079646215,1,interior
0.8027111027640285,0.09328334457586292,1,interior
0.8982475599412738,0.22536266653862275,1,interior
0.4079082587091824,0.1665946314643972,1,interior
0.3735717655779907,0.29857381940022676,1,interior
0.4232032062877351,0.1235334760510543,1,interior
0.8282174975929181,0.11143947635460753,1,interior
0.4589611633549754,0.11881979777984478,1,interior
0.7369740956664491,0.06256248983101499,1,interior
0.9029209246531948,0.3105475391680245,1,interior
0.8565171138150277,0.1443650167661012,1,interior
0.8800043243872778,0.1594705112781827,1,interior
0.8827919379759704,0.15847209646589094,1,interior
0.7947562817422601,0.0846560490564925,1,interior
0.855951072021528,0.1305059149056789,1,interior
0.4104384245459623,0.15722944023268287,1,interior
0.7539567769522303,0.05777347948752385,1,interior
0.7448959982041595,0.04623442840908371,1,interior
0.41174384175967554,0.14542644175349928,1,interior
0.8465989031074138,0.12878786912303522,1,interior
0.4126066531572396,0.15198696971927605,1,interior
0.8882330237896192,0.1835524937155813,1,interior
0.8176726831467749,0.1071838279215122,1,interior
0.8946364633552736,0.2984503552348192,1,interior
0.3668670239948183,0.2583400646542346,1,interior
0.4040205490380344,0.164027820396777,1,interior
0.8974281005609597,0.24332230743154606,1,interior
0.8076691367823421,0.09412020801145378,1,interior
0.8973442589335814,0.3334981420373903,1,interior
0.8885315756823938,0.3552312715100469,1,interior
0.3883579810087467,0.18289867102990137,1,interior
0.8736856314751328,0.38385283996177444,1,boundary
0.46378741092093223,0.10204544902097015,1,interior
0.3738963391034976,0.28833793375984856,1,interior
0.41527651515019104,0.1555521209509935,1,interior
0.8210232963938635,0.10220991824002189,1,interior
0.8888408903841848,0.36753867342989915,1,interior
0.406861862100779,0.165451744150537,1,interior
0.8977561935144579,0.31515845756292304,1,interior
0.7901214970554735,0.0724477590413335,1,interior
0.3713136888133574,0.25071575334834456,1,interior
0.8856277683031057,0.18268171366042008,1,interior
0.388126033244023,0.18466992186347697,1,interior
0.885542609500986,0.16882322352021786,1,interior
0.36913133636223283,0.2671355145566457,1,interior
0.44313040605809234,0.10542833844351547,1,interior
0.9021779863621968,0.22442600045182567,1,interior
0.8896617303784554,0.2056602083622768,1,interior
0.4252113058424584,0.11884877118534623,1,interior
0.369791393701348,0.280030373008822,1,interior
0.4170953616784474,0.15474757493462213,1,interior
0.7695898783901158,0.060978068212203196,1,interior
0.37261432738663186,0.2429542632182352,1,interior
0.8935442828639013,0.34615953081601053,1,interior
0.895684401402934,0.1998417101494304,1,interior
0.8587501753752877,0.14419189007156955,1,interior
0.3866625736460885,0.18404144897792282,1,interior
0.7912184236182945,0.06999046251390018,1,interior
0.38506688979926623,0.18482534836188125,1,interior
0.9002311312401294,0.28305014669700485,1,interior
0.7839492251952906,0.07113360880406175,1,interior
0.3864292870330262,0.20708168646731184,1,interior
0.39614257945049935,0.16396590707175826,1,interior
0.7644274361789646,0.06138910762094337,1,interior
0.9037958049397787,0.3090822278954607,1,interior
0.37619735663637127,0.2871944340277457,1,interior
0.46498864807532586,0.08724880959521707,1,interior
0.8843109534880726,0.18142283182295119,1,interior
0.8871020470522993,0.3683400944847661,1,interior
0.3690589455581651,0.27655457495272645,1,interior
0.4229549865867632,0.13119063349525367,1,interior
0.3655524830550371,0.26751446293044245,1,interior
0.8712176408122861,0.38395337924418493,1,boundary
0.8483072964980697,0.12872956322302037,1,interior
0.4138323124333607,0.15402384407144495,1,interior
0.8999538728155814,0.23225968659976817,1,interior
0.7402313401371065,0.041558641178904995,1,boundary
0.45828156200072134,0.09978899877945537,1,interior
0.8554987441465405,0.13772285925688216,1,interior
0.4181917182839377,0.15692030510293,1,interior
0.9019394408805068,0.24975417667296348,1,interior
0.7424332879349497,0.0419499863887983,1,boundary
0.4208649488691759,0.13805557171470023,1,interior
0.9045071376625521,0.3068008330522872,1,interior
0.4482013563645944,0.10283669379767246,1,interior
0.9023514420741937,0.27271292451311924,1,interior
0.7634805355461101,0.06389786262628211,1,interior
0.8931660675331077,0.21964813078301967,1,interior
0.4208506952371562,0.1397507729413218,1,interior
0.8873565092822033,0.3698684346035958,1,interior
0.3917411006789287,0.1711467129321945,1,interior
0.8954487447068799,0.34640378398315713,1,interior
0.40850737133655796,0.1634292015061754,1,interior
0.4141958395131179,0.14350120389486043,1,interior
0.8293127805508238,0.11678209580726617,1,interior
0.38832518113039616,0.20105071532575405,1,interior
0.36966817537335245,0.25158647425367336,1,interior
0.38646842888231087,0.19723841959927824,1,interior
0.792771469149399,0.0806036568377562,1,interior
0.8933475821077119,0.32956874726439417,1,interior
0.371971710012028,0.24757456080741366,1,interior
0.37249847918774687,0.24975446875484925,1,interior
0.8937080108791257,0.2065182122650176,1,interior
0.38297413971182864,0.21043328795487024,1,interior
0.8265571012876415,0.1158238018658185,1,interior
0.4158153942117815,0.13219442112043028,1,interior
0.8852301509837323,0.21887218449097784,1,interior
0.9057511291343473,0.3027339186843609,1,interior
0.7742414186022871,0.06017482805958285,1,interior
0.8055441002673475,0.09328520871161915,1,interior
0.4476244343667966,0.10100197709358592,1,interior
0.9008597321187115,0.19504957042289045,1,interior
0.4586916386437789,0.09739436753350167,1,interior
0.8464708857950097,0.13080586539952344,1,interior
0.3717043257633315,0.3001909090599779,1,interior
0.7890414277932681,0.07107302643990125,1,interior
0.38513080186696796,0.19162901874848892,1,interior
0.8957524714555735,0.3449157854744293,1,interior
0.7133108156283949,0.046860115051163276,1,boundary
0.7462767680462611,0.047940464610107515,1,interior
0.836845276411361,0.11676061266703101,1,interior
0.895831240446881,0.3427738567610642,1,interior
0.41934518763819095,0.13387850870674398,1,interior
0.4610236262167648,0.10250188102346634,1,interior
0.4627068406769683,0.09096165030305078,1,interior
0.8980385395439087,0.2022241459887225,1,interior
0.827244459018444,0.10748184602123574,1,interior
0.8940835080790552,0.3486920130188595,1,interior
0.3828100301929959,0.21678581377326617,1,interior
0.7812612888750341,0.06305282683503644,1,interior
0.43912057988181113,0.10860862813524444,1,interior
0.4545391445266401,0.09721142283227055,1,interior
0.7871312632390806,0.06838561963888047,1,interior
0.422372511011255,0.14938284986928105,1,interior
0.7146740460452048,0.045108805640269485,1,boundary
0.8429779981036782,0.11690790867249802,1,interior
0.4594522944694885,0.10110053690593339,1,interior
0.8024917472213017,0.09132734573010515,1,interior
0.8481466736937765,0.12265538277002597,1,interior
0.41740945728873763,0.14619446979192804,1,interior
0.8663039993053595,0.14780036515865932,1,interior
0.9016167276440894,0.2778407754588251,1,interior
0.4178515954264918,0.13545980860996792,1,interior
0.7522499520478767,0.057906809352852084,1,interior
0.8870944138605,0.35438457184787203,1,interior
0.37938504169219434,0.2241898780378702,1,interior
0.8413011240186746,0.11476419004748059,1,interior
0.4161575578152394,0.13460809141501826,1,interior
0.7435478788326192,0.05313252638652588,1,interior
0.4085391684332764,0.16507757562197006,1,interior
0.3734665801895277,0.30036385310772973,1,interior
0.7113158445898643,0.05311062043123747,1,interior
0.37531121513899823,0.23692113782048665,1,interior
0.9024112974290253,0.22636125875064736,1,interior
0.8874511587503421,0.1696680287923273,1,interior
0.7715298313212549,0.05983852165542756,1,interior
0.8894052079205316,0.21708920320457065,1,interior
0.9038804103147592,0.27660652668395036,1,interior
0.3807087508630235,0.21184477208104865,1,interior
0.75481047812473,0.06176536069755779,1,interior
0.37850243098170844,0.2139675172790827,1,interior
0.4369090717037388,0.11444621275716925,1,interior
0.4291568711358255,0.12107819662225422,1,interior
0.41588092968656787,0.14647625234130732,1,interior
0.3799680128142211,0.2132887410640188,1,interior
0.40953920253532433,0.1473617672659751,1,interior
0.8871421765911981,0.21683059963560658,1,interior
0.8888473387940196,0.3487637103438928,1,interior
0.8902602020902648,0.18321786624586817,1,interior
0.4144262257160048,0.15220517356792812,1,interior
0.4321569031986643,0.1187997919242875,1,interior
0.46212699059187357,0.10046151913872062,1,interior
0.384237471880559,0.20766138419293392,1,interior
0.8388052786107731,0.11501892557826508,1,interior
0.8750925177936594,0.15367293862537965,1,interior
0.7801496120166695,0.07242345533513812,1,interior
0.3723891389532624,0.2937196388554663,1,interior
0.7503874589893305,0.055463458703406646,1,interior
0.7941160924457956,0.08177221608863006,1,interior
0.3671929211355595,0.27573465430835126,1,interior
0.9006844186827468,0.30761802190258014,1,interior
0.902181159613845,0.19366383147046962,1,interior
0.43754371530283903,0.11182375593360164,1,interior
0.9049564354991728,0.287647369770453,1,interior
0.9047875677011993,0.27891414263886677,1,interior
0.41534305845919267,0.13613506127355038,1,interior
0.8952311193257007,0.3292467124411891,1,interior
0.9039636232269797,0.25215523295508313,1,interior
0.3885950946629616,0.18664676168652095,1,interior
0.3875004561199213,0.20485641707891572,1,interior
0.8727324208730576,0.15358125683042662,1,interior
0.4159437739808669,0.14378489812016423,1,interior
0.8213681055854541,0.11069768558270293,1,interior
0.8584836735955352,0.1423760814553089,1,interior
0.8850191977630557,0.37027698782940055,1,interior
0.8976511411858158,0.3423826600762272,1,interior
0.8710157402887978,0.153146615749413,1,interior
0.37677217697374243,0.2245765755905463,1,interior
0.4094573234206693,0.1598212279174526,1,interior
0.8927150440116967,0.3501378898719906,1,interior
0.8900001089998301,0.20753142138131211,1,interior
0.45393084644235315,0.09888916134209758,1,interior
0.36914605807592143,0.2616960754574279,1,interior
0.3675799549281365,0.2639059428933622,1,interior
0.9063698156950777,0.25431090168102793,1,interior
0.9052174442963984,0.3010183924949107,1,interior
0.37879395319924064,0.24513027392895148,1,interior
0.9028658439005011,0.2936861227381653,1,interior
0.7390615112024075,0.04807131876030794,1,interior
0.8016009442745897,0.09453978228779819,1,interior
0.8860642050135913,0.1728894418693725,1,interior
0.8181831830201579,0.10363086043016619,1,interior
0.4154480213893039,0.15353432210970352,1,interior
0.37387358814709465,0.24079592624304857,1,interior
0.8915220460197625,0.3532317877682985,1,interior
0.904256304536495,0.24846723598860887,1,interior
0.8920472263225123,0.2083412015076909,1,interior
0.904813578277699,0.25045956426207133,1,interior
0.38684442779173145,0.18678260745446174,1,interior
0.3697718674293768,0.24229254573840994,1,interior
0.9080819648509638,0.3017458011748191,1,interior
0.3857117646851631,0.2035654957284312,1,interior
0.3714015985015488,0.29709564989754256,1,interior
0.7452097551773937,0.04262488108263364,1,interior
0.36697312991634307,0.27874852211069684,1,interior
0.45699235422626716,0.09615625019638499,1,interior
0.37910982925912584,0.22740544084104847,1,interior
0.3766528543875805,0.21406315219497535,1,interior
0.7929757592183351,0.07264595110930752,1,interior
0.7446128959714854,0.04852106987759773,1,interior
0.9036465212212437,0.22251125314662434,1,interior
0.7869548894400649,0.0703220293610954,1,interior
0.8970488613918527,0.22294465841775382,1,interior
0.3630443310139189,0.2660523076799605,1,interior
0.384724848503177,0.18714206622360827,1,interior
0.36658073124487756,0.27712445017921783,1,interior
0.7535750782745082,0.055996377513659226,1,interior
0.3837292686622423,0.20534857173929258,1,interior
0.89822822105241,0.3176609293968816,1,interior
0.7817933245480574,0.07062644798402065,1,interior
0.40606634832524735,0.16260485578027895,1,interior
0.7599890836590703,0.06505707688455362,1,interior
0.7584170209194275,0.06469724463534113,1,interior
0.46347280973247695,0.08683233937903832,1,interior
0.898257859924559,0.34453274080162655,1,interior
0.3854550897895541,0.20566970218773137,1,interior
0.4125701696180469,0.14402838510045582,1,interior
0.3769007979501258,0.23415917149273666,1,interior
0.8883456744480481,0.17194885850099476,1,interior
0.759596538733265,0.06293927945537557,1,interior
0.9021034472723827,0.2818573178410609,1,interior
0.7909212281678315,0.0822994293596145,1,interior
0.3660147475029525,0.25476099729023194,1,interior
0.8161156020624012,0.09950292803177842,1,interior
0.38669008579334607,0.20042908857948422,1,interior
0.3829208657725253,0.18665269409243684,1,interior
0.39336524952763746,0.17021163294606848,1,interior
0.8995260490031218,0.20063724496028915,1,interior
0.37247120697407154,0.23653764845618153,1,interior
0.4586038585225185,0.09534156096059303,1,interior
0.8430668683631363,0.120177928594656,1,interior
0.36910031416247185,0.2597677206003266,1,interior
0.8750680301149439,0.3763287829048296,1,interior
0.8887780967237461,0.3535590177214057,1,interior
0.9024128783650617,0.19994660806161385,1,interior
0.7904161360902147,0.07704950619568397,1,interior
0.9003422130508868,0.30017494021066116,1,interior
0.7966313785622782,0.08512834647035555,1,interior
0.7581902115133102,0.062263170088206296,1,interior
0.8901549191573394,0.357996617897996,1,interior
0.9059361416121587,0.2527786526929322,1,interior
0.7464252424784792,0.05036633609811583,1,interior
0.828157454714079,0.11425898998576386,1,interior
0.9025286796177577,0.24774936461225067,1,interior
0.9059886146321388,0.24350424912617186,1,interior
0.8887524770965352,0.168603030003571,1,interior
0.8003991721722941,0.08869056230904772,1,interior
0.7860023241492626,0.06671683387522562,1,interior
0.8734382055586112,0.15530310680993384,1,interior
0.890228844438381,0.1701159257142816,1,interior
0.7469530417618258,0.05278251948184566,1,interior
0.38779307050072276,0.17913517874552995,1,interior
0.8983134476204717,0.3272844281803657,1,interior
0.41051486847491037,0.15557920438802011,1,interior
0.7678724622964813,0.059632643642100934,1,interior
0.373565544393803,0.28644931315888567,1,interior
0.41127344828978984,0.1430410389818173,1,interior
0.46190721475832586,0.0938054306765916,1,interior
0.46083988585065605,0.0901413180220918,1,interior
0.8995455376361412,0.23869743811488606,1,interior
0.9063819485159389,0.2780079442131936,1,interior
0.9008806339085504,0.20159567269375658,1,interior
0.8888062736494725,0.35728694334579086,1,interior
0.7996280505097078,0.09330149723999338,1,interior
0.7244337102460732,0.045118792522956135,1,interior
0.7912472827905266,0.0783682603253402,1,interior
0.8989268567275632,0.22351102558710256,1,interior
0.9061761735737257,0.2565636850458966,1,interior
0.4088073905682676,0.14494840325991254,1,interior
0.8948547590075625,0.20910126301284268,1,interior
0.37523567321610035,0.2353354845687562,1,interior
0.4166047969170797,0.13008184669004466,1,interior
0.8649762025823116,0.1499845260589966,1,interior
0.891418420421175,0.3512727848057517,1,interior
0.8706774905793782,0.15786245215922734,1,interior
0.4181317707948381,0.14406381971790336,1,interior
0.37389497550946943,0.3025166908548923,1,boundary
0.9034384799380943,0.20212956909109453,1,interior
0.7648044640088251,0.05975821799876047,1,interior
0.8737106612034204,0.15822055022392967,1,interior
0.8734837984193794,0.3819495109797721,1,interior
0.8835725134821198,0.16366282278759556,1,interior
0.7565085848066447,0.06202736075305492,1,interior
0.8880060665877634,0.17416166143428077,1,interior
0.8933787522793405,0.20161432306879293,1,interior
0.9076488626806498,0.2630564833619045,1,interior
0.4580879555561252,0.09042118121109702,1,interior
0.3798866862541341,0.22217039613005998,1,interior
0.38189050355297216,0.18804513181784865,1,interior
0.8956239058206061,0.20599643320406547,1,interior
0.8040597135690128,0.09082617240003724,1,interior
0.8584100493437169,0.14030888663539282,1,interior
0.7771854595661636,0.06516917213408711,1,interior
0.8870311197824591,0.1811537859851213,1,interior
0.4603920951418823,0.09978952636145175,1,interior
0.3714733566205013,0.28464142093079836,1,interior
0.892756663697312,0.35567454203741933,1,interior
0.3779036951458357,0.23081478383208193,1,interior
0.41985468593994313,0.12474488418375426,1,interior
0.7982742166537758,0.08576945764190437,1,interior
0.8896727830648132,0.18086467675777282,1,interior
0.897156786098104,0.20059562317007715,1,interior
0.36455998553122615,0.2729180900418534,1,interior
0.37857919463761897,0.21228522173434944,1,interior
0.7226060066670559,0.04402538049776374,1,boundary
0.9021004026304126,0.23733557707193362,1,interior
0.788168840587843,0.07783641383385545,1,interior
0.4416240709912202,0.11119413377807405,1,interior
0.8803314679206196,0.17342570791960474,1,interior
0.3648595852797693,0.2650188666552902,1,interior
0.8350845038650807,0.1172389512469034,1,interior
0.4178669223100895,0.1292308395185253,1,interior
0.3809200490713398,0.20532054538488162,1,interior
0.8915479963826466,0.32644078739847066,1,interior
0.40597243605979216,0.15891781647873618,1,interior
0.7792237581648999,0.07433621696874479,1,interior
0.7789239477108441,0.06309044631054346,1,interior
0.45596325146293465,0.09134751755027241,1,interior
0.7606271843317487,0.06130810913285475,1,interior
0.9085080506567862,0.2999259837767922,1,interior
0.3876810001763484,0.17618700743888072,1,interior
0.755264771847684,0.059997206395267136,1,interior
0.36450740586979974,0.25613776312140935,1,interior
0.7627302376686174,0.06216910060184102,1,interior
0.7840803489416606,0.06631170067324002,1,interior
0.370372439260416,0.24849403513943333,1,interior
0.9042671280750791,0.3116512321891173,1,interior
0.8968955657379366,0.3477901564281871,1,interior
0.8946333913664423,0.31983417039763634,1,interior
0.8344022538139629,0.12368239912137921,1,interior
0.897340184090398,0.35010672742967525,1,interior
0.896510384669687,0.33578449265106497,1,interior
0.43500728965720376,0.11096407051377259,1,interior
0.8912883998702961,0.20576380629705268,1,interior
0.3720457705426543,0.28856248862651085,1,interior
0.7627032772592394,0.05938609858968182,1,interior
0.4059253260596292,0.16420856441981554,1,interior
0.8886153502767055,0.3707725979259867,1,interior
0.8361610282985376,0.11410888174365043,1,interior
0.8855313749649906,0.177386140440858,1,interior
0.4413487091855683,0.10524623503224519,1,interior
0.9046509144630379,0.1992954995229159,1,interior
0.3895994970488235,0.18522070301655846,1,interior
0.8503120871963608,0.12430243196932465,1,interior
0.4213559129299777,0.1581696188556928,1,interior
0.9023005651206895,0.2841543030152595,1,interior
0.8909682751247164,0.22212172452408577,1,interior
0.3696606978238831,0.296186403675201,1,interior
0.9085710296399745,0.2581964128577516,1,interior
0.8990582299712959,0.18941174817857875,1,interior
0.3887573106465117,0.17435948081099317,1,interior
0.8833608752682622,0.37235575812710103,1,interior
0.8855051414123313,0.35852118499251445,1,interior
0.79268076041674,0.07041644262980008,1,interior
0.8105238171382199,0.09622361927335737,1,interior
0.907024095901379,0.2612783307265583,1,interior
0.8979629534970592,0.3004022104898889,1,interior
0.8949558885174655,0.35002449907695876,1,interior
0.3686758448258246,0.28420015928578346,1,interior
0.46727328981338856,0.08993605425104997,1,interior
0.9017986299192756,0.22849987456640958,1,interior
0.7887170390624032,0.0661976154883098,1,interior
0.9083429739446509,0.3033337662727151,1,interior
0.3775727610878676,0.28403561463621646,1,interior
0.3897867356348211,0.1713927419511162,1,interior
0.8726501742042542,0.3780168944515242,1,interior
0.8990421254097878,0.34063679905284533,1,interior
0.3793511395197756,0.20643147427244513,1,interior
0.44618978738054565,0.10252072339477025,1,interior
0.8858409442359012,0.3716970675642443,1,interior
0.3823279691074605,0.2314552382750333,1,interior
0.3977379568023462,0.16352794135626209,1,interior
0.8656169030483958,0.14552448407956042,1,interior
0.7911500063291426,0.07432751918453463,1,interior
0.8945355938339592,0.2222726414107057,1,interior
0.7763097433858773,0.06106447205500091,1,interior
0.7495750618106632,0.053566619703148875,1,interior
0.40428001056296115,0.1594975248035406,1,interior
0.4600351493435926,0.09406417256006919,1,interior
0.3765907600509031,0.23854116698854336,1,interior
0.85488196195603,0.12890361439479384,1,interior
0.9042736716918701,0.21997968411322644,1,interior
0.889807577844323,0.36879367891955,1,interior
0.39470708225256934,0.16774296796715626,1,interior
0.7567682157174828,0.06028798284212531,1,interior
0.8508826590304013,0.12216572109696257,1,interior
0.9081445097294424,0.2792566966755444,1,interior
0.38620156899291264,0.1820437437357443,1,interior
0.382247738972007,0.20695256088278563,1,interior
0.8911660232989121,0.35631710510797915,1,interior
0.37845555900167366,0.2188787254035561,1,interior
0.9078058986850805,0.2984043618900289,1,interior
0.38393989279700164,0.18902269025218077,1,interior
0.45585619007307016,0.09962704871674899,1,interior
0.8137444615800692,0.10066093784886783,1,interior
0.9049759515229054,0.1934733898916651,1,interior
0.40785527792246606,0.15705685223890972,1,interior
0.8105960535253698,0.09330814766433418,1,interior
0.8788309045013463,0.3728473293413226,1,interior
0.46104282371377386,0.09230688134235379,1,interior
0.4117041264150477,0.1543229287211528,1,interior
0.8746333729682069,0.3799185997820406,1,interior
0.3936694474585805,0.16534151131873367,1,interior
0.7594120130364856,0.06032154986566302,1,interior
0.7255026196696444,0.04389699419501693,1,interior
0.9037860903394721,0.28102881108571703,1,interior
0.38984100063868826,0.16894821909426067,1,interior
0.3746449062844497,0.23867650075682179,1,interior
0.9048831906989263,0.29866542080218406,1,interior
0.3673762853697899,0.26704070870144536,1,interior
0.3914164165116522,0.18204000708378015,1,interior
0.41720570709881105,0.1423857131138149,1,interior
0.39862904155665696,0.16727847680356925,1,interior
0.9045632188954813,0.29627770132271986,1,interior
0.36714424082911706,0.2605795520676621,1,interior
0.4279670713142686,0.11860194980921708,1,interior
0.43941206785887615,0.10670206498145961,1,interior
0.4488236939154844,0.09848162919505996,1,interior
0.895696676148439,0.18952680346333803,1,interior
0.8593953520780953,0.13764977650902513,1,interior
0.9078962113175421,0.25477643594394656,1,interior
0.3900309986532068,0.20424978149534637,1,interior
0.8512224752575288,0.12949772858986028,1,interior
0.884960747661523,0.373191532529468,1,interior
0.3763112273204266,0.2327029103594868,1,interior
0.3743575935303218,0.22439808096496935,1,interior
0.4654589170630989,0.09748284053134303,1,interior
0.43673483392594625,0.10690793929680462,1,interior
0.89787275389746,0.18751698706800263,1,interior
0.8848391947942167,0.3747299850147486,1,interior
0.8506898755154124,0.1272673184457023,1,interior
0.4581039719546168,0.08823811569837584,1,interior
0.897189845926485,0.34037299271984994,1,interior
0.3636363038265143,0.27137968053668166,1,interior
0.8813576533011872,0.3718576445418954,1,interior
0.370080738665086,0.28530512307935724,1,interior
0.370848258783757,0.2934439498332076,1,interior
0.4068178219400109,0.1456893242997169,1,interior
0.768024285479205,0.057016479022633605,1,interior
0.8706433232236025,0.1493164249439714,1,interior
0.897616550820842,0.3461819197859691,1,interior
0.7895911949098039,0.07849374278792487,1,interior
0.8948715718672353,0.21819532963984042,1,interior
0.9054808468171321,0.27612853538842536,1,interior
0.7439325561036545,0.041106817766497966,1,boundary
0.418632853367278,0.12768920050664578,1,interior
0.9005978370035345,0.23014238011315566,1,interior
0.3698307920116457,0.28155188956097277,1,interior
0.38263838878139633,0.19118890501810806,1,interior
0.8346928606921229,0.1131333986578401,1,interior
0.36319637268958316,0.26908258120393896,1,interior
0.8921316657826078,0.21673804425714804,1,interior
0.8247772865274973,0.11977044866377351,1,interior
0.40472598761202816,0.15790651187985877,1,interior
0.8838388835366542,0.1830278702398245,1,interior
0.8449034091701507,0.11732136572567503,1,interior
0.9093950037557058,0.26108534418816415,1,interior
0.8909891446113585,0.17939600049223425,1,interior
0.8716018521005944,0.15133901578589642,1,interior
0.7787023718130981,0.06855967088727431,1,interior
0.9064997955438818,0.25066900156698846,1,interior
0.8443476916759225,0.11437186762295515,1,interior
0.7563436942688672,0.05792496608077614,1,interior
0.8555683775720739,0.1264019861697024,1,interior
0.766102953304948,0.05731987949066118,1,interior
0.3681795353072334,0.249675115389899,1,interior
0.9011478548838949,0.2231850173465906,1,interior
0.9033582769621271,0.23109866366700527,1,interior
0.38650733179391206,0.19877933079217136,1,interior
0.824637554765,0.10835893449061347,1,interior
0.4111477233500076,0.15059991519991692,1,interior
0.7861277045724603,0.06517653296410963,1,interior
0.3849178482754901,0.1970287184277576,1,interior
0.3720104774758699,0.29860116444464585,1,interior
0.40174644695553235,0.16265633592112244,1,interior
0.4205862721542482,0.14995576445672115,1,interior
0.37164663091846184,0.24164013491044034,1,interior
0.3802307072538194,0.18658171545641505,1,interior
0.4101487641638786,0.14888479484725248,1,interior
0.9016928527015436,0.19744038646296325,1,interior
0.4600909111774518,0.08826315414341757,1,interior
0.36716684680704725,0.24703905829448375,1,interior
0.869158327060255,0.15433343974974856,1,interior
0.8865139686442303,0.17931361322724224,1,interior
0.8869685135482391,0.3727332887127483,1,interior
0.36605050991659105,0.2563941922270065,1,interior
0.41829453857710214,0.1253435569433653,1,interior
0.8058864233194262,0.08941557894766866,1,interior
0.7714689104172684,0.06143692695609726,1,interior
0.8879781902616484,0.16504580911256345,1,interior
0.45958370694282635,0.09112846816416983,1,interior
0.9022352951669798,0.30722303423163555,1,interior
0.9005891713600157,0.18836577966378798,1,interior
0.8910945088603823,0.34888277259903877,1,interior
0.8190269004551137,0.10151133257869194,1,interior
0.8415349729103556,0.11753340245332726,1,interior
0.8799191174305835,0.3747433892009882,1,interior
0.46297355424952846,0.0962278975190685,1,interior
0.9026912419417238,0.19620832767902097,1,interior
0.9037160283119752,0.31320123451051296,1,interior
0.403009736696977,0.1612051067677385,1,interior
0.7442944009268696,0.04421841902759982,1,interior
0.3712234375794503,0.2866440818129012,1,interior
0.9066860225061125,0.25976016696126014,1,interior
0.37738546406062146,0.21544705896466804,1,interior
0.8319261069085369,0.11695617603342304,1,interior
0.9061843344815235,0.2210107342575001,1,interior
0.894982285880426,0.3518260912998464,1,interior
0.7594976569804154,0.05813003225818054,1,interior
0.8961124733165757,0.1924089111371073,1,interior
0.8855284244475079,0.18050565672994062,1,interior
0.8935071464852758,0.18726619271387526,1,interior
0.8025260284197646,0.08956430722622452,1,interior
0.8487217401134677,0.1189251270496671,1,interior
0.8988926690826536,0.2402420914401045,1,interior
0.8987017160527512,0.20374685777468107,1,interior
0.7524430426572142,0.05463129753852083,1,interior
0.43996344439940166,0.11011095800676383,1,interior
0.8994336372892611,0.18636071409139646,1,interior
0.37340107807178036,0.25378595527010134,1,interior
0.46119039914572474,0.09630332780899808,1,interior
0.4622188952383761,0.09788535820253791,1,interior
0.898628697910009,0.32099844182156734,1,interior
0.7945737700304042,0.07089356179855022,1,interior
0.41495614006226234,0.13355565340087588,1,interior
0.4147066945032036,0.1414794129276045,1,interior
0.9029139302577139,0.1891397373246283,1,interior
0.8607365877747607,0.14259338832800308,1,interior
0.38549732306639395,0.17918252305684407,1,interior
0.3684655121084525,0.2948241091107132,1,interior
0.38537307910263807,0.20126488110898344,1,interior
0.8965796501882389,0.3319927416587811,1,interior
0.8394222746280281,0.11332295396156176,1,interior
0.8337038227251105,0.11507932993340675,1,interior
0.8863409335492018,0.3752404202693838,1,interior
0.4604562881584286,0.09815041741738008,1,interior
0.8990831966331008,0.3344685050581165,1,interior
0.87860654480296,0.1548032128341446,1,interior
0.413808310356828,0.13519256526013212,1,interior
0.4145706426731062,0.1383081956166537,1,interior
0.849521208257068,0.1261966555913388,1,interior
0.8676442601657767,0.14861077645364557,1,interior
0.8770141605083974,0.376153835538604,1,interior
0.8799786893449457,0.16149356117945515,1,interior
0.9056655580378055,0.3126251057059642,1,interior
0.8968049066152178,0.3304384231559127,1,interior
0.8816667071142505,0.1571809619447239,1,interior
0.9051286782272981,0.2728714661023748,1,interior
0.896264529184907,0.22075384582621665,1,interior
0.3686585491143248,0.2924025022797036,1,interior
0.907237030283384,0.2489490596068481,1,interior
0.9087306205810725,0.26425599178885595,1,interior
0.3865376881602221,0.20225224189452323,1,interior
0.41258642030382986,0.14098536299081263,1,interior
0.8028336882940815,0.08712351491291806,1,interior
0.7895239147881075,0.0695269415011801,1,interior
0.9038032919027477,0.2437176790862446,1,interior
0.8972814523657061,0.3372947143697663,1,interior
0.9003559865249405,0.31470827586903855,1,interior
0.41984343529787044,0.14216025875150004,1,interior
0.3877867662111338,0.16930670263881223,1,interior
0.41505593159461146,0.12998229891832616,1,interior
0.8531180383918939,0.12767261171151367,1,interior
0.8608421216623593,0.1410397913497002,1,interior
0.9038718139370447,0.22583848878097745,1,interior
0.36953425336052964,0.2899326933868993,1,interior
0.8937040694984834,0.30183905844895376,1,interior
0.8154758453736553,0.10231430565664791,1,interior
0.43966429743784285,0.10504935586644244,1,interior
0.3655032975704932,0.25929288182684423,1,interior
0.900922808630549,0.2760500158490763,1,interior
0.8285589478738189,0.1090537516108479,1,interior
0.7934527216799299,0.0778671071272467,1,interior
0.44116469830652816,0.10232781529250537,1,interior
0.41264313554769916,0.1393883134487928,1,interior
0.9060721646040909,0.19225866861543559,1,interior
0.9076561042611033,0.19333267995292544,1,interior
0.9058479798197522,0.29333691140707524,1,interior
0.8139083896855784,0.1031173895903637,1,interior
0.9055503018324809,0.30914414571076815,1,interior
0.37295657127042553,0.23425194238674837,1,interior
0.7830968310783867,0.06423942493882162,1,interior
0.8743596040374887,0.3779155474673314,1,interior
0.36207473672340473,0.26772324337403997,1,interior
0.3646091949147299,0.26156914685102267,1,interior
0.9001651858944215,0.29776267064928474,1,interior
0.3705019061644224,0.23614508356951144,1,interior
0.4420627028059639,0.10104003514210232,1,interior
0.8681475964241717,0.14536038676928562,1,interior
0.3703451088583568,0.28795753633578935,1,interior
0.3846524964385625,0.18187083395433234,1,interior
0.43583086515008146,0.1050114816025425,1,interior
0.43502895166084826,0.11496278316366512,1,interior
0.8938044535166465,0.21072232950565095,1,interior
0.36435511992367203,0.2538801449828759,1,interior
0.8569998552737136,0.13904960846740358,1,interior
0.38395975458696097,0.19456577675526723,1,interior
0.8812818003617215,0.16039441096114354,1,interior
0.7700844673175027,0.05877937921392532,1,interior
0.7484342366614163,0.051142464748746425,1,interior
0.8495558736866974,0.11684966294678925,1,interior
0.413512493131409,0.13106527838759177,1,interior
0.8478409463585779,0.11543638099990854,1,interior
0.8825435522016734,0.16530775955340055,1,interior
0.7496016795483899,0.05689365631485377,1,interior
0.8526536258360401,0.12528884863126075,1,interior
0.9093217583598859,0.2568759843195367,1,interior
0.9105878682686855,0.2776252575630998,1,interior
0.876613280355231,0.37932793766201495,1,interior
0.8488548811223443,0.12047925329623135,1,interior
0.7945750439927369,0.0800731571288465,1,interior
0.746276512699998,0.04124949124177116,1,boundary
0.8318050872038882,0.11532730154766781,1,interior
0.820020199795586,0.10345980716743801,1,interior
0.9043103461414977,0.2603736463757444,1,interior
0.38323042637532434,0.1931671679707675,1,interior
0.42661875550682277,0.11751400764991596,1,interior
0.9088454937449769,0.29328257999514296,1,interior
0.8259009689192824,0.10626358746853821,1,interior
0.7969289778655004,0.08263621675952172,1,interior
0.44618762168475223,0.0986908618155222,1,interior
0.3719635974760012,0.29171297340982116,1,interior
0.3629641729435147,0.25943071499552306,1,interior
0.8492660647848446,0.1299840125186239,1,interior
0.8136612029913953,0.09881992237660522,1,interior
0.37454228202951173,0.2973776872761767,1,interior
0.900478544769848,0.3423603103751625,1,interior
0.3627579972065873,0.2550086796678709,1,interior
0.4059813052711722,0.16080386066536564,1,interior
0.7595565142075422,0.07127799702186462,1,interior
0.8217884614979675,0.10700106524643047,1,interior
0.3834365935243076,0.20248885638055586,1,interior
0.8969404342939773,0.32147584216188707,1,interior
0.8450986611328436,0.11580477780267158,1,interior
0.903417542353188,0.3020052195453162,1,interior
0.38444713696484367,0.19885850655692905,1,interior
0.9106006242263113,0.3028587270291355,1,interior
0.4044878718975619,0.16174384916107531,1,interior
0.3716435313016994,0.24513967703595785,1,interior
0.44413358624261023,0.10319519001841272,1,interior
0.8366384483450973,0.11251400836120713,1,interior
0.9041172027439719,0.2826645820071067,1,interior
0.8913423827783767,0.3668269653525919,1,interior
0.7466194851763115,0.043247370782504485,1,interior
0.36532630427459883,0.27613592814206056,1,interior
0.8862812569697124,0.17491224533683136,1,interior
0.8972487569404239,0.18550347207047074,1,interior
0.7886246136331299,0.08491679200751726,1,interior
0.4579890533104451,0.08652457150035041,1,interior
0.8420747895364911,0.11209435497867323,1,interior
0.36270717567676125,0.25756037481700506,1,interior
0.8950250796800827,0.3227488399066769,1,interior
0.877554687135697,0.3778077193093446,1,interior
0.8017250673543495,0.08500378722784915,1,interior
0.36146106411993684,0.2644065752470516,1,interior
0.3720529882898929,0.30196022374800147,1,boundary
0.8758337545403129,0.3810001732551732,1,interior
0.9105160218804703,0.27942698985491893,1,interior
0.8890456821628965,0.3729179764334434,1,interior
0.7470278849721488,0.045062460822607085,1,interior
0.43239573634024936,0.11706260313929806,1,interior
0.7371358659544653,0.04200438248981047,1,boundary
0.8981102558149294,0.3288932749425091,1,interior
0.4169080271909922,0.13686695221536369,1,interior
0.7458153444050797,0.05177423424357699,1,interior
0.8936418891301262,0.21689532340690387,1,interior
0.41296182320645447,0.13336470153414173,1,interior
0.8564141061696376,0.12801895252720882,1,interior
0.9053325325507798,0.3144893334081172,1,interior
0.9055064610666481,0.26324940130624885,1,interior
0.8916221271318803,0.1840953269739361,1,interior
0.8956974217130299,0.3242829210971177,1,interior
0.9024390281712331,0.2323611906959474,1,interior
0.8792624812590583,0.3791034303367187,1,interior
0.39229773615065133,0.16899755361033086,1,interior
0.8248835292253366,0.11064875211095006,1,interior
0.36710347400672094,0.26226590289769797,1,interior
0.907192726494299,0.29177182722517636,1,interior
0.7132482913818646,0.048585969221733576,1,interior
0.9081657409488582,0.3056050514995763,1,interior
0.3657781695763327,0.2530568493230092,1,interior
0.8781081756618137,0.3744528534138406,1,interior
0.8885766635505306,0.17906843617464344,1,interior
0.893135436134577,0.18113990489960088,1,interior
0.4090209786335022,0.15605842312538407,1,interior
0.8569933830208702,0.14271699508224683,1,interior
0.9036150000551242,0.2849282175402836,1,interior
0.9041289665466902,0.22401144010933996,1,interior
0.8833421913526145,0.3750124082913719,1,interior
0.8834173200865043,0.37047718053855183,1,interior
0.9121956618219491,0.276468360428189,1,interior
0.3791876971376883,0.2322855211820262,1,interior
0.8985061224878647,0.3481008940659339,1,interior
0.3761470515811268,0.22816858516217975,1,interior
0.9001716816178859,0.20331022731683618,1,interior
0.37231252939322024,0.2392809352780568,1,interior
0.8070152539084747,0.0908740608371313,1,interior
0.43077735614482887,0.11714494132878367,1,interior
0.8797346653681477,0.3770010835616389,1,interior
0.8991472006992121,0.33278987343489874,1,interior
0.8927660572727586,0.35199561042707356,1,interior
0.8907420030104631,0.35472121762184367,1,interior
0.3669249783605525,0.28929969618125995,1,interior
0.41638734024117185,0.14075735751862006,1,interior
0.9067024388403547,0.3003137743985561,1,interior
0.3829032537317079,0.20056512850387326,1,interior
0.4281531954121549,0.11695095128384635,1,interior
0.4209462091784902,0.12361398534863027,1,interior
0.4119987174845542,0.15742102923454826,1,interior
0.9052719831663311,0.2842833128300745,1,interior
0.36663735583030316,0.2517331409067343,1,interior
0.4114365815903433,0.13571536028611897,1,interior
0.4170624131990443,0.13883780367556348,1,interior
0.9112628695363385,0.3002432561742552,1,interior
0.8729928427487074,0.3797103676150453,1,interior
0.3665031674842652,0.2654625991650816,1,interior
0.3689935443515841,0.24762895842566193,1,interior
0.8965203958704553,0.2184428027207166,1,interior
0.905897976579112,0.20170568783631326,1,interior
0.854850847280311,0.13570298172510806,1,interior
0.8951166847526424,0.18713453265093644,1,interior
0.842823577038084,0.11534535390712532,1,interior
0.9063080417291693,0.2967759934860568,1,interior
0.8565642778902529,0.13499956240607347,1,interior
0.41655287395391016,0.12403822472378274,1,interior
0.9013926241354069,0.28630136503415626,1,interior
0.3672299949953363,0.2912235636240015,1,interior
0.8698541937997619,0.1477199648350216,1,interior
0.43486300734294236,0.11939214457998097,1,interior
0.9073885164166683,0.28343460203953763,1,interior
0.3872162041374012,0.1721897949840075,1,interior
0.37013655154140584,0.24587722464174888,1,interior
0.9038467534693878,0.27380275516214514,1,interior
0.8967334468720847,0.35208165158606974,1,interior
0.37615957330770955,0.2957269698671652,1,interior
0.9014012821911879,0.31061425876045096,1,interior
0.9060632844306663,0.28651629586703664,1,interior
0.8934921837003424,0.35364700103803803,1,interior
0.4446627884539558,0.10473304855283591,1,interior
0.3668938435102971,0.2939040262735742,1,interior
0.8994617389021297,0.22158880844782608,1,interior
0.38252067565773534,0.1792230744656705,1,interior
0.40738839600585663,0.15455645132529228,1,interior
0.9013167205164017,0.1910235010148848,1,interior
0.7970696393324509,0.07181872711344135,1,interior
0.4128506772720925,0.13692344207019785,1,interior
0.8933226001708412,0.22503271498868763,1,interior
0.40626219964847826,0.15587885660365966,1,interior
0.9063042553681946,0.2899123063201876,1,interior
0.8723466615556104,0.14731109251068408,1,interior
0.37423768598177476,0.2319536280838997,1,interior
0.8520326399876682,0.13255769568728473,1,interior
0.3700604604880177,0.29954891679276524,1,boundary
0.9030115661308871,0.22958597002278386,1,interior
0.7811273637661013,0.06117674611567305,1,interior
0.7961902924029244,0.07037797659488478,1,interior
0.3982459537385496,0.16206963583448808,1,interior
0.3939360510002543,0.16353147325363687,1,interior
0.3849660115727846,0.1739963026154226,1,interior
0.3755100474490262,0.2232401223304954,1,interior
0.38310383043680935,0.17282054812820516,1,interior
0.8981816824695119,0.20548295689669938,1,interior
0.39590604339710334,0.16889593644449521,1,interior
0.41568902741792046,0.12592602937144018,1,interior
0.4362653398185606,0.11273959582642072,1,interior
0.888768574766926,0.21564897201273991,1,interior
0.8544859417871696,0.12378143667294286,1,interior
0.9035368462128768,0.1978781819098085,1,interior
0.9001792296168372,0.3394821373522918,1,interior
0.37516439725360295,0.2300320569395931,1,interior
0.43829622516638533,0.10407308900515719,1,interior
0.3604731227843321,0.2675097093796255,1,interior
0.8073882748683902,0.09236053778312134,1,interior
0.40928806245306526,0.1545259965142811,1,interior
0.9038460253753029,0.2280856550573912,1,interior
0.8779373789326799,0.3801561410625613,1,interior
0.9016931633071362,0.2212613474662944,1,interior
0.3822974557474026,0.18374166000947426,1,interior
0.4241497470164704,0.12167501225815223,1,interior
0.8258428801452061,0.1137845919371514,1,interior
0.8760774341845484,0.3831421360750985,1,interior
0.9061283017518488,0.2803458334920795,1,interior
0.36802168138730756,0.2856953122253142,1,interior
0.3833821884560024,0.18491351193653513,1,interior
0.3865603558794929,0.19225140505415816,1,interior
0.9097874435023454,0.2965922296223666,1,interior
0.7921905078261093,0.0758900505142902,1,interior
0.3768079799485398,0.22193286502037723,1,interior
0.8816490246086295,0.37468678908368547,1,interior
0.3727224120649451,0.2902789498837265,1,interior
0.4079563080751987,0.14842468198185074,1,interior
0.8979371429012336,0.32327109761835965,1,interior
0.8092846670881396,0.09072423859480991,1,interior
0.3647959994803279,0.2745698882493694,1,interior
0.8913780911881877,0.18143307780428952,1,interior
0.43785324263035624,0.11024818879232824,1,interior
0.8869605315036504,0.17649572236630895,1,interior
0.37446209428054633,0.23377522336860387,1,interior
0.8960728897074727,0.35517125571337627,1,interior
0.8298961527294689,0.11205351738859064,1,interior
0.9002944075646095,0.23500282219683252,1,interior
0.4346522328038749,0.10852224525352712,1,interior
0.8933631281396696,0.17908230539278763,1,interior
0.8311887997465756,0.1138996192318272,1,interior
0.8987822470124617,0.3381809084170925,1,interior
0.8938579438992386,0.1843487713795859,1,interior
0.8625507181981541,0.14660744270831366,1,interior
0.9060061647004787,0.24772123065311852,1,interior
0.3780560212176807,0.22055673482669813,1,interior
0.8817686983849636,0.37693392300554796,1,interior
0.36475834375633864,0.2576708284047138,1,interior
0.3701861503649111,0.29147646242427017,1,interior
0.3586371738585583,0.26653130129953034,1,interior
0.36966701060720525,0.239934934168963,1,interior
0.37942025165298005,0.2041842081582156,1,interior
0.862102328251353,0.13942085036068122,1,interior
0.8505707510862484,0.1193043198698753,1,interior
0.7937220774122336,0.07560719461916028,1,interior
0.9100186750007506,0.25954726423726165,1,interior
0.8727141840079402,0.15026382657883824,1,interior
0.8953612348235693,0.35351980303172414,1,interior
0.8301343001385985,0.10927351583142514,1,interior
0.367341385870838,0.24250025756445268,1,interior
0.8886617875131144,0.17685583634659316,1,interior
0.8229592982749656,0.10534453858860401,1,interior
0.9012727802918208,0.3331013909398616,1,interior
0.8110310852187231,0.09072575262070809,1,interior
0.3919048696163194,0.1669442916773664,1,interior
0.8999591644807443,0.34434884296235163,1,interior
0.8483950823802393,0.13158484159097858,1,interior
0.9044942756503218,0.19508889937370427,1,interior
0.9075672521993637,0.2531574865330583,1,interior
0.9022911590705076,0.23389127498566245,1,interior
0.3782922432202023,0.22260696308390346,1,interior
0.4394844774118878,0.10275681639256538,1,interior
0.8512981958881944,0.11444477837698784,1,interior
0.3606847395381352,0.25880922680631363,1,interior
0.36714201092003035,0.2832793706127508,1,interior
0.7966153209325442,0.080991442662121,1,interior
0.43677592836977536,0.10279136480573545,1,interior
0.7949700359745234,0.07314898773419679,1,interior
0.9093778036892142,0.2807798532333507,1,interior
0.37739150864227383,0.21701124105689157,1,interior
0.8577561213021054,0.13691911206078308,1,interior
0.37376699929489776,0.22932588484677358,1,interior
0.8173886936977409,0.09696677385928294,1,interior
0.8978632408944669,0.357267482234217,1,interior
0.7993920175791576,0.0822449720593787,1,interior
0.82434359527488,0.1068253811545237,1,interior
0.7796311420031664,0.061671675141275126,1,interior
0.45896048753125834,0.09289644091749602,1,interior
0.8956651689580829,0.20752344877186182,1,interior
0.42951779150983427,0.1181153983114622,1,interior
0.8858047047883744,0.16576152355596457,1,interior
0.38133685802984707,0.20244395219792788,1,interior
0.7928667233921518,0.06871017639025624,1,interior
0.9057985847438541,0.2821234288190097,1,interior
0.8945453544149109,0.3558034273262451,1,interior
0.8994521547208454,0.3297296411648199,1,interior
0.9034817350050324,0.24521192406230843,1,interior
0.9052517664389235,0.22275717314067192,1,interior
0.4559042979582793,0.08944313573446859,1,interior
0.43746193456930693,0.1084469206442687,1,interior
0.9020450896769265,0.20340547055288896,1,interior
0.8998908223975034,0.3270248580390209,1,interior
0.38823581555851167,0.17092205700966343,1,interior
0.8316514756631374,0.11181481989338045,1,interior
0.37275589921513397,0.2960629034506074,1,interior
0.3612950784396102,0.26987462613147994,1,interior
0.8902182593514884,0.1757588961800322,1,interior
0.4538951619213264,0.09065437854778366,1,interior
0.8511046625256112,0.11628556246905875,1,interior
0.35846722746208626,0.2643584612763535,1,interior
0.8923436247362826,0.17711166598296008,1,interior
0.3957896764261857,0.16226692114594124,1,interior
0.3653023974820762,0.2849577046686786,1,interior
0.8949937142004079,0.17947459985286407,1,interior
0.8276559981021747,0.11714853341131345,1,interior
0.9071999166216328,0.2008677388425371,1,interior
0.8848565212878124,0.3763387563257644,1,interior
0.7915954087633226,0.07150062392945492,1,interior
0.9068809891600731,0.26529637867781697,1,interior
0.8998012346604495,0.24307723154313352,1,interior
0.8788046909680572,0.15208544367367519,1,interior
0.8460721495626614,0.11365234436090582,1,interior
0.903349591049621,0.27840304240599195,1,interior
0.8833276863725139,0.377275839715417,1,interior
0.9066508123560314,0.2452279168829499,1,interior
0.38023333648884233,0.22924890387465255,1,interior
0.7516286862369544,0.0533274031846058,1,interior
0.3817917340982863,0.21299369575033233,1,interior
0.45432943121869707,0.0891010736883658,1,interior
0.3611837552086543,0.2615151639520077,1,interior
0.9026902501593314,0.27518137504737883,1,interior
0.3687574592882763,0.2687005184627709,1,interior
0.9122886762722332,0.30298534521203524,1,interior
0.36544431239637354,0.24430365090589823,1,interior
0.40965486902519704,0.1425001922364732,1,interior
0.3672793492011261,0.2814982193124992,1,interior
0.3665367721600681,0.28635086210164623,1,interior
0.8972288260092861,0.20783204596433213,1,interior
0.8991204148536164,0.3366882976786364,1,interior
0.3871257733624298,0.2329996121986084,1,interior
0.8530038253081031,0.11537836760715252,1,interior
0.7980279223463299,0.08402408697130365,1,interior
0.3700896658482681,0.24425290259488575,1,interior
0.37834423706122344,0.18837667702069913,1,interior
0.3647478083367747,0.2690283844563008,1,interior
0.8909620840319913,0.17785897865933378,1,interior
0.3864991626994112,0.168481924638751,1,interior
0.890059437296605,0.3641179608572258,1,interior
0.356557012390709,0.2648831755473094,1,interior
0.36793644182422564,0.24092748598672864,1,interior
0.36495013532766757,0.27895905422704026,1,interior
0.9113432445499121,0.2581999711170194,1,interior
0.38095873173077366,0.19347540381679126,1,interior
0.35644774921382805,0.26264296211044474,1,interior
0.8900443922866687,0.3619254138862379,1,interior
0.45495445599019296,0.09563091986234036,1,interior
0.4192947288433732,0.1359742688111478,1,interior
0.8976047467888791,0.32555912677403814,1,interior
0.8346744742160987,0.1113477738257987,1,interior
0.7969484882863281,0.07476841810042019,1,interior
0.9133774209190956,0.2800770398415906,1,interior
0.9106499011438133,0.30506121293622424,1,interior
0.4470020604874886,0.10649642342051298,1,interior
0.8378721128746988,0.11355675093542257,1,interior
0.4179463720185204,0.1408485200203282,1,interior
0.3653295364640548,0.2808849851822627,1,interior
0.45326775827679794,0.09463697689237244,1,interior
0.3714062931009653,0.23769078256084689,1,interior
0.4696697701545511,0.10238190446087549,1,interior
0.8900807714774985,0.17310234888455234,1,interior
0.8581097528834689,0.1479014105795869,1,interior
0.8752903476304845,0.3582266196505629,1,interior
0.410397850335954,0.13231751982555826,1,interior
0.3755565241805972,0.18858015324715252,1,interior
0.4519882194784782,0.09611376834502765,1,interior
0.888585308476192,0.1625039370971859,1,interior
0.3766759280571495,0.21843700460648133,1,interior
0.41027573093108965,0.14419981121719863,1,interior
0.3741439517686339,0.22232305909384248,1,interior
0.3779108384312818,0.22597008494519588,1,interior
0.8332587065139438,0.11066037082549872,1,interior
0.4071181426124862,0.14378590685916487,1,interior
0.8998089070288541,0.2744563370471568,1,interior
0.37137671812728346,0.28210644610459457,1,interior
0.8877386397372173,0.374315903679347,1,interior
0.4102496501951949,0.1409055773492203,1,interior
0.4448143251440846,0.10114796290867928,1,interior
0.9070087654344398,0.25799233589814446,1,interior
0.3859522427151533,0.1762911088004474,1,interior
0.3682720750852902,0.2991358284049232,1,boundary
0.9003233786260152,0.3313383124969252,1,interior
0.9110504665348073,0.29393851089519724,1,interior
0.37710009953062545,0.20541072639008837,1,interior
0.8122402603272023,0.08827622229770747,1,interior
0.38954109476483384,0.1667413496031298,1,interior
0.8003545545907049,0.08366722179843106,1,interior
0.8707935146576506,0.14633006048310102,1,interior
0.43459013263262736,0.11314198092132952,1,interior
0.9004081824590757,0.24150333764909046,1,interior
0.4423785663035594,0.1040207090183521,1,interior
0.8550893186920869,0.14155930120545757,1,interior
0.37469671475850724,0.22614103397165655,1,interior
0.42501135855216715,0.12037985894152173,1,interior
0.9069910774361045,0.3103234627623987,1,interior
0.8961697488239657,0.21617447764427525,1,interior
0.43747906706045075,0.10136074916345499,1,interior
0.37268048134866955,0.2215650944996738,1,interior
0.9008517345325112,0.18575953120988203,1,interior
0.8591376101886538,0.13585899624744327,1,interior
0.3728532410088833,0.223770611066479,1,interior
0.4086441209260179,0.1520829142405145,1,interior
0.37470215057720274,0.27883748315644336,1,interior
0.3667160974741976,0.2980966327593102,1,boundary
0.7241785210255862,0.04288155326898998,1,boundary
0.377416121081992,0.20866701490090658,1,interior
0.891491371231009,0.17456482611606292,1,interior
0.9030670698748879,0.2676468496836917,1,interior
0.4002433592554069,0.16123679323417267,1,interior
0.4621371288870046,0.0860308234882878,1,interior
0.9052066643258044,0.2303185657934376,1,interior
0.45685593188331336,0.0943719439897814,1,interior
0.38225062290373996,0.20427419016591858,1,interior
0.4025256145113955,0.15969119857142253,1,interior
0.8478816386845749,0.11369399694065878,1,interior
0.9053517446688192,0.1973485024557625,1,interior
0.7781741936612312,0.06000960048620342,1,interior
0.9080407585694362,0.25090951792040517,1,interior
0.9082538860290469,0.30806518841711505,1,interior
0.8257217911327183,0.10438591514450524,1,interior
0.832981213812711,0.11294549207696894,1,interior
0.8840006025634213,0.17744032424165257,1,interior
0.9006928643452589,0.33535657805733793,1,interior
0.8996668066913642,0.34693716431018556,1,interior
0.9042545781891245,0.19101591623612726,1,interior
0.39710287507888603,0.16099305712021791,1,interior
0.9011773365346929,0.34077815681853324,1,interior
0.8358137998583122,0.10998087567577453,1,interior
0.8841976190548373,0.15728164900686045,1,interior
0.40820652326815016,0.15058761873219892,1,interior
0.8561227175286303,0.1324723141967933,1,interior
0.40910962991958394,0.1582174813282674,1,interior
0.7508915069372323,0.051499757795596575,1,interior
0.9067453039582243,0.2255482942401543,1,interior
0.42824564480284855,0.11539089438703258,1,interior
0.38873672503324064,0.17268712942771383,1,interior
0.8920201505193983,0.21509283493615977,1,interior
0.381783270224481,0.18987723899115533,1,interior
0.38776377223874436,0.16725968478755227,1,interior
0.9006419272832432,0.3378198778356986,1,interior
0.3614779135754009,0.25301433371873544,1,interior
0.9079000466091802,0.2394352271105924,1,interior
0.9062740458076212,0.22395069585993935,1,interior
0.9065422753885928,0.2883668537495938,1,interior
0.4104558362994774,0.1531907517605033,1,interior
0.8862947797134193,0.3775835575883175,1,interior
0.4397359450052892,0.09978981056253201,1,interior
0.8036458245510509,0.0884841547736877,1,interior
0.8918777110791635,0.17260861022073976,1,interior
0.767990420539889,0.0617900290491172,1,interior
0.7799946979148812,0.05950813481824031,1,interior
0.9019654379879503,0.33707464322442565,1,interior
0.9019713800130389,0.27953218961952736,1,interior
0.3917029480479707,0.1618369462632959,1,interior
0.764524355669406,0.05772906436906381,1,interior
0.9086504454096401,0.24412468943763632,1,interior
0.8973762172241122,0.33881398621754544,1,interior
0.903122203446664,0.18726586568413092,1,interior
0.8922430217257754,0.35808107207152823,1,interior
0.36822376854113953,0.24470045282082253,1,interior
0.7950580449571325,0.07478172639989661,1,interior
0.9027504167840493,0.3397130012731298,1,interior
0.8202784239412259,0.0987706917327966,1,interior
0.36587351088301423,0.2634987220190394,1,interior
0.8889064751275711,0.37783801860072647,1,interior
0.9055242487480853,0.22665622527050583,1,interior
0.7660269464582151,0.055653414340904796,1,interior
0.4344505361022735,0.11659018465976151,1,interior
0.8758041235095664,0.3729840886447265,1,interior
0.8909350159634358,0.37013817901494545,1,interior
0.44563119039856974,0.09697874449265859,1,interior
0.392321418734862,0.16424311154724053,1,interior
0.3550811712889913,0.26546625525218714,1,interior
0.8001102048672889,0.08650509543268461,1,interior
0.894692664892596,0.2150131780528816,1,interior
0.3822421355245383,0.18130689769268626,1,interior
0.9089542114554999,0.29090339732873594,1,interior
0.7484177529898217,0.04627360795325696,1,interior
0.39327511578960045,0.16121203143518226,1,interior
0.7483696950737816,0.04270539732308405,1,interior
0.7989599136261474,0.07268165620355047,1,interior
0.3722533767750429,0.22618397498448756,1,interior
0.3797353133142465,0.21002966736670123,1,interior
0.9107373407581956,0.25463069496535523,1,interior
0.8353325839095536,0.11559500377192666,1,interior
0.3959602190128593,0.15946683797326874,1,interior
0.913080320693416,0.30005012445323725,1,interior
0.8866302241339529,0.15713194218475415,1,interior
0.8980408796282354,0.3315764630960805,1,interior
0.8062438674284256,0.09475654812753835,1,interior
0.8526834273943468,0.12353097940127644,1,interior
0.386399471379361,0.1745158770745994,1,interior
0.7911542947926101,0.06748397885168442,1,interior
0.8808453152024158,0.15500141321184496,1,interior
0.9022760157986763,0.33483644200366425,1,interior
0.8128780265406429,0.09255638875258972,1,interior
0.8979313495079598,0.22057049308766574,1,interior
0.9025489597686355,0.3419446527165676,1,interior
0.3653553239275263,0.24931691121420785,1,interior
0.8003795476614657,0.08014743766264397,1,interior
0.41514616410990285,0.12799511331707888,1,interior
0.9108460458599003,0.29166831657633335,1,interior
0.36611183544229836,0.2962146941140605,1,interior
0.8839320697664553,0.1611583813635037,1,interior
0.8299545706437451,0.11480163689674164,1,interior
0.768989573667705,0.0632375656261577,1,interior
0.8896410969773348,0.1653401770979296,1,interior
0.382874814863898,0.1961340833970273,1,interior
0.769075771377976,0.055025056842930964,1,interior
0.8679836353949367,0.1469422736951033,1,interior
0.37964771835986183,0.22061497802920912,1,interior
0.9009219064753937,0.20580883644516915,1,interior
0.9056099043871491,0.23839646104097922,1,interior
0.8493927233073039,0.11316048350969418,1,interior
0.36822746636093356,0.29761553789156553,1,interior
0.3826678305457506,0.20882283523723658,1,interior
0.9036745788330885,0.3378608246526198,1,interior
0.8054816544095365,0.08624285381637878,1,interior
0.8582780568360856,0.13222321321546324,1,interior
0.9127722364105867,0.27844830841179324,1,interior
0.9079449844856542,0.24668760053843636,1,interior
0.4776822963461561,0.09998570698730302,1,interior
0.9056991729026453,0.22828519045095647,1,interior
0.36314733798877363,0.2609818737013999,1,interior
0.7744222561626573,0.057609256126521985,1,interior
0.8091898276467465,0.09408511687184547,1,interior
0.8568706097519656,0.1252491192119598,1,interior
0.4574894528974264,0.09235196465544393,1,interior
0.7848283773873747,0.06357257545824896,1,interior
0.3590560624997983,0.2538913832740779,1,interior
0.798483162758956,0.08101559045302942,1,interior
0.43637829646523457,0.10979388328456398,1,interior
0.40314385278695386,0.15781702614696985,1,interior
0.9028681548766732,0.29859689711997844,1,interior
0.8953811217733957,0.21310217769420095,1,interior
0.901924768272456,0.23541824594076524,1,interior
0.8597227094719484,0.12437475982088858,1,interior
0.40543822376576627,0.1543182093298667,1,interior
0.37102127876373414,0.23454715934102563,1,interior
0.8578719291631052,0.126900948627213,1,interior
0.8823141561658827,0.15558682195618773,1,interior
0.8090696055443236,0.08884063508739888,1,interior
0.8623699464272498,0.1434774039773416,1,interior
0.8783044717909927,0.38188743823622184,1,interior
0.8508798173957293,0.11129772953242947,1,interior
0.37148639727334204,0.22799836101074458,1,interior
0.8910684430305948,0.359222808309073,1,interior
0.7612158364228606,0.05987558144594298,1,interior
0.8993783070138022,0.3515709065679104,1,interior
0.38152302763655316,0.19493569385859016,1,interior
0.8026867191757873,0.08001584496623325,1,interior
0.8318939429956945,0.10813736063434871,1,interior
0.42231690869053123,0.12156424920431919,1,interior
0.8563892053722555,0.12311964843266959,1,interior
0.9078313074729161,0.2964668990088086,1,interior
0.37212453597577516,0.23108537381563235,1,interior
0.7501569961263574,0.04643730426009814,1,interior
0.8818461845325011,0.3789171739863499,1,interior
0.8145478585795741,0.09360314758307925,1,interior
0.3806029603061527,0.20769660779922705,1,interior
0.36450006559636233,0.2514494349005791,1,interior
0.3650286652935841,0.29156255350855714,1,interior
0.7953628300867723,0.07703299159552514,1,interior
0.8984743243432485,0.20944589153679774,1,interior
0.40583955243604636,0.15022727666105218,1,interior
0.9140111778283487,0.30205114857439946,1,interior
0.3595912302438986,0.2559776163501305,1,interior
0.8532771752873858,0.12945096229288902,1,interior
0.9018542280900157,0.2078743223477463,1,interior
0.369673938120353,0.23366799169443342,1,interior
0.863298688472145,0.14103682751893648,1,interior
0.3590604742687696,0.26222262856923206,1,interior
0.3700368946583031,0.23837495009983875,1,interior
0.3810520418392116,0.18525218695333517,1,interior
0.38542493273586836,0.16959327544857128,1,interior
0.8340333862360557,0.1078990961769011,1,interior
0.3678032534331001,0.28776555595741266,1,interior
0.3684933543676502,0.2824567316821304,1,interior
0.36109097318382427,0.2564960980622268,1,interior
0.8894740907646155,0.16691543310541906,1,interior
0.8939101531118006,0.1756860778805011,1,interior
0.3744726385515443,0.21763533161477275,1,interior
0.8546466169074739,0.13188156255741484,1,interior
0.8843071233184959,0.15949256236903397,1,interior
0.37121228357283964,0.28997250058590546,1,interior
0.8017863127724136,0.07822924901523622,1,interior
0.8676617048132473,0.14361989302761696,1,interior
0.8250621781706796,0.11639341473935923,1,interior
0.36038753665164935,0.25143326089597706,1,interior
0.3803246986732959,0.1912013670797705,1,interior
0.35733911919310735,0.25488064457780657,1,interior
0.3798053037013811,0.18117972956005912,1,interior
0.9003003175804256,0.3254366064615352,1,interior
0.44426395745050223,0.09608257930290386,1,interior
0.37322545183397143,0.21958948802172168,1,interior
0.8664257398970054,0.14197563631486074,1,interior
0.35738144815778206,0.25162590972214677,1,interior
0.858672376605205,0.13404400598050073,1,interior
0.912210695795697,0.2812832257117009,1,interior
0.37389969164358305,0.22776108433616124,1,interior
0.44322438038187095,0.0975253787819406,1,interior
0.9099773274534418,0.24657224386259205,1,interior
0.8853467091704099,0.1620897310591869,1,interior
0.4517070775143379,0.08901549582624263,1,interior
0.3707996944046154,0.22412549100256215,1,interior
0.3794419205672895,0.19633350316714188,1,interior
0.3727594670081828,0.21772025053847047,1,interior
0.39093060424806286,0.1759029883645566,1,interior
0.824044659885425,0.1039528166186744,1,interior
0.36318683774518207,0.2631050739861646,1,interior
0.9114414227148948,0.29770814853750827,1,interior
0.8614946973600073,0.13386180645932025,1,interior
0.9086324117743676,0.2890293517552531,1,interior
0.909862829876438,0.2981517238616492,1,interior
0.36115470308749703,0.2500968718790394,1,interior
0.3607876498662978,0.26587755782291067,1,interior
0.375764696335375,0.22051635068997597,1,interior
0.3830662877669667,0.17661051488988652,1,interior
0.4598967398851743,0.08576326282630743,1,interior
0.3716510679102646,0.2199728248417285,1,interior
0.3771398270403267,0.21151071063156437,1,interior
0.37066305574357744,0.21798211223223887,1,interior
0.36199502065488126,0.27265881998421815,1,interior
0.9017948224812194,0.18447261770807188,1,interior
0.9141739995960275,0.28270260272122755,1,interior
0.8890116572369006,0.3759976578544537,1,interior
0.9050346326830099,0.24549425558671448,1,interior
0.3631264236444185,0.2737611104890158,1,interior
0.8307826209037186,0.105501784640437,1,interior
0.9055528928277139,0.26697326141577904,1,interior
0.3683372185857452,0.23909533888797097,1,interior
0.42320181408354135,0.11920520651768361,1,interior
0.9035329770490498,0.19240810394383176,1,interior
0.8018905888800092,0.08261177449514308,1,interior
0.37540708557833463,0.20302676464042244,1,interior
0.8951703859078438,0.1813162595613172,1,interior
0.3721100073684004,0.23295726910667278,1,interior
0.3812123657019323,0.20964177189338315,1,interior
0.8597631049754874,0.13920054528502893,1,interior
0.38415774128996416,0.17050898969463316,1,interior
0.43061482145415536,0.114335203982062,1,interior
0.3637376794857306,0.2674760717687998,1,interior
0.4550093108243098,0.09293934367732028,1,interior
0.388556199296742,0.16557017578592906,1,interior
0.7500509764488532,0.049399959831353424,1,interior
0.8289568261157447,0.10575167655089372,1,interior
0.375470337627043,0.21580542771988165,1,interior
0.8137849040554181,0.08991031929105116,1,interior
0.7875558070747903,0.06421055808194912,1,interior
0.41378919228431327,0.1260903411992926,1,interior
0.9027843862683399,0.31618118366442577,1,interior
0.9038185915345974,0.20063759735350467,1,interior
0.45549336656738443,0.08673136631745862,1,interior
0.7927884718063408,0.07428312200260238,1,interior
0.4253026782298587,0.11602848918024568,1,interior
0.36517770306561836,0.2830211448944398,1,interior
0.8926830257983088,0.3608939310507899,1,interior
0.8854157563599127,0.3790320626531165,1,interior
0.8589630689398741,0.12864025843075008,1,interior
0.40628414373411875,0.15204190449037613,1,interior
0.37966695575699616,0.19870473407501313,1,interior
0.3787811281141892,0.20177940934344277,1,interior
0.3899896118199611,0.16473101112694966,1,interior
0.3681140392311061,0.2798484082346476,1,interior
0.38045120662511855,0.20111972136120723,1,interior
0.757891788775021,0.058440466385927,1,interior
0.8996369807680581,0.21117131362172054,1,interior
0.42287658969912456,0.1156592078634882,1,interior
0.40959166214187387,0.13915631587485602,1,interior
0.8992679754474319,0.32240683312032586,1,interior
0.4606713305675622,0.08423190656967043,1,boundary
0.8551408953646737,0.1396222757879941,1,interior
0.8920426231635501,0.36443995271725194,1,interior
0.3987595640150529,0.15941323751742809,1,interior
0.9079787546816718,0.2874308984458509,1,interior
0.9041823623146462,0.23493057101369655,1,interior
0.761526439493084,0.05678126376312261,1,interior
0.8698425235788771,0.14436140931977795,1,interior
0.8997828140020134,0.31712552556421447,1,interior
0.8532471147843848,0.12185654946985519,1,interior
0.9080116915095704,0.24225101972165702,1,interior
0.8895158642977804,0.37448128764846306,1,interior
0.4035469122540795,0.15506007983773323,1,interior
0.420738830927666,0.12176876202928122,1,interior
0.900542689017495,0.3206861863573857,1,interior
0.8944952602068877,0.17799702976679513,1,interior
0.4091690507157633,0.13733617955516333,1,interior
0.8968456198968435,0.18320786615347923,1,interior
0.9099943621828639,0.24487362496386467,1,interior
0.3681048699694909,0.23618745516060594,1,interior
0.814322011467198,0.09713420350136459,1,interior
0.8652976690491497,0.1407270104294551,1,interior
0.36749299826752474,0.2716118266870236,1,interior
0.9099246223056718,0.24949805912898634,1,interior
0.9045062234164113,0.20486460196181258,1,interior
0.3967082745764847,0.15773388459146032,1,interior
0.4065401585543484,0.14734927532505063,1,interior
0.8222971243797509,0.10337122400507312,1,interior
0.3974297934694883,0.16997264909197593,1,interior
0.404443978281727,0.14530069834406162,1,interior
0.816318537434312,0.09412425082623097,1,interior
0.9082249534932924,0.2288179722275286,1,interior
0.38230909151113246,0.19776979020731864,1,interior
0.8880250390512655,0.1607466112519252,1,interior
0.8992562495994145,0.20800846327537661,1,interior
0.9038177109208698,0.23817135307749485,1,interior
0.4497910167093469,0.08915004775737545,1,interior
0.3641387310966844,0.2775170560316634,1,interior
0.9116573592505259,0.24862558102097884,1,interior
0.8597006758017726,0.12599005457797735,1,interior
0.43806418304120176,0.10583723048678453,1,interior
0.900004369093241,0.3560834265358595,1,interior
0.8359003147950682,0.10841596730843556,1,interior
0.8544179147045836,0.11608147996990946,1,interior
0.9053183612981474,0.23659913641331048,1,interior
0.38630802893476374,0.1804884091648394,1,interior
0.8932150907960866,0.18292799517209404,1,interior
0.9095957645398638,0.2518250047652357,1,interior
0.9071498795149328,0.31312835237400233,1,interior
0.38726776435896926,0.17765721555074157,1,interior
0.9024305492926001,0.34361559768951394,1,interior
0.36494360539555293,0.2893608699842002,1,interior
0.9065290069031016,0.2950446604992926,1,interior
0.8181708343720608,0.09976362251670538,1,interior
0.8606610665525137,0.13678261403012199,1,interior
0.8359793414933001,0.12102847266583408,1,interior
0.8737668341610358,0.15231644464516636,1,interior
0.8812148241961629,0.3818044092858558,1,interior
0.7667228012006128,0.05366709626141267,1,interior
0.36876088281847247,0.21938542715186993,1,interior
0.9072618283559989,0.2674653873794234,1,interior
0.3706022045962708,0.22644371266214564,1,interior
0.7729014294397795,0.058776322536923074,1,interior
0.9021573832268891,0.21082361283917883,1,interior
0.8923781708671259,0.18593405450892328,1,interior
0.9119221395115186,0.2900847608993672,1,interior
0.7707989477625158,0.05668084354670612,1,interior
0.752396397883196,0.05200862663926159,1,interior
0.8868107643870156,0.37965810451402154,1,interior
0.8526900852064873,0.12039292189842567,1,interior
0.9044894697929492,0.2708849550456345,1,interior
0.8066008506759443,0.08773355053298242,1,interior
0.8278871411200186,0.10407779428452696,1,interior
0.8105363764737837,0.08928203061135043,1,interior
0.7983131996564018,0.06987682216712165,1,interior
0.36393182322019596,0.285950599301032,1,interior
0.772205205816467,0.05593155003309088,1,interior
0.8780236088749085,0.1569784013783106,1,interior
0.9035972452217594,0.18461934434630775,1,interior
0.8840583213525245,0.1555800120563743,1,interior
0.910092271809044,0.2831387631911389,1,interior
0.3589587072178509,0.25822989761140486,1,interior
0.842551423732348,0.11356352107767845,1,interior
0.9039865352728574,0.23988197949963244,1,interior
0.7791274979808757,0.05813112110937547,1,interior
0.9105284365780527,0.2889074100674329,1,interior
0.9074994382332818,0.1980173085485754,1,interior
0.35973135282956675,0.26069672956232876,1,interior
0.36824094370428306,0.23432933608392362,1,interior
0.7974605349464038,0.07961625893541599,1,interior
0.8611517770450431,0.12719720648759722,1,interior
0.8206712500364524,0.09635598504250516,1,interior
0.38464195390024086,0.1675959640978953,1,interior
0.36363198836983135,0.2827947831125287,1,interior
0.8957745082423928,0.18492820557108317,1,interior
0.9044070545751468,0.342085196518394,1,interior
0.9005808229302202,0.20953503392208428,1,interior
0.7628700192875681,0.05541337244766876,1,interior
0.887445851102267,0.3764569460501569,1,interior
0.37796044449858496,0.2036082934262414,1,interior
0.7998501023986282,0.07846532773302459,1,interior
0.8910804787682208,0.37274457938521444,1,interior
0.9094636124074974,0.3069825905647429,1,interior
0.8917096914558937,0.36272077630455163,1,interior
0.904069146816225,0.34437044507651154,1,interior
0.8990106978098122,0.2129615470097318,1,interior
0.8998300295217643,0.3500094834665957,1,interior
0.4002811545067638,0.15888409234165968,1,interior
0.3588983509516076,0.2699005860344799,1,interior
0.9058907885867755,0.1905820177213165,1,interior
0.7662196945634119,0.05892420502615684,1,interior
0.3754174703949235,0.21169653094121935,1,interior
0.748672913894524,0.04804374581068947,1,interior
0.3763555533093621,0.23100924307847712,1,interior
0.35683427544361374,0.25944432513453053,1,interior
0.8685478080791466,0.1410403564019246,1,interior
0.9125038437503721,0.30522639503131566,1,interior
0.4036862880561645,0.15251762131922217,1,interior
0.8993068755184992,0.23373355139540988,1,interior
0.3576664704681711,0.25672277750226924,1,interior
0.9138812550645325,0.304218499927018,1,interior
0.8959048967170097,0.21112281563539415,1,interior
0.9097622556371543,0.30081417513757486,1,interior
0.8120590741554384,0.0939062801141803,1,interior
0.8722941389437242,0.14455479207106497,1,interior
0.37804133589515837,0.19950190672415935,1,interior
0.4178185167315992,0.12245721529558498,1,interior
0.908592581096375,0.31240324686156634,1,interior
0.3624629782618416,0.29015529747993585,1,interior
0.3667262372479237,0.23875604233446054,1,interior
0.3590724008496362,0.2720899006670562,1,interior
0.37469664120304075,0.2143958386218247,1,interior
0.9087578874679028,0.24817075325353585,1,interior
0.9140266746460692,0.30718315808654634,1,interior
0.8878230720411202,0.347383804343164,1,interior
0.37386131295021924,0.2160643375298542,1,interior
0.8541840313809135,0.12531675349012297,1,interior
0.38370039577399306,0.18048084592005564,1,interior
0.9018854125719216,0.33059369548812756,1,interior
0.9025841374353258,0.3462942463673196,1,interior
0.9098767982080944,0.22782632676455644,1,interior
0.8968006023331739,0.17870581652516146,1,interior
0.9060747623129947,0.2700590469401102,1,interior
0.7846117337337634,0.07826371227832202,1,interior
0.3945038550590736,0.15998914002526643,1,interior
0.3678023723120471,0.23136557681308043,1,interior
0.8329700890441772,0.10525062515658495,1,interior
0.880337025348923,0.15286555088660458,1,interior
0.40133542853778537,0.15778785444334445,1,interior
0.4336058683710231,0.11030560244320112,1,interior
0.3769101105135578,0.196666263613151,1,interior
0.3721874170012264,0.21334480048028123,1,interior
0.8986832974923792,0.21903047415309948,1,interior
0.9046243122890041,0.330408736107302,1,interior
0.37295454990083576,0.2463182972427808,1,interior
0.8463484512488196,0.11215755778614393,1,interior
0.4330290324744367,0.11538030416190788,1,interior
0.36258941911013903,0.279850523113083,1,interior
0.8581936398097064,0.1231707235107099,1,interior
0.7526447099124075,0.04932734743299871,1,interior
0.891114850244346,0.16736653968113166,1,interior
0.7745210388507392,0.056039189649510636,1,interior
0.808721006487006,0.08701249844961718,1,interior
0.7863993074063886,0.06245468760299079,1,interior
0.8946422673824159,0.22017102618903414,1,interior
0.40329267600197266,0.1442996714813563,1,interior
0.3608368808236673,0.2747497272635057,1,interior
0.3832659349759603,0.1824986002430963,1,interior
0.8391203029674621,0.11087184825955776,1,interior
0.9049143091679632,0.33659333169988637,1,interior
0.4330199534094922,0.11179492741055722,1,interior
0.7644383672352251,0.055404403983667805,1,interior
0.8885474811523251,0.37934640097629346,1,interior
0.36213707580235666,0.2759747107067688,1,interior
0.36813907637601334,0.252123847768577,1,interior
0.37066472092635616,0.23159226231989088,1,interior
0.7574160848168935,0.05619390012120287,1,interior
0.37595090669106196,0.1992379367001114,1,interior
0.7651804992127007,0.05388713938839935,1,interior
0.9098253141015896,0.25334335358819515,1,interior
0.8295087538525162,0.10762689011315024,1,interior
0.8130596558757334,0.09526040022906951,1,interior
0.901588707885502,0.3185711170105386,1,interior
0.42005969548379946,0.11947934909855094,1,interior
0.9138094588789895,0.29217416249602285,1,interior
0.9071708375198468,0.23804830835672544,1,interior
0.8861416008229118,0.3815238893551476,1,interior
0.8999648714335909,0.21532255910700218,1,interior
0.4639425753663645,0.08510186056947372,1,boundary
0.3649431442898276,0.24275916012028512,1,interior
0.7886947919939622,0.0680627874332795,1,interior
0.3720738195845851,0.2156189267596654,1,interior
0.8997165622745779,0.18428734516175857,1,interior
0.36176200060911623,0.28712184972864285,1,interior
0.9082867732115772,0.2849682276019262,1,interior
0.8834406195111322,0.3802202945993495,1,interior
0.9050073499564929,0.2335505244555146,1,interior
0.3664654522713199,0.24047896193747006,1,interior
0.362032792316901,0.27771437370881036,1,interior
0.3657225356777882,0.28800971785373575,1,interior
0.8618406500671529,0.12894454727541893,1,interior
0.3715040052085231,0.2108647539747198,1,interior
0.8967890155690735,0.21391816665175092,1,interior
0.7782984267403164,0.05617551216550017,1,interior
0.3790921277264181,0.20864367357840996,1,interior
0.35931732378420883,0.27427690964396306,1,interior
0.3988280436963938,0.1570882755542808,1,interior
0.38064705300330265,0.19743985112210527,1,interior
0.38090778427081257,0.17747384614514283,1,interior
0.4140232791304481,0.12392614970307585,1,interior
0.9033755782892477,0.3190792997987508,1,interior
0.7706836732244783,0.054934288670435316,1,interior
0.888916164434124,0.1552307421151757,1,interior
0.8155910503134428,0.0980596587057576,1,interior
0.812148564200102,0.0976493308410439,1,interior
0.8803220207999909,0.38316961395833166,1,interior
0.3848330189600538,0.17762267250709082,1,interior
0.4075400337821863,0.14086481164771267,1,interior
0.8937106844749146,0.3631327356706016,1,interior
0.8886535274776685,0.38147000710788914,1,interior
0.8932018098155234,0.17384537166460406,1,interior
0.9100676281541212,0.19286571236004432,1,interior
0.7706366734257948,0.05339226188453121,1,interior
0.9127532299245599,0.2934386312935611,1,interior
0.9020276408646376,0.18177959327141682,1,interior
0.909016337656108,0.3093893506079927,1,interior
0.8605666501431344,0.1351495457810882,1,interior
0.4136117122183719,0.12850895393674872,1,interior
0.36384115612185647,0.2812003602584435,1,interior
0.36500238255434675,0.23920098486819433,1,interior
0.3628249021671103,0.25082438170928084,1,interior
0.9075078125118213,0.3294880162236683,1,interior
0.9055178322082947,0.2032193123533444,1,interior
0.8887409982650942,0.15913153293264923,1,interior
0.9068513973529018,0.23098913263964735,1,interior
0.35828962736437897,0.2602166668036062,1,interior
0.8610051795649418,0.1218213929736136,1,interior
0.8857866379934446,0.1550622807451879,1,interior
0.749109621259933,0.04482979572672832,1,interior
0.41494637503554427,0.12202865986415427,1,interior
0.9078405988622301,0.23591936826975865,1,interior
0.3648242169496149,0.24757312290756292,1,interior
0.7617645564497568,0.05417042791295254,1,interior
0.3790255710943734,0.1938213793787966,1,interior
0.9073726651896526,0.20315145155888886,1,interior
0.9098963096775713,0.2949696381256337,1,interior
0.37556125658851247,0.2989299890717804,1,interior
0.8778221487520337,0.3840607534719042,1,boundary
0.3663205421234966,0.23594432764957363,1,interior
0.8625637607313204,0.12470853578694101,1,interior
0.39023609059069403,0.1624200052355496,1,interior
0.3890214019961248,0.19247729833921573,1,interior
0.37102512231782037,0.22188746573011423,1,interior
0.9025825881841782,0.21975288035778956,1,interior
0.4079645687648561,0.14244209664630916,1,interior
0.8448614489874573,0.11114621278913825,1,interior
0.3785394898592122,0.19757160634712523,1,interior
0.9040768209890832,0.2127528267214026,1,interior
0.7631280990509625,0.05700233963541756,1,interior
0.7513733794339634,0.047852316109214914,1,interior
0.9072175747380058,0.20484927369500303,1,interior
0.41749463588992203,0.1198446367483807,1,interior
0.3567648927679481,0.2736647173088539,1,interior
0.9011237125514626,0.3488144991560106,1,interior
0.3634291041067874,0.2923684514521512,1,interior
0.36670382684195213,0.2331468449119767,1,interior
0.7632537889302056,0.05368312369767071,1,interior
0.8521657376532655,0.11782434647725888,1,interior
0.8316295742318023,0.11025902052817023,1,interior
0.8809638681363164,0.3846422352315307,1,boundary
0.3762779786913986,0.207643330386842,1,interior
0.8359051869505322,0.1063448983686767,1,interior
0.9021095081383925,0.24411452698409036,1,interior
0.7444819950472145,0.05010229462617008,1,interior
0.4125123102472564,0.12969201887769885,1,interior
0.39441656429457583,0.15720182136740196,1,interior
0.3660713634669696,0.2313721262449872,1,interior
0.8009981229152895,0.07443910557440755,1,interior
0.3785318161561763,0.19131644367666376,1,interior
0.8971209828578897,0.21018078554057995,1,interior
0.9011552279560191,0.21919085439828487,1,interior
0.9148254643817141,0.2807320869198227,1,interior
0.8886317413524502,0.3833430292173647,1,interior
0.8575270515291697,0.1293860051384859,1,interior
0.3764977329632598,0.2012154487029169,1,interior
0.36320194346085016,0.2459460165974489,1,interior
0.8042535158593966,0.07994842200497759,1,interior
0.849777129092319,0.11491835776149466,1,interior
0.3825074321770688,0.17041630888098094,1,interior
0.9108828378393249,0.30976228056102834,1,interior
0.907718264809618,0.25638043550352546,1,interior
0.3555223128646689,0.2573334103323871,1,interior
0.8610819581517427,0.12359918258888201,1,interior
0.3692651180904692,0.22155735805855672,1,interior
0.8983656202030266,0.1825648929633521,1,interior
0.8896435941320257,0.16054738242292976,1,interior
0.8689441154436449,0.14260432539847695,1,interior
0.9046985831994034,0.18911553168621675,1,interior
0.8941874003057269,0.361638303817687,1,interior
0.7827898699323279,0.06176476227998766,1,interior
0.9000343081063175,0.318730846262043,1,interior
0.9108477479865109,0.3080760049271191,1,interior
0.9062477459128064,0.1988833135930498,1,interior
0.800032944900778,0.0710460129006524,1,interior
0.8809351241613768,0.3801897332621046,1,interior
0.9084047955023113,0.259712869251684,1,interior
0.8049888889495913,0.08774870162643596,1,interior
0.391864781296427,0.15921198353252172,1,interior
0.8967324859588238,0.36295568879772655,1,interior
0.8873694770515036,0.15540410077446135,1,interior
0.4240451014851298,0.11773106971414031,1,interior
0.9027637004428521,0.33208007878611867,1,interior
0.8848713046752514,0.38302528042706585,1,interior
0.3903579913944968,0.160324380353176,1,interior
0.902250661624689,0.3554699600986091,1,interior
0.8040843470098609,0.0843862298413325,1,interior
0.9118999823625028,0.30678108651346947,1,interior
0.9093700421296022,0.20162266724506542,1,interior
0.9073145967492414,0.18855691606550024,1,interior
0.8923946668519326,0.3750125853764424,1,interior
0.39580069261244166,0.1565133378358522,1,interior
0.9088909522422624,0.2686149635236484,1,interior
0.8815760467396734,0.15154651919549095,1,interior
0.4119672593339386,0.12329604077916571,1,interior
0.40458267674523085,0.14228435899937525,1,interior
0.38605711965582545,0.16693195144193018,1,interior
0.36543026896516956,0.2371780380776231,1,interior
0.36197748816919056,0.28266759119378865,1,interior
0.7597945246706831,0.056224844869201,1,interior
0.859936794695124,0.13269685970513972,1,interior
0.8635363049440753,0.12717651718188594,1,interior
0.38513613092905763,0.17168845687653878,1,interior
0.907518740973804,0.22278765981279677,1,interior
0.8917472865389634,0.3764299745084242,1,interior
0.9134597575708281,0.29017963712532413,1,interior
0.8404924750220599,0.11013801640954425,1,interior
0.8980713849187696,0.31941046693302017,1,interior
0.7555728574875026,0.055884921864768136,1,interior
0.8928345417722695,0.1676373640624467,1,interior
0.9061501394392197,0.19446033881942498,1,interior
0.3645490960807041,0.23568093858370384,1,interior
0.8900528030124436,0.32589252448177874,1,interior
0.3811343181832965,0.199245461387469,1,interior
0.4076486744091587,0.13741203118784792,1,interior
0.36008787297890665,0.28707614152210414,1,interior
0.8647645004781146,0.13817319661331703,1,interior
0.4013666735756056,0.153349094004878,1,interior
0.9066374350021363,0.30800380751672,1,interior
0.43287464318628743,0.10491091119686304,1,interior
0.36284854451030507,0.235570465355447,1,interior
0.45089409509130013,0.09357768591500433,1,interior
0.9022909458066776,0.32069415222673353,1,interior
0.8996768145592876,0.1813785723850699,1,interior
0.8374799116558268,0.11085210530562548,1,interior
0.907716909331137,0.2772501669491444,1,interior
0.9048139636844309,0.34038042887588815,1,interior
0.42494298284937326,0.11443887462934756,1,interior
0.3631043437158606,0.28815420699657884,1,interior
0.9026107853635404,0.21324536936226357,1,interior
0.830804672783695,0.1036124013017541,1,interior
0.38747276987985724,0.16325061254680143,1,interior
0.4348367084574215,0.10374192524922764,1,interior
0.9099359561878003,0.2626163698334229,1,interior
0.882677751516544,0.3825530652645268,1,interior
0.9114334488722774,0.2562946352057976,1,interior
0.360526677129969,0.271276974459387,1,interior
0.36467775750747694,0.23277604849097633,1,interior
0.8464564875838528,0.1169787640163106,1,interior
0.9009640261991821,0.21241896422698786,1,interior
0.8945999296166158,0.3590956313936522,1,interior
0.8120766133986245,0.09997040195448992,1,interior
0.3554367267919543,0.2550750643832342,1,interior
0.7537952251653893,0.05121954950296161,1,interior
0.9079930281523532,0.1964874432346776,1,interior
0.7989073838464537,0.0670882895477235,1,interior
0.9043260591676024,0.21087440575767402,1,interior
0.36499408407989997,0.24096651859901677,1,interior
0.8961430343309457,0.3614228692057167,1,interior
0.9082865116880173,0.23430130351556566,1,interior
0.4171591302810671,0.11756751009244235,1,interior
0.7600126865134186,0.054584011162521665,1,interior
0.37583562517304375,0.2045337706288376,1,interior
0.3808558555138343,0.18321943687146816,1,interior
0.8242108635214717,0.10168640199598432,1,interior
0.911144598557559,0.2295655188347216,1,interior
0.3965067204898029,0.15458452102569972,1,interior
0.908015018323614,0.29471560522933604,1,interior
0.36453627013330997,0.2939012379974699,1,interior
0.9126892089440091,0.3090743581236375,1,interior
0.7974323086937513,0.07330799592514395,1,interior
0.9071806325220957,0.34205965059677973,1,interior
0.36688921656877255,0.2189593462579652,1,interior
0.3614067485235178,0.2847538679868781,1,interior
0.821845806867409,0.10088425494187299,1,interior
0.8760451012832967,0.37759858433092935,1,interior
0.9091593279322038,0.3417762218276847,1,interior
0.8863036446132307,0.3836099214259038,1,interior
0.904942464403074,0.2091538590447621,1,interior
0.9033492014118013,0.21481272090387937,1,interior
0.39838604884732914,0.15561145375348248,1,interior
0.4110842319994702,0.1275366010236169,1,interior
0.8072171990756651,0.08584165473227857,1,interior
0.8962234017917746,0.17717782920569985,1,interior
0.45215963773644874,0.08650082802558326,1,interior
0.9152364383104202,0.30495862628529685,1,interior
0.8655117451286828,0.1258260584996985,1,interior
0.7968222313251697,0.07808013495110158,1,interior
0.4520479985788224,0.09158960144128878,1,interior
0.8017946545680267,0.07117682892120736,1,interior
0.8439602319389357,0.11283353070702641,1,interior
0.9110433823457742,0.26579577760875794,1,interior
0.8993988960205758,0.3241237619399683,1,interior
0.8993106960598459,0.3628163837515725,1,interior
0.7482665632169624,0.04079726429981628,1,boundary
0.8825935952632318,0.38425552438500654,1,boundary
0.4045829469255187,0.15635409370250664,1,interior
0.44616079348948373,0.10040272998689952,1,interior
0.43360600047458714,0.10629174187427651,1,interior
0.8744529977071106,0.1482059490905015,1,interior
0.7762757850106251,0.056024642159697303,1,interior
0.4006578569725342,0.14445295205987904,1,interior
0.8191743225154897,0.09765931781389124,1,interior
0.9033709881650785,0.33592841574688426,1,interior
0.3795117597142137,0.18507075108410426,1,interior
0.8165474330172855,0.09256008796706174,1,interior
0.37734775589687336,0.19455188893868264,1,interior
0.8055992446426871,0.09171201300825992,1,interior
0.4299435059788617,0.11582830642317653,1,interior
0.8643040024549858,0.12426932736746213,1,interior
0.4159618136911329,0.12080439555790996,1,interior
0.357340800256091,0.26896891665798256,1,interior
0.8258580108843901,0.10177142706951538,1,interior
0.3732601823000457,0.21048743678884613,1,interior
0.35778368592878457,0.2709748646308843,1,interior
0.8674213139693606,0.12356900398415707,1,interior
0.9070773609874218,0.3401139752521204,1,interior
0.36033848812113384,0.2895603932258511,1,interior
0.8867282905672829,0.1641146706414484,1,interior
0.41155415781983257,0.13406456196358738,1,interior
0.36542239401074106,0.23421709611801764,1,interior
0.8588980278654789,0.130669622741693,1,interior
0.8978973376260462,0.3530682700688614,1,interior
0.7986229004926726,0.07744122818029438,1,interior
0.9058493291868381,0.3428686486079691,1,interior
0.9116871471840118,0.26108177309147584,1,interior
0.9151657618509635,0.2787258278741003,1,interior
0.8525362081904071,0.11272019581461647,1,interior
0.8059141033021685,0.0835864961286965,1,interior
0.8899350273936705,0.3716868922947636,1,interior
0.36920465535291475,0.23214247648104755,1,interior
0.384562164567031,0.16397083542183932,1,interior
0.8982536459348479,0.17994212075733235,1,interior
0.9155818868335653,0.3078928964952702,1,interior
0.8983299336723303,0.21720245293207058,1,interior
0.4322155221812051,0.10954786526551961,1,interior
0.3711277556459818,0.22972119852855075,1,interior
0.791283529243416,0.08918346829798937,1,interior
0.8827462769696615,0.15374262737645322,1,interior
0.9130247707693044,0.3112587790470804,1,interior
0.44714830008746537,0.095364635976636,1,interior
0.41527136204959053,0.11911109119742644,1,interior
0.36223589012746704,0.2957584082250314,1,boundary
0.8542126645121171,0.11428411787250385,1,interior
0.4529417735540043,0.09738379269756754,1,interior
0.3865347175400047,0.17071912808143094,1,interior
0.8755159091044077,0.15120885982473586,1,interior
0.907173494388385,0.27256445598449636,1,interior
0.9059375516296415,0.27420309401747783,1,interior
0.9092175737377767,0.28651952401266423,1,interior
0.7943885288817716,0.0685851378584985,1,interior
0.8859179821206535,0.18424115668489838,1,interior
0.9052006346824721,0.18600616736443043,1,interior
0.4136923623472217,0.11777583314019006,1,interior
0.40541605605558545,0.1440251438675405,1,interior
0.8910964509457896,0.1620541099901724,1,interior
0.4179117157633575,0.11562082375734506,1,interior
0.3994157452983935,0.15385652906429279,1,interior
0.36731157355145977,0.2209304946202689,1,interior
0.8622799064732081,0.13693680259213553,1,interior
0.8538517121613998,0.11885138293369954,1,interior
0.390194813710663,0.15840558857117257,1,interior
0.8917391414415076,0.1552840878164515,1,interior
0.4088640909868832,0.13466763783665153,1,interior
0.37609387275109935,0.2095547120105043,1,interior
0.9074658309800229,0.27553553453953383,1,interior
0.8045143843339714,0.08145155807093821,1,interior
0.37785680246638065,0.18561637888731766,1,interior
0.36446174591325065,0.2969473708796733,1,boundary
0.89272076469842,0.3681745654828598,1,interior
0.9091478057050181,0.23720445130893977,1,interior
0.8550304098649858,0.12232311354646194,1,interior
0.9071763459362522,0.3449895526281673,1,interior
0.8038813735406752,0.0859826019840701,1,interior
0.7843408081618715,0.06172937537102512,1,interior
0.867032788244711,0.1395583870038149,1,interior
0.9052205547029247,0.3164376212571629,1,interior
0.908797273577783,0.26686396460919926,1,interior
0.912629558079487,0.27408521006543834,1,interior
0.7904964871580389,0.06587150866288445,1,interior
0.8882819206905628,0.15694433819854836,1,interior
0.7540537145462142,0.05349703962524394,1,interior
0.410716068828369,0.130050030642061,1,interior
0.8457342287247404,0.10953423091460567,1,interior
0.4148699194571244,0.13995473184290402,1,interior
0.897609802138435,0.2116449407494385,1,interior
0.9023996942749951,0.26914845585193153,1,interior
0.38609098638461026,0.16513091941699268,1,interior
0.3751326404122445,0.19505529468598523,1,interior
0.8873591101692826,0.38496731495985514,1,boundary
0.756507161711621,0.05256166457660651,1,interior
0.8976642242831433,0.3545802556563991,1,interior
0.3572110174600248,0.2761962643676566,1,interior
0.8900418391105889,0.16357499197976522,1,interior
0.37461393808333693,0.20851189743636533,1,interior
0.8797985542821881,0.15000724474080773,1,interior
0.408002417000185,0.13324499890643032,1,interior
0.9152046398391647,0.3095231183831005,1,interior
0.41093183623916874,0.13766080529205318,1,interior
0.9111846479588345,0.26402759064062276,1,interior
0.9007266807284167,0.32297741672332697,1,interior
0.8487014033872866,0.11180446088214384,1,interior
0.36331347540143727,0.23970575512504583,1,interior
0.4503647310864023,0.0952887197920516,1,interior
0.36604153013882845,0.2221896215297319,1,interior
0.9045062258102217,0.3329535169269501,1,interior
0.8934222441683726,0.36508009173159933,1,interior
0.3535428262798996,0.2679766185451495,1,interior
0.44399864910570813,0.09956603944393976,1,interior
0.37987332901966686,0.1895741423855899,1,interior
0.7118408637575862,0.04793635739233381,1,boundary
0.8986542537694456,0.17684861655183012,1,interior
0.9096102318832305,0.31119685401492625,1,interior
0.3634168853142666,0.24410583874406025,1,interior
0.3687937484475827,0.2256411743012237,1,interior
0.9028573751633346,0.34835423914107577,1,interior
0.371024749720646,0.29499436362131365,1,interior
0.9073133028832631,0.33147103895914914,1,interior
0.7804559066333502,0.05445732965185331,1,interior
0.3626979810624917,0.2333158282975443,1,interior
0.3563166331256836,0.2714639433159209,1,interior
0.42358966469935794,0.11358627971661918,1,interior
0.35897616558843504,0.268335645302829,1,interior
0.3746368574933558,0.1965729294450733,1,interior
0.8384164883424968,0.10877674378056025,1,interior
0.9096393421773932,0.32872701233948654,1,interior
0.35662440138553164,0.2668352481027841,1,interior
0.9008105326510327,0.21693992369181136,1,interior
0.9118949317021277,0.24612093972737073,1,interior
0.35558914623209664,0.26878481202547183,1,interior
0.9054496864176416,0.33822282525689723,1,interior
0.41210795600871786,0.12575375529266822,1,interior
0.7530843401625682,0.04621085075301216,1,interior
0.9123210403349888,0.2959022328274101,1,interior
0.8715706823415177,0.14191697545346602,1,interior
0.3776793138663984,0.19002533809050676,1,interior
0.4424748635632177,0.09956403212287845,1,interior
0.35706505503872854,0.2611845447882492,1,interior
0.40594583327290457,0.141087884698076,1,interior
0.4128054105516194,0.12026022029233786,1,interior
0.4002360625087512,0.15559869946636837,1,interior
0.8991908271103456,0.3542857478249648,1,interior
0.7506571684788426,0.044293040584416486,1,interior
0.902523763004005,0.35057242371747205,1,interior
0.35505414086819836,0.2705732712501556,1,interior
0.8902505938807306,0.38186204582206495,1,interior
0.37845704811972464,0.18347683071541268,1,interior
0.3543082651073576,0.26066485165215025,1,interior
0.8709559994002833,0.14051125824831873,1,interior
0.9099265984465877,0.24279813408349143,1,interior
0.8771348045561738,0.151285918495959,1,interior
0.8436203484661264,0.10984545593479045,1,interior
0.38879125779904683,0.16115056823874263,1,interior
0.8067587774900614,0.08167316486788122,1,interior
0.8861464333525586,0.15888755008598437,1,interior
0.45398879294147443,0.0861653561281941,1,interior
0.3547058789704177,0.2727188839780431,1,interior
0.800585018577715,0.07660819398640034,1,interior
0.8840682036849651,0.1525932356354219,1,interior
0.8841377798689066,0.38168137449921147,1,interior
0.35969958818102055,0.28473006068916196,1,interior
0.9077971884243178,0.27110664033385823,1,interior
0.40210079212594674,0.15638684491301244,1,interior
0.44128206063588704,0.0968304347836173,1,interior
0.7500994270490075,0.04271046289763565,1,interior
0.8907546907512571,0.159484763306792,1,interior
0.3599613040689355,0.26361240023794863,1,interior
0.9063730312316972,0.23518673912285418,1,interior
0.9051862723514716,0.21400405279860613,1,interior
0.86732230038298,0.12697499685364474,1,interior
0.8733158044863207,0.14099095259593836,1,interior
0.35524328761984525,0.2592589458215266,1,interior
0.8744575761012064,0.14995806912753382,1,interior
0.9037577806839003,0.31741907860739244,1,interior
0.761218852125587,0.05272473563420924,1,interior
0.8948965540566082,0.37525385546935974,1,interior
0.36772618018749564,0.22924474136874767,1,interior
0.8371820565342426,0.10734796167446727,1,interior
0.7554441121421621,0.054185322288027575,1,interior
0.9093692025495935,0.19874533394371846,1,interior
0.4484188211844401,0.08830113192406255,1,interior
0.4310522190632926,0.10471888685187149,1,interior
0.9127067085298353,0.27247962333387715,1,interior
0.9129189201175768,0.28401774480284236,1,interior
0.40059396653793033,0.15192600228138609,1,interior
0.4290588154831416,0.11396475998028936,1,interior
0.3685115448637123,0.22342979740804675,1,interior
0.8997135641212979,0.17887421216466876,1,interior
0.3916499238710151,0.15741872650256453,1,interior
0.832485729930506,0.10372896936259852,1,interior
0.8605060002560617,0.13092369256418565,1,interior
0.902959987331298,0.21789728164377203,1,interior
0.8034339892305029,0.08254285407707004,1,interior
0.8238298159488007,0.09878176068687715,1,interior
0.9105849534119661,0.23894621673529257,1,interior
0.9080208822626237,0.33744586982615715,1,interior
0.45045944520515513,0.09709633559346896,1,interior
0.9108970062184001,0.33650277111400984,1,interior
0.9066039153622174,0.3153746603220528,1,interior
0.9012685202132613,0.3166000414620533,1,interior
0.9057511981772758,0.2065328464508928,1,interior
0.9018026968676675,0.2153457193741811,1,interior
0.912211524381049,0.28606206783654803,1,interior
0.9069216864680997,0.2326594911895664,1,interior
0.9065457285492192,0.18355788361554742,1,interior
0.8809682220676232,0.14887377318418252,1,interior
0.7571042847100026,0.05427384741689537,1,interior
0.36966332593843326,0.21493532050871372,1,interior
0.36912578173351074,0.2174383659816702,1,interior
0.45480516979656344,0.08474244983172827,1,interior
0.9062633753716887,0.32808387184396826,1,interior
0.8974910286561718,0.36023092079240054,1,interior
0.9017335770822431,0.3241359973063904,1,interior
0.9085095677864249,0.3275744177821857,1,interior
0.7969315443653764,0.06807446601174894,1,interior
0.40440207755770835,0.14918264738830506,1,interior
0.902758109798141,0.2093107132962343,1,interior
0.9150850670796622,0.2845056674758145,1,interior
0.906387353582244,0.21261230559186314,1,interior
0.7950552551043668,0.06701330210706623,1,interior
0.37733047814287907,0.19266945865628593,1,interior
0.4326117817156434,0.10794422936559693,1,interior
0.7528977923297093,0.04340898260183613,1,interior
0.9134413728459018,0.2881416759269187,1,interior
0.7545689479988809,0.047473680105440334,1,interior
0.9038150738699348,0.18127477715520898,1,interior
0.764319019846504,0.05221045253737488,1,interior
0.40429712568930565,0.14726866332510583,1,interior
0.36528323623707076,0.22946269077882686,1,interior
0.36400041700563784,0.23059917001551333,1,interior
0.9101640982355745,0.2851902354045543,1,interior
0.3734825830524494,0.21228685080185278,1,interior
0.910220059655145,0.33851205207710267,1,interior
0.38090640038511514,0.17579914351627451,1,interior
0.8907963710622032,0.15745771105057366,1,interior
0.8006334122375653,0.07290397826093138,1,interior
0.9018602790233979,0.3257951936924813,1,interior
0.9135162888584181,0.2476880891660044,1,interior
0.9149811379329713,0.2771434355869374,1,interior
0.9140544984296858,0.2962112106251209,1,interior
0.8041524462875285,0.09396090954745327,1,interior
0.7965231637546091,0.06549689995893584,1,interior
0.7675009340231381,0.055078333691120654,1,interior
0.3625860150688017,0.23153892883294203,1,interior
0.9064072672944271,0.19623032664521045,1,interior
0.4119375876478564,0.13143716252646034,1,interior
0.3634818898777952,0.25259445435619277,1,interior
0.4032132443735744,0.1502586544418775,1,interior
0.9088469028221725,0.2744022605662122,1,interior
0.363520978081121,0.24936952005089966,1,interior
0.36981855902865224,0.22868645082986114,1,interior
0.37408629638956065,0.20565655796835552,1,interior
0.9050963578554395,0.3461131718386357,1,interior
0.40608716586485727,0.13926935361118623,1,interior
0.3624790307397622,0.29405982032928507,1,interior
0.9005471170539757,0.1826800600153712,1,interior
0.9145049653039857,0.2603533427444379,1,interior
0.36110420080218447,0.28124157989594584,1,interior
0.38241060076667205,0.168788535284812,1,interior
0.8690246765458581,0.12230664504434488,1,interior
0.9025690887200518,0.17887959975452872,1,interior
0.8967798861085713,0.18145742349757377,1,interior
0.865767307135181,0.12768984789640453,1,interior
0.9108612290752279,0.2728719416418557,1,interior
0.901325630627612,0.35171428994374454,1,interior
0.9057487263217893,0.1818600475476217,1,interior
0.8764370271175703,0.1528854768178391,1,interior
0.9101498657598849,0.2307274599660935,1,interior
0.3614915897930544,0.2924437809462665,1,interior
0.8642163079012494,0.13278153763520126,1,interior
0.7992146331445206,0.0743709824280544,1,interior
0.8961311683433245,0.359534199837865,1,interior
0.8076019073885597,0.08945085808148048,1,interior
0.3532261866797988,0.2744706365809907,1,boundary
0.8022647618758888,0.0753875765810045,1,interior
0.893858530246234,0.3764525509202502,1,interior
0.8761975323084563,0.14902559125613205,1,interior
0.8944402505778951,0.18576521242623398,1,interior
0.903720167815241,0.20646333538153588,1,interior
0.9055048667075429,0.1793494790653962,1,interior
0.9122218054319577,0.2625957237875575,1,interior
0.896669483069975,0.17465396745558157,1,interior
0.3669615395396521,0.21703800224485267,1,interior
0.7728509236873178,0.053842749786399545,1,interior
0.4043768214937867,0.13861168600043877,1,interior
0.36682229751933026,0.24871398023780203,1,interior
0.38443847662256314,0.16593329612968427,1,interior
0.839053540883028,0.1071510647956386,1,interior
0.3553296792922587,0.2742774303769136,1,interior
0.40701045818542425,0.1351271085835042,1,interior
0.41285705826668223,0.11498449262704474,1,interior
0.9096697059357803,0.24124627100881577,1,interior
0.8751687272502279,0.14454694830111206,1,interior
0.9137936898915446,0.28581224092570123,1,interior
0.8908020686297807,0.3851598453978675,1,boundary
0.912359351180991,0.3292569824616905,1,interior
0.9137625997613747,0.31370507736034003,1,interior
0.8738788156011155,0.14320973780331148,1,interior
0.8841887583241334,0.150077408726907,1,interior
0.9054953566815083,0.2319845269149235,1,interior
0.808361861132587,0.08315129198733393,1,interior
0.903262469052534,0.18307837997601878,1,interior
0.9072977179169674,0.22702986279318804,1,interior
0.9149857130386456,0.27535809668576655,1,interior
0.8706041574354297,0.12387480119700958,1,interior
0.406914560147767,0.13204892049684,1,interior
0.7981234577576588,0.07588709190277546,1,interior
0.8984239375186743,0.21464294543727222,1,interior
0.9065496043199559,0.33575029992626165,1,interior
0.9084661513196467,0.34324284318662407,1,interior
0.9043843190363368,0.32728274423596676,1,interior
0.906166203116421,0.3260378761919182,1,interior
0.7939509791002297,0.06575954448947062,1,interior
0.802968790723697,0.07703506466078808,1,interior
0.3804499506905927,0.1688625559895562,1,interior
0.8925651373115737,0.3712222246443923,1,interior
0.8758039763608482,0.14677602624685349,1,interior
0.804308952391094,0.07419351156013781,1,interior
0.3561542879140732,0.25032560206077564,1,interior
0.8949309294079801,0.3641891857372429,1,interior
0.45409461465260686,0.08199864836262277,1,interior
0.9000831206765945,0.358059542373502,1,interior
0.8679953742894027,0.12541807611404396,1,interior
0.8223141109447655,0.09917244777830228,1,interior
0.37472521321885277,0.19816952641968977,1,interior
0.8925724950033872,0.15845663219108996,1,interior
0.3576313557759274,0.28440466947384974,1,interior
0.8123617923088801,0.08654891385280707,1,interior
0.8729161435638368,0.12513885105160885,1,interior
0.8639798763500908,0.13584416170304994,1,interior
0.4392840924605323,0.09524293489874026,1,interior
0.7685930564780312,0.05222480689641764,1,interior
0.4311620257860889,0.11206439599328086,1,interior
0.904591595406079,0.17663907035208995,1,interior
0.8923700115975789,0.1658256937012352,1,interior
0.37353711123709055,0.19349975169415656,1,interior
0.3539959976163248,0.25646049521956676,1,interior
0.4034891606858948,0.1403877498895373,1,interior
0.9122903010309371,0.2595454143169527,1,interior
0.35282660217714873,0.2712373341990369,1,interior
0.8034723686810242,0.07861662406306755,1,interior
0.8919621514438985,0.17053634688790376,1,interior
0.8289816492997116,0.10264680717074841,1,interior
0.908180992755933,0.28198859533811604,1,interior
0.8859673126680297,0.1512458513498506,1,interior
0.7924049853933596,0.06599043647614383,1,interior
0.9152190415079652,0.24888853443329867,1,interior
0.3657042931693821,0.24596515112608353,1,interior
0.9008835155156213,0.32887181527254417,1,interior
0.8644214873047604,0.12185595762352486,1,interior
0.8947298549161098,0.16600849758894695,1,interior
0.8150964640095205,0.0950624155525512,1,interior
0.7747207355028546,0.05433335835600607,1,interior
0.8637197467258168,0.12869385112251994,1,interior
0.44282137427820856,0.09464229244942703,1,interior
0.7718747952018247,0.051113070518860076,1,interior
0.43522375450907785,0.10661015502556542,1,interior
0.3748587726160275,0.19153951343293438,1,interior
0.8712052027266437,0.13768066553925376,1,interior
0.9047109370580727,0.18747086643435787,1,interior
0.8904559359830597,0.3788870574846392,1,interior
0.40919631106582166,0.13095858645859373,1,interior
0.8951717426092297,0.1833931249006013,1,interior
0.36010260901305713,0.2940340099614297,1,boundary
0.8069548508185298,0.07967471319440267,1,interior
0.38886363891246156,0.15956072937286828,1,interior
0.8414498596483533,0.10756755999121032,1,interior
0.9096001559803442,0.2703566250670498,1,interior
0.8141607211186371,0.08809475758284957,1,interior
0.3655712192394831,0.21555215438219233,1,interior
0.8628878230310814,0.12231649301552723,1,interior
0.35955415976052113,0.27719334364861914,1,interior
0.8932755223889586,0.3667368882722084,1,interior
0.9079217245174571,0.19493365042489808,1,interior
0.8918494980299329,0.3781008632601288,1,interior
0.35617682221977903,0.2836148255144147,1,boundary
0.8714316678174989,0.1217808206213263,1,interior
0.856777280978717,0.12051233081783216,1,interior
0.3527545231316645,0.25976372670475784,1,interior
0.40774403445897633,0.13894217709263232,1,interior
0.8992042719946252,0.36050748995055937,1,interior
0.9099138351984513,0.1959420629971065,1,interior
0.44911367599979,0.09623237293704082,1,interior
0.3589860028864116,0.249516839291585,1,interior
0.8225857408101783,0.09695935051957015,1,interior
0.9046336250696799,0.3481068862168804,1,interior
0.3655852627786186,0.22392170719459556,1,interior
0.762480992786379,0.05090708517105654,1,interior
0.9003135666357802,0.17686630254584504,1,interior
0.8010017787979665,0.0670003656411444,1,interior
0.9093912374817916,0.23559840665931353,1,interior
0.3871729573424785,0.15975071681924233,1,interior
0.8941821041611595,0.17155932857201492,1,interior
0.8176835942887279,0.09521563381802359,1,interior
0.4411256502380339,0.09508273598617979,1,interior
0.9074202379456805,0.31769442497162614,1,interior
0.9035522555674393,0.17540449018859433,1,interior
0.3637667769017138,0.22069670903933425,1,interior
0.4306686036675003,0.1097145237198226,1,interior
0.9073618709099439,0.1814463729221999,1,interior
0.9079946126201218,0.18303163154548927,1,interior
0.9089044040925452,0.3153491401628456,1,interior
0.7565367960154402,0.049260834439548234,1,interior
0.8089015674337068,0.08511591312621576,1,interior
0.9046909660439514,0.21668322146973917,1,interior
0.38201905388871404,0.16604344522275113,1,interior
0.9082916210153155,0.23192324571886083,1,interior
0.3888295437371813,0.15663115356522572,1,interior
0.9075331056815578,0.26956200527831053,1,interior
0.9133138719522954,0.25363689290938685,1,interior
0.4379445243657587,0.09765798801324314,1,interior
0.3737126643850496,0.2041352572860409,1,interior
0.7998193644097301,0.06877793063709949,1,interior
0.9110643627191187,0.34347551039590757,1,interior
0.8942427558084285,0.36882886476164606,1,interior
0.9052210850127483,0.3349711547227372,1,interior
0.36035004425370126,0.28257577222051866,1,interior
0.8627301218861926,0.13130303161568038,1,interior
0.8943364346070897,0.37790979776782135,1,interior
0.8274951077981042,0.10200951670018041,1,interior
0.9115018121818694,0.23773003731003192,1,interior
0.420633375280023,0.11546239228456176,1,interior
0.8932551681890321,0.1629717805379238,1,interior
0.36251373127092723,0.22962430109979604,1,interior
0.41922085880745963,0.1231529189782998,1,interior
0.8963922345775764,0.16550833603493242,1,interior
0.3639344002523492,0.2954993261317952,1,interior
0.3683285943093468,0.22736347194613568,1,interior
0.4493923768827404,0.09274999564562607,1,interior
0.8193034246272893,0.09503100806015138,1,interior
0.36209573742289225,0.24861795532111255,1,interior
0.9169620791122364,0.24998488821859965,1,interior
0.8224787685452506,0.09414550232682938,1,interior
0.9130931551580693,0.34245753223538783,1,interior
0.4359290497538175,0.10018173483993964,1,interior
0.3664580160365166,0.22774306379854395,1,interior
0.8941407315485892,0.37286943791331156,1,interior
0.9104071736558865,0.3453887392008347,1,interior
0.37155514979138715,0.20657896922815353,1,interior
0.3750955355062469,0.18466144525390615,1,interior
0.3875352262406834,0.15744389793326327,1,interior
0.3730503182913064,0.2084359123857926,1,interior
0.9109169195842556,0.2359105167373713,1,interior
0.37018865928247024,0.21219358464022883,1,interior
0.4053406736423576,0.13224474889062712,1,interior
0.9067663842083175,0.22942432236580465,1,interior
0.39854584752185834,0.14474620882748668,1,interior
0.7660453788556493,0.05152284456709911,1,interior
0.36570961280080266,0.21996922811906144,1,interior
0.4534528814442201,0.08758973230110954,1,interior
0.8589565834528247,0.12119998076838505,1,interior
0.9113006373066038,0.28755382752419784,1,interior
0.9064557396148626,0.32427476484156936,1,interior
0.9149410626349037,0.2512664199832717,1,interior
0.3855392698424569,0.16235374790728097,1,interior
0.9038752255692305,0.34980214110443447,1,interior
0.3642506072369072,0.21834661142545486,1,interior
0.8952163237136561,0.17411812427876383,1,interior
0.9119910876178896,0.3350263862415693,1,interior
0.8902637522904703,0.3836283833662706,1,interior
0.4324931906497232,0.11384191564902345,1,interior
0.903819356234466,0.3343343772625034,1,interior
0.9064502902110612,0.3505205239856417,1,interior
0.9087418561890485,0.2263264418609678,1,interior
0.8954373982580259,0.1756577019108374,1,interior
0.8563038989408036,0.11250154170769774,1,interior
0.9165078268592172,0.2756326880479605,1,interior
0.901667077920193,0.327417666134559,1,interior
0.4218454410037044,0.11763660016044523,1,interior
0.9079339538034875,0.3261226222724959,1,interior
0.4147999985615289,0.1163902147257355,1,interior
0.43062242458437566,0.10810487448717879,1,interior
0.9108339212057174,0.32705716435679116,1,interior
0.9089941362878555,0.27635244725987,1,interior
0.8328383198110378,0.10691144212832518,1,interior
0.9110788780896358,0.26893265664615684,1,interior
0.36071357781842167,0.23329559608171943,1,interior
0.36647784381345355,0.2254361826613582,1,interior
0.4120587171603996,0.12174295291712112,1,interior
0.39398872762897913,0.15527843482299641,1,interior
0.37637994774078354,0.18266180920112032,1,interior
0.3690670039117801,0.2301192331432594,1,interior
0.8048162888191628,0.07717650467437732,1,interior
0.9175272243517366,0.28525404666766363,1,interior
0.8869107216892569,0.1623711450214678,1,interior
0.8991607568884319,0.36460870258163713,1,interior
0.8725804891302794,0.13960879713411256,1,interior
0.35415610713755763,0.2758271849723062,1,interior
0.35354340063155726,0.2637742385884314,1,interior
0.9146090696537466,0.2939840543102582,1,interior
0.3735330346152862,0.1898891213726215,1,interior
0.9154183525732356,0.3112289545973563,1,interior
0.36475780358591564,0.22664063662804476,1,interior
0.90953001835293,0.3261926090170614,1,interior
0.901407549797857,0.34482418458795033,1,interior
0.9137536868013239,0.26955275583891497,1,interior
0.4093117785101295,0.12376479877505793,1,interior
0.9112334687414615,0.34159730589399134,1,interior
0.3909914427624211,0.15489308926929107,1,interior
0.3581350228983054,0.24687596718168062,1,interior
0.35108654220906,0.26540476266047386,1,interior
0.8666720265760791,0.13778612493418713,1,interior
0.3625462117210295,0.24260650680029572,1,interior
0.8024078540732961,0.0738230959235478,1,interior
0.9086222729588711,0.1917700782763963,1,interior
0.8660460294413729,0.1345295668186781,1,interior
0.4098418564669257,0.13592685443890457,1,interior
0.37050364496930405,0.21629053448416777,1,interior
0.8276345985418763,0.09983222360616914,1,interior
0.9103394647466133,0.27543081402990616,1,interior
0.8670233552563766,0.13614862893019575,1,interior
0.40119580634784224,0.15016880840606228,1,interior
0.42099994274155905,0.11394630483856,1,interior
0.9043288928677516,0.32128869963788,1,interior
0.8946672256163002,0.3704702152678049,1,interior
0.8036479161191813,0.07266367536408902,1,interior
0.9133196083560386,0.2450728991623668,1,interior
0.9084198896543597,0.2303651292447777,1,interior
0.3561175644985603,0.2807523987103906,1,interior
0.901466197384852,0.3569068477963652,1,interior
0.9055529005778165,0.33177478773524466,1,interior
0.8419024257280149,0.10951386876961651,1,interior
0.4273129623184049,0.11386696557907207,1,interior
0.39657670990208305,0.14554446843781207,1,interior
0.4475396377283224,0.09697141573829338,1,interior
0.36350085377327396,0.23793692319439494,1,interior
0.37599831096785863,0.190107369150112,1,interior
0.40550562205807417,0.1365014160625172,1,interior
0.8104110561717512,0.08750406474494732,1,interior
0.7839421313103223,0.059507737774061785,1,interior
0.9077006025544262,0.18571744465594145,1,interior
0.9103917405606209,0.26734857063120315,1,interior
0.9091325478551471,0.33136900091486354,1,interior
0.3748289708333269,0.20162255128009954,1,interior
0.9071688190571752,0.2142646932742706,1,interior
0.8546454947130974,0.12073633110363967,1,interior
0.36384199268527434,0.21638649698233928,1,interior
0.3597672847280737,0.2798927562925463,1,interior
0.8568643709646202,0.1146744348977577,1,interior
0.7934785735458143,0.06342699682780718,1,interior
0.40287492483675624,0.14581502736023216,1,interior
0.4387796200291365,0.09329413190235777,1,interior
0.356756747716162,0.2860777621609549,1,boundary
0.37248665335594994,0.196250505901438,1,interior
0.8625301300686711,0.1353892053757324,1,interior
0.7595873881167593,0.053116975732722574,1,interior
0.7577797240092796,0.05050484550350925,1,interior
0.4036516749421255,0.1356127106545727,1,interior
0.8934691818042723,0.15596526385315893,1,interior
0.8642289229752027,0.1306653921588507,1,interior
0.7982270931351954,0.0657287946414782,1,interior
0.9015296510550606,0.3585863041155578,1,interior
0.9068413400959303,0.33373741335279966,1,interior
0.8258310668398503,0.09996162174206782,1,interior
0.8942784099023499,0.15831543379637178,1,interior
0.9077601322519938,0.34673421119533876,1,interior
0.7580196618608595,0.052417999126113515,1,interior
0.4346285020049917,0.10206868121008017,1,interior
0.8688690017911413,0.13935351122503586,1,interior
0.3745379110724087,0.1820774865753448,1,interior
0.9037117279070207,0.3291352601929399,1,interior
0.3846942568904784,0.15791932463813477,1,interior
0.8452675164761433,0.10743494730388353,1,interior
0.8756629114457626,0.14247621620719872,1,interior
0.8990882642097479,0.3430820532936274,1,interior
0.815065080589807,0.09198935280630505,1,interior
0.9153800504105046,0.2981171644329537,1,interior
0.8075250069134492,0.07788107691946028,1,interior
0.902899126707592,0.20487060965429865,1,interior
0.8940680737549869,0.16946121306547268,1,interior
0.8689073949463759,0.12687417664129033,1,interior
0.760043117991879,0.0509365414929311,1,interior
0.9086234556368342,0.33434947322975944,1,interior
0.8591600787878152,0.11603936733440855,1,interior
0.8007715695442708,0.06411909585028255,1,interior
0.9092913835210916,0.34781448610250093,1,interior
0.4288854854843971,0.11173724489405006,1,interior
0.35973698192577896,0.23127822955644123,1,interior
0.9140243757323054,0.2661981392337962,1,interior
0.889712747566625,0.15386122961407664,1,interior
0.9106644532264506,0.1945776028635258,1,interior
0.35366757353672906,0.27847912866594665,1,boundary
0.8873775748536062,0.38245808434973994,1,interior
0.910650623893969,0.3130150879122106,1,interior
0.9104315743207481,0.2322257059401772,1,interior
0.909224913170789,0.2035854147364415,1,interior
0.9008313740512712,0.3545693461004698,1,interior
0.9020842577738494,0.24072782584986901,1,interior
0.8411436149214057,0.10462867515317971,1,interior
0.9090094315824608,0.3233839320381341,1,interior
0.9039326066503389,0.32566459048092367,1,interior
0.44285753498627756,0.09228477473488192,1,interior
0.351977060498439,0.26378138695810316,1,interior
0.8638210311916277,0.13427596883076282,1,interior
0.38315380828323287,0.16247880629223888,1,interior
0.3809604846352498,0.17979150399603533,1,interior
0.8743518351949434,0.13901521677213077,1,interior
0.8864365254976447,0.16054140970450917,1,interior
0.9152332511444045,0.27332096930710537,1,interior
0.8931719022459581,0.3790729230322873,1,interior
0.9142894712997731,0.2576519210109876,1,interior
0.41908873434633254,0.11770101615088296,1,interior
0.9121838966046905,0.31284681023168626,1,interior
0.36768609914480194,0.21554826989877895,1,interior
0.401545704870543,0.13816055079973089,1,interior
0.8920837720548844,0.38403565277771334,1,interior
0.8395687742602242,0.10453252263331854,1,interior
0.44103852749322925,0.0933323446676545,1,interior
0.9173115865835141,0.24716256460529165,1,interior
0.8961859213894623,0.3701178784166988,1,interior
0.8766336570094136,0.1385604144883095,1,interior
0.91920886599552,0.28704719102766074,1,interior
0.9085323281898904,0.3393154681643968,1,interior
0.8727823381640356,0.13785227640490785,1,interior
0.9104622571009585,0.33440374788185834,1,interior
0.36745629424237747,0.21357977714543586,1,interior
0.42883820797798067,0.10508365965603436,1,interior
0.35190615535642183,0.26856612239126926,1,interior
0.9167501077483716,0.28041715463776595,1,interior
0.9090796007582013,0.27286514419974106,1,interior
0.882697963628173,0.14976436647873417,1,interior
0.9098378101564079,0.18975957675665167,1,interior
0.4295098710002933,0.10669668989802795,1,interior
0.7810687452921488,0.05682080130258354,1,interior
0.8923494000097332,0.15254983500276212,1,interior
0.9128893582073768,0.252028249520413,1,interior
0.865885310380153,0.1325204873408208,1,interior
0.8922504602470495,0.38220206184120775,1,interior
0.9112098645297598,0.3306863317055799,1,interior
0.9009736618719371,0.18054533871389522,1,interior
0.8184598515748911,0.0925255006790466,1,interior
0.3929317101849025,0.15389442300584522,1,interior
0.9120146353895032,0.23110016711598108,1,interior
0.8161696092612494,0.0905726934327286,1,interior
0.9079318931183327,0.3492466451810482,1,interior
0.4192726625429301,0.12115846291557276,1,interior
0.9119852068392018,0.24211284866667535,1,interior
0.8342623276282067,0.1013821747016234,1,interior
0.8101585883285014,0.08369601819397202,1,interior
0.7958241137537582,0.062008763081238455,1,interior
0.868841522076763,0.1371858306126829,1,interior
0.3521811961001458,0.27328350292211695,1,boundary
0.9074889216414959,0.1903507280032463,1,interior
0.37000324967871717,0.29775159676866464,1,interior
0.8036520411275606,0.06917878175718985,1,interior
0.9104005654508879,0.20569037631438433,1,interior
0.7590732858113469,0.04930474278976486,1,interior
0.3786398794972749,0.1778098177297272,1,interior
0.3862362936586995,0.156525052683073,1,interior
0.41103734801984865,0.11907565710404659,1,interior
0.8492556572089001,0.11014720615251987,1,interior
0.35225443648000676,0.266645625671585,1,interior
0.3731412036804175,0.19194057230191425,1,interior
0.9153176179488449,0.3162812619259746,1,interior
0.4332666503574892,0.1033976664721791,1,interior
0.9137432116494738,0.249382121868131,1,interior
0.3615487258950329,0.24656336292112493,1,interior
0.9121687995630821,0.2670512845905635,1,interior
0.40132017979650975,0.1471376303557172,1,interior
0.9148560474090767,0.2529054793760992,1,interior
0.8954274108533059,0.3670797464246024,1,interior
0.36057593646541297,0.2478171488912052,1,interior
0.866013226418547,0.12963022263941476,1,interior
0.9114177515101173,0.3398378880510563,1,interior
0.4450880754993986,0.09443161839220125,1,interior
0.755612928779296,0.051250830126214585,1,interior
0.9098669228256582,0.18097335466489223,1,interior
0.9081321807638513,0.21199054412107204,1,interior
0.9159682506559217,0.2706781309704359,1,interior
0.4489084730624965,0.09108351123737579,1,interior
0.8913777843068537,0.3806111951517842,1,interior
0.46166064928098055,0.08748002827066396,1,interior
0.8227521947634739,0.09166515827489378,1,interior
0.9160562700981966,0.28222205739173617,1,interior
0.3562909896561634,0.24637181743846953,1,interior
0.37617448816395865,0.18703895453672337,1,interior
0.9175961995543612,0.31047532182800064,1,interior
0.9100632740240933,0.2341097380369722,1,interior
0.9087652162802152,0.18799003093520172,1,interior
0.3711176178591995,0.19383888208344102,1,interior
0.4233702345210456,0.1120806500498013,1,interior
0.9036696880152758,0.32363305504834006,1,interior
0.37330728444153893,0.2018926320681094,1,interior
0.4442557776895265,0.09080843395708559,1,interior
0.4063652524162018,0.13355264277327447,1,interior
0.9031326722508319,0.3522899339148899,1,interior
0.908534952886096,0.20698644638973893,1,interior
0.4272189914939673,0.10946050580770673,1,interior
0.35442585273036403,0.25319833003626874,1,interior
0.893123570375891,0.1601975689357882,1,interior
0.7509354250239484,0.04073461535257689,1,boundary
0.8164734308710764,0.08812688201905974,1,interior
0.3981700511964929,0.1522317293131053,1,interior
0.3878044157879206,0.1555095243430769,1,interior
0.36387968371174917,0.22437225103922268,1,interior
0.4513314058299681,0.08108831315209047,1,interior
0.9110979535587185,0.25205457020830857,1,interior
0.9080240462602827,0.2243821433235488,1,interior
0.7901783987397581,0.0639489699429095,1,interior
0.872780392610993,0.1233599540023273,1,interior
0.402302961481159,0.1426696317825246,1,interior
0.45617671216976163,0.08235758148746174,1,boundary
0.885119680997975,0.1638714210811474,1,interior
0.44620275323959696,0.09286667834073811,1,interior
0.8968536803678618,0.3649164658853395,1,interior
0.914856093267185,0.30060735315454046,1,interior
0.41551682518022676,0.11419469258920222,1,interior
0.791729199605814,0.06421570353797167,1,interior
0.35710403657966044,0.25313187723764946,1,interior
0.8954393208942109,0.16877850866660088,1,interior
0.8654477027041421,0.13633858285535327,1,interior
0.7954977755998318,0.0643211818387306,1,interior
0.9117664685929131,0.20387559370702601,1,interior
0.8934636588052427,0.3812039179650823,1,interior
0.9162484684863882,0.25222804408392085,1,interior
0.8405521025657512,0.11199614831783937,1,interior
0.44789308879763795,0.09330243139764122,1,interior
0.37169877639067744,0.20930671833551873,1,interior
0.4197871062741071,0.11288561484051689,1,interior
0.9144033977730261,0.2718294250294686,1,interior
0.8977714955187596,0.16666389922535244,1,interior
0.4474403645122866,0.09166151997875811,1,interior
0.9153791951386687,0.28942137483417935,1,interior
0.40537841135943864,0.1349614982548635,1,interior
0.9117657496318272,0.27061733144148037,1,interior
0.8665188104376166,0.12228880861919532,1,interior
0.3835939009119268,0.15910313518671657,1,interior
0.4420801066850316,0.08969202579455185,1,interior
0.9124103681882987,0.338330722175057,1,interior
0.9146525224224089,0.2676056307596642,1,interior
0.4413738602067073,0.09104477006682145,1,interior
0.9130240372267306,0.19643253508509942,1,interior
0.8733115112567209,0.14601908041797002,1,interior
0.43756728793895977,0.094316714296371,1,interior
0.8354493624735392,0.10489051150658102,1,interior
0.8474161127360182,0.11029752441778214,1,interior
0.7663638482078325,0.04950022339202182,1,interior
0.3863578102691697,0.15472254909360975,1,interior
0.9060867569054138,0.216001377449209,1,interior
0.8788954039469703,0.14815206549708015,1,interior
0.42582195170253495,0.10844392863815266,1,interior
0.9105275079632709,0.31457284077109493,1,interior
0.8525334604817828,0.10983211972730776,1,interior
0.778293052516944,0.0531900056603194,1,interior
0.9120965003747084,0.2347592119896825,1,interior
0.8281490615803598,0.09753802446813102,1,interior
0.9117709562592412,0.18834824818933604,1,interior
0.9164806103252802,0.26863564489409214,1,interior
0.9018923746253976,0.17660324377562975,1,interior
0.7828977529015083,0.05530367562953769,1,interior
0.9101030908292664,0.3246496719898631,1,interior
0.36391867854573334,0.22812896723771287,1,interior
0.8959232679339637,0.37861125842095655,1,interior
0.8896252311687217,0.15095126869940187,1,interior
0.40099019836307553,0.1397935922413498,1,interior
0.7918163312258865,0.06242394804162017,1,interior
0.9134156678308386,0.2646925662195788,1,interior
0.437578182449233,0.09617189202981535,1,interior
0.39370379263660316,0.15219722546643136,1,interior
0.9183956529189872,0.3089548054162006,1,interior
0.8575152401669113,0.11112924907374275,1,interior
0.9097671140018457,0.18304616048688327,1,interior
0.37849965946025543,0.1711173060062923,1,interior
0.9058503265033607,0.34906609707169906,1,interior
0.42987523389538757,0.10246806755737245,1,interior
0.8407350346661925,0.10261464458105446,1,interior
0.7686679266323792,0.04994919199356545,1,interior
0.8308299075858642,0.1013286720095777,1,interior
0.45066265508393644,0.08776156735895022,1,interior
0.9124969246551239,0.3247329749562379,1,interior
0.9121562004631814,0.18057808758703575,1,interior
0.902365558730402,0.35395566599229367,1,interior
0.9031727602085244,0.3578474850308295,1,interior
0.8855891716914135,0.15343778901081642,1,interior
0.9051509383357765,0.3516616960777536,1,interior
0.400059215621863,0.14901018341199268,1,interior
0.44936947765528684,0.08691550771749924,1,interior
0.8059632068659265,0.07515513684858419,1,interior
0.43932081268092893,0.08909219975258527,1,interior
0.9106220174628492,0.317012007409961,1,interior
0.875927023497773,0.14034580340280298,1,interior
0.4397767715319007,0.09184749112288852,1,interior
0.9129921569527002,0.3276055132882616,1,interior
0.3958273973783895,0.15257599546840717,1,interior
0.40883080026850827,0.12796717049793802,1,interior
0.9101549986488497,0.18524904629104905,1,interior
0.8172901883281517,0.08948132336318702,1,interior
0.7729186438202676,0.048573609364491545,1,interior
0.9192282631974363,0.26845603905539644,1,interior
0.8058312424136672,0.07326928831474686,1,interior
0.817960794798075,0.08760776551491947,1,interior
0.8550614487812573,0.11029945581401743,1,interior
0.8771695873984966,0.14490562792315523,1,interior
0.7585943785030996,0.05518582644152758,1,interior
0.4023197841308016,0.1488986676108055,1,interior
0.4274425157515076,0.10715757294635872,1,interior
0.7899737588441551,0.062098073332147195,1,interior
0.7581897164977993,0.04754241309875019,1,interior
0.3583781679916338,0.2816882829503243,1,interior
0.787919618849452,0.06198618821393735,1,interior
0.3783581128688871,0.1802567893271122,1,interior
0.8931773934417918,0.15382890032435947,1,interior
0.8926606036209703,0.37332116400325327,1,interior
0.9114513179900084,0.19128399254353756,1,interior
0.7768503549707939,0.05396603814478067,1,interior
0.3973272731352496,0.14378440109318885,1,interior
0.4493756485419901,0.08534066250225655,1,interior
0.3623923773342462,0.22798916490034812,1,interior
0.9119738926056024,0.17885305808116614,1,interior
0.913819746261763,0.2985387789425855,1,interior
0.7708902581006166,0.04691442053557191,1,interior
0.35659897632724735,0.2480580357148418,1,interior
0.8952946716208928,0.1550958734337543,1,interior
0.4529768450892335,0.09279105831631203,1,interior
0.3990162973433674,0.14315469291154856,1,interior
0.39247599029615476,0.15550976699039948,1,interior
0.3711633874432366,0.2028910686176702,1,interior
0.3822438230670907,0.16394413422138554,1,interior
0.3932099737391077,0.15813469868891455,1,interior
0.3597207091496053,0.2924887180659865,1,boundary
0.7990118641430077,0.06423926040894394,1,interior
0.8954511334342242,0.38054534650051147,1,interior
0.9121889068479816,0.23288054356554458,1,interior
0.8210022122553549,0.09285744819699607,1,interior
0.9057659855560856,0.32234991249292133,1,interior
0.3537236856956811,0.2506747620085215,1,interior
0.9119505555360965,0.31600153709964035,1,interior
0.40413901989336337,0.1296289006859112,1,interior
0.3988252487624879,0.14673630242746044,1,interior
0.9134371425212346,0.3407101393697992,1,interior
0.9166801013366964,0.2782933424417196,1,interior
0.9172217608419779,0.3121912030070351,1,interior
0.4257494058110801,0.1101470267176527,1,interior
0.8779841717351137,0.149871288102159,1,interior
0.8374816739918852,0.10472814946815417,1,interior
0.8368321023658528,0.10254046343212227,1,interior
0.9168238250232558,0.30667819731211793,1,interior
0.9088143971935522,0.31697017170571257,1,interior
0.41062948555095247,0.12098977000166829,1,interior
0.861852812389403,0.11960871535829712,1,interior
0.8545397795225991,0.10836799364709376,1,interior
0.9152453836255015,0.2648514812138839,1,interior
0.3638932835838057,0.22235363303566935,1,interior
0.38206153407178783,0.17412502624499446,1,interior
0.9108282306786258,0.2002559084473149,1,interior
0.41213990707614867,0.11734636947175708,1,interior
0.8997017873946304,0.20488987155372515,1,interior
0.38001251072103065,0.17391071763103788,1,interior
0.3629378278804459,0.2150461501406297,1,interior
0.8960490379541598,0.3576296278010397,1,interior
0.8053750401435829,0.07891015167700594,1,interior
0.4079333521198681,0.11962268864894124,1,interior
0.9047680759602645,0.24225400105640943,1,interior
0.8945861763499549,0.16376656444712706,1,interior
0.3804275258099931,0.16666686215069093,1,interior
0.375482933503639,0.180847938193089,1,interior
0.8943184704515784,0.38547456978890143,1,boundary
0.896417460505172,0.15626840380891582,1,interior
0.7635199091557265,0.049684887908108835,1,interior
0.9011400617120436,0.36016757660221943,1,interior
0.9135061588718453,0.3346438069140275,1,interior
0.35894810453357073,0.24491233926652775,1,interior
0.44083029730622436,0.0879721362083841,1,interior
0.8686476178450744,0.12839560498008992,1,interior
0.7790140432389481,0.051412294019213114,1,interior
0.8214827537465319,0.09040009664954608,1,interior
0.35333125136468246,0.26962813211744535,1,interior
0.8118531923929675,0.08119841591807306,1,interior
0.9137656004271337,0.18694759419510334,1,interior
0.7652280934102914,0.04742061382831308,1,interior
0.9129362408139634,0.25651417445004887,1,interior
0.4290118467261427,0.1101935158110703,1,interior
0.3610304571359347,0.21993943778384195,1,interior
0.9130715329653512,0.1913552895716117,1,interior
0.915701877600605,0.340883356525283,1,interior
0.8704537809445584,0.12846825901735912,1,interior
0.8782971374995657,0.1418190058096048,1,interior
0.8347722647305486,0.1034007462106622,1,interior
0.9116450008289536,0.3468622067044439,1,interior
0.43161120650615337,0.10614258662010975,1,interior
0.8202228842925589,0.10047868285725162,1,interior
0.3737153423598473,0.18612367412529832,1,interior
0.3733232405296324,0.18798094292470202,1,interior
0.398290412311552,0.14892118823023157,1,interior
0.8073724633228199,0.07369998556167347,1,interior
0.9118242283715823,0.24427529933134354,1,interior
0.9171250193249827,0.294457893600693,1,interior
0.9081324306380185,0.33591751435161116,1,interior
0.8247539018752389,0.09636535956232777,1,interior
0.3686536752669162,0.19226107435953071,1,interior
0.7710270284679728,0.04914483174938136,1,interior
0.8875196582187465,0.15129142103212534,1,interior
0.9126347340002001,0.3314472788349027,1,interior
0.38414223979029816,0.15609405937779933,1,interior
0.7926213936933112,0.0608870736997731,1,interior
0.9160306442489186,0.28634058683718566,1,interior
0.8596774204238374,0.12262797013806227,1,interior
0.3719307605851433,0.20424593915724668,1,interior
0.40297318514143504,0.13762130168242828,1,interior
0.9061674543553024,0.21074089718823477,1,interior
0.878936680007569,0.14018070516917758,1,interior
0.35246096379514935,0.2581040228195558,1,interior
0.880423964716631,0.14686783017156851,1,interior
0.9185930853366153,0.27647063271757477,1,interior
0.3600305793773544,0.23625483895951402,1,interior
0.9111053641795502,0.19733806584148775,1,interior
0.7554580466105236,0.045478670005541566,1,interior
0.9104475533500912,0.34885820787830363,1,interior
0.35229512511154865,0.25247384401692885,1,interior
0.8614338040542506,0.13232873657991967,1,interior
0.9176554112025754,0.28373692445731163,1,interior
0.3512099276831155,0.2718517617475136,1,boundary
0.4267972696130572,0.11134187671226237,1,interior
0.8970758558487228,0.37211850134352,1,interior
0.9125500124942797,0.33677318132557577,1,interior
0.3900307593865145,0.1534553459574719,1,interior
0.804485967396087,0.07077859990656633,1,interior
0.8035063463959389,0.06586706492301446,1,interior
0.8979513021663303,0.37774936184429847,1,interior
0.8595341355345502,0.11921562659855525,1,interior
0.9136307350459674,0.23130139413854098,1,interior
0.8106703083052123,0.08600287467720334,1,interior
0.9119067240813404,0.25027499610224485,1,interior
0.41844976206894796,0.11419313399213404,1,interior
0.8867363337796436,0.1485420368735312,1,interior
0.8578930435957516,0.11352868564021024,1,interior
0.8873651307075626,0.1536944230981705,1,interior
0.856900474535042,0.11885574932620588,1,interior
0.8057117244108413,0.06917784405309824,1,interior
0.4179252579429106,0.1119031790546499,1,interior
0.9025621119734095,0.185827314235967,1,interior
0.7700547978902217,0.04461893983683853,1,interior
0.9148918111788851,0.3434391184597356,1,interior
0.44255813339301675,0.08663060695123793,1,interior
0.4266717336884349,0.1048205100952529,1,interior
0.42556968559579184,0.11239787531032537,1,interior
0.9151807657393596,0.3258977899756018,1,interior
0.9170683476872312,0.3158233454226408,1,interior
0.7857409629690724,0.06019317894498086,1,interior
0.39469844703760204,0.1536959923593443,1,interior
0.8430334015457434,0.10775440103342347,1,interior
0.916013480845629,0.3139246781946712,1,interior
0.36898543808892165,0.20233434287133334,1,interior
0.8255745663079936,0.09823966021784304,1,interior
0.9176537050347137,0.2879411023391709,1,interior
0.9115618672849599,0.32280876567845185,1,interior
0.9029721001236078,0.17294949328292986,1,interior
0.9048351629285342,0.3185498435784792,1,interior
0.8100060162592478,0.07324512922379305,1,interior
0.878216338543026,0.14670532398389335,1,interior
0.43524886504882565,0.09805396236860307,1,interior
0.3755150874271918,0.19297659932682565,1,interior
0.3992706760422548,0.15077577411335286,1,interior
0.8019512264699763,0.06887341937280324,1,interior
0.37010371823181154,0.20964966358155226,1,interior
0.8145816579123851,0.08649559850708946,1,interior
0.8537315686151096,0.11127746847470678,1,interior
0.8833896682541594,0.14721060125763868,1,interior
0.36437458075406237,0.21340916036791127,1,interior
0.8846264261982613,0.1482543347964997,1,interior
0.9132641364165908,0.3185703601675975,1,interior
0.9114324434605774,0.20182054194235102,1,interior
0.7536615003593691,0.040356597416060125,1,boundary
0.7787284084987204,0.04884752321716946,1,interior
0.9138777167200265,0.2628399593364648,1,interior
0.351558797908339,0.2610332058093686,1,interior
0.9030079624818403,0.362202442651184,1,interior
0.8963990998780671,0.16732794467051124,1,interior
0.3715633638703719,0.1921668205961651,1,interior
0.9124135544516767,0.3144454823326176,1,interior
0.3499931404707493,0.26701361882645885,1,interior
0.9140760873544428,0.3390427294273088,1,interior
0.4315470462551484,0.102668259897376,1,interior
0.894135217908806,0.15099282781204768,1,interior
0.819947966168802,0.08994957481152903,1,interior
0.8703744638856988,0.1390688091267653,1,interior
0.8671473355614551,0.13148090145356597,1,interior
0.8741086759172635,0.13573923134892335,1,interior
0.35777869298416826,0.23675824306005677,1,interior
0.38840012341006563,0.15371860602764498,1,interior
0.8904338147331492,0.32329793775927734,1,interior
0.8164043580265663,0.08651414873541523,1,interior
0.4218096888275647,0.11064949600341278,1,interior
0.8544557707821199,0.10594681445875205,1,interior
0.9204952353590309,0.3106065005499512,1,interior
0.7743593720278423,0.05125371877698878,1,interior
0.8658197472303558,0.12392018126926518,1,interior
0.4568566424288257,0.08531596128347704,1,interior
0.38399156909425697,0.1753271652779466,1,interior
0.8434003210480969,0.1052115298409624,1,interior
0.3513934435916591,0.2700551647083174,1,boundary
0.3973168023900154,0.15094493469692666,1,interior
0.41030598235727433,0.1258563313502689,1,interior
0.4015667182001483,0.1413038581927712,1,interior
0.3632198757427667,0.22640464407240035,1,interior
0.36831909871455765,0.2105914111797467,1,interior
0.9039609562666777,0.35567881750058894,1,interior
0.42835835313641696,0.10340730383361729,1,interior
0.7691023585537935,0.04793997177945043,1,interior
0.8420239370812027,0.10587987642948146,1,interior
0.9143999038035688,0.23386685851972158,1,interior
0.9220572799649367,0.3084971284107712,1,interior
0.913433720890425,0.19978972206332243,1,interior
0.8712866137934885,0.1267629045964744,1,interior
0.3501683189370773,0.2583727966139801,1,interior
0.3862893349306,0.15834630300690614,1,interior
0.36192503688892025,0.24497048762918058,1,interior
0.8967529808428599,0.16996790279183452,1,interior
0.9097718052391036,0.3218076968641701,1,interior
0.3768495196486532,0.1843709643191446,1,interior
0.35574920085502093,0.252395252401336,1,interior
0.4039403637575784,0.13286984710002314,1,interior
0.39572776576899166,0.15066024206424244,1,interior
0.9190797422692691,0.24882253270268515,1,interior
0.8817754507650869,0.14440842164079362,1,interior
0.897884241108099,0.3664045277190212,1,interior
0.8632792702914712,0.11902134974194155,1,interior
0.916019030652466,0.187216267658869,1,interior
0.4198434730578445,0.11082095071190715,1,interior
0.912558779511375,0.20520888019056688,1,interior
0.8771372782907378,0.1429650421644721,1,interior
0.3540992845154796,0.26230600955384026,1,interior
0.8240870171073,0.09493070382440685,1,interior
0.3611381014785996,0.24081082040730847,1,interior
0.9047833454036942,0.3589763135384226,1,interior
0.7980102010094251,0.06273152214604566,1,interior
0.9160576228642427,0.287986963279164,1,interior
0.8709591623933799,0.13614794927482793,1,interior
0.3592317402476574,0.23285588431625684,1,interior
0.8034465739468816,0.06750110101989978,1,interior
0.38175701567742776,0.17193002648553632,1,interior
0.8797589072283786,0.1386292211156596,1,interior
0.40722719492933274,0.12283799918762789,1,interior
0.9045639492499187,0.3612149226862337,1,interior
0.8977650767575969,0.16829787744240274,1,interior
0.9133295036654551,0.26135237107232123,1,interior
0.9152987128090342,0.2918553668168111,1,interior
0.8944201422773963,0.1676415871485819,1,interior
0.44368236330868,0.08782658958268763,1,interior
0.9079984691974705,0.19949152067838216,1,interior
0.4304548281607023,0.10084351550639654,1,interior
0.8837071041018445,0.14514653892770196,1,interior
0.3796705991525327,0.16439313842021328,1,interior
0.8994730087410526,0.16644244366485123,1,interior
0.9063506667088678,0.32092813615691285,1,interior
0.896164733206773,0.15018156681469638,1,interior
0.3607545241878843,0.22827884451853656,1,interior
0.9184364447416961,0.2514045837884426,1,interior
0.897985894066049,0.3617025370228719,1,interior
0.8457783811719012,0.10564558176042525,1,interior
0.9204943926850196,0.247584607641541,1,interior
0.8747860344588607,0.12199286550973362,1,boundary
0.8241256912542262,0.0933053035816387,1,interior
0.9076662891701454,0.35170625587910953,1,interior
0.8004120429438222,0.06211502320473916,1,interior
0.4390151652982195,0.10122608739736061,1,interior
0.9013029124260796,0.3637376101825857,1,interior
0.9103944559043711,0.22488105676177905,1,interior
0.3744328178873794,0.1999350269339125,1,interior
0.8982120706548294,0.367911734298833,1,interior
0.9117451159248438,0.19330560974280167,1,interior
0.3525702520098052,0.254964274181475,1,interior
0.9215194834988553,0.3055132228275386,1,interior
0.9143884318960834,0.22993495844761533,1,interior
0.45832604891277995,0.08445792962029337,1,interior
0.9202922080694103,0.2856697824834088,1,interior
0.896995795099667,0.17168373845038287,1,interior
0.8076601751210797,0.06946427554456694,1,interior
0.8681817287142763,0.13504341162044586,1,interior
0.4082237748905528,0.12636410993787522,1,interior
0.43742331415136715,0.09978209689042929,1,interior
0.8961715427293786,0.37408876037840405,1,interior
0.8322553849416675,0.1019748670515515,1,interior
0.8943418503901822,0.38377620813673313,1,interior
0.9062722992715152,0.17739987053256392,1,interior
0.9066106745991708,0.1868434171148871,1,interior
0.9166611326575701,0.2660857062410531,1,interior
0.35582316491174854,0.27718758314923825,1,interior
0.36062182117321556,0.2435213967006717,1,interior
0.9160856183602244,0.30165198209413135,1,interior
0.921102933772697,0.2693074957483408,1,interior
0.7803304803514712,0.052230531882645634,1,interior
0.9130460948239253,0.1942057459020918,1,interior
0.3717755185384765,0.19797087797368249,1,interior
0.8839361339321548,0.14288230198361035,1,interior
0.890330589783726,0.15595351474851243,1,interior
0.3659835095747282,0.21300713376738128,1,interior
0.3618016729292327,0.23944315238996636,1,interior
0.8918161852895811,0.16383935960595766,1,interior
0.3579153747424614,0.28717692968114644,1,boundary
0.9013924718426932,0.36186260697140443,1,interior
0.35774976420431776,0.2802716628924131,1,interior
0.9177949774312456,0.2543528325695417,1,interior
0.9110889749533162,0.1865272510521936,1,interior
0.8201106952719134,0.08835800215035637,1,interior
0.9159249176388348,0.26162138638228377,1,interior
0.7875100522923879,0.06050369788065509,1,interior
0.8576207622564109,0.116294621314818,1,interior
0.8954346607177922,0.17257036065887718,1,interior
0.9063573368664577,0.36109557269922155,1,interior
0.9168578355532806,0.2902728492804182,1,interior
0.9007669850408986,0.3788201617433109,1,interior
0.4028427766611107,0.13139665820917543,1,interior
0.7732088380922781,0.052351089905471875,1,interior
0.8629322343007548,0.12077390691471242,1,interior
0.9131759427109828,0.1981878717528384,1,interior
0.37300095501349734,0.19920677516274204,1,interior
0.8990782218935617,0.17223526107093062,1,interior
0.9029452778526366,0.35998296352511894,1,interior
0.761976806215829,0.048891869384191135,1,interior
0.9158464323127022,0.2312062238228,1,interior
0.8977156255211147,0.3704444675963398,1,interior
0.9089701376304375,0.22106947693534337,1,interior
0.3704469402140105,0.20006796277239194,1,interior
0.35892197583061364,0.2908923642333314,1,boundary
0.9142842472599282,0.32857665012437465,1,interior
0.40740588773679143,0.1248983678341991,1,interior
0.8906451880298945,0.17165713633262006,1,interior
0.8552378239579421,0.1179766658687403,1,interior
0.45806138983354117,0.08280866037542797,1,boundary
0.9005133994279727,0.368965011161995,1,interior
0.8990824911656238,0.16454196701852047,1,interior
0.9129123699137086,0.3443323623235135,1,interior
0.4082380605306041,0.1295930352991031,1,interior
0.9177733111459268,0.2706859783571284,1,interior
0.37675610524475034,0.17812035742069493,1,interior
0.9158410855860689,0.24606542284625113,1,interior
0.8061773563985934,0.07143514737661028,1,interior
0.8079838009474333,0.06797595650125947,1,interior
0.9075887488262261,0.17901762298643004,1,interior
0.3613198571081726,0.21616236646269046,1,interior
0.8057672304072854,0.06592011619529535,1,interior
0.9137440180687899,0.3304055136822531,1,interior
0.8961209597918671,0.1523250680559969,1,interior
0.44162860229824447,0.08402090853025972,1,interior
0.4477286253872927,0.08994555539206185,1,interior
0.4363164598667601,0.0952607857774331,1,interior
0.9091732736684167,0.1864161492242672,1,interior
0.8389906539961604,0.10296316758601065,1,interior
0.8887357867991253,0.15240219363648214,1,interior
0.9028022277941496,0.32217992415320945,1,interior
0.8592683434907951,0.11764116858594127,1,interior
0.4334252587266465,0.09944635190049939,1,interior
0.3618619796790668,0.21761485465933111,1,interior
0.8982549286809424,0.15489971870693905,1,interior
0.3681650107543713,0.208539292497135,1,interior
0.3889613880572338,0.15203963453046748,1,interior
0.8598407504752178,0.11453573701012744,1,interior
0.41976868663327654,0.10856987101627993,1,interior
0.9163832013366595,0.2929971590894873,1,interior
0.3970277975293781,0.1474990427590497,1,interior
0.862653104834327,0.11697738583907781,1,boundary
0.37388056513961626,0.178516791505172,1,interior
0.4352917227862309,0.09381255726381844,1,interior
0.36994361323088354,0.19024660732128798,1,interior
0.8573624375945734,0.1090597724719979,1,interior
0.8685025041853187,0.13073642072061803,1,interior
0.36771217357721603,0.18989700300204285,1,interior
0.8919109661345404,0.14978128375113273,1,interior
0.3654132689898806,0.2172547909100652,1,interior
0.9055156878829212,0.1737822643431004,1,interior
0.8029313487522252,0.06307151543442528,1,interior
0.34976283631419197,0.26168292294654677,1,interior
0.7545557370396291,0.04400605391615431,1,interior
0.8508417265655821,0.10966214939256501,1,interior
0.7976625232830157,0.06088742036270092,1,interior
0.45318558387786256,0.08475706978395672,1,interior
0.9089292648349,0.21355605109438552,1,interior
0.8937863308168718,0.149335405255898,1,interior
0.8954323755385553,0.14872786469509724,1,interior
0.7964574594335281,0.05851425480497431,1,interior
0.9089732472686941,0.21548045554017703,1,interior
0.3776381033890655,0.20696548356392266,1,interior
0.39956086641348443,0.14152671499982944,1,interior
0.3699973753816452,0.2080880658605676,1,interior
0.45053632152718076,0.08431061285416919,1,interior
0.9084401680471413,0.18037300157593322,1,interior
0.8978345453244234,0.16294149808811303,1,interior
0.8706547547969463,0.13028608864635283,1,interior
0.35231311428405104,0.24910040794073332,1,interior
0.911930486213151,0.1852154262601822,1,interior
0.36862481039327333,0.20560308085017245,1,interior
0.9005554360247945,0.1751550102774462,1,interior
0.8399742212428245,0.10072583609178351,1,interior
0.37789788269749874,0.2101944680043385,1,interior
0.35855005418704144,0.2786588088235428,1,interior
0.8887149802156653,0.14901414595707024,1,interior
0.8019837247726449,0.0652078650480229,1,interior
0.8319477555479129,0.10013778389696022,1,interior
0.893507788405461,0.35722538684626365,1,interior
0.39157370826626553,0.15254555527576383,1,interior
0.41676861505391477,0.11019718815467085,1,interior
0.9202676002155711,0.2775491314415362,1,interior
0.38633674817261404,0.15186849214732343,1,interior
0.9061625523417034,0.3474655569242283,1,interior
0.9064351065830524,0.31904341533848235,1,interior
0.9147457846370439,0.3369701842793601,1,interior
0.9079072415657349,0.17636626863287794,1,interior
0.8677478084796234,0.13321530527508083,1,interior
0.4179414185502489,0.10848602281364263,1,interior
0.348607452096672,0.2633436325171195,1,interior
0.36820679942720935,0.19471121628054003,1,interior
0.9050695843779915,0.3541985580350271,1,interior
0.3720015874823211,0.18980911012355195,1,interior
0.38212140099531644,0.15567221097708234,1,interior
0.7983676817164019,0.05884594148970855,1,interior
0.9133419428316342,0.23990682015479375,1,interior
0.9092682402238075,0.3188713733093612,1,interior
0.8693548477413521,0.13233577692557014,1,interior
0.9173759468281494,0.3000062980337662,1,interior
0.8729531699910776,0.12146856677794773,1,boundary
0.4462551579812647,0.0893249249721335,1,interior
0.3614921039548888,0.22173607637406473,1,interior
0.8790424517231391,0.14451079158138863,1,interior
0.9198549908062224,0.2832224537235759,1,interior
0.3625249930719025,0.2194165082745478,1,interior
0.9093089908839064,0.3329110335744912,1,interior
0.8075581822860189,0.07617532229863301,1,interior
0.4128434214150504,0.11291725327595642,1,interior
0.8815887657343577,0.14208520008352857,1,interior
0.9171294447826653,0.26421159008680206,1,interior
0.9097654370050046,0.22288236824709526,1,interior
0.7889714722322957,0.059457857141158636,1,interior
0.4331021753551868,0.10183270699448538,1,interior
0.4394566076969182,0.09803182339501065,1,interior
0.41106770695981976,0.13952525651955588,1,interior
0.3978351906802839,0.14022430524481808,1,interior
0.9180966460140328,0.2734414704928899,1,interior
0.44550707806979073,0.0875668821907893,1,interior
0.9077711812371224,0.3220900703034601,1,interior
0.8941189343795817,0.14764753004286763,1,interior
0.3801203209507329,0.17037087859414968,1,interior
0.3614502110426133,0.22597033518812287,1,interior
0.9217276173827514,0.2851694086705821,1,interior
0.39666423520638616,0.14189202349411323,1,interior
0.3600804497569023,0.21803302280029468,1,interior
0.8269419169976976,0.09656628750412062,1,interior
0.9194174152111748,0.31280283252053037,1,interior
0.848979447919717,0.10858553439090007,1,interior
0.9139278785203403,0.24232597232355038,1,interior
0.8948517316651473,0.15684625775537808,1,interior
0.9160670526007286,0.3340690687200313,1,interior
0.9160481748102254,0.303278866162418,1,interior
0.36647323894834677,0.2073755638496903,1,interior
0.36878385877291375,0.1883748795606374,1,interior
0.9130843860916129,0.20307507844995099,1,interior
0.918210089196422,0.29175911168057034,1,interior
0.7742433966412317,0.04953376849029272,1,interior
0.8753346203125197,0.13680668619843103,1,interior
0.9185246252806145,0.2933338274262832,1,interior
0.9115946650803787,0.183329779122771,1,interior
0.7759657963002571,0.05179736477054965,1,interior
0.4011400676400385,0.1321041383687656,1,interior
0.9174817351228843,0.2674351865824906,1,interior
0.4241133832808663,0.11017368808356348,1,interior
0.9176646451578367,0.3337942334705946,1,interior
0.8048615606958051,0.06373417985806398,1,interior
0.8191638565048823,0.0854692445689252,1,interior
0.4290547564051967,0.1085146212627995,1,interior
0.7993190401024777,0.06068640465048294,1,interior
0.7628441563914671,0.04727401618950444,1,interior
0.9131485111716656,0.31700554718872215,1,interior
0.35254686054543377,0.2622946499935852,1,interior
0.8096468840513255,0.08087642861492313,1,interior
0.3703090669764853,0.20564153082544712,1,interior
0.9122986510900655,0.22786197181515044,1,interior
0.8988138502171851,0.17477502281166987,1,interior
0.39953134280587016,0.1387842166878696,1,interior
0.9076530048186765,0.3201077682950978,1,interior
0.44573798852774626,0.09123124216046308,1,interior
0.9153884186061503,0.33081233452476844,1,interior
0.8994831842422011,0.17023474977092523,1,interior
0.8161173175438389,0.08390819604015694,1,interior
0.3562667550378419,0.27916499578392795,1,interior
0.8341339751322157,0.09904081100866344,1,interior
0.7812448372491305,0.05836106369708258,1,interior
0.751454555009876,0.04563781410625176,1,interior
0.9064453450433259,0.21894284522384583,1,interior
0.9215924198664223,0.31297698062417056,1,interior
0.8423680012397333,0.10315605011606868,1,interior
0.897841315525582,0.3793290394027772,1,interior
0.35979599780080357,0.21540649287399233,1,interior
0.9089672443611038,0.219327370014957,1,interior
0.9184765004582791,0.26152100206509604,1,interior
0.36971204380143424,0.20414726789842483,1,interior
0.7477588881958812,0.04954882187628205,1,interior
0.3545479214127346,0.2482360031108787,1,interior
0.9219814255533704,0.2876328808601323,1,interior
0.9074668621417648,0.21731957561807094,1,interior
0.9056828298729175,0.357050276276051,1,interior
0.4504670976044343,0.09141978414119556,1,interior
0.899467765062835,0.36629571724372617,1,interior
0.8738019046581164,0.1277613456224568,1,interior
0.35860679339135954,0.28903724886998056,1,boundary
0.3614525295067515,0.2347842387118343,1,interior
0.884053898744106,0.14039714588750588,1,interior
0.7691045363417245,0.04615227765094071,1,interior
0.9110641857106656,0.3326891618415422,1,interior
0.8724482833327165,0.1300623173232333,1,interior
0.43775654486086746,0.09143486370094007,1,interior
0.8290587759472343,0.1006719580570845,1,interior
0.35933622241812857,0.2296938227256837,1,interior
0.44474514418336086,0.09241604029692414,1,interior
0.7747030717051978,0.05279343695167727,1,interior
0.35316958154307854,0.2654253245916987,1,interior
0.9185710683675598,0.31427907561116647,1,interior
0.3870594445598643,0.1617090729629887,1,interior
0.37085196666118697,0.18851785742970356,1,interior
0.8695154666454018,0.1251498860864311,1,interior
0.9064060268141307,0.17182860734741207,1,interior
0.7766657087668,0.05034473382911676,1,interior
0.8702385289927735,0.13428941566722907,1,interior
0.9177497336620783,0.34035860458978007,1,interior
0.8380998219082184,0.10126510406207934,1,interior
0.91642651516659,0.2722784535152543,1,interior
0.892228908879332,0.14689642561244245,1,interior
0.3958760523921159,0.13954699884543184,1,interior
0.8974652866478329,0.15310881523763567,1,interior
0.37929704010614423,0.17621712081341026,1,interior
0.9190126490320891,0.3112467629549295,1,interior
0.9163381907563528,0.23520521483926116,1,interior
0.39438683745283515,0.14368908366258126,1,interior
0.3828920014434762,0.16095708552283775,1,interior
0.904870172874705,0.218479973450817,1,interior
0.8145235011727066,0.08459454096197443,1,interior
0.8763057139450124,0.13402238446105513,1,interior
0.8474686571287005,0.10805192865640784,1,interior
0.4320296286474086,0.10045793551030086,1,interior
0.8984176065068982,0.37307221088724946,1,interior
0.9158402593596895,0.3273820007049772,1,interior
0.8607852328246783,0.11809804698210428,1,interior
0.346439718540938,0.26143431611429246,1,interior
0.9235827915997137,0.2896941280575641,1,interior
0.9140453923359662,0.332804423616215,1,interior
0.3619412682802201,0.22394844469886593,1,interior
0.8446635397523042,0.1032752025828325,1,interior
0.8116902848353573,0.08422113683362818,1,interior
0.7672481568928141,0.046998513907308935,1,interior
0.9105240122597131,0.31976552564297095,1,interior
0.9138525142792507,0.19289740487277432,1,interior
0.8855710801599781,0.14413293040775643,1,interior
0.8778130187813263,0.13485778656286268,1,interior
0.8589577257465035,0.11199296796329698,1,boundary
0.9183170247992429,0.2795268565294151,1,interior
0.3739916343947331,0.18027101543234816,1,interior
0.41424014941897214,0.11005016886978904,1,interior
0.3493432303804344,0.26509887086318107,1,interior
0.3510878339212055,0.2511143695453949,1,interior
0.9122288653665601,0.3203160105520865,1,interior
0.8712198726556633,0.1325079483388767,1,interior
0.9117525385740083,0.22043903154625158,1,interior
0.9134499716593467,0.32597383053062423,1,interior
0.901747121118393,0.17415525690284694,1,interior
0.9202426825158772,0.28826858271180206,1,interior
0.917049190100392,0.3376250056523758,1,interior
0.9168133621438994,0.3292685504607956,1,interior
0.8671110069038214,0.12054306974798973,1,boundary
0.3504323540226852,0.2539712839801642,1,interior
0.8816740372728937,0.13905830652292103,1,interior
0.9220716078219541,0.3147485413978087,1,interior
0.8958105180424644,0.38323072774101496,1,interior
0.916820553990359,0.33580695898986346,1,interior
0.35530985260617215,0.2820556532350017,1,boundary
0.9119858010033907,0.19914749130176856,1,interior
0.9171733219226287,0.3175018826207673,1,interior
0.8092980765997091,0.07663611798427417,1,interior
0.8090899525677018,0.07838645774679964,1,interior
0.9002058878629945,0.16811078259468096,1,interior
0.9080397461649015,0.21034130407068988,1,interior
0.7651206201471549,0.045096889718889664,1,interior
0.4402733255280792,0.08643124916703554,1,interior
0.8775598287694512,0.13708219687024556,1,interior
0.8080526438402766,0.07214681847067768,1,interior
0.3720730985386585,0.18493059732611897,1,interior
0.37768629803828335,0.16937315150823956,1,interior
0.3614268422941861,0.21435860572592033,1,interior
0.36331335778243196,0.28434206497119047,1,interior
0.4389604567259491,0.0873709195271381,1,interior
0.8277124092985835,0.0946622318328138,1,interior
0.9088382981592135,0.34533962524361267,1,interior
0.3748786746369905,0.17630280655538905,1,interior
0.37093965993325567,0.18691231272170084,1,interior
0.45233499916942393,0.08278935024480179,1,interior
0.38444259389513286,0.15241199991516646,1,interior
0.3727465791244019,0.17683676149345162,1,interior
0.35888298854671713,0.23791738086442865,1,interior
0.874238085827018,0.13071023844316443,1,interior
0.9170933709656103,0.3417738522627609,1,interior
0.37804014524422863,0.16236277550407605,1,interior
0.9099996198279446,0.1787532898205781,1,interior
0.8984542385808909,0.1564892308803875,1,interior
0.3718287583548143,0.20103088253440016,1,interior
0.3574054938302077,0.23176864407100356,1,interior
0.35163095789631554,0.2564872063147298,1,interior
0.926159205940159,0.2903657844412382,1,interior
0.39297969901720436,0.13867543610296368,1,interior
0.9081092432169033,0.3559331393869622,1,interior
0.3935885037272182,0.1506600577476492,1,interior
0.41578479759061704,0.11169548252697767,1,interior
0.8063553401190297,0.06777198582007918,1,interior
0.381780363507773,0.1583906541445269,1,interior
0.377637765447631,0.1760718743176504,1,interior
0.9191024808774416,0.28962973816242754,1,interior
0.8956055358350877,0.37669096035987937,1,interior
0.9066912317019028,0.2078578111637234,1,interior
0.9150433833499154,0.19437964250548412,1,interior
0.35512101855318795,0.2671264568123059,1,interior
0.9159915333411489,0.24420397568709437,1,interior
0.3868511280953448,0.149055842726237,1,interior
0.913618045987526,0.2376728953479073,1,interior
0.8093628646511191,0.07012493637642062,1,interior
0.36884628820224863,0.1993172976734773,1,interior
0.9138907882722513,0.22841377234788313,1,interior
0.9208028758107992,0.2810559018146719,1,interior
0.9099947406716586,0.17686284028426735,1,interior
0.7699993544258791,0.05117803775605061,1,interior
0.8258713428114112,0.09424725732459115,1,interior
0.8248446353973957,0.09141273601445873,1,interior
0.7518511550165851,0.04209319190812688,1,interior
0.8320991370872912,0.0979429822576448,1,interior
0.3922178521015494,0.1500018117508757,1,interior
0.913778449802457,0.3460822323413486,1,interior
0.34986970284076063,0.2598705596177629,1,interior
0.9088306748259904,0.17402330541816644,1,interior
0.9202282115154833,0.267190479936703,1,interior
0.8261339398250849,0.08916582204960338,1,interior
0.8967379926688313,0.3682810014647283,1,interior
0.3843084344664332,0.14859857415398042,1,interior
0.8562475056003978,0.10582909636382307,1,interior
0.8977032564823307,0.1732221516621664,1,interior
0.3767897982452148,0.179666843989701,1,interior
0.8701284660951509,0.12094320911020014,1,boundary
0.4553001075711279,0.08087928043501778,1,boundary
0.8051351747589682,0.06124670786706372,1,interior
0.8140066485169574,0.08078048510940743,1,interior
0.8141997984701679,0.08231537016473861,1,interior
0.8291769322557033,0.09582673866181612,1,interior
0.9164883714215165,0.29590386657490086,1,interior
0.9006803660293966,0.16317633354877703,1,interior
0.38483671617847054,0.15395028164326321,1,interior
0.8125727762394368,0.08266333031170234,1,interior
0.9146947926321835,0.2262420301587498,1,interior
0.865356435532482,0.11851691236219085,1,boundary
0.9075135228415822,0.3532422024291433,1,interior
0.3665882826577444,0.21012823109963,1,interior
0.3480030862535634,0.2595261639853945,1,interior
0.348511034722995,0.2528821891866309,1,interior
0.361627642598159,0.23756388598284672,1,interior
0.43761081224882564,0.08986244999566875,1,interior
0.9149525843325226,0.2547604081599712,1,interior
0.9220470818004198,0.3114014940246653,1,interior
0.35820186851019725,0.21906519237546007,1,interior
0.37254523308749327,0.1818262269852808,1,interior
0.9158934360778372,0.20119090896407446,1,interior
0.4319291088753315,0.09780862623522595,1,interior
0.7855664323354827,0.058581601774881434,1,interior
0.3664264486264447,0.2054202281743289,1,interior
0.9044489248488873,0.36349200367974815,1,interior
0.3605611071866327,0.2547590830491477,1,interior
0.900416059130112,0.1732732963908417,1,interior
0.9013466212441966,0.3652884754448876,1,interior
0.9168528954946059,0.22848946963877936,1,interior
0.9016340009541168,0.1609395737253411,1,interior
0.4537811984228532,0.08031034215255224,1,boundary
0.9116924514627781,0.31857206113387826,1,interior
0.8075081107659596,0.06561884017994034,1,interior
0.8780806261272077,0.13279967715432744,1,interior
0.8968410781142191,0.3754693679741567,1,interior
0.7747876604259825,0.047829759978195746,1,interior
0.9111862630264134,0.2407558816764499,1,interior
0.41260562407275386,0.12726487661033378,1,interior
0.34985391658117665,0.2489727751814212,1,interior
0.873361130207197,0.132866664070335,1,interior
0.8504720576630674,0.1077272922903197,1,interior
0.3946317275729912,0.14950351999513087,1,interior
0.3854829023380919,0.16048025249724662,1,interior
0.9105885913911167,0.21931581023670593,1,interior
0.8934711799307372,0.1456460859236685,1,interior
0.9209706022626964,0.2898315245081908,1,interior
0.3904600141034706,0.15084563620187147,1,interior
0.7744248032722232,0.0460900400459911,1,interior
0.8644118970060249,0.11730028945504219,1,boundary
0.9023552728888151,0.38097928734958336,1,interior
0.3591395640921937,0.22116152447751383,1,interior
0.9187407049664944,0.28108887658457077,1,interior
0.8997633031152258,0.3746608442487508,1,interior
0.3653145644871718,0.20901211566386654,1,interior
0.3676731920189338,0.20431325149010657,1,interior
0.9203720893344556,0.27915074715213783,1,interior
0.8997667704830395,0.37116173988965656,1,interior
0.8688667050425725,0.12002282560323907,1,boundary
0.8424204924102314,0.10160774712220355,1,interior
0.891199717260377,0.15145653201276707,1,interior
0.9129205795794372,0.21802112367176946,1,interior
0.40599468175393083,0.1268557101321009,1,interior
0.875138209450122,0.1240562092079789,1,interior
0.8476558454236343,0.10523253976285718,1,interior
0.843974789412083,0.10108939988455923,1,interior
0.7541863032949179,0.049089403844874695,1,interior
0.3804613603377844,0.15708058376483366,1,interior
0.7999450102641523,0.06553017390899422,1,interior
0.7575265957974603,0.04552726492755109,1,interior
0.34457394765486643,0.2604460688139636,1,interior
0.8588404573709457,0.10996791608942603,1,boundary
0.39393537769306375,0.14562935089012022,1,interior
0.9163223252883792,0.3445223820670428,1,interior
0.9179688538653242,0.30437157955324373,1,interior
0.9146352620631968,0.2871461537014596,1,interior
0.39509318015765166,0.13677980216794253,1,interior
0.348654148662247,0.25087441568042607,1,interior
0.9118000667775993,0.2220825176000184,1,interior
0.7819999502479736,0.05974501118989555,1,interior
0.9123483279397794,0.22629448122728274,1,interior
0.9237032570130144,0.2853125838626023,1,interior
0.3605476194040647,0.21307833878890348,1,interior
0.8520796032722476,0.10788847780912632,1,interior
0.9194158161277969,0.33432380269325696,1,interior
0.9163418570766168,0.18972518347877537,1,interior
0.7772225136940761,0.047205357385344954,1,interior
0.7570553313466615,0.04307211224000279,1,interior
0.7561361444854948,0.046968668299688106,1,interior
0.3456090354512992,0.2635474446663811,1,interior
0.44414627520833794,0.08437467014284389,1,interior
0.3650595376986427,0.2112596659903954,1,interior
0.9194847628043371,0.27169857178667883,1,interior
0.8609597741044649,0.11615479656319895,1,interior
0.4150220204671499,0.10821291528612643,1,interior
0.3716362346586007,0.17906189967071945,1,interior
0.7643037292251548,0.042489803075794634,1,interior
0.7634544434870321,0.04551555176326617,1,interior
0.9094743306005774,0.20844440330637545,1,interior
0.8097392206052005,0.06804462816746717,1,interior
0.38077778633222886,0.16140667989308286,1,interior
0.8456525660060085,0.10168372117880532,1,interior
0.7830779801896285,0.057911625718139265,1,interior
0.9138230604118425,0.32029471565188355,1,interior
0.840507225869619,0.10637393086722059,1,interior
0.8620105490293694,0.11483568586140147,1,boundary
0.9155688535001913,0.33249548388499406,1,interior
0.8558673299991395,0.10342683668973582,1,boundary
0.8654282233774583,0.12006576043595116,1,interior
0.9104194343654685,0.21109053375017647,1,interior
0.34903634359915564,0.26913325138364685,1,boundary
0.34917683761243984,0.25674587140181626,1,interior
0.3469442923382252,0.25079130664846694,1,interior
0.3568416097109996,0.28211510668851175,1,interior
0.8853125801175402,0.1414874815031989,1,interior
0.9201049214561938,0.2534531978730041,1,interior
0.9041701296076534,0.1782163744295405,1,interior
0.9214005613865348,0.28296637036621336,1,interior
0.8010279632735541,0.0590408466448895,1,interior
0.9133315173157348,0.18976011606687007,1,interior
0.3604202411543117,0.2784646937906141,1,interior
0.9160050213838864,0.1927895011396642,1,interior
0.4499049112849943,0.07922066701878407,1,interior
0.44110948095426483,0.09868360163252946,1,interior
0.4469065059510939,0.08660021200848113,1,interior
0.918941647547639,0.33699476317270394,1,interior
0.822704468587306,0.08906576904949211,1,interior
0.3799883072432144,0.17238126455240765,1,interior
0.3723685419274249,0.1747236757251233,1,interior
0.8963485331458376,0.16341847020968175,1,interior
0.38049914617556463,0.16300710388711678,1,interior
0.851466952953004,0.10558843249722082,1,interior
0.8026434799694225,0.06010876548777708,1,interior
0.36729222894480545,0.19924532353449229,1,interior
0.42495263059901073,0.10555886960496018,1,interior
0.359299504217856,0.23983780298529114,1,interior
0.9169983137600622,0.25891681128172434,1,interior
0.894271662317389,0.15253816443582296,1,interior
0.3420110930647771,0.2614812904837113,1,interior
0.4346109175253274,0.09648111905065669,1,interior
0.9199406123050043,0.29160221939800957,1,interior
0.9141094793506416,0.31519216380715703,1,interior
0.877161362874606,0.12354651154920852,1,interior
0.9195612284154814,0.2593523393268239,1,interior
0.8475323462677521,0.10355129389528632,1,interior
0.7996410892895287,0.057747097486188156,1,interior
0.8484328067786954,0.10668787127498848,1,interior
0.8561920544439777,0.10741856500125926,1,interior
0.9216579893375269,0.29201382525557906,1,interior
0.3629247820077028,0.21271658497250034,1,interior
0.4347548789245443,0.09187003616293674,1,interior
0.9181294913220965,0.331829736953579,1,interior
0.903098753409768,0.36435823080705937,1,interior
0.8090710367957773,0.07452171394616001,1,interior
0.776177876412133,0.0460447812293731,1,interior
0.3435439847146926,0.2625083318819949,1,interior
0.43261676307361546,0.09284326441709116,1,interior
0.8971463687087468,0.15774697429953782,1,interior
0.3612015936825695,0.230851356762006,1,interior
0.34824239961325987,0.2662374992783429,1,interior
0.8744738909982296,0.1263914676893753,1,interior
0.37279091104457157,0.18339925910705712,1,interior
0.39084457610132467,0.1480842534419907,1,interior
0.9126537199911334,0.22938600658563163,1,interior
0.35954082093737766,0.22544767279954034,1,interior
0.4015738542196884,0.13520575029985116,1,interior
0.8109619500887923,0.07907994123586842,1,interior
0.780165448269672,0.04965000487091251,1,interior
0.3763323023367884,0.1680454083196891,1,interior
0.3710124210406884,0.18202157080473202,1,interior
0.8792428688847942,0.134189078554833,1,interior
0.7877695058358702,0.058368354290300295,1,interior
0.9187988090199382,0.22764557214555295,1,interior
0.424993278228546,0.10272698859728718,1,interior
0.35541837529051024,0.21796776983899652,1,interior
0.925188073309949,0.2916770701059821,1,interior
0.345328664820243,0.2589084724962859,1,interior
0.8270850839384584,0.09180505066879302,1,interior
0.796194082342329,0.06012759163659757,1,interior
0.9129998042902067,0.2361287631602186,1,interior
0.3946341057863758,0.14751889804159846,1,interior
0.8298644195583734,0.09855826825851542,1,interior
0.8243233257005704,0.08954781324436528,1,interior
0.8206161643290888,0.08641561942403624,1,interior
0.35589094602385923,0.24485144206161963,1,interior
0.4065085916777333,0.13028222260378966,1,interior
0.9214280844224916,0.33273292202954785,1,interior
0.8499869799682912,0.10422086807792108,1,interior
0.34692811997295286,0.2646939759651156,1,interior
0.8987108190133031,0.358758081699526,1,interior
0.8285670344656862,0.09307039293127174,1,interior
0.9129031722316748,0.17624854958763425,1,interior
0.37052682663432984,0.18031204307699583,1,interior
0.4443699689822297,0.08926928250041913,1,interior
0.9000901239017923,0.3726652960618345,1,interior
0.41685689636028267,0.10734436426258787,1,interior
0.81053668879261,0.08218123944276859,1,interior
0.9058690677135334,0.17536132530665896,1,interior
0.9091374252914812,0.3510695015833895,1,interior
0.8110948408719174,0.06647216161492564,1,interior
0.9155759131898896,0.33867867664085893,1,interior
0.914996756936433,0.19071934950111097,1,interior
0.3525340019596177,0.24620665619096804,1,interior
0.9191537169317149,0.2461130277057357,1,interior
0.4092906469841579,0.11830317474953805,1,interior
0.915242132867134,0.23760895290636533,1,interior
0.7731070039991548,0.04506080014025242,1,interior
0.8104031067861067,0.06504018574546187,1,interior
0.9016303840910934,0.37169873854066937,1,interior
0.9152292165526081,0.19590774283216408,1,interior
0.43565195525015726,0.08762625279566388,1,interior
0.36755652179165565,0.20138485717427967,1,interior
0.8984040860250687,0.376186207164157,1,interior
0.9143759776834812,0.1784148700721724,1,interior
0.9201845587501506,0.3164081024988218,1,interior
0.8179277671041705,0.08438518135571371,1,interior
0.9176762149640932,0.25643850216963116,1,interior
0.849043175217637,0.10244716764437635,1,interior
0.41925137430511766,0.10643774421662211,1,interior
0.9221058266184915,0.2527032807780414,1,interior
0.3467266153050196,0.25824362568756515,1,interior
0.3551987099097145,0.23717350159139183,1,interior
0.835996752475686,0.09920123985241977,1,interior
0.8977545287159945,0.3837910047018375,1,interior
0.9096761270170738,0.352517189365526,1,interior
0.3573207427499758,0.23428820542254822,1,interior
0.8194253655148566,0.0836269981000901,1,interior
0.9234279951928248,0.2914689808042838,1,interior
0.9015794314590748,0.17151898376658484,1,interior
0.9198472157065868,0.25636043382251045,1,interior
0.9049187996468321,0.36497337638868416,1,interior
0.9016388799113441,0.16550211538131954,1,interior
0.9147123676124422,0.1986526625637788,1,interior
0.8298287394097251,0.09134137001680084,1,interior
0.9170723452970543,0.23328724033235482,1,interior
0.347321145364542,0.25659317985768065,1,interior
0.38328056329970844,0.15421123554697372,1,interior
0.9146441193729229,0.17612115167553616,1,interior
0.41054984362769115,0.11634827171988478,1,interior
0.8983014354903505,0.3810302592390839,1,interior
0.36354718965169686,0.20986765990243117,1,interior
0.768264061660231,0.04400647834075123,1,interior
0.894663698917342,0.16166350790292522,1,interior
0.8794513540485412,0.131595267327826,1,interior
0.9222658267123752,0.33409070233143756,1,interior
0.40192211184698234,0.1295290592872762,1,interior
0.9143860465853436,0.32182167605008916,1,interior
0.35983808527600686,0.22258981028213856,1,interior
0.7932997430418516,0.05840039767954716,1,interior
0.8851016399358155,0.14678030654283977,1,interior
0.3961667700592543,0.14902997012693936,1,interior
0.3588132509817148,0.21388514401738173,1,interior
0.9215112632393277,0.25805423986854314,1,interior
0.8069559287770833,0.06179515189760293,1,interior
0.3622709952570051,0.21076267548203792,1,interior
0.906661001300931,0.28506178704569163,1,interior
0.8968633540068688,0.38508971839247735,1,boundary
0.9106916953372354,0.2128482910963043,1,interior
0.42432929664573515,0.10813197843170189,1,interior
0.9135315627772792,0.3235469545053541,1,interior
0.3501955742011095,0.2637153625628771,1,interior
0.8975568757436114,0.15136270906421415,1,interior
0.782513254224323,0.05096788926087237,1,interior
0.9146616777259664,0.23908400008318892,1,interior
0.9047155045387912,0.17174460122864224,1,interior
0.9161901614254871,0.3191141892547707,1,interior
0.830608082677842,0.09684605839478218,1,interior
0.4228992709121716,0.10556829052151644,1,interior
0.9066011952545665,0.36361061123890376,1,interior
0.9087418416312729,0.1778085533948414,1,interior
0.41601562551503873,0.10539209269127738,1,interior
0.8018764600691415,0.061431331304627114,1,interior
0.9264763397286766,0.2937796749621459,1,interior
0.7705291239736306,0.042850088449996056,1,interior
0.9198019512647582,0.3325041523462805,1,interior
0.8153458352262756,0.08918310619836992,1,interior
0.8908401876073462,0.14818857852087583,1,interior
0.9139612028085388,0.18175722256885873,1,interior
0.9204943189547227,0.32988457210674577,1,interior
0.42122701685982716,0.10799427867129333,1,interior
0.9189432240770381,0.3304898799481826,1,interior
0.7975238453372645,0.057222789644237854,1,interior
0.9187268059811737,0.30730532948751893,1,interior
0.35227305034580564,0.23709790665469502,1,interior
0.7661091607808685,0.042792831849762465,1,interior
0.3456708341169691,0.25242791938712394,1,interior
0.7940891327366856,0.061780606504843245,1,interior
0.7908665662974185,0.06032108126794345,1,interior
0.9040467530475553,0.16129464191660384,1,interior
0.3575645706514541,0.24412547505301593,1,interior
0.9054179344625908,0.16999925843549885,1,interior
0.8309814423029873,0.09497428360646931,1,interior
0.3987980235557046,0.1363393702026486,1,interior
0.9134908646100346,0.18437617848240423,1,interior
0.36850995257844943,0.18589341596139913,1,interior
0.3406842083693909,0.2629857488922207,1,interior
0.37911535652091,0.16087043328627001,1,interior
0.9098790482830275,0.1752476164726335,1,interior
0.35864619072152215,0.22745898772721132,1,interior
0.3927210732084045,0.14775728607396732,1,interior
0.90948928486254,0.21789206428864433,1,interior
0.8954631698920155,0.37177296608901167,1,interior
0.8813119573041966,0.1349570352589429,1,interior
0.3544284104300368,0.21948660604266151,1,interior
0.9176108597524328,0.20032005077040838,1,interior
0.3671557160459801,0.21200969046348878,1,interior
0.9156241402978404,0.3461352866190473,1,interior
0.795136766610851,0.0573515358973638,1,interior
0.9114494911877414,0.21650948755489313,1,interior
0.38024002476556507,0.1547640179896028,1,interior
0.9227812757351778,0.33172417058524845,1,interior
0.3644350413766915,0.20745969358771918,1,interior
0.3471388253122509,0.25456117236002335,1,interior
0.3403999231182947,0.2609854297353221,1,interior
0.9000184240748714,0.16153650175693174,1,interior
0.9019665649599149,0.373193232327652,1,interior
0.832923290418063,0.09597707194008881,1,interior
0.9168344159146494,0.3245505605634113,1,interior
0.43569397218376305,0.08935184825821353,1,interior
0.7797777367546251,0.046169553840176146,1,interior
0.3603848076401416,0.23865259403172023,1,interior
0.7611982390603886,0.04660562897376648,1,interior
0.3888201682554221,0.14873331976225124,1,interior
0.9123584143939052,0.22394524720161038,1,interior
0.9197949393997529,0.2749567920517741,1,interior
0.445677584245896,0.08492157461416258,1,interior
0.3928592530218736,0.14081656947256688,1,interior
0.4336963208461658,0.0905315798971119,1,interior
0.803636722464093,0.06150136023635736,1,interior
0.9188635839877511,0.25795124631819816,1,interior
0.9159034219318829,0.2027754040325116,1,interior
0.4373608126162722,0.08728733470463904,1,interior
0.8250603843202361,0.08794771029181112,1,interior
0.9113971270711719,0.1747851794935735,1,interior
0.924168298516338,0.3113812861072926,1,interior
0.9047832982319386,0.18334136362177142,1,interior
0.35828631738174443,0.22244688227133072,1,interior
0.9114639470360988,0.17226254462847684,1,interior
0.7632258649890321,0.04375693495037803,1,interior
0.7653996878479546,0.0412247618733439,1,interior
0.880101419059152,0.14144691282756078,1,interior
0.9143268741786421,0.22270050150232562,1,interior
0.3552602110638057,0.26375631926905607,1,interior
0.8990668566090485,0.36960390582587926,1,interior
0.9220687291440811,0.27178652082665805,1,interior
0.9111826009253126,0.35400318738802944,1,interior
0.9222244832006201,0.33011751395211936,1,interior
0.4128787568799773,0.10748550696158173,1,interior
0.365121450149184,0.2042005425825789,1,interior
0.35961872278269946,0.23469090090739922,1,interior
0.9194101366953221,0.3057715098578948,1,interior
0.8816566748962762,0.13720265111457514,1,interior
0.8119292337462054,0.07399577168790464,1,interior
0.3785546544906162,0.16689181839770434,1,interior
0.9030902093153504,0.36615949397811637,1,interior
0.9198650358952281,0.30402834263711426,1,interior
0.8529446976404113,0.10661773916585425,1,interior
0.9222205089374284,0.2940565683976738,1,interior
0.9017962331420775,0.36707653939041696,1,interior
0.8981451664656169,0.18420212509016204,1,interior
0.4484003908723126,0.08403509779977249,1,interior
0.42266150250419643,0.10922351858973739,1,interior
0.3571581518661096,0.24014507971356142,1,interior
0.3874540607923533,0.1507679226492751,1,interior
0.9019595602761157,0.16859163039953112,1,interior
0.446972694016924,0.08310560976674497,1,interior
0.4310288484521703,0.09211273897669546,1,interior
0.9134328687643586,0.21951301749440394,1,interior
0.7907355505411175,0.058797105857670826,1,interior
0.4089217996340436,0.1221063560975921,1,interior
0.375811525101349,0.16992700788728618,1,interior
0.9025440930089703,0.3696924453564005,1,interior
0.40537146703337107,0.1233906676143809,1,interior
0.915818533060926,0.2632243820988374,1,interior
0.9138949640964816,0.22492620725173165,1,interior
0.35710536747006116,0.21613381290653927,1,interior
0.3624455248133281,0.2083229683211392,1,interior
0.9066837651151212,0.3545765158339533,1,interior
0.9247806382688155,0.28857229707985366,1,interior
0.8870775511420912,0.14705228441995885,1,interior
0.919348475123023,0.3282023532415036,1,interior
0.4143819109052038,0.11295140290997524,1,interior
0.9118278190740989,0.21431725148832445,1,interior
0.9204370506658136,0.251213878596541,1,interior
0.9214420189695374,0.25521977016429787,1,interior
0.7821273775043803,0.053890348391152684,1,interior
0.8386464614891669,0.09939360511238371,1,interior
0.8337446513323822,0.09745364931636731,1,interior
0.3430206286411397,0.25856347395078233,1,interior
0.39418190339907516,0.14171648173940496,1,interior
0.44553914503981684,0.08225221025143283,1,interior
0.37051868727417103,0.18531514493209925,1,interior
0.34056741408875396,0.2592158053100399,1,interior
0.4055148786189942,0.11936660149479837,1,interior
0.9187642706837257,0.23593245930975973,1,interior
0.4226545558889301,0.10714853092316044,1,interior
0.3762005467402779,0.17525258909950686,1,interior
0.3778864103001572,0.1644070993507115,1,interior
0.9210000770121496,0.2601932068751309,1,interior
0.895913414242106,0.1461793136364898,1,interior
0.7939030921693451,0.05990414344534712,1,interior
0.9160950237149894,0.19737365064026421,1,interior
0.844948873728941,0.09982716896845267,1,interior
0.881628220162461,0.13324391371966052,1,interior
0.9104648095466469,0.17030605138740712,1,interior
0.9148535000538921,0.21626049999756103,1,interior
0.354770948583946,0.24642136599626327,1,interior
0.8721855758278212,0.1346107613772532,1,interior
0.8049468359274055,0.05972898325703627,1,interior
0.8090736084155135,0.06589946682629602,1,interior
0.360421380372296,0.273097140897282,1,interior
0.4069653797911694,0.11746369761057436,1,interior
0.3743958146475793,0.17433705487353746,1,interior
0.40547705971416065,0.12517716113035973,1,interior
0.914944465399368,0.34753425025895845,1,interior
0.9081127229762059,0.17037534632797036,1,interior
0.9235775256834691,0.29325454125692435,1,interior
0.7553315081316238,0.04268249721431166,1,interior
0.3780683883992381,0.17386231675306843,1,interior
0.8962471845398337,0.15912264654022582,1,interior
0.9179483400448367,0.198480203208579,1,interior
0.3777903051625741,0.16008622505242862,1,interior
0.9152998907713038,0.33547593238216505,1,interior
0.3578844220548571,0.27477983144949575,1,interior
0.7847694861318533,0.05602117485206624,1,interior
0.8754780872644803,0.1276260750328277,1,interior
0.8833433669180913,0.1369622273232979,1,interior
0.8999156431133872,0.38317383031552577,1,interior
0.9150089938845393,0.3127309588497732,1,interior
0.7667167019618718,0.04509762458290639,1,interior
0.8161064696572218,0.08206220374447003,1,interior
0.4330306323180659,0.08832465323937351,1,interior
0.9216300475236859,0.2766356158903606,1,interior
0.35786361388965066,0.22442976170661996,1,interior
0.4002792453549235,0.12959138991153085,1,interior
0.3659024567883899,0.20059340878165519,1,interior
0.8888611541486848,0.1469781962617108,1,interior
0.3832166489121641,0.15059110287420507,1,interior
0.8158501620826465,0.08045989922826538,1,interior
0.35758753191046266,0.22979899593582453,1,interior
0.8748356633125163,0.13336634984647464,1,interior
0.798517620225744,0.05605799771193506,1,interior
0.9227698400343259,0.2751083084146428,1,interior
0.8343713966241182,0.0953771406987189,1,interior
0.8431850767235403,0.09912206753019218,1,interior
0.9158837113980118,0.2419017283255962,1,interior
0.3818363562365708,0.15208709113128777,1,interior
0.4000066779405192,0.13491725743912011,1,interior
0.3604349033885725,0.245352200299667,1,interior
0.3984966030250436,0.13246650803214258,1,interior
0.3923516424130618,0.14538963438802038,1,interior
0.36936318639014787,0.18299873784564621,1,interior
0.43168201085761404,0.09457536166460996,1,interior
0.8274165982184655,0.08832136011538066,1,interior
0.4130843170322635,0.1111891895717787,1,interior
0.402867713268585,0.13411025529471748,1,interior
0.9158895831463534,0.3206699171324263,1,interior
0.3568840293208117,0.22831978341028078,1,interior
0.9154517739081142,0.25879995107743686,1,interior
0.35416140877770663,0.22222977612311165,1,interior
0.9092605520395178,0.35489542890475323,1,interior
0.4206511919414341,0.10453492672844676,1,interior
0.7613009356399618,0.04371052951105728,1,interior
0.7720640625634367,0.04325690465675682,1,interior
0.7848132622389612,0.054354150242341116,1,interior
0.9181926210617423,0.3463318514113232,1,interior
0.7872453552871063,0.056137503764718676,1,interior
0.37579324977378387,0.16023981164809661,1,interior
0.8724742086588072,0.12852508229050202,1,interior
0.8110946561366078,0.07735660723651332,1,interior
0.9030456003091617,0.16672640184122084,1,interior
0.402242943313253,0.15196161753530732,1,interior
0.9123186875166936,0.20915536908120738,1,interior
0.7694280651235026,0.04140953172720941,1,interior
0.8825811793014771,0.14093378897668246,1,interior
0.7891878767946023,0.056241311662333246,1,interior
0.8920554919604717,0.14405087971828331,1,interior
0.4055756221289359,0.12121788205633414,1,interior
0.8222349316486177,0.08708177217993184,1,interior
0.9230643270064844,0.2730053189434483,1,interior
0.9153227698056025,0.22153777068736868,1,interior
0.40080659383807155,0.12663730516174376,1,interior
0.38312961493425995,0.14595702052176046,1,interior
0.3696910127215971,0.1971735271612387,1,interior
0.35818330314676255,0.2416760835055116,1,interior
0.3550219067855356,0.24311213044760835,1,interior
0.9185890370429737,0.31885627726771465,1,interior
0.4624556832655451,0.08454563481168917,1,boundary
0.37086935399426785,0.1837730165070488,1,interior
0.89552131390771,0.14399425439392524,1,interior
0.9188696609833037,0.24460214005116426,1,interior
0.7715249774279611,0.04545506003877519,1,interior
0.7847615269993126,0.052729448004633785,1,interior
0.9166298699447939,0.2045876603316538,1,interior
0.364643594549703,0.1978278134727741,1,interior
0.7922506835259681,0.05641136293957339,1,interior
0.9204432327958798,0.27337307864403143,1,interior
0.36962577475217706,0.1777503990834514,1,interior
0.9206109067941823,0.3447808250990371,1,interior
0.9128266033946109,0.20725390341192226,1,interior
0.8138614484480329,0.07681462628708789,1,interior
0.8078412159355458,0.05981020660480113,1,interior
0.8411215375900826,0.09906231726014231,1,interior
0.4293668547987166,0.09401269732319253,1,interior
0.9013079381114252,0.16701731401128575,1,interior
0.9187197657685923,0.19708420991732797,1,interior
0.9163514022716703,0.25752404500660936,1,interior
0.4347710966182562,0.08601677243915155,1,interior
0.8223079849355908,0.08469539472062103,1,interior
0.9181190311815721,0.22965652398435685,1,interior
0.7767382320275024,0.0439514436927179,1,interior
0.3509853280171908,0.2388181038650719,1,interior
0.8764959864032337,0.13576396327611215,1,interior
0.9179619610162636,0.19047786902932995,1,interior
0.8768039798102776,0.13184054882274626,1,interior
0.8469823174684569,0.10055841707357945,1,interior
0.38982011441037834,0.14618045499304325,1,interior
0.9174619181890751,0.19221626844218023,1,interior
0.880247884932018,0.14307626352721836,1,interior
0.904133366787793,0.1597329139713763,1,interior
0.37635457064291855,0.16170639067613315,1,interior
0.9207075500628733,0.24949015744601524,1,interior
0.8983636560514004,0.15955285468955935,1,interior
0.3707891019301216,0.19606981265601722,1,interior
0.44922514223914795,0.08139554252636073,1,interior
0.9170990816161322,0.19473817189505938,1,interior
0.9071667096257535,0.3575540443337286,1,interior
0.811223227664128,0.0632489554008243,1,interior
0.806850151670201,0.06398441479775611,1,interior
0.8131592261988769,0.07819925120717588,1,interior
0.41840432764289015,0.10996819640547803,1,interior
0.8158447206931696,0.07870603538178012,1,interior
0.3865058665646893,0.14729050178213968,1,interior
0.40804886757955117,0.1155709841075768,1,interior
0.8017624245327104,0.05564046430421478,1,interior
0.9106437218116129,0.3513319635707539,1,interior
0.42686618525709613,0.10244153060239869,1,interior
0.9187573251195886,0.3014441915034537,1,interior
0.8198449362826682,0.09187443439911824,1,interior
0.8971664884954782,0.1475711930523535,1,interior
0.9091734512276886,0.3573922140964947,1,interior
0.9146550105073451,0.1799738150711359,1,interior
0.921819319617412,0.30360924774624504,1,interior
0.9278961049975396,0.2908789529920953,1,interior
0.7632207490885475,0.039935757494838985,1,interior
0.9186591308019827,0.29767035727751906,1,interior
0.39273416347312684,0.14302625395464214,1,interior
0.39867497756937265,0.1302048179464859,1,interior
0.3690750701808668,0.2134804735105124,1,interior
0.854262660231417,0.10396689976637975,1,interior
0.4374496869626303,0.08545691495394937,1,interior
0.9199874347702742,0.30846103171054606,1,interior
0.7985208200123927,0.05367039987124741,1,interior
0.35283752858273193,0.23946581990401083,1,interior
0.3678049764477545,0.19776014439867767,1,interior
0.40110139232880376,0.1336285581629644,1,interior
0.39722108942076123,0.1352372078439543,1,interior
0.8929498704982747,0.36968092282578957,1,interior
0.9222782937437422,0.28153030508017196,1,interior
0.4005147666212409,0.13666636797897,1,interior
0.9027926398966319,0.16347516025481687,1,interior
0.4225029071039867,0.10229690431970949,1,interior
0.9007706106391444,0.3811047956939898,1,interior
0.815491758850058,0.07719706277935007,1,interior
0.37612022603595807,0.17210880844817047,1,interior
0.9247688287585718,0.2754501926988609,1,interior
0.8885760327029684,0.14449871067398157,1,interior
0.44299403323521985,0.08186077925332808,1,interior
0.8116992248605089,0.07178768469455594,1,interior
0.8602600734020326,0.11287601569777805,1,boundary
0.37444151833847483,0.17262318100585386,1,interior
0.8995288852280993,0.15313298786544352,1,interior
0.9186808328808875,0.3207181214121877,1,interior
0.9023928956405102,0.17014158270443885,1,interior
0.7587412717375572,0.04452618516673268,1,interior
0.343953640580993,0.2500746480758785,1,interior
0.8912717513732168,0.14562832350838678,1,interior
0.9181858814671959,0.3443188792770409,1,interior
0.9203638218605655,0.34005897027566034,1,interior
0.7751620740274601,0.04275766591798898,1,interior
0.9261172032111038,0.2762127514308897,1,interior
0.9175226165661425,0.30262391331808586,1,interior
0.8310824930928672,0.0925537654819772,1,interior
0.3377623685255739,0.2586487726620086,1,interior
0.9196071140210028,0.19014671440901237,1,interior
0.45055472963372284,0.08275673076874317,1,interior
0.3984802230111749,0.13436378942567698,1,interior
0.3860615970633706,0.1446612493113293,1,interior
0.7715385172546771,0.041283828575673795,1,interior
0.8791090407914789,0.13689428019384656,1,interior
0.8759280434759176,0.1257654978959755,1,interior
0.9206112406871282,0.2940185572681701,1,interior
0.9094049580808325,0.16786200217153777,1,interior
0.8118510946959305,0.06127228998775993,1,interior
0.9164592461181437,0.18530676095508583,1,interior
0.38900220161699567,0.1437380587742669,1,interior
0.7602476784198858,0.04828500565694226,1,interior
0.9194165927559295,0.32323165133227727,1,interior
0.4516156576326438,0.07911859788771858,1,boundary
0.3973653134657212,0.13730639829021926,1,interior
0.34354861669335535,0.26412104265751535,1,interior
0.8440664346684503,0.09726811097113008,1,interior
0.9070827293172037,0.17409784402613507,1,interior
0.8343187016250291,0.10637501941943925,1,interior
0.9297236060713608,0.2909631311814039,1,interior
0.8765879024912107,0.12209318140634483,1,boundary
0.7617928535237487,0.04225313089937658,1,interior
0.7538702944563661,0.04203998467572458,1,interior
0.4056709435034013,0.12838544283116457,1,interior
0.9233308261389092,0.27094259963198775,1,interior
0.3672111065272165,0.1768476197363585,1,interior
0.9043522644374219,0.36774304201321406,1,interior
0.4105540853229313,0.11174356149531696,1,interior
0.8416913865233184,0.09745850919772828,1,interior
0.8772048026514608,0.12728059203371345,1,interior
0.9174575483323035,0.22060013099253922,1,interior
0.3596101765175788,0.24238011282467184,1,interior
0.9164757892788125,0.22259440577977102,1,interior
0.3595158498361786,0.21109796345503515,1,interior
0.36385887547185103,0.20605377856574605,1,interior
0.3483687862250991,0.2372974080834569,1,interior
0.3570543142391999,0.22572156763153964,1,interior
0.918711376209284,0.23194457721428707,1,interior
0.9165815266397006,0.25536871617769263,1,interior
0.9196121119038286,0.19468611552876824,1,interior
0.4201435980695581,0.10053474436955603,1,interior
0.7594554808972204,0.04240794350381613,1,interior
0.8095094385654262,0.06361322584472058,1,interior
0.8800829005651069,0.12637608094901204,1,interior
0.9146353086323954,0.2407044721680784,1,interior
0.3696956500029599,0.17456423215847208,1,interior
0.35829975814148873,0.21715467307512956,1,interior
0.9189762977444487,0.1996381638859898,1,interior
0.9191161160062234,0.22185872332569617,1,interior
0.8975031369758995,0.16087220319944115,1,interior
0.9235148934176386,0.2837887462525696,1,interior
0.9259371155692614,0.2780961104379625,1,interior
0.925136289181984,0.28645227115931043,1,interior
0.3879925382766985,0.14606073875076084,1,interior
0.8097078509660414,0.07172812684918346,1,interior
0.45683455433943393,0.08375447419322953,1,interior
0.8119947396727445,0.0681229143213393,1,interior
0.8757638847186816,0.13040923098659524,1,interior
0.3563238113895626,0.24177962909440504,1,interior
0.34157029852240367,0.26495309716699833,1,interior
0.9161287227298429,0.22535381029369583,1,interior
0.8982327535914658,0.14948525289927786,1,interior
0.881828885641401,0.1460787121636608,1,interior
0.9209567626400972,0.29738406058694844,1,interior
0.9090525909536231,0.1723321232205475,1,interior
0.44723850446684715,0.08132637013899394,1,interior
0.42578130471826586,0.10118013037277296,1,interior
0.9206662785913962,0.2989922223505477,1,interior
0.3862504563670038,0.14301351085432806,1,interior
0.8141812798231428,0.07531466431639873,1,interior
0.8865374437618464,0.14551076097914636,1,interior
0.9235932475997014,0.3048427981485195,1,interior
0.8748674517186141,0.129032985620202,1,interior
0.41859934362209195,0.10503121299190152,1,interior
0.8247988684086894,0.08593829565566058,1,interior
0.9225237516831603,0.279379381891221,1,interior
0.9128229653488921,0.35079842248817805,1,interior
0.8999484313489243,0.3853979668218517,1,boundary
0.9217450176762033,0.3355552111884672,1,interior
0.9143639613032828,0.20515054542245403,1,interior
0.36823894783139494,0.18038835164300446,1,interior
0.354017476605548,0.2163864105773144,1,interior
0.7613972075192282,0.040507794785869716,1,interior
0.9195619604760186,0.2961177128254632,1,interior
0.8968546521522772,0.38181459394430645,1,interior
0.9270209967442695,0.2865450439880972,1,interior
0.9043333047178318,0.16396159084637918,1,interior
0.8999934549061198,0.15931860171265158,1,interior
0.9146852684336952,0.35055147993170194,1,interior
0.8181956285653736,0.0800684746545943,1,interior
0.7676964688612207,0.04202534112252981,1,interior
0.4337648289262666,0.0952185329165614,1,interior
0.8382014562737442,0.09740920285916298,1,interior
0.36322923212781244,0.20172486232487422,1,interior
0.8183918669244894,0.07728869519352394,1,interior
0.3557870026805873,0.23872352905259653,1,interior
0.9051728261124045,0.1626038126524519,1,interior
0.8876493778874867,0.13967206053088183,1,interior
0.9189179320611987,0.3423970812038861,1,interior
0.839933421566847,0.09670901428193271,1,interior
0.33776826012729194,0.26209959420747664,1,interior
0.362354268410969,0.19769418563155441,1,interior
0.7827805037600151,0.04865788487289787,1,interior
0.4316419053918947,0.0905690115576771,1,interior
0.34223638076373547,0.25688014791637465,1,interior
0.7766369363169333,0.04867479059565312,1,interior
0.41639692364114506,0.11604932981391215,1,interior
0.8775384812242959,0.13006843605670274,1,interior
0.889182392269602,0.38516231898678954,1,boundary
0.35316243656993834,0.22062168116766398,1,interior
0.38497439616833107,0.14710759201036588,1,interior
0.9195373428055034,0.19291297853026643,1,interior
0.9014153282778713,0.38605177022723997,1,boundary
0.828091534531192,0.0906236445310705,1,interior
0.8576725083697043,0.10669495860133352,1,boundary
0.8987464958712652,0.1470719076202765,1,interior
0.9124639268397761,0.3485806587849622,1,interior
0.3915233015360152,0.13976595580928325,1,interior
0.9199370885525289,0.3004132829905191,1,interior
0.3454819844110397,0.266342051752605,1,interior
0.9164166096693973,0.19903028122660382,1,interior
0.4441917005637075,0.08638274787460015,1,interior
0.9082200898761489,0.16578544315841715,1,interior
0.38451849050550513,0.1439948737763401,1,interior
0.43010932606544183,0.09689551327693444,1,interior
0.9112367186591854,0.20756005333893296,1,interior
0.9207149464261751,0.33691062192507143,1,interior
0.8128714536962837,0.06569486440601367,1,interior
0.39047636893422993,0.14200986039073282,1,interior
0.3906509700365244,0.14473901434948436,1,interior
0.413976174470788,0.10636637718493176,1,interior
0.9104738103475245,0.3565801863123271,1,interior
0.3435218516213618,0.26621540906437857,1,interior
0.9201646490826875,0.3466096441408277,1,interior
0.40421697373267024,0.12037782143810125,1,interior
0.41339414625500276,0.10474380378508659,1,interior
0.9019556848668283,0.15493376116664181,1,interior
0.354363437465296,0.2404897401973085,1,interior
0.9002003249218201,0.1553159047134639,1,interior
0.9211553705757964,0.2956511357107664,1,interior
0.9043798252111896,0.16856765640515137,1,interior
0.9132451521758236,0.21282424097709002,1,interior
0.7601727693206118,0.045045186802058226,1,interior
0.9015357720959859,0.3764071350803731,1,interior
0.3634776181844068,0.19929058441435127,1,interior
0.927941252324825,0.29628242051040304,1,interior
0.9166424667914029,0.23932849027657802,1,interior
0.3667866550318961,0.17879860819337035,1,interior
0.9257287480866244,0.2734541149305157,1,interior
0.9198401918053478,0.2240097182894506,1,interior
0.36673881291203986,0.18085478106301847,1,interior
0.915555231864468,0.2239257382617367,1,interior
0.8059908898164497,0.05834050070814271,1,interior
0.3545905917538498,0.2801411407354129,1,boundary
0.8979725739702391,0.1444041144610882,1,interior
0.34805454054508206,0.26179211943475644,1,interior
0.916744090957266,0.17840002902437907,1,interior
0.8931532266194712,0.14263883883857162,1,interior
0.3757543427142254,0.16605533239944262,1,interior
0.37062160772300945,0.21374179998625312,1,interior
0.4029403375868692,0.11852228937071908,1,interior
0.8036953640484723,0.058526567161583276,1,interior
0.9144506967387397,0.20670389477250276,1,interior
0.9011111659535933,0.14888354726030045,1,interior
0.923958449953006,0.3339135660405924,1,interior
0.39692737185912536,0.13338435964295,1,interior
0.4292657045462082,0.09901538159724534,1,interior
0.42130125956474046,0.1122050566826523,1,interior
0.8246035312435392,0.08375598208979193,1,interior
0.36612616169395473,0.19726474205568623,1,interior
0.43349885442597486,0.09792029172519397,1,interior
0.9173546572466315,0.26256552414318657,1,interior
0.3670616184069859,0.19599979902248008,1,interior
0.8358147038957786,0.09766831816082497,1,interior
0.4278176554932158,0.09970524554973441,1,interior
0.9199606089776476,0.33846998045906806,1,interior
0.352613722644211,0.24277199397878577,1,interior
0.9113631794461383,0.31120980956833666,1,interior
0.9216523446592532,0.30141060197114655,1,interior
0.9137408184972113,0.20857616542555227,1,interior
0.9052571266364494,0.38112285386248157,1,interior
0.8865608825757205,0.14263291039248635,1,interior
0.8300542195923457,0.08956678547813306,1,interior
0.8193028588290735,0.07602559744232308,1,interior
0.9045783480975423,0.36954507012941196,1,interior
0.9206883919297505,0.3427240941832063,1,interior
0.9224080895258856,0.34682530595417277,1,interior
0.8046395462662909,0.056010431174804476,1,interior
0.8292178872258765,0.0872666601346998,1,interior
0.3660700049669236,0.2028892411761418,1,interior
0.3646057929862476,0.18041499023723534,1,interior
0.42077662755221906,0.1064710263720377,1,interior
0.4090954813557925,0.11378733422670774,1,interior
0.8126363377897299,0.07975078083215031,1,interior
0.8020864912676852,0.057433142290942554,1,interior
0.3706408828020595,0.17589785937938862,1,interior
0.7792159170406779,0.04386669292846821,1,interior
0.9242330792644647,0.28194269126281013,1,interior
0.918294531879612,0.22489569345764257,1,interior
0.3712892895915822,0.17748465410585224,1,interior
0.4302033951550188,0.09004899383811202,1,interior
0.9080979508733212,0.168825346559251,1,interior
0.3602160313747353,0.19666854811884316,1,interior
0.9062646758302171,0.1665743633483067,1,interior
0.3656588090912958,0.18200222956343623,1,interior
0.3887017969950061,0.14163881479916524,1,interior
0.9063570740102457,0.35914169300403703,1,interior
0.919211824489823,0.17711728498187485,1,interior
0.9163380360919099,0.1756918716595999,1,interior
0.8077694876628698,0.05732752216330603,1,interior
0.35542646718785803,0.21510331287664644,1,interior
0.9194253206587044,0.25489208352466025,1,interior
0.8367425329975764,0.09527187111294362,1,interior
0.9178886342933515,0.18806930119297507,1,interior
0.3474621212653899,0.2490991473908123,1,interior
0.9043199997537471,0.37111527098923036,1,interior
0.8530475139275184,0.10504601477361573,1,interior
0.9206233231113611,0.3026650802252016,1,interior
0.43211618718622546,0.09608415179084655,1,interior
0.7897569918151279,0.05351228198603134,1,interior
0.9182707814464907,0.1859591708006398,1,interior
0.7946455725748794,0.055811269733105975,1,interior
0.3888638459758966,0.13980169764547942,1,interior
0.9007596660780322,0.15084972284155646,1,interior
0.9227538853116393,0.2989736935814288,1,interior
0.9184508143948852,0.2016201693385887,1,interior
0.3615831989355587,0.20165849489874732,1,interior
0.849361847200369,0.1007581540364001,1,interior
0.9261709301267654,0.27975901900215855,1,interior
0.774030313142538,0.04148300955551099,1,interior
0.9132013346374718,0.22133062202661233,1,interior
0.9155568099537277,0.2183040470417988,1,interior
0.9068707061809126,0.383245447401125,1,interior
0.9227290297091666,0.22427737104616136,1,interior
0.39278969325638524,0.13608411965619555,1,interior
0.9127130825516129,0.1737623739677908,1,interior
0.9135737710704533,0.21435614611401285,1,interior
0.8996429677467523,0.3775451567028087,1,interior
0.9063797418048174,0.38488471836618804,1,interior
0.3563601748421268,0.22348052257811793,1,interior
0.3804530003841465,0.1592587315621994,1,interior
0.8790388214315985,0.12354878540479884,1,boundary
0.3675894046704021,0.18306821570368367,1,interior
0.8122722923047467,0.07631068622836368,1,interior
0.9253431215960314,0.30582988035785513,1,interior
0.9079698240377032,0.38515254907868995,1,interior
0.8146012475220853,0.07364366102756432,1,interior
0.912623120532088,0.25498892807363766,1,interior
0.9213922977527043,0.32383265008381823,1,interior
0.8009219107385726,0.053059176693391184,1,interior
0.3566451335331708,0.21940182112939433,1,interior
0.9113432690666349,0.3581814111414041,1,interior
0.8383010560836394,0.09580221139056376,1,interior
0.37664262809877447,0.16321313080858707,1,interior
0.7658881337903373,0.03958814670103626,1,boundary
0.9207822124505253,0.26270688068839165,1,interior
0.912044064813748,0.2115997309504083,1,interior
0.842526148403684,0.09616729535362553,1,interior
0.9104851064489488,0.22128345197163657,1,interior
0.9056486992961066,0.16110146561556513,1,interior
0.34993717046784784,0.2523308843517032,1,interior
0.9234879522044274,0.28726925713329077,1,interior
0.4118757098098681,0.1061801446354041,1,interior
0.917311440626627,0.23671834473978323,1,interior
0.9096339193146536,0.3842530782210837,1,interior
0.41292867393409266,0.10926202328894402,1,interior
0.917291639196788,0.2984453683191388,1,interior
0.9196077919064991,0.21936875063816955,1,interior
0.3672401553676352,0.18479540747390186,1,interior
0.3393074185111157,0.2581209502144822,1,interior
0.4111804622208265,0.11359542220883903,1,interior
0.8104645979642406,0.06034301880547508,1,interior
0.9231080101214357,0.2603061779685345,1,interior
0.34690866184409636,0.2671926311375189,1,interior
0.918940559372988,0.2647496920164039,1,interior
0.3966498402678303,0.1312314707526363,1,interior
0.38172153512067747,0.1539284937634772,1,interior
0.9023752658619454,0.3778554224279565,1,interior
0.9109088289817252,0.38572252710843263,1,boundary
0.8857221100733702,0.14973754439306433,1,interior
0.4038016310567905,0.12789762722436732,1,interior
0.7673906605459404,0.03850478138125938,1,boundary
0.9236473156395183,0.2548478109078156,1,interior
0.9063668400333293,0.16361353717135732,1,interior
0.44764766944542517,0.07889957440988832,1,interior
0.4072444059147826,0.12799992898126916,1,interior
0.35390756293982406,0.24471989892113194,1,interior
0.347960952652807,0.24755947300758246,1,interior
0.9081581251766402,0.35885528184227583,1,interior
0.3852233276074882,0.15030486463557527,1,interior
0.9168831117836299,0.32202853678495197,1,interior
0.8466013785666194,0.09793420641110162,1,interior
0.9194609187358855,0.32600740451172777,1,interior
0.40279072837290886,0.12512417869158213,1,interior
0.35464610529755447,0.22428978696573362,1,interior
0.40854332000470056,0.11096634592307306,1,interior
0.7944265954816027,0.05352358644548204,1,interior
0.3864905777612965,0.14064456055185756,1,interior
0.7745413157975201,0.04426559922405362,1,interior
0.9024756817504209,0.3747680445008385,1,interior
0.889688111905768,0.14331411803434765,1,interior
0.7890666195732027,0.05204113771782934,1,interior
0.9117910532000589,0.17729629862918994,1,interior
0.9225468567442695,0.34201367018590806,1,interior
0.3508866096733445,0.2467771571900101,1,interior
0.3936837765308554,0.13117254992577312,1,interior
0.78489517874057,0.0510411428524027,1,interior
0.3634931747681439,0.19662878012180987,1,interior
0.8364811337289764,0.10065434987395372,1,interior
0.8121497658962359,0.058276732468065424,1,interior
0.42405494901107665,0.10431438647632309,1,interior
0.9159741481349386,0.34866060108100555,1,interior
0.3613193683875318,0.19980946972051383,1,interior
0.36371420888727846,0.2035211378671744,1,interior
0.912819040786472,0.3532479722005738,1,interior
0.35980984511917735,0.19814677988624588,1,interior
0.9218805155681876,0.34915513303114903,1,interior
0.8795682273253631,0.12869301120848536,1,interior
0.7910400909251156,0.055208923948021967,1,interior
0.44576285500258117,0.08011172525648368,1,interior
0.8993754933245388,0.3797824144534246,1,interior
0.3548926065507992,0.21282660523088368,1,interior
0.3551428979409871,0.23029391406638705,1,interior
0.900492904778486,0.14287839937925506,1,interior
0.35558055765584273,0.23177273880336155,1,interior
0.919970560493867,0.2019457021088283,1,interior
0.37394704830451386,0.16978959659961357,1,interior
0.9234963971940545,0.27756756774739855,1,interior
0.8829131835111479,0.13448480347588007,1,interior
0.9125964017280067,0.3566706167449887,1,interior
0.34449837827655744,0.2575098944542181,1,interior
0.8520859741381541,0.10274734271213183,1,interior
0.9219663265955088,0.26650883788718854,1,interior
0.37319635667579554,0.171561816537669,1,interior
0.9204650025203831,0.2438251614932179,1,interior
0.3983349024554961,0.12729412760044828,1,interior
0.7874146196237796,0.052807633116407064,1,interior
0.42289632413966777,0.10056914909822924,1,interior
0.3790499084070092,0.15808912069316527,1,interior
0.3664231921338324,0.18831391835719616,1,interior
0.8134399990614467,0.0695707426819044,1,interior
0.9012288607912291,0.3844745747351492,1,interior
0.9116973558671021,0.16809601911460598,1,interior
0.9158472164956721,0.21996552359675997,1,interior
0.9159150283754834,0.18318791354247196,1,interior
0.9269620709541709,0.28832211689395226,1,interior
0.9176970829315718,0.3269579836617783,1,interior
0.9249855588460673,0.26642086213321753,1,interior
0.3665960447579261,0.1940606706566359,1,interior
0.3532149488771633,0.2315606335964338,1,interior
0.9124226334998515,0.1706365100227086,1,interior
0.3648485313901679,0.1842098067538006,1,interior
0.35679417881103304,0.2117833644121989,1,interior
0.9223530785458076,0.3450070244372328,1,interior
0.8130324827434999,0.06417324247303798,1,interior
0.9207388504597629,0.32103708799979874,1,interior
0.8085785081788954,0.06186589514716624,1,interior
0.35951058406695585,0.20150254434333634,1,interior
0.37963770619468007,0.17900828797287277,1,interior
0.761891263312122,0.03872985772418801,1,boundary
0.8134023417799673,0.07266234659080428,1,interior
0.9029344768193384,0.3851313313132112,1,boundary
0.9183474808227284,0.20348130714097803,1,interior
0.36618744507330936,0.17563238782524207,1,interior
0.35793162183671234,0.2093676189213697,1,interior
0.9234922367935451,0.2953748244731322,1,interior
0.4255034113952149,0.09885695074169666,1,interior
0.42901357824973274,0.09184159024004573,1,interior
0.8982447419327466,0.3858248810687451,1,boundary
0.410295937769718,0.10557972498126289,1,interior
0.36951927778779875,0.1814606349429903,1,interior
0.8859499405333031,0.13978257731359048,1,interior
0.9174460994173342,0.26040182262264716,1,interior
0.9171341837279589,0.21880104281345109,1,interior
0.9213951986971495,0.2462510341216963,1,interior
0.9150994344318457,0.20987914994629212,1,interior
0.3538503068384956,0.21107718265743802,1,interior
0.9261907505644373,0.3038312789350356,1,interior
0.9166085544301323,0.20853865032151947,1,interior
0.9212714714096792,0.19710631122404887,1,interior
0.9214858958863015,0.2650501538125147,1,interior
0.7767516519410138,0.042377321139321904,1,interior
0.34298474388643424,0.2601171653551808,1,interior
0.44398372605939046,0.07917053624165458,1,interior
0.3634568860714284,0.18235938252331593,1,interior
0.4285322715295697,0.10170056405513474,1,interior
0.908210525635736,0.3607771121237547,1,interior
0.3991209902594359,0.1255064515311551,1,interior
0.7926152929142808,0.054209335215479784,1,interior
0.7599392963215196,0.03908911996398662,1,boundary
0.7552930848478582,0.040144115060154,1,boundary
0.9212789868081586,0.19282967737846315,1,interior
0.9253517042697159,0.28478487046085105,1,interior
0.7875856124509723,0.0499194988504645,1,interior
0.9130551142001168,0.2162150253833507,1,interior
0.9203990462647947,0.31855957920839173,1,interior
0.3587687909166182,0.19590516351487205,1,interior
0.7866250619207952,0.05138277953343082,1,interior
0.3690622582307713,0.17628435161053746,1,interior
0.9205101921442082,0.22783828081317767,1,interior
0.9246054846999253,0.2511016005555332,1,interior
0.9244343905047655,0.33172958074219766,1,interior
0.9200444322945898,0.3146702773050734,1,interior
0.8212331531574549,0.08204979313723296,1,interior
0.9250585031461147,0.29746322901406985,1,interior
0.3468989208481517,0.2705368404531495,1,boundary
0.3774036912057419,0.15646915465329025,1,interior
0.8316050704351051,0.09005658995639948,1,interior
0.4366714008842253,0.0838290746494341,1,interior
0.35268938503654285,0.21534135955656528,1,interior
0.374839918829782,0.16833166330772967,1,interior
0.81331298364513,0.06729876412464608,1,interior
0.9221994092364202,0.3273805900128025,1,interior
0.3418388457889304,0.24863551764548988,1,interior
0.4038843991195955,0.12257392350757791,1,interior
0.7594250812488672,0.04647819641805035,1,interior
0.34438685964701204,0.25586005767839026,1,interior
0.8451109447139463,0.09452631984263861,1,interior
0.3912981268202913,0.14661779652489235,1,interior
0.9222538947880896,0.3402967905846283,1,interior
0.4431014934716887,0.0774602196465653,1,interior
0.7728418612296534,0.04656885611092311,1,interior
0.4109625493130613,0.10825668502131769,1,interior
0.3760724387620302,0.1737119721076281,1,interior
0.8185433228419101,0.08217449816951343,1,interior
0.8991937311732058,0.15151580919398253,1,interior
0.901973160603787,0.15897186550148004,1,interior
0.35071212237515126,0.24123748559154648,1,interior
0.37532335434572084,0.17908647922399692,1,interior
0.884389772059696,0.13279451755953942,1,interior
0.4342368594336517,0.08409080657626963,1,interior
0.37132090937365053,0.1708410978201254,1,interior
0.9208447577720338,0.22130317120110016,1,interior
0.9145813741806557,0.1744260077366033,1,interior
0.922698133506987,0.2967240495742594,1,interior
0.7962313830303839,0.05588294278857437,1,interior
0.849926747534637,0.10610762155322674,1,interior
0.37499636376306117,0.15791649608470407,1,interior
0.7799575634248069,0.04790231731595688,1,interior
0.35552244606282213,0.2260892721288075,1,interior
0.38493190370814573,0.1420989218983473,1,interior
0.38178297029086816,0.14928665323736726,1,interior
0.8460284988409207,0.09616250520354483,1,interior
0.3457434492162693,0.2495276053679962,1,interior
0.9219365204108617,0.21801718510352583,1,interior
0.850992358760434,0.11294707288287996,1,interior
0.9084334130986609,0.3826249460135877,1,interior
0.9250516950757924,0.2948095571290934,1,interior
0.4071823861109303,0.1212703441567755,1,interior
0.9036823642585375,0.3797229016689756,1,interior
0.7818631256849499,0.047185704243402966,1,interior
0.369657678108156,0.1717339476902368,1,interior
0.36625067989364773,0.19175248406375286,1,interior
0.9251604208042924,0.3411646166321908,1,interior
0.9069788928427542,0.369319983961079,1,interior
0.9249565761743119,0.310021580171094,1,interior
0.9168686742927189,0.34724382078295535,1,interior
0.34529151979985506,0.27013620174228964,1,interior
0.34268689953267484,0.2676314884389853,1,interior
0.42089470944784946,0.10258130112724123,1,interior
0.8325717654553766,0.09369450396972977,1,interior
0.42456036674723646,0.10014248930997577,1,interior
0.9159496324100023,0.21148710261529846,1,interior
0.372789365877888,0.16872037971466888,1,interior
0.9188408042798046,0.26634871902214546,1,interior
0.8543410589581564,0.10141279457378974,1,boundary
0.8938697932471099,0.1439809528355923,1,interior
0.9181475331317586,0.20583601272224047,1,interior
0.9149309298274086,0.21305244059667913,1,interior
0.916339438882306,0.2067060976252759,1,interior
0.8117521307846389,0.06968066269020441,1,interior
0.9185809086126564,0.20823689414199612,1,interior
0.448650475241003,0.07692150548965228,1,boundary
0.9132398260561395,0.35473340733640374,1,interior
0.8957725209996061,0.14181787866245393,1,interior
0.92023814467791,0.18697598388968428,1,interior
0.36469634428289466,0.17888295163435095,1,interior
0.9283656567739696,0.2926797185103958,1,interior
0.9226800354906233,0.19102775619255125,1,interior
0.9200662868827375,0.18855482853767752,1,interior
0.8778624658623743,0.12502426914983905,1,interior
0.8997529844503609,0.15758713143190922,1,interior
0.9230428178465806,0.35075290329724335,1,interior
0.40126933884626403,0.12079160824431187,1,interior
0.9038926275503117,0.3753472429429331,1,interior
0.36456966198735474,0.19535004843562967,1,interior
0.9031383524959496,0.15341129944136098,1,interior
0.8229642611473634,0.08040628606198251,1,interior
0.35623373932360103,0.21000063591991597,1,interior
0.3570614061228357,0.21434205977809329,1,interior
0.9188360866920118,0.24279807300751374,1,interior
0.7935075448447717,0.05151084382352401,1,interior
0.396212224826268,0.1283362209721402,1,interior
0.9023078825028022,0.15746546123273525,1,interior
0.913731452160153,0.16907108512300348,1,interior
0.36083508306447587,0.20608403552904925,1,interior
0.9252627039844924,0.2832102321752979,1,interior
0.34924241806603046,0.25496771219298486,1,interior
0.8141261452426044,0.0624994403074982,1,interior
0.38420629088269953,0.14019359151345923,1,interior
0.9268666120344599,0.2849908085164968,1,interior
0.3550323576487485,0.22821822516230278,1,interior
0.8805317879774839,0.12459044408572913,1,boundary
0.40562904856467386,0.11610459781313981,1,interior
0.34209662659996415,0.2543301095409624,1,interior
0.3455852699442169,0.26831382010369814,1,interior
0.352355061726719,0.21925751755978265,1,interior
0.923736792320741,0.30084569118042465,1,interior
0.9174511593116481,0.22668792600633067,1,interior
0.8433363319371564,0.09444315896255256,1,interior
0.9155824486235278,0.32285631306687124,1,interior
0.9196617898288123,0.2047195184510089,1,interior
0.3491001896474686,0.24554702462645986,1,interior
0.3731378927576329,0.16714967745547066,1,interior
0.848238547887815,0.09902319966680104,1,interior
0.8149459860609432,0.06409231115671044,1,interior
0.3895528384629354,0.1378005354381219,1,interior
0.34071743202957727,0.2663641212989575,1,interior
0.9238454382922254,0.22156955586895694,1,interior
0.3514147425672083,0.21171731402557126,1,interior
0.7914847756031445,0.0523793447444548,1,interior
0.9122861805450064,0.38319466432696797,1,interior
0.923564926927551,0.2677426970456357,1,interior
0.7576098690628613,0.03911311821485595,1,boundary
0.41707861888757514,0.11346040922300218,1,interior
0.4040503933956762,0.12601486236269027,1,interior
0.9157434771971245,0.18150974822290075,1,interior
0.4043201045200898,0.11706857301777131,1,interior
0.9143199193514803,0.35264226891555217,1,interior
0.9185492023869639,0.3163418198628164,1,interior
0.9272960032487119,0.27728496135075015,1,interior
0.43444838929025964,0.08203685717582647,1,interior
0.9083941759201285,0.16408553734747594,1,interior
0.9195023839619477,0.2262608545335081,1,interior
0.8197026094364578,0.07821682550333037,1,interior
0.9175983737444456,0.1736297563620682,1,interior
0.3999443537006093,0.12419087417960271,1,interior
0.9175485006426664,0.21553170093993798,1,interior
0.3503902516526338,0.23604752553163724,1,interior
0.8101324730285254,0.06214132436362166,1,interior
0.3622313235860059,0.1946108818855297,1,interior
0.44653124407150635,0.07785971348065937,1,interior
0.4014860456324771,0.12800609255880083,1,interior
0.3943516725789819,0.13464248528118286,1,interior
0.91451852858858,0.23620313833821147,1,interior
0.917616433225453,0.17701569394231823,1,interior
0.8478234614068384,0.09507840682369446,1,interior
0.8545875785144749,0.11263230612490184,1,interior
0.9011485626769902,0.1530954609331481,1,interior
0.33895498106941824,0.2598544336469012,1,interior
0.41432622202043023,0.12044048930718049,1,interior
0.9268149287434946,0.2823891982327423,1,interior
0.9294935650966724,0.29645178654802556,1,interior
0.7579242417584932,0.04134886082805673,1,interior
0.9046422071189432,0.37346110639476393,1,interior
0.8089526703094612,0.05589964067895419,1,interior
0.9209898553263651,0.19081239730345645,1,interior
0.9182788223090804,0.21729177265110303,1,interior
0.91970356286271,0.21638484799640756,1,interior
0.9234772002409981,0.3029343782870055,1,interior
0.8139066697318799,0.060302249362995414,1,interior
0.7956371925869649,0.051933823274966116,1,interior
0.9081195226857418,0.16208610345890526,1,interior
0.9244500433182835,0.3265098536592021,1,interior
0.8514883916190447,0.09937756843157565,1,interior
0.9181693879310567,0.19363975452080612,1,interior
0.8915942102154094,0.1425476843830122,1,interior
0.338268367907452,0.267153108184853,1,interior
0.8408197181735918,0.09481149238616302,1,interior
0.8236139395498848,0.08198825598882756,1,interior
0.42208058489233347,0.09904581321967201,1,interior
0.3533225199937267,0.2281558358756377,1,interior
0.3623110285345399,0.18447622929765448,1,interior
0.3398410425471441,0.26857567965055723,1,interior
0.34218023442852746,0.2633189233345274,1,interior
0.9233716049214908,0.25667591231305686,1,interior
0.9158187301960492,0.2273644038289104,1,interior
0.9223887721973212,0.19459510603000632,1,interior
0.9215805170409136,0.18909111214880298,1,interior
0.3609705817682214,0.2098482190186222,1,interior
0.9176266142351306,0.2113345826904633,1,interior
0.9221470741573783,0.32005343235072997,1,interior
0.34710495720991896,0.26311166618999854,1,interior
0.4027567170856927,0.12359358565920973,1,interior
0.9165733031399897,0.3539879623023578,1,interior
0.8522419351983267,0.10102920771026967,1,interior
0.915166051722843,0.17245198320097438,1,interior
0.9177745550315553,0.24123342058530248,1,interior
0.9267798079784653,0.30832738633972573,1,interior
0.3945606521094774,0.12953882815585727,1,interior
0.9222998162820413,0.2201643783664527,1,interior
0.917152304043209,0.18037392167555727,1,interior
0.897271089079855,0.14236754297855533,1,interior
0.9148802829271199,0.32424936964314044,1,interior
0.9164478645803448,0.21363685712113986,1,interior
0.9048453823559349,0.3829112772589787,1,interior
0.8264408993125547,0.0844329116326479,1,interior
0.9219404564533515,0.2424989906729548,1,interior
0.36527911788759426,0.18979153929437875,1,interior
0.8341830209052384,0.09215225964312301,1,interior
0.35344711458235256,0.22652035559669612,1,interior
0.9146248862864595,0.18836498592962445,1,interior
0.3609229865727828,0.18246898348880292,1,interior
0.9232064582883497,0.18930486301037852,1,interior
0.3374615867308045,0.2566122534634109,1,interior
0.9043088382829245,0.165588873688589,1,interior
0.8209981008181336,0.08366293526304645,1,interior
0.8821416695492744,0.12635005577677583,1,boundary
0.9136626351584212,0.35845420681672446,1,interior
0.9215982642346218,0.22286696168263195,1,interior
0.885011114754492,0.13085504919036484,1,interior
0.9085183698206857,0.36775626124810523,1,interior
0.8820419495042602,0.13056698266786035,1,interior
0.8404361437858178,0.09227853331381379,1,interior
0.8880482505472538,0.14232000096051503,1,interior
0.8157815798322223,0.062199006172165665,1,interior
0.36833713939361523,0.17345617618453546,1,interior
0.34020737568488857,0.2711451408478452,1,interior
0.9141420620592348,0.21111852183968782,1,interior
0.8270962284633617,0.08590734080171467,1,interior
0.9174274645776662,0.34954020986954565,1,interior
0.43893323912006826,0.0850467066772883,1,interior
0.9091506367514565,0.3623403592846675,1,interior
0.35193805083048463,0.24434156919626318,1,interior
0.8160082411220687,0.07156242328708057,1,interior
0.4470471856835466,0.07601009156522477,1,boundary
0.7884471715116667,0.054729214532418524,1,interior
0.4076168303038876,0.11337687058704417,1,interior
0.35752383548390665,0.19760526900412867,1,interior
0.3517670448990546,0.228064515226054,1,interior
0.8201859155868608,0.08074276817493087,1,interior
0.38004086813873184,0.1490785035157675,1,interior
0.9221594936692908,0.2481410726697774,1,interior
0.8311432014829035,0.0876746939475651,1,interior
0.9190375870339498,0.21427328382766167,1,interior
0.39549549343617557,0.13268370784794892,1,interior
0.3920462098566756,0.13330770213735654,1,interior
0.9217857728816006,0.17598602794300638,1,interior
0.8483191769712053,0.09691731392324004,1,interior
0.9175676925941472,0.24561527003535832,1,interior
0.39147320862294555,0.13522100571188606,1,interior
0.9153254545115646,0.3598599455811619,1,interior
0.8506847705255779,0.09783371225999701,1,interior
0.9024097433573297,0.1507724033334792,1,interior
0.35578667606144365,0.22206768224857099,1,interior
0.9155512016951622,0.3566364116681863,1,interior
0.912239547586748,0.1665880366969323,1,interior
0.9032133653142242,0.38260823414070066,1,interior
0.3517519811032579,0.22346857647232282,1,interior
0.9236582640425358,0.3066132842522475,1,interior
0.915238323750716,0.35495765316579936,1,interior
0.8497123674900638,0.09489611364527806,1,interior
0.8354301110282576,0.09403651491558687,1,interior
0.3744647841035309,0.15582325860973262,1,interior
0.9193903792275555,0.3497145755174816,1,interior
0.38779481706759034,0.1385929982597279,1,interior
0.8948830010307206,0.16012872272599415,1,interior
0.36126150195069423,0.2033442758272659,1,interior
0.8169740408883044,0.0741374186134082,1,interior
0.7841588369111288,0.046871379438240844,1,interior
0.783005083155272,0.04533610802886799,1,interior
0.9228572730735094,0.19261099672972512,1,interior
0.41157992306433694,0.10466746523848673,1,interior
0.36466024016238613,0.19358792436494668,1,interior
0.9218261593102364,0.2144321879831383,1,interior
0.3625612273661995,0.20453811230739935,1,interior
0.35025090271660875,0.22061114671858906,1,interior
0.8161832711852441,0.07552845188459188,1,interior
0.9272782633224614,0.2653560110835505,1,interior
0.9049459691360952,0.15381736636145116,1,interior
0.9033048967384741,0.14837643366292397,1,interior
0.9224910790581433,0.32160107505097224,1,interior
0.3472657568969643,0.26889773776222003,1,interior
0.8870798102047057,0.14108232523183822,1,interior
0.9125334950846206,0.3609474176500037,1,interior
0.8514468799243137,0.09623531626659029,1,boundary
0.887114621484334,0.131237589430577,1,interior
0.7782921268179693,0.04578014379870309,1,interior
0.930093131719316,0.28935556719739164,1,interior
0.9140395514687959,0.3849851670563915,1,interior
0.9100015853269893,0.16510009467137216,1,interior
0.9288183719164436,0.2873039293686372,1,interior
0.9049225826042009,0.37789669095233863,1,interior
0.8154156904852355,0.06629413171305781,1,interior
0.44470024292478616,0.07707421510219861,1,interior
0.9196853367729507,0.1982846681307582,1,interior
0.36022776066441203,0.19492329572554698,1,interior
0.8430994483754838,0.09213866546674171,1,interior
0.3645907030490172,0.19191358374183395,1,interior
0.8232695880880846,0.07824459085979107,1,interior
0.38125862411331984,0.1474933798929455,1,interior
0.9242000468520789,0.3489873006472019,1,interior
0.9208754962602487,0.3510886268726037,1,interior
0.7561811364156078,0.04138088540615565,1,interior
0.7784636885946851,0.041665048110697586,1,interior
0.9229416084255803,0.2442773449308171,1,interior
0.9239243717950633,0.3292459877160191,1,interior
0.3914993393607572,0.1380582128199212,1,interior
0.408173920100356,0.10762245429888453,1,interior
0.9281878515186749,0.2836428678931241,1,interior
0.9256820076858153,0.33261398607354403,1,interior
0.9238863739928287,0.24661635304447513,1,interior
0.7903456598322147,0.05025737937484072,1,interior
0.9238685374132767,0.19405341720903102,1,interior
0.41055685102817496,0.11018302735591011,1,interior
0.4082360138627273,0.10917401846118008,1,interior
0.40563708434711454,0.10600327323185331,1,interior
0.358841941412215,0.20707467664388882,1,interior
0.3714972703305924,0.17343256489410255,1,interior
0.4068454459646444,0.1120174165220069,1,interior
0.34345603444807465,0.25361328653686693,1,interior
0.9138495153651257,0.34923866219272254,1,interior
0.9182176038213845,0.18294707755683903,1,interior
0.9258584533902259,0.3302788495217202,1,interior
0.9221781892357639,0.18680462611407572,1,interior
0.40475721801371445,0.10987639431838198,1,interior
0.3464796458136185,0.24564748190191668,1,interior
0.3767442971974121,0.15833455709526706,1,interior
0.815253894142889,0.06874357700640417,1,interior
0.8143918654037253,0.05648081424581359,1,interior
0.9256883758781282,0.2548364954350068,1,interior
0.8818287743973581,0.14760136769419704,1,interior
0.9239611255940094,0.3474105086475347,1,interior
0.39194489362042106,0.12879563407632805,1,interior
0.39029145841275004,0.13405267850930888,1,interior
0.922391722048693,0.19918797111396896,1,interior
0.7966784719257969,0.054210970695122714,1,interior
0.3946406292266103,0.13840435373255147,1,interior
0.9135738894545832,0.3812189366164881,1,interior
0.8330839359047427,0.09063765628059292,1,interior
0.9205472178372426,0.23830619712927248,1,interior
0.9281796596931541,0.27972827893982166,1,interior
0.8992381464011343,0.14541215271011523,1,interior
0.8111197919258519,0.055255460578260265,1,interior
0.9175553122974857,0.3576562050940644,1,interior
0.9230490591425757,0.24979905754569834,1,interior
0.8383734382418344,0.09423589179633801,1,interior
0.9256470226921133,0.19575462830759424,1,interior
0.9242583892699714,0.34527476190121104,1,interior
0.9224482919266028,0.3173960745774616,1,interior
0.3604165571337477,0.19269993557634446,1,interior
0.8272369653340317,0.08225820085658418,1,interior
0.9100251460496505,0.160295989477873,1,interior
0.3794057081425965,0.14579409383677602,1,interior
0.39089688450617077,0.13665792300159507,1,interior
0.39146214501794113,0.1309631853635379,1,interior
0.789737754910922,0.04878263196643046,1,interior
0.4328900006531274,0.08513479756107964,1,interior
0.923636116909151,0.30893283385656806,1,interior
0.9069005683189691,0.37094809639036236,1,interior
0.9238822399610801,0.34351228706794845,1,interior
0.9250790406017693,0.32799844199362926,1,interior
0.4457096594399085,0.07523434147736827,1,boundary
0.9057751160861474,0.37230955697054313,1,interior
0.903906296336069,0.17028142836115767,1,interior
0.7918129759883691,0.049636954789204706,1,interior
0.917935686162469,0.23839430001297526,1,interior
0.8144746762617692,0.0710715624473804,1,interior
0.9245483054035076,0.3387599219270055,1,interior
0.3519435106407695,0.22191585603751207,1,interior
0.9256560439408036,0.3472205486697239,1,interior
0.7904115415366293,0.05715711671048253,1,interior
0.9218222760344501,0.21597747699014377,1,interior
0.44182878455081875,0.07862651043720775,1,interior
0.7833663371473796,0.04344151302335511,1,interior
0.9220599906399423,0.22775072526036613,1,interior
0.3373101883195046,0.269045979392804,1,interior
0.3534040606577635,0.21372075006210428,1,interior
0.9073626976289126,0.3664974617786794,1,interior
0.775677602266966,0.04108107181942618,1,interior
0.9188363854492965,0.3520206395500846,1,interior
0.40358206484945325,0.11527944637148001,1,interior
0.78616541068156,0.044880142577690345,1,interior
0.9069645701256142,0.3735699123973718,1,interior
0.8535525424381727,0.09984463418151113,1,boundary
0.7813889518926019,0.04540162475084868,1,interior
0.8991346463911687,0.14203060548548013,1,interior
0.9185794118377257,0.2529213508387704,1,interior
0.9251609597876578,0.27194410435623634,1,interior
0.3850578597804054,0.13834825716089574,1,interior
0.8808410726440561,0.12958992258500807,1,interior
0.9207941221563837,0.18370934090865484,1,interior
0.38991373596318957,0.1309266458479905,1,interior
0.33887032479439333,0.26570329792265235,1,interior
0.3535445800387619,0.23613312167964787,1,interior
0.36368689006344457,0.17768447769323406,1,interior
0.917907695873195,0.2232172905872501,1,interior
0.3564244310352227,0.20732045003502947,1,interior
0.9256823718212026,0.18931534890130733,1,interior
0.7994180638168696,0.05190052562196812,1,interior
0.9084870639429701,0.371104029062937,1,interior
0.9180864524572778,0.35595384709955846,1,interior
0.9266768173925118,0.32836852801690014,1,interior
0.44357047625465174,0.07464457832846831,1,boundary
0.439905871403673,0.08303093719531539,1,interior
0.33925682784170197,0.2641150804336027,1,interior
0.3622431181581243,0.19214260029244795,1,interior
0.34991075522119586,0.21518879139879973,1,interior
0.9064462015688365,0.3677896228290535,1,interior
0.914890241515461,0.3178382460375512,1,interior
0.9197963002681013,0.20926879965742293,1,interior
0.8248441137572924,0.08045853334447059,1,interior
0.3588333770304471,0.19349593721670827,1,interior
0.3533884305521769,0.20846827910412985,1,interior
0.9178210627514926,0.3232999748936918,1,interior
0.3598973028793777,0.20432513667039823,1,interior
0.8327875741166767,0.08788064723631384,1,interior
0.8818221271778496,0.12817024562495624,1,interior
0.43208515674029785,0.08707901502610761,1,interior
0.8160203730684075,0.06042892961825194,1,interior
0.924841044778208,0.2582428180367275,1,interior
0.9272571032316586,0.19697611320438857,1,interior
0.3971890036931499,0.12575062896512193,1,interior
0.35024414271919524,0.22649386602481816,1,interior
0.4273840589468308,0.09085374185285722,1,interior
0.8857406106674857,0.13794591249215274,1,interior
0.8836812094158927,0.12889826519098987,1,interior
0.9187604067750154,0.3535559080499735,1,interior
0.44028404495205264,0.08138055954584218,1,interior
0.37417108593269915,0.16239928256922687,1,interior
0.924181372367992,0.27976246332129495,1,interior
0.9229576184751547,0.19737798746709329,1,interior
0.928580325405308,0.32603174427522286,1,interior
0.9239236779910329,0.19595172317505336,1,interior
0.43823991717033006,0.0826491449255921,1,interior
0.3658895342834719,0.18624237227954188,1,interior
0.9239573507150904,0.35320273884220654,1,interior
0.911130979765699,0.3619643090452133,1,interior
0.9206721534889134,0.19980227934028594,1,interior
0.40275346979492127,0.10938732565009958,1,interior
0.921127385957057,0.35333977902469527,1,interior
0.8501836102983243,0.0933005946743204,1,interior
0.9301130527862371,0.19667533913268126,1,interior
0.8108866708469868,0.05729139535552211,1,interior
0.39404642244959925,0.12751182997339722,1,interior
0.911036201805225,0.16350028313072604,1,interior
0.4040662615140745,0.1114390129649471,1,interior
0.9186201228799532,0.34839466063167435,1,interior
0.3368654861860899,0.2638798325778186,1,interior
0.8168346706893609,0.06379662836648935,1,interior
0.9205120315299521,0.2299035334885177,1,interior
0.914233450625837,0.2011040069418421,1,interior
0.9308274600384762,0.3250102344264122,1,interior
0.9265132136773245,0.3265782436806574,1,interior
0.9248361834830096,0.2561732719557384,1,interior
0.9271312056429464,0.29908834033151493,1,interior
0.9198220019342478,0.2406889841454274,1,interior
0.435968630691228,0.090892311172658,1,interior
0.9184047905494316,0.33888292549099874,1,interior
0.35973004009508175,0.20839494821768353,1,interior
0.40247327178260645,0.11423109681111836,1,interior
0.9296619161984974,0.30015434162940946,1,interior
0.9212743021419926,0.2402333458585219,1,interior
0.9211325995279469,0.3257380516051529,1,interior
0.9202354313752599,0.24218206213912769,1,interior
0.9060698162752417,0.16831652503924313,1,interior
0.7699258176260771,0.039460407077497546,1,interior
0.9188827667233017,0.1787751309083885,1,interior
0.9260421038761745,0.35046513262794116,1,interior
0.9038107997091474,0.15533177750281862,1,interior
0.3515080476827594,0.2299151948152747,1,interior
0.36391695921823036,0.1878962204509945,1,interior
0.3518891803376277,0.21330858747224404,1,interior
0.35841315287159364,0.1995251909826718,1,interior
0.34835825325550857,0.24376204810481578,1,interior
0.3452648991180103,0.24681687197075197,1,interior
0.36232998539761613,0.1891515998704235,1,interior
0.9222549829207282,0.3521250260550484,1,interior
0.885355436648023,0.13543082736994244,1,interior
0.38760634212853423,0.13703888815273624,1,interior
0.8508002534969895,0.1016714882203031,1,interior
0.8183896219331324,0.0622564259824851,1,interior
0.3775705829005604,0.1542932198769046,1,interior
0.4181385987810876,0.1018437677713106,1,interior
0.4318275076482243,0.08340642490395589,1,interior
0.9067131911060877,0.37904438258995377,1,interior
0.7941708135072457,0.04929037093995142,1,interior
0.4443767964434746,0.08110769576626864,1,interior
0.9251655626945836,0.352092298821581,1,interior
0.7644665026113481,0.03877832713233555,1,boundary
0.9154165909385416,0.16954824837836405,1,interior
0.9074758044587815,0.36223316803914074,1,interior
0.3727592374562618,0.1632309416619325,1,interior
0.4043074568163565,0.11325867228138219,1,interior
0.9251420867758245,0.3353151841875498,1,interior
0.8177055791274986,0.06523638656211453,1,interior
0.9211651409901684,0.1821984992433753,1,interior
0.9270922539589385,0.2743172046283712,1,interior
0.8835526399774523,0.13871592207747627,1,interior
0.9241295365300551,0.2694869997725399,1,interior
0.8992771546253036,0.13926495092679878,1,interior
0.43035748908553817,0.08791377154778866,1,interior
0.8788166921331437,0.1272872603098967,1,interior
0.9232590774823628,0.31329138870242107,1,interior
0.9201498242323759,0.17513964537759172,1,interior
0.9054977664043528,0.3665953243105968,1,interior
0.918222668487758,0.17223869800884511,1,interior
0.4007524080815381,0.11506005934605029,1,interior
0.3753088220030742,0.1535845890129964,1,interior
0.9237457882651335,0.3365563649548456,1,interior
0.803157029374214,0.05355535893384113,1,interior
0.3524390760266289,0.23495122384701442,1,interior
0.3620637945836926,0.18068903796680824,1,interior
0.4360597288377947,0.08226204546398012,1,interior
0.9246159848677938,0.21548126567871667,1,interior
0.9072777471457091,0.3813666927579085,1,interior
0.37919541659146566,0.15345327003518525,1,interior
0.3541299176200162,0.20639356524336977,1,interior
0.9090883777713304,0.3647355027794055,1,interior
0.9240605564365879,0.31472401247314125,1,interior
0.9282614679042355,0.323880730080371,1,interior
0.9260584239620194,0.30073358206410133,1,interior
0.41139236163894105,0.10306076993932814,1,interior
0.3437632117652491,0.2688797467438315,1,interior
0.36584019924636396,0.17257069298806096,1,interior
0.3531029701946149,0.21764593156862044,1,interior
0.3503812446702303,0.21848258089406156,1,interior
0.3551658674576364,0.2337305725506387,1,interior
0.3373440764470263,0.26573548377642026,1,interior
0.405698612521639,0.11397688881649198,1,interior
0.3512590588471234,0.2162860846154022,1,interior
0.8287031573294102,0.0851433994890964,1,interior
0.9224867917568095,0.3387759327985689,1,interior
0.9160497466525999,0.21523943072937488,1,interior
0.7863382815415793,0.05447568107732192,1,interior
0.3826238408310344,0.14129377797213089,1,interior
0.8126422637846554,0.056215021851315695,1,interior
0.9108889252864361,0.3602030518910832,1,interior
0.9242944709892795,0.3167618414962107,1,interior
0.7812090717639099,0.043755360172885734,1,interior
0.9240820403620734,0.3197649287793954,1,interior
0.8178053487076684,0.0756983853462736,1,interior
0.3776487667612134,0.14724806033183732,1,interior
0.36526183859521894,0.1774683511131153,1,interior
0.8864395183099015,0.13297894072168526,1,interior
0.7808229687150021,0.04154873336263214,1,interior
0.9089154469808652,0.36953084297466265,1,interior
0.355815671481196,0.20006792102230592,1,interior
0.9083923519428383,0.3778831559309403,1,interior
0.8882185817299454,0.1349598858316763,1,interior
0.8209223326752201,0.0793965549934762,1,interior
0.9126104657369014,0.38683133452655205,1,boundary
0.924949455593975,0.3081300243710143,1,interior
0.7677373181303917,0.03998795557444335,1,interior
0.9247733960646697,0.318238647468243,1,interior
0.37160963076593273,0.16129092928685493,1,interior
0.3858242473121378,0.13678302675317855,1,interior
0.34787230208208686,0.22829838510941228,1,interior
0.9240778188971579,0.32248083495917707,1,interior
0.40039938096603567,0.11842873282658016,1,interior
0.9212204945642669,0.2041653512062186,1,interior
0.9266513505815721,0.30676639933870653,1,interior
0.9270013899398073,0.25728448734500875,1,interior
0.3610952653803572,0.17775861598799872,1,interior
0.4095990581352266,0.11984674510130194,1,interior
0.37401517080986185,0.16002891593273957,1,interior
0.9243772026397505,0.3239963384090767,1,interior
0.3734695086761404,0.16503408164097672,1,interior
0.9097679672038385,0.35916113953717527,1,interior
0.8526525526004591,0.09793948281067842,1,boundary
0.9258271140602294,0.3229077855629684,1,interior
0.3504317639745735,0.24400771723379922,1,interior
0.9223178637157108,0.3371869862648471,1,interior
0.9285680009881634,0.28928840551252605,1,interior
0.9123154220163227,0.3593616855470015,1,interior
0.3720616770541966,0.15804561704592943,1,interior
0.4098527292054689,0.10400732637576758,1,interior
0.9101383006144457,0.37590793313478266,1,interior
0.8093182777126973,0.05907999827617357,1,interior
0.9228707246815249,0.2643955055936722,1,interior
0.9250534315931805,0.1977143559174429,1,interior
0.9252557452153258,0.29910754478852936,1,interior
0.9277433174472003,0.33626037452653385,1,interior
0.9261600169179612,0.3486540343867095,1,interior
0.3842309025285004,0.13604760482707165,1,interior
0.3635016358152719,0.19067315045026598,1,interior
0.9226465518649367,0.325497362119146,1,interior
0.9209432884754564,0.32824877614796877,1,interior
0.9255953727826036,0.3209129282002497,1,interior
0.8908389946176676,0.14082477483868314,1,interior
0.3595457955565581,0.18093697565817754,1,interior
0.8293383895167851,0.08181340746607893,1,interior
0.927503224588032,0.2717174981431427,1,interior
0.8253818549002065,0.07881006122139972,1,interior
0.9228482008090751,0.22944156755114867,1,interior
0.9040356843474131,0.1520233838359551,1,interior
0.33561797284294903,0.26792711134033476,1,interior
0.8376759277559035,0.09286351614749333,1,interior
0.36532913141253665,0.17437244678086428,1,interior
0.8307637468700294,0.08499119930175313,1,interior
0.35983187949251466,0.17894849040886257,1,interior
0.3780244987957377,0.1514632943521514,1,interior
0.896227817543482,0.16171934077160247,1,interior
0.3765524941378514,0.1521407347305408,1,interior
0.9138260530966562,0.1713671457699674,1,interior
0.9289946162399242,0.27806894766941925,1,interior
0.9179747300408987,0.21293811141791164,1,interior
0.9258429547322179,0.33753295502582886,1,interior
0.9258236633348469,0.3155327503137123,1,interior
0.9329786048723857,0.3258827815474272,1,interior
0.36431816221747076,0.17555950951843285,1,interior
0.9284275073615649,0.339015856685101,1,interior
0.9096830939293084,0.3815755538153561,1,interior
0.35743918457853313,0.2385460298068595,1,interior
0.3569116821749615,0.20466183259327222,1,interior
0.3557587357140395,0.20171174017445262,1,interior
0.9098992865205874,0.3660538062020011,1,interior
0.42851848879771837,0.0966639188703001,1,interior
0.3748573290598602,0.163766273181204,1,interior
0.37017255376750974,0.16876594606531578,1,interior
0.9021931751208853,0.14658249300083898,1,interior
0.3579102343543889,0.20292608214933047,1,interior
0.9249690242747275,0.20060395265856604,1,interior
0.43614462661206577,0.08050638562433891,1,interior
0.34354438232329354,0.2485434450009957,1,interior
0.38797838114075184,0.1306218993071182,1,interior
0.9217560630165978,0.22599137468047228,1,interior
0.9313605875323969,0.3014210871714231,1,interior
0.4316845158021336,0.08115088952228698,1,interior
0.3454703457200473,0.2541342087933866,1,interior
0.9152727641382367,0.35833990283647504,1,interior
0.9086146475136765,0.3798422009975891,1,interior
0.9140394964809675,0.36130198015964765,1,interior
0.37362566422225546,0.15220513040404268,1,interior
0.9195941854413255,0.21194191418484282,1,interior
0.9303206414939778,0.28708115010721375,1,interior
0.3803951770917233,0.15140197192069366,1,interior
0.41731331265784843,0.1038997810852681,1,interior
0.8892025236046873,0.13989188108400424,1,interior
0.9195898801955921,0.3552950679033585,1,interior
0.8190442721639601,0.07322650292305652,1,interior
0.7860864237632058,0.04896878333452154,1,interior
0.9285847151497797,0.27613599067855366,1,interior
0.7932863848864059,0.04725211569914511,1,interior
0.8934953909654918,0.14027768348217276,1,interior
0.806457884596941,0.05621125413739418,1,interior
0.9005828165646359,0.14614133793232212,1,interior
0.8224551610385222,0.08305288440637142,1,interior
0.41655299318840217,0.10182665957769209,1,interior
0.38741717072386805,0.13431200283095684,1,interior
0.3704689919075103,0.16651054309428334,1,interior
0.8062676550523481,0.054455963901614265,1,interior
0.3828988429403475,0.1474922958667942,1,interior
0.389527210496094,0.13265546332086847,1,interior
0.8994866916382271,0.14856863532246267,1,interior
0.34816925523493014,0.21818395121515125,1,interior
0.9041665373903209,0.15705274458935659,1,interior
0.8214663330017187,0.07695980523947558,1,interior
0.35093000309243333,0.2326072786710424,1,interior
0.3790374279953925,0.14391936449908135,1,interior
0.3999034279022435,0.1311905627988548,1,interior
0.8467567480960598,0.09332082702459535,1,interior
0.9264020105156641,0.2674770149865488,1,interior
0.8205138738663371,0.07461377207656404,1,interior
0.8288520892949678,0.08351731240767497,1,interior
0.37556978252905915,0.14577866856791805,1,interior
0.926750255199325,0.31009431852066244,1,interior
0.9016982954444503,0.14474229620544643,1,interior
0.3391625563074798,0.27234352735556383,1,boundary
0.33559251443516264,0.26174476567718086,1,interior
0.9203309616382483,0.23658185687685526,1,interior
0.345756616423376,0.21798799191171386,1,interior
0.4145902465542644,0.10272813486774661,1,interior
0.8230210292420718,0.07414118966658566,1,interior
0.7868605737497382,0.04700033182712369,1,interior
0.4055622131506988,0.10784908679067669,1,interior
0.4278113948445665,0.09524103996395959,1,interior
0.3453927291739841,0.24347758843831163,1,interior
0.9106210299787185,0.37991911168888787,1,interior
0.9271218026061018,0.3183526298369376,1,interior
0.919228351671508,0.18163062797926685,1,interior
0.8219300122413934,0.07551020694928663,1,interior
0.3677990022290753,0.1749476138648863,1,interior
0.43652091825033335,0.09250024391714526,1,interior
0.39546703330241795,0.12580829199899574,1,interior
0.34500443583874996,0.26204738491146584,1,interior
0.40849357001414943,0.10255194800762923,1,interior
0.9265972806195524,0.29537839175250896,1,interior
0.9278450959114894,0.31457980468178576,1,interior
0.9228739094816234,0.18267123922112538,1,interior
0.9172728503733852,0.1678296552415798,1,interior
0.8858302540861716,0.12937909913743603,1,interior
0.8520363284805232,0.09476222254715888,1,boundary
0.43935411089540877,0.07823042622620979,1,interior
0.8483413365692236,0.09104934684497734,1,interior
0.34136089075612436,0.24646518136086554,1,interior
0.4163328570386492,0.10024172003106413,1,interior
0.8203828397790243,0.06437873719235104,1,interior
0.9202336292674393,0.23447869840968863,1,interior
0.4190796125785027,0.09935003167640258,1,interior
0.9112581996922435,0.3644057385978188,1,interior
0.9317157527945608,0.32677892802554026,1,interior
0.9286446591624975,0.28151791936002607,1,interior
0.8353094907848794,0.09054936635147609,1,interior
0.3536210067528969,0.23391436806736993,1,interior
0.9025759086684128,0.14288876373617687,1,interior
0.4220915141663313,0.10391252013117894,1,interior
0.4141155698304852,0.10123509076867535,1,interior
0.9230520307254241,0.2587512183857151,1,interior
0.40724932459400254,0.10602335131148241,1,interior
0.3491025177876219,0.23039077110632614,1,interior
0.9141704283078514,0.16726547823799284,1,interior
0.8486299145491553,0.0932630740232496,1,interior
0.9209785271968661,0.17994602685369024,1,interior
0.7750039619460259,0.038819541415079165,1,boundary
0.9166736163191916,0.3589861772672317,1,interior
0.9240588596399678,0.2267055352806191,1,interior
0.8171322968555846,0.07020234547174481,1,interior
0.3404945068099253,0.2549303198964716,1,interior
0.91623301872541,0.35219059192781443,1,interior
0.40699190770304183,0.10424370726133102,1,interior
0.9260649453587573,0.26896177545292566,1,interior
0.8173827574135896,0.07247428287265414,1,interior
0.9247337742322617,0.2295096779136804,1,interior
0.34323414130636176,0.27077987466818865,1,interior
0.8884140332572376,0.13277157102198206,1,interior
0.8837535115198644,0.12641148392781273,1,boundary
0.4019281855460842,0.11709064033192909,1,interior
0.42472910714616685,0.09136455818690185,1,interior
0.9236429854524224,0.216922417058598,1,interior
0.3898911834497336,0.12868484935478705,1,interior
0.44201601498129106,0.0724710990839525,1,boundary
0.8190472591894079,0.06787149081428007,1,interior
0.9239352805092425,0.2189444298604913,1,interior
0.8002632065542378,0.056094014917114104,1,interior
0.9259046189527815,0.24884624778792677,1,interior
0.9056231339275557,0.15193193640250804,1,interior
0.419125146217045,0.10305621947630096,1,interior
0.9283961146186293,0.2561999218218828,1,interior
0.9258111992838757,0.31249004342478753,1,interior
0.3437327406317836,0.24515401074064527,1,interior
0.4087262567699834,0.10551906539880629,1,interior
0.8978106130973498,0.1408225015071812,1,interior
0.3390625100446918,0.24950898014342499,1,interior
0.9053405345414579,0.15840836536907202,1,interior
0.9133360839931376,0.16447690142135915,1,interior
0.3597095913060545,0.19071587346585492,1,interior
0.9184105606529409,0.3355524857530274,1,interior
0.41126053592975764,0.1012081390927495,1,interior
0.3996007811034494,0.12194212365817933,1,interior
0.7844209131007284,0.04915080930454352,1,interior
0.4004736362317668,0.11216094526222475,1,interior
0.34209360704082953,0.2695603657292654,1,interior
0.3546212320010115,0.20327901393384015,1,interior
0.9047155107578171,0.38487346685578855,1,interior
0.40628968604661214,0.1096731596344463,1,interior
0.3424501116587773,0.2509206967405539,1,interior
0.8208440130277163,0.07239332133648534,1,interior
0.39774630821662593,0.1287651365009192,1,interior
0.926351742698951,0.3454951078013913,1,interior
0.3902895387436737,0.12693800934251934,1,interior
0.3837659397702915,0.1344748096868685,1,interior
0.35235975302484557,0.24121230118868506,1,interior
0.3632046746304707,0.1744436084438567,1,interior
0.9219172297177205,0.21187572459355497,1,interior
0.9250866598261782,0.21998139975892952,1,interior
0.34289470111737536,0.2426581105645157,1,interior
0.3533143315232637,0.23002392201700497,1,interior
0.9257516048211701,0.3022575053130326,1,interior
0.922098051982451,0.20204718212547393,1,interior
0.3453701368706347,0.22839941240557882,1,interior
0.3774893593671892,0.14898000386630733,1,interior
0.9260234923071532,0.2178661321753905,1,interior
0.8238483074710019,0.0762704252361144,1,interior
0.9156046887930548,0.16502784868049136,1,interior
0.8348827862001602,0.08850296473821648,1,interior
0.8194761909861918,0.0708506523889737,1,interior
0.4208003831781197,0.09724690080944386,1,interior
0.9248090401964714,0.22417329252445414,1,interior
0.4403993518084174,0.07140153249025143,1,boundary
0.8560947877713758,0.11666880374976049,1,interior
0.9050468837489645,0.14813186878660342,1,interior
0.414664297009598,0.09900855867121269,1,interior
0.8033853444051999,0.05177556755837671,1,interior
0.9202264724855734,0.3481756236609833,1,interior
0.35825179869171714,0.20563644434395045,1,interior
0.9157022331076583,0.16715835320398834,1,interior
0.9120895086952279,0.16069941053713402,1,interior
0.8248826223595264,0.07423658783365035,1,interior
0.8171535132369736,0.06845774764147396,1,interior
0.34914735954910964,0.2237728213128405,1,interior
0.39508379885046746,0.12382196728085607,1,interior
0.9264813039322934,0.3242998173165896,1,interior
0.42466133638422593,0.08921078820809393,1,interior
0.9270884057528928,0.33326597123625573,1,interior
0.3498559644266236,0.22870231258296908,1,interior
0.8886997020721579,0.13724558043186605,1,interior
0.4239901221784995,0.09855492090979265,1,interior
0.9241366006841061,0.2321550327102792,1,interior
0.9123572484409718,0.3850695835734918,1,interior
0.3823615014228733,0.13607129494762982,1,interior
0.34771237864644655,0.2252768213377566,1,interior
0.9299362087430877,0.3361591840961894,1,interior
0.794090406618246,0.04529332772018982,1,interior
0.9185785391658744,0.23412357126145505,1,interior
0.38884660523479153,0.13544270178643983,1,interior
0.8371597029913577,0.08873523570133075,1,interior
0.8057545412390081,0.05284470307678219,1,interior
0.3635746280011583,0.18620132455739855,1,interior
0.4288451704743327,0.08365467605062792,1,interior
0.3874716260607495,0.1286066328427964,1,interior
0.8387369316051156,0.09059483026573063,1,interior
0.41748671479069227,0.09906986757777353,1,interior
0.4268477411677015,0.098092038495421,1,interior
0.3861366179418031,0.12758623734220384,1,interior
0.9282275649278747,0.3065131608560878,1,interior
0.9071226888069325,0.37648564194577766,1,interior
0.3819682242395368,0.1447142730866153,1,interior
0.9218464104309415,0.1785188361877678,1,interior
0.9221166736220852,0.23742279038099973,1,interior
0.34667894508472885,0.2208468551105448,1,interior
0.9293374579225134,0.28542949057128975,1,interior
0.3612569208617154,0.18780896694109048,1,interior
0.886699232600586,0.13460293920156038,1,interior
0.9103104288445069,0.377859673583797,1,interior
0.3929496669562481,0.1217023436271026,1,interior
0.9178553589091799,0.16576933772518518,1,interior
0.9272827087652386,0.31683664998393435,1,interior
0.9197875454733639,0.20658578832047586,1,interior
0.9228137297315916,0.23360508000733865,1,interior
0.7769336940719002,0.0386806930797034,1,boundary
0.4126940215017184,0.10227285471365877,1,interior
0.7716677535917912,0.039192903398836666,1,boundary
0.9276911256113275,0.3220455059637442,1,interior
0.38877696648843363,0.12739166877710145,1,interior
0.39825914024029885,0.12419472400312417,1,interior
0.9286582851830159,0.2676896138917398,1,interior
0.39180209695260515,0.12662538457151004,1,interior
0.3990268066824449,0.1196856756658485,1,interior
0.3529380455304811,0.2017718993187113,1,interior
0.9120926769713732,0.3755940491069981,1,interior
0.928206736300152,0.21662288354022993,1,interior
0.9211916016572017,0.23174002978941435,1,interior
0.33573935635872887,0.2657719063035622,1,interior
0.4273043296138202,0.0884431548123604,1,interior
0.900489180430808,0.14111604151938484,1,interior
0.9112204354767814,0.3712454951872572,1,interior
0.9226424843998277,0.23098151244890053,1,interior
0.42196623986306225,0.09057622941584911,1,interior
0.9178292257871197,0.1638343811349383,1,interior
0.9171341233041227,0.17075205206668986,1,interior
0.3829622783646817,0.1386168320930657,1,interior
0.9329887912539571,0.28771114575030465,1,interior
0.9212702733306105,0.35549771340900455,1,interior
0.43334166207353086,0.0799886098887408,1,interior
0.4272751957647009,0.092566273495749,1,interior
0.9128793952994126,0.36251240860302497,1,interior
0.3880445484273651,0.12564662560189688,1,interior
0.921178132458515,0.20857794239520527,1,interior
0.9225229120624951,0.2097908016175014,1,interior
0.41629949799959265,0.0980105453271929,1,interior
0.9283835548353208,0.27330657948254783,1,interior
0.35099647083484964,0.2092702818547625,1,interior
0.4385207262777398,0.06976524416720258,1,boundary
0.41310608214363265,0.09987791545296022,1,interior
0.36957330804013555,0.17017432771303453,1,interior
0.9292753037351433,0.26598859812114106,1,interior
0.916447467440131,0.2170477742663217,1,interior
0.9243246508174617,0.248740277559767,1,interior
0.9306559207022845,0.2806899271748527,1,interior
0.9225920308921081,0.2393964219047086,1,interior
0.39763784651704187,0.12199877271337224,1,interior
0.8359709402957624,0.09250965251996851,1,interior
0.4413697207866216,0.08015573799534399,1,interior
0.9248257426533223,0.2446025926336032,1,interior
0.3808073540622503,0.13640011747458755,1,interior
0.3486092194363639,0.210561313138719,1,interior
0.9128203859706078,0.36867475467587846,1,interior
0.8906862354282075,0.1377094113764454,1,interior
0.7795682119046184,0.038061699847111934,1,boundary
0.44155738505818265,0.08235636424119129,1,interior
0.7794220308468894,0.0399486956298566,1,interior
0.9239254385842837,0.21388615724316265,1,interior
0.367056485530202,0.16904617290781637,1,interior
0.9231219820540295,0.20066552691773573,1,interior
0.9223794021488958,0.26226806188699714,1,interior
0.917360417017043,0.24332227149577695,1,interior
0.42883050846970633,0.0886523530873675,1,interior
0.9105453320070296,0.3689196030298802,1,interior
0.37612355569849704,0.1552029725357543,1,interior
0.9025290393499185,0.141028817379925,1,boundary
0.9051641814829933,0.3761776699180604,1,interior
0.3751313889402597,0.14960693258535743,1,interior
0.40234400604411047,0.12197362072001491,1,interior
0.8258491579046455,0.07602943272918378,1,interior
0.43825683850934094,0.08030890984850599,1,interior
0.417140246779314,0.09595164287193295,1,interior
0.3576578108155686,0.1924280839810472,1,interior
0.927599555466491,0.2548093465690538,1,interior
0.41569278571077783,0.10377212885387267,1,interior
0.9179599382304391,0.35981633331460366,1,interior
0.9296493415147481,0.3047966196429732,1,interior
0.781401922475804,0.03985260552121759,1,interior
0.9246355995218015,0.26015613532070714,1,interior
0.8219487073641948,0.0701541335565108,1,interior
0.3626868872251929,0.17917571964425863,1,interior
0.35230723512721723,0.19904981999106872,1,interior
0.9199525250922813,0.3571658628269981,1,interior
0.8211319821303028,0.06817987212177523,1,interior
0.34685782952909355,0.22243976110396557,1,interior
0.8373317576918791,0.09123383656157256,1,interior
0.3346289160737999,0.26919969583666464,1,interior
0.33893869588071124,0.2558326129699225,1,interior
0.8510984338680718,0.09076175269052976,1,boundary
0.43754214321921275,0.07758107100878221,1,interior
0.3464757134867998,0.2160806157124325,1,interior
0.9259630914020675,0.2471405336900915,1,interior
0.8279622103874181,0.08037399144902842,1,interior
0.36268370818930834,0.17649245245280828,1,interior
0.35813533383955864,0.18270523744763847,1,interior
0.8211288035391577,0.06219267279833079,1,interior
0.9254432804967592,0.2703728750410235,1,interior
0.3480897439442828,0.23937834424054988,1,interior
0.8866670137225047,0.13642743508379354,1,interior
0.33483112372817864,0.2631571122671693,1,interior
0.3575383388914589,0.19026888719892307,1,interior
0.3466617156339498,0.24151028924764,1,interior
0.3497422145830061,0.21205809182178162,1,interior
0.8885778055301861,0.13015283981109624,1,boundary
0.39320296494505497,0.125917592568017,1,interior
0.8247698890183379,0.06931828000470716,1,interior
0.4328248808377485,0.08220863266879912,1,interior
0.9175267478532922,0.3510765581208371,1,interior
0.9289869727629047,0.3132009426415091,1,interior
0.818592138053779,0.06397913807976556,1,interior
0.42536641090256444,0.09549412222879418,1,interior
0.9305944470744795,0.2832277797702529,1,interior
0.39227208612323317,0.12440286224811024,1,interior
0.9302674499633952,0.337825161571002,1,interior
0.923406323770791,0.35491763410561167,1,interior
0.33838438014664124,0.27064231207433387,1,interior
0.833604384825309,0.08580153630251267,1,interior
0.355256615765648,0.2353040619304864,1,interior
0.3582017233963717,0.17881923906309571,1,interior
0.9189904343733536,0.26304618574895194,1,interior
0.35421609465616266,0.23874203594489316,1,interior
0.3823272116441601,0.14305713703463227,1,interior
0.9210183239063773,0.30721471396245464,1,interior
0.9278982751097767,0.30306614860697695,1,interior
0.41268773393477387,0.09682976069591084,1,interior
0.3454474212866623,0.23743625932514817,1,interior
0.43617474600111006,0.07882727503075966,1,interior
0.3500711514552162,0.222177063033084,1,interior
0.9014304235746065,0.1393183390098326,1,boundary
0.3749068895451062,0.1475484710313553,1,interior
0.3400826877835061,0.2512459166991023,1,interior
0.9088919921841185,0.3741062616769118,1,interior
0.36388972116635426,0.1726593789464305,1,interior
0.9262249772266287,0.2602275685056528,1,interior
0.34200112451405396,0.271710146274611,1,boundary
0.7966462290155142,0.046125897633170584,1,interior
0.35716752478555724,0.201067147933103,1,interior
0.3382034521499849,0.25276205023450643,1,interior
0.3613048046642907,0.17581503946743762,1,interior
0.9131003100086017,0.3650985240227861,1,interior
0.9013980745170561,0.38265190777169406,1,interior
0.34849279148260526,0.22117685978756257,1,interior
0.9299480244114612,0.2646189812053068,1,interior
0.3483978987312406,0.21609844175849482,1,interior
0.4404083878270896,0.07469756409351846,1,interior
0.9282791637660407,0.3292234267700255,1,interior
0.9284228998825077,0.26924617735076856,1,interior
0.9158487215253945,0.36171382326183266,1,interior
0.38607010581075074,0.13261517794700398,1,interior
0.8417762569471753,0.09123627826056827,1,interior
0.9273743005239263,0.24578104231493692,1,interior
0.9239082583691042,0.18514126475779766,1,interior
0.3509846630883955,0.23450719874318762,1,interior
0.3838344193577784,0.12854189165793908,1,interior
0.8218834483832194,0.06655584834356032,1,interior
0.9256403641162567,0.19239142261462214,1,interior
0.8986894868845202,0.13770233047999006,1,boundary
0.42385059143352494,0.09683787710968421,1,interior
0.9251303121881513,0.2619897145180819,1,interior
0.9113855254165688,0.3734269979356867,1,interior
0.397943812333232,0.117500320652172,1,interior
0.8101431109769472,0.05345015435301069,1,interior
0.9158080435399008,0.17715915668956403,1,interior
0.818673653803597,0.059603799684301226,1,interior
0.35226852109044576,0.2101460532993738,1,interior
0.9236680198410542,0.1877692373362903,1,interior
0.3550689034878599,0.2086900543449312,1,interior
0.931608715236609,0.28609075782453924,1,interior
0.9320804811759108,0.3047070404640811,1,interior
0.3557981800455947,0.1897225686701732,1,interior
0.8176916488946794,0.06683913735562398,1,interior
0.34950243018400323,0.23365800426632422,1,interior
0.35538527998699915,0.20511912979570598,1,interior
0.9223081488115094,0.23535212711840844,1,interior
0.3422062628566315,0.25271699511800905,1,interior
0.9094004099535193,0.38599203637956786,1,boundary
0.4409183692634362,0.0773758226113329,1,interior
0.9169718495970285,0.16145860531700928,1,interior
0.9282380268766873,0.30152170498068065,1,interior
0.3714330142395561,0.16775883936926017,1,interior
0.9310598815149108,0.278910235847054,1,interior
0.8516371353812228,0.09272363004357753,1,boundary
0.3481523382855419,0.23211052988117925,1,interior
0.3589802842926017,0.18890738240583207,1,interior
0.9277223437524674,0.34888777784030933,1,interior
0.8224413935301566,0.07189484374774606,1,interior
0.9322942917308662,0.33960316282591296,1,interior
0.9264632217783682,0.33921084795262846,1,interior
0.3466275505452508,0.21106999444956084,1,interior
0.8070455086135837,0.051911794375347584,1,interior
0.9237982849979763,0.2525812549002233,1,interior
0.42966388989566306,0.08652977119700647,1,interior
0.38125524454921506,0.14008886991293115,1,interior
0.9255410768891597,0.25273845643797543,1,interior
0.9227338497436587,0.2512986448422808,1,interior
0.9283373870857318,0.24772940678696018,1,interior
0.9289050074099532,0.32769006871227774,1,interior
0.9271242427065252,0.2307980939243144,1,interior
0.9295370991278842,0.3305942496729682,1,interior
0.9290815559793263,0.2942678534594063,1,interior
0.3332382608850951,0.26986979418969004,1,interior
0.8046454208569811,0.05445815567532217,1,interior
0.34859070436361195,0.23510196568831807,1,interior
0.9295649133509255,0.3088740095844334,1,interior
0.8419939659327652,0.09328377011483054,1,interior
0.3558641754762908,0.19444424503305824,1,interior
0.9336202634596302,0.30169245480283624,1,interior
0.43915410236837094,0.07654376586149683,1,interior
0.9155168355070101,0.38423707047338346,1,interior
0.3807760362064009,0.14193376645214295,1,interior
0.9287309799879033,0.2983118277699917,1,interior
0.7729023327474083,0.040440999001736276,1,interior
0.9255631553288042,0.23156827171717784,1,interior
0.9319701988561236,0.33115772809466704,1,interior
0.9237513810597872,0.20507686529173932,1,interior
0.9198682532048568,0.35908506484731484,1,interior
0.4212299415493795,0.0946832801960796,1,interior
0.33953862453703004,0.24779484854565592,1,interior
0.8103532718362656,0.05170820442319215,1,interior
0.434662493537737,0.07805299185627844,1,interior
0.9286114142691987,0.2577718091598442,1,interior
0.7778886666928747,0.040042431813933896,1,interior
0.8078244776484105,0.05377263990316719,1,interior
0.935203432201512,0.3007321457943029,1,interior
0.932961511779813,0.29004144006831734,1,interior
0.919647909088061,0.16966957054398665,1,interior
0.35561457988559264,0.1969771401526396,1,interior
0.909817948950953,0.371922211104595,1,interior
0.9069148899831188,0.38646498583164285,1,boundary
0.3684690840227894,0.1787481529370094,1,interior
0.8872706780311346,0.13814073170498653,1,interior
0.43617760355576807,0.07650888144582746,1,interior
0.34730704355458203,0.23386979237716757,1,interior
0.9249825550555245,0.1865908106632076,1,interior
0.9263836336044746,0.244267912385093,1,interior
0.7883240395270177,0.04397038574925804,1,interior
0.35004975942064587,0.21365938546186916,1,interior
0.9273162467920841,0.32038573018505895,1,interior
0.9148749543131243,0.3863909186432533,1,boundary
0.43007475162883724,0.08483760556501999,1,interior
0.3674918423232076,0.17159357768639644,1,interior
0.3594612257145253,0.18642913485430349,1,interior
0.9321568448314986,0.33803725251056954,1,interior
0.33680283481778833,0.2492226971024831,1,interior
0.9193762352625241,0.18429300099085794,1,interior
0.7835824995565844,0.04028303145750328,1,interior
0.35662435791050406,0.18506475840137523,1,interior
0.3366431046470719,0.27186002507094165,1,interior
0.930039028397001,0.31446105963081117,1,interior
0.905004070932524,0.14269740968291345,1,boundary
0.9272004022260055,0.2522204267306614,1,interior
0.9135794150593105,0.16284799171096598,1,interior
0.9298753663343702,0.1941171291839816,1,interior
0.3684822048698951,0.1671959046474108,1,interior
0.8124558934552576,0.05376573815971451,1,interior
0.9241465379687376,0.1991250136611484,1,interior
0.37298432891339195,0.1562572202442353,1,interior
0.7910894231734126,0.04770643883370916,1,interior
0.37375023210262304,0.144714286768876,1,interior
0.9043868901981643,0.15029316706325915,1,interior
0.797465036681433,0.05123656961561241,1,interior
0.7733096924720912,0.03888295786202841,1,boundary
0.3478477280493079,0.2140159645658443,1,interior
0.3718514980277608,0.15472696888466278,1,interior
0.9138475389340447,0.37216015916972994,1,interior
0.36587635680147845,0.1703648784428566,1,interior
0.4271769186688326,0.08683830310262582,1,interior
0.3808467924290793,0.1436083120407476,1,interior
0.37514097101224425,0.1515353537291,1,interior
0.9318627271039026,0.2971381117462686,1,interior
0.90595138532693,0.14509567592901648,1,interior
0.39122003494928304,0.12238841745047052,1,interior
0.8076823741560792,0.05000028023039521,1,interior
0.9350580498164194,0.304608183077818,1,interior
0.39954754691884503,0.12825881052940882,1,interior
0.3571137692735509,0.19578089647679642,1,interior
0.41832263325721436,0.09759295549919096,1,interior
0.8261760270535072,0.07064474548987465,1,interior
0.9275148000946268,0.26278991750399183,1,interior
0.7841898121226908,0.04194536495900093,1,interior
0.9253981988772523,0.22798872586297886,1,interior
0.7987381259961344,0.04976555106402145,1,interior
0.8010224156102994,0.05151677797113493,1,interior
0.4099273974412844,0.10194909890037956,1,interior
0.35282363117002485,0.22491171585622233,1,interior
0.40458029878717067,0.10470383523841342,1,interior
0.3386062485745381,0.2463266057651827,1,interior
0.40550697058920493,0.10331083530557465,1,interior
0.3574883527919937,0.18066111347556882,1,interior
0.9086555982460235,0.3762511882437251,1,interior
0.92020537019315,0.36120510709320675,1,interior
0.7959822604500953,0.0483156699445447,1,interior
0.9293812139490516,0.3335987704435028,1,interior
0.3900782983502939,0.12470872581387599,1,interior
0.8809960009927531,0.13181239804061337,1,interior
0.35093507413885194,0.2251253336046958,1,interior
0.3453268555120121,0.22321288345580173,1,interior
0.8853774770912329,0.12751952902779667,1,boundary
0.359393991106446,0.17681997097411653,1,interior
0.9281820856209032,0.3463524245620925,1,interior
0.41066799235374707,0.0983446082664206,1,interior
0.9273340958836881,0.18470437116008573,1,interior
0.36856356057266343,0.16885925242194072,1,interior
0.35989380208080196,0.1750188373022158,1,interior
0.3820636593348184,0.13449556469764662,1,interior
0.9287461465879736,0.3374750658572538,1,interior
0.9291727837836224,0.26153971862401576,1,interior
0.37117817108674517,0.1598257148666358,1,interior
0.40031287672989874,0.11017369490208138,1,interior
0.9200576389664721,0.16221405939522315,1,interior
0.9334681599142018,0.27945632077168386,1,interior
0.9278933554132504,0.30496932621074113,1,interior
0.9270843060404738,0.34114720185031755,1,interior
0.38252805073271107,0.12649038246498345,1,interior
0.9127960358485349,0.3708792719010782,1,interior
0.40875295316718696,0.10077048734273793,1,interior
0.3607092875559714,0.17327919900608868,1,interior
0.931146059802371,0.2952235322064881,1,interior
0.3450880679564593,0.24198137304353062,1,interior
0.9146645424837134,0.3632395160959851,1,interior
0.9313303484672176,0.2986546342777267,1,interior
0.9039118485090529,0.1454877222211386,1,interior
0.44200599715973315,0.0756846363628522,1,interior
0.33964312703896404,0.25333022331759353,1,interior
0.9305692926143104,0.2757954815370895,1,interior
0.923751846170034,0.18018315014725847,1,interior
0.9285624158159471,0.25949021308527737,1,interior
0.7843988178222444,0.04464131963755164,1,interior
0.43888643027633145,0.07501363775177798,1,interior
0.3370595677807239,0.27334710718349936,1,boundary
0.3362379766895317,0.2702386407539291,1,interior
0.34460885016795495,0.2402921783409824,1,interior
0.822532968674993,0.06383529770482153,1,interior
0.9246990602463345,0.2030780205634967,1,interior
0.9183703331272014,0.1753672357050057,1,interior
0.7949591829359236,0.04664803546267726,1,interior
0.9071589400133221,0.14916718699200865,1,interior
0.9232669778869451,0.3577734299965487,1,interior
0.8246214209700802,0.07193345855095906,1,interior
0.39497247525804946,0.12110180874740505,1,interior
0.42521622648286367,0.0930739321452868,1,interior
0.929209968817064,0.19937130400819122,1,interior
0.917548422090093,0.36213985443832303,1,interior
0.37923576910560386,0.14230985197631332,1,interior
0.33804700253059533,0.2508013010454315,1,interior
0.3701957955680694,0.1569921101566393,1,interior
0.9262523858826958,0.25065234620916316,1,interior
0.4064887390155708,0.10165893202171575,1,interior
0.8919533303624286,0.13936977073153897,1,interior
0.9264256432190244,0.35442214906405317,1,interior
0.8278797934574871,0.07749669206503146,1,interior
0.9265578208309632,0.20084278480102605,1,interior
0.9240924898820057,0.18173977074395914,1,interior
0.9264860244763731,0.2054156338613568,1,interior
0.9324245796049152,0.2755066673440134,1,interior
0.9187027577655752,0.3631302004933412,1,interior
0.9231264272447517,0.20368174847523582,1,interior
0.9307480010928902,0.27013441458909576,1,interior
0.9310877031752748,0.32283400927589523,1,interior
0.4023821662102362,0.11093511020171257,1,interior
0.36147564458982595,0.19049020537871794,1,interior
0.9322017393577291,0.280625022179215,1,interior
0.3410090001200767,0.24390020400836895,1,interior
0.7890136922403577,0.04651044739509987,1,interior
0.40109864387587973,0.1083804454906694,1,interior
0.37648344417274315,0.14326021739474643,1,interior
0.3351383243429038,0.2740423529885163,1,boundary
0.9067175096825373,0.1546467785763672,1,interior
0.33398490897211985,0.2714196794659128,1,interior
0.9341254247882455,0.2761523247019499,1,interior
0.9076583742443464,0.15106387943225327,1,interior
0.9241141316861922,0.263191922706601,1,interior
0.3570344719800075,0.1866046645341838,1,interior
0.9268543197145229,0.3437839724069604,1,interior
0.36204102553021456,0.17105857790789705,1,interior
0.3689969691891723,0.1593715066531407,1,interior
0.39290469996012345,0.11975187479723888,1,interior
0.9290033495474672,0.2521671223524997,1,interior
0.38805020733338813,0.13215548443575945,1,interior
0.34625192486872614,0.23922621962626942,1,interior
0.42466119390443174,0.0875632164188775,1,interior
0.3467786181141812,0.224053545479273,1,interior
0.41301937017688983,0.09834883331577501,1,interior
0.3467259296239918,0.23610548908390214,1,interior
0.843812656925097,0.0903283071618369,1,interior
0.9275194770969514,0.19948549919272185,1,interior
0.7977918291401055,0.048363435900232565,1,interior
0.40284034906882094,0.11258656290579735,1,interior
0.9208361397864514,0.21072573441817963,1,interior
0.9308068688921343,0.32801629555635087,1,interior
0.7959264547367749,0.04992018229241896,1,interior
0.8091013202279419,0.04790035614023577,1,interior
0.896379912820504,0.1394753125680987,1,interior
0.834629691736095,0.0839898084411082,1,interior
0.9216701696422711,0.3582562377400288,1,interior
0.8349976423401709,0.0867718938043851,1,interior
0.3406247032791553,0.2567357115158673,1,interior
0.7861296352913242,0.04306070109837405,1,interior
0.9286304270791959,0.31597046196527856,1,interior
0.9286993793540516,0.31771828625702747,1,interior
0.9307107095319035,0.27738462327599406,1,interior
0.37273985382836367,0.14715748876551357,1,interior
0.9223405021939496,0.18421680608761867,1,interior
0.3737190318700162,0.14883146775185505,1,interior
0.42283998043788196,0.0941641823509152,1,interior
0.9219413571364686,0.20611126887586026,1,interior
0.371585380729445,0.16491623711802186,1,interior
0.3328083876774998,0.273883748903895,1,interior
0.9294458837286448,0.3028156934868087,1,interior
0.42258667147560364,0.09249192802502139,1,interior
0.38010566986312966,0.13883079842775384,1,interior
0.9301795811479231,0.3264130726017703,1,interior
0.43008626833621316,0.08108374713143969,1,interior
0.3732729933520353,0.15417765934706762,1,interior
0.34171615170897546,0.23974022486038626,1,interior
0.9315021560262136,0.2722064476040625,1,interior
0.8266303479316851,0.07272796486958055,1,interior
0.36720162355864777,0.16464492698425334,1,interior
0.3776344321514524,0.14532521180661334,1,interior
0.9288028022277127,0.24497157456340476,1,interior
0.427693096770963,0.08158946717874865,1,interior
0.4032699599490911,0.10685823777038907,1,interior
0.346786698398712,0.23068991755435647,1,interior
0.8148155117248475,0.05331762857391106,1,interior
0.33390817041677384,0.264962070651448,1,interior
0.4139239086547884,0.09573967652441637,1,interior
0.9237147900366088,0.24178898602431542,1,interior
0.34396344291116027,0.252125589938665,1,interior
0.33687389343835206,0.25471900062912844,1,interior
0.41893292645122227,0.09486167753328058,1,interior
0.9066944630337429,0.15959159791172084,1,interior
0.35505287753863957,0.191453859013256,1,interior
0.8318373631248691,0.08344411697853715,1,interior
0.3860956358420058,0.13012719698736613,1,interior
0.3964285974488466,0.11974818105765582,1,interior
0.9287704011064918,0.3416701389906134,1,interior
0.9052986298729555,0.15575838596385877,1,interior
0.7883006341273696,0.04825450579050542,1,interior
0.4142187957831452,0.09730497338623657,1,interior
0.8270073123285367,0.07909629264940803,1,interior
0.9249470323620422,0.21110374521760242,1,interior
0.9331988465112729,0.3061127324681556,1,interior
0.42827914814331824,0.08542038866830713,1,interior
0.9281062237754872,0.25066126345775724,1,interior
0.34752212435280017,0.2123406684767356,1,interior
0.9331262505890104,0.29421864270796166,1,interior
0.34584457930528145,0.23466470044177257,1,interior
0.8493806373628661,0.08971527135810912,1,interior
0.926073462101671,0.20392573295869398,1,interior
0.8008190650040868,0.04935134046213588,1,interior
0.3336860015999843,0.2668716886084101,1,interior
0.8332390385958267,0.0813701442160644,1,interior
0.9108817240543168,0.3825108963567869,1,interior
0.8185414856015844,0.06941466399368248,1,interior
0.9327622147112882,0.28326377999246233,1,interior
0.7855391620343476,0.039984177939708175,1,interior
0.9259747360667625,0.1993215333903948,1,interior
0.39870735299489174,0.11348249675041165,1,interior
0.932664476698439,0.3000479283003807,1,interior
0.9301158722473707,0.3066966888184219,1,interior
0.425857376845803,0.10689839984972424,1,interior
0.9249444378863851,0.26457243485643617,1,interior
0.8201000407319564,0.06941097122100032,1,interior
0.40779754803882173,0.0976442718892522,1,interior
0.9268815364306597,0.3527476114148308,1,interior
0.4205421498905433,0.08794077543996189,1,interior
0.827055004509979,0.06880072379526711,1,interior
0.3494969360651739,0.23834888982166622,1,interior
0.931645639074756,0.2886233519717562,1,interior
0.37058524653561187,0.1630546954143747,1,interior
0.9229605047113226,0.3599604259302548,1,interior
0.4319497326407127,0.07935274645822166,1,interior
0.9289390914175727,0.2009866529072065,1,interior
0.8393350563810308,0.08801139094520043,1,interior
0.411202551742089,0.09638381749354259,1,interior
0.4264230128453204,0.08379754435120154,1,interior
0.38543087078450494,0.1344647230561439,1,interior
0.8290551464811134,0.07874985521710502,1,interior
0.3712658732313477,0.1450159857891002,1,interior
0.9307796080587685,0.2932784256166976,1,interior
0.9297614246119017,0.2549095440554236,1,interior
0.3455435125554345,0.22498878398711453,1,interior
0.7879032980829466,0.041929388533636903,1,interior
0.8467545087592601,0.09059591409420789,1,interior
0.40117861368232705,0.10660425342489356,1,interior
0.9303007459660557,0.3490514705553773,1,interior
0.8827660529667969,0.13196069502546873,1,interior
0.8373973984124996,0.08699231917130351,1,interior
0.9147178989065234,0.3653386127805991,1,interior
0.9145106317359236,0.16044546483016925,1,interior
0.9265926900297611,0.21465764203458457,1,interior
0.9364127740808252,0.27490793882225756,1,interior
0.9152241265565846,0.37005051014245177,1,interior
0.4375084438299757,0.07427048240396061,1,interior
0.9320195342488514,0.3080339734599639,1,interior
0.3779549451530858,0.14012485137434513,1,interior
0.9323639236332235,0.2773780270767073,1,interior
0.9288724439191304,0.34361003544704133,1,interior
0.9248317338362241,0.23607400514870713,1,interior
0.8201478824956989,0.06674794985653786,1,interior
0.3720327357020638,0.1430187581339721,1,interior
0.8256138057281935,0.08199005564805105,1,interior
0.9355250828991104,0.28693633269514146,1,interior
0.39924294593697607,0.11573383468785556,1,interior
0.9196334317080893,0.1713380783517662,1,interior
0.9120336291657206,0.36627485303376733,1,interior
0.7823669449872617,0.0422903445986367,1,interior
0.9204845797703947,0.2132328722746153,1,interior
0.9142132491846097,0.3670105466548477,1,interior
0.9334090108422526,0.32347022116780577,1,interior
0.35256238245532595,0.20414282861834543,1,interior
0.9264280244415951,0.23354461945806537,1,interior
0.3470402360828586,0.20938105624552125,1,interior
0.8452056735589408,0.09272382436031278,1,interior
0.34307820512307385,0.2465531730666725,1,interior
0.42240388103991183,0.09743042360938586,1,interior
0.35556344465659023,0.17883841434136083,1,interior
0.9285591975710935,0.23558655982957089,1,interior
0.43222722706908306,0.07640888175401646,1,interior
0.8945871686675826,0.13878198696155467,1,interior
0.4253493883831746,0.08619486285752707,1,interior
0.34403494779559235,0.21917590533650708,1,interior
0.9308853576068019,0.24969031093565083,1,interior
0.9176690912685634,0.36601757739521906,1,interior
0.9283921118914337,0.3322058844999997,1,interior
0.9169117092555589,0.38645267605786887,1,boundary
0.919467538458552,0.17357104063637957,1,interior
0.8031529918030446,0.05018355295037742,1,interior
0.9346916903847124,0.288374710153672,1,interior
0.9192066086240527,0.27002641816310174,1,interior
0.375015665278761,0.14191498169661798,1,interior
0.8050835879547199,0.05047165963094887,1,interior
0.7862017779683803,0.041539228693293496,1,interior
0.9295769135422014,0.32166813220847884,1,interior
0.9258642003934507,0.2417149550955521,1,interior
0.9245510767406278,0.2385897538010019,1,interior
0.3540098492338249,0.1990215171936974,1,interior
0.9314360048609701,0.20153763528186078,1,interior
0.8307518694103572,0.08033326559870503,1,interior
0.3574951594465823,0.19428579050909822,1,interior
0.4198779739188708,0.09086127399563644,1,interior
0.8238891228135522,0.06807028510055384,1,interior
0.3594112694502667,0.18383704661455025,1,interior
0.9303850300437281,0.34476613086503066,1,interior
0.419313222938456,0.09259118329226104,1,interior
0.3576985719922571,0.1731494929508616,1,interior
0.3405945315362067,0.24971042005600574,1,interior
0.3696809072957267,0.16466722696863936,1,interior
0.9264407472440042,0.26396374776722864,1,interior
0.9214359161687387,0.16773309539650993,1,interior
0.40312701690264524,0.10404894162769675,1,interior
0.9300247297417445,0.27267207109427927,1,interior
0.397113019528277,0.11484471434007701,1,interior
0.3492369373239049,0.24197483271436568,1,interior
0.39343821404330426,0.12317400861348453,1,interior
0.8150258483139275,0.05484866313307553,1,interior
0.4205012654543361,0.09878567482809347,1,interior
0.4231543908815698,0.0895412507235414,1,interior
0.3985056200462843,0.11179577366493909,1,interior
0.9168287547569511,0.1592555694336873,1,interior
0.9153619704692096,0.3724039160116209,1,interior
0.9315028225696045,0.29131518333871137,1,interior
0.9352730524877853,0.28490358840545416,1,interior
0.4383674410635331,0.07270052731609451,1,interior
0.401817635184037,0.10498857928917237,1,interior
0.8304204424520003,0.07800110623158595,1,interior
0.9159898148494362,0.17377210393225104,1,interior
0.38946095505933515,0.1230549450749111,1,interior
0.4224341943293481,0.09569182588287516,1,interior
0.3711622231787644,0.14734279794656957,1,interior
0.8231630522226554,0.06552540349805042,1,interior
0.9336265929889349,0.2965796854300173,1,interior
0.3561947288778507,0.18194111752225844,1,interior
0.34346092670621453,0.21753662847398617,1,interior
0.9149170170843023,0.18581998456067123,1,interior
0.9323454976951829,0.3343836675674717,1,interior
0.9155294159458812,0.38241854549053583,1,interior
0.9256325710061741,0.18242599456015376,1,interior
0.9312734868274766,0.2574498239966498,1,interior
0.3730121768895703,0.14179787156905838,1,interior
0.40407466548688703,0.10830744718869376,1,interior
0.37299122638916643,0.15026183387469386,1,interior
0.9330276071007627,0.19989932405413488,1,interior
0.3684179150758795,0.16371617813377928,1,interior
0.9284701525445664,0.19262300545216224,1,interior
0.9286191259337621,0.3538532917343398,1,interior
0.3373976454032774,0.2602226507667199,1,interior
0.34411189968524014,0.23084368947435857,1,interior
0.9277344966284086,0.3512260105411696,1,interior
0.7902271741921865,0.044678326900949486,1,interior
0.9248820178018504,0.2341439007776205,1,interior
0.7989736599493591,0.04699211081938539,1,interior
0.9313574515049654,0.2530743418064745,1,interior
0.9287127787442735,0.22968985869398267,1,interior
0.41815864299581573,0.09074086484659662,1,interior
0.3960865764277362,0.11752822244419078,1,interior
0.9154361711246143,0.16193700448568896,1,interior
0.3768491453802176,0.15045848145957408,1,interior
0.9224363611631045,0.18116348337573132,1,interior
0.927405910183282,0.20261882325564998,1,interior
0.9204342587451739,0.16418790235221967,1,interior
0.360702338043442,0.1853621867891363,1,interior
0.7593926297636071,0.040576372285151645,1,interior
0.8922400260210772,0.13673066916902282,1,interior
0.3902696302951696,0.12061555065491798,1,interior
0.3960765252722028,0.12264881246139656,1,interior
0.8901391067897383,0.13540651322201133,1,interior
0.9191816057608778,0.3856130737017904,1,interior
0.9359852501600151,0.3028856486854909,1,interior
0.3534124679999271,0.17920022368645705,1,interior
0.43597677186720113,0.07131433638180132,1,interior
0.35833859579013666,0.17531148153950452,1,interior
0.38084283936120816,0.13241407881079892,1,interior
0.8248162674525685,0.06644519823635268,1,interior
0.9296881541883867,0.23174166809498403,1,interior
0.42074885059910455,0.09317701069137171,1,interior
0.9171976446210346,0.3842348505462403,1,interior
0.9335429699660466,0.30414210780929246,1,interior
0.9276634819848947,0.33076392999755044,1,interior
0.3421031591020389,0.24495463765032632,1,interior
0.3966155437075153,0.12417012882218864,1,interior
0.9346828687487214,0.2979219568605961,1,interior
0.9168123048320681,0.3685709086123002,1,interior
0.9327792814483669,0.3285076761682667,1,interior
0.8142139483715352,0.05809788877987866,1,interior
0.341117231602656,0.23066440890457404,1,interior
0.43996382109313004,0.07315809397759586,1,interior
0.9326018993431178,0.19554725443072687,1,interior
0.37049114982071335,0.15309861415655804,1,interior
0.7877053790973475,0.04551682676937553,1,interior
0.34460242626273274,0.22132654621118322,1,interior
0.9344229754481094,0.3276265890958959,1,interior
0.3433585497021914,0.23645123154153225,1,interior
0.37882964883905246,0.15588723113738392,1,interior
0.9183876666605563,0.20990767999325338,1,interior
0.3354293351473775,0.2560471060532984,1,interior
0.3392941374113549,0.2623706275334717,1,interior
0.8909430140988828,0.1341073210530319,1,interior
0.3393133146036974,0.23884998942983535,1,interior
0.34351182567389044,0.23842076193506978,1,interior
0.3561885257297746,0.2032367206134287,1,interior
0.8213150885468412,0.060139593708779734,1,interior
0.9318335414007464,0.25507298672781575,1,interior
0.8200674053908824,0.06107864461083672,1,interior
0.93233911538668,0.2738690252893407,1,interior
0.9221638644978621,0.3624589878966815,1,interior
0.42270148210965675,0.08600482596830417,1,interior
0.9310325529632548,0.2656837026862642,1,interior
0.39412673835548495,0.11663415896626034,1,interior
0.9182032819867526,0.37054888601288244,1,interior
0.9280599119460251,0.33471687300534003,1,interior
0.34516896253425877,0.21521258744738428,1,interior
0.4156024948157486,0.09467273375907752,1,interior
0.9278169435570354,0.31197250822631123,1,interior
0.9314305723026893,0.2845145444548876,1,interior
0.3428394696816032,0.24083843596098747,1,interior
0.922930348753422,0.1643349017821813,1,interior
0.9348282922806855,0.27799161784792964,1,interior
0.3404115896330923,0.2419516327114361,1,interior
0.3687344414803362,0.16107237079048908,1,interior
0.8176959215199625,0.056030681311752484,1,interior
0.9209006343652362,0.18537133267926997,1,interior
0.9162852571339012,0.36520714887194555,1,interior
0.9065316311397692,0.1469803663076229,1,interior
0.344840142190055,0.21293506594812023,1,interior
0.9215221395454309,0.1617780823309014,1,boundary
0.7940852882597729,0.043172778936501656,1,interior
0.9185668446826067,0.38354959943648936,1,interior
0.37957391601425117,0.13737481411734426,1,interior
0.9151888966350551,0.3792249760453359,1,interior
0.8968780780899513,0.13701941402915319,1,boundary
0.9240127898542172,0.24009603923646397,1,interior
0.9258255138030218,0.1939750337279481,1,interior
0.339750601894984,0.23611608781402643,1,interior
0.9161993318472661,0.1633308650725681,1,interior
0.8163840125454427,0.05690054988670252,1,interior
0.35002951592903214,0.19883423944498285,1,interior
0.3541416136706051,0.18633397219102849,1,interior
0.9309220223333387,0.3034231119362705,1,interior
0.9254019304673388,0.3428231806810504,1,interior
0.9274259712473695,0.19506341767737542,1,interior
0.33154980320594923,0.26670618649906436,1,interior
0.3548019559776979,0.19559937679537512,1,interior
0.35676876521477413,0.18340228748560453,1,interior
0.9309056185827658,0.2685053896949203,1,interior
0.33097020126803744,0.2707073259134706,1,interior
0.40268570206927945,0.12014789091121507,1,interior
0.8262761257838553,0.06739704945411418,1,interior
0.9296128238355417,0.2742935160400083,1,interior
0.927080965719486,0.22909202859409852,1,interior
0.9183245256279144,0.16233978917049469,1,interior
0.9326667839365326,0.2676975865799078,1,interior
0.9216086699319584,0.3872318776814718,1,boundary
0.783694785865806,0.03790215421124439,1,boundary
0.35815653023471233,0.1848363651163201,1,interior
0.4421664773245502,0.07401168364144103,1,interior
0.923739024948601,0.20738405529728635,1,interior
0.35104432745397063,0.20768929381651693,1,interior
0.8282479918354404,0.07154247531835052,1,interior
0.8286610253819657,0.07366285508889224,1,interior
0.3413086508380898,0.23514249418259256,1,interior
0.9286739837502228,0.2128028069650574,1,interior
0.379257285602352,0.13114234367591357,1,interior
0.34789019137729343,0.1987502304720091,1,interior
0.9165047754720316,0.3636996033719925,1,interior
0.9290364468501812,0.20431525065783565,1,interior
0.9296690565244202,0.34765395446197705,1,interior
0.9065827415755676,0.14365197205730149,1,boundary
0.9266460724333887,0.18021977060527838,1,interior
0.396469010543961,0.11004420352104063,1,interior
0.3553645603559607,0.18407244154086747,1,interior
0.3465421463590954,0.22723306597998996,1,interior
0.3789951193145256,0.15020345044143146,1,interior
0.8237601885856394,0.07049861502951395,1,interior
0.9231494545332503,0.17767410950872953,1,interior
0.9358289446967989,0.2954113006773928,1,interior
0.3351933944686595,0.2592875307106933,1,interior
0.937818882862078,0.30546621904675914,1,interior
0.339945523437828,0.2454536949926264,1,interior
0.8945008481794591,0.13717489490665755,1,interior
0.9337547655763292,0.2727528127097457,1,interior
0.9151935476414643,0.3682414228703886,1,interior
0.9194124606217391,0.16666611896946884,1,interior
0.9200073467289918,0.2327732362995277,1,interior
0.36236448684516426,0.16940356476313861,1,interior
0.3469483794820555,0.21913701331723598,1,interior
0.8317618525598076,0.07891103129490759,1,interior
0.9270324802257349,0.23586886948874056,1,interior
0.4377866193107852,0.07127525225605737,1,interior
0.8174068927957346,0.05832005842079499,1,interior
0.9292458699173186,0.3196430338232828,1,interior
0.9297866654290664,0.2508016163441047,1,interior
0.9340016830929461,0.3355382659821186,1,interior
0.8085525203890022,0.05236209539396371,1,interior
0.8480551611978356,0.08811893416609438,1,interior
0.41935704233783244,0.09635386480143396,1,interior
0.34617356794670284,0.24805034273382653,1,interior
0.8290166627868212,0.06746604482618565,1,interior
0.8175630134223996,0.06097618603727017,1,interior
0.3919690130489313,0.11687192818308179,1,interior
0.9232013112512173,0.17433256738704445,1,interior
0.9314907938304916,0.26267690610465705,1,interior
0.43478695742697676,0.0753512420659831,1,interior
0.33862661864304355,0.24411088868427572,1,interior
0.3317697233509903,0.27234487245432637,1,interior
0.924673426525033,0.17865217268350694,1,interior
0.3986812074606172,0.10957510082614796,1,interior
0.8277778068395296,0.07579738783276896,1,interior
0.8409059496300363,0.08995828504818454,1,interior
0.8311598426171214,0.0820373118825673,1,interior
0.36695519427468165,0.16241466078652175,1,interior
0.8007529974146969,0.0477097980462203,1,interior
0.9264673697535084,0.18706910913447317,1,interior
0.9308872968172429,0.33266134403937564,1,interior
0.33662356659622855,0.2527911035828888,1,interior
0.934666859829015,0.294094958247384,1,interior
0.9102089090125237,0.16186760735895478,1,interior
0.356504955257739,0.1721527396967566,1,interior
0.790998428012229,0.04296590532806842,1,interior
0.8899826036004498,0.13160858486016125,1,boundary
0.3489106291686297,0.20854161401185306,1,interior
0.9314440489874324,0.19297440593707355,1,interior
0.9307979299701643,0.3404727333720494,1,interior
0.42275728718474054,0.08796994478380109,1,interior
0.37456160057831445,0.14006155012545624,1,interior
0.9351832384597248,0.30645919040866937,1,interior
0.3726502177843786,0.13981289782736275,1,interior
0.9208728531850181,0.17724546140214603,1,interior
0.9326709195714317,0.25205758218749996,1,interior
0.353797089312175,0.19381456722275142,1,interior
0.9192564048172063,0.3649703259802879,1,interior
0.9325186749325367,0.3027762146854443,1,interior
0.34259713145153986,0.2127462357696701,1,interior
0.9242458901413579,0.16644870649999874,1,interior
0.925807238697652,0.20800282390789407,1,interior
0.9318763425074771,0.33639725536598336,1,interior
0.34375317666678057,0.22459269425527947,1,interior
0.9306735216537393,0.33450521761435387,1,interior
0.3912449167858894,0.1190380339253241,1,interior
0.9337752894980532,0.25372910309543384,1,interior
0.8067869226370552,0.048539598381313026,1,interior
0.9339665374488579,0.29241211657110266,1,interior
0.9293045177923428,0.3523558729571228,1,interior
0.39958354000639984,0.10697752098546512,1,interior
0.41836464056806943,0.08622463162868256,1,interior
0.42385090796234404,0.0849855714628604,1,interior
0.9301109098545529,0.34270597194437424,1,interior
0.9143027703337052,0.38332229169246945,1,interior
0.8198736158619218,0.05854951002712335,1,interior
0.4261318945990456,0.08983922623206014,1,interior
0.35242824891176244,0.23296527668719963,1,interior
0.927923276485242,0.24251450036039826,1,interior
0.8294232752909594,0.07519594609116838,1,interior
0.4067407971751895,0.09989196764314538,1,interior
0.4019735662107557,0.10234022786197904,1,interior
0.9306807351442166,0.2597367181515736,1,interior
0.892811002303986,0.13438435848431218,1,interior
0.3379457760666706,0.23682752635223378,1,interior
0.3699821984282786,0.14310230669374516,1,interior
0.33670181593145515,0.24510291580672414,1,interior
0.3505690322385241,0.17971424708716052,1,interior
0.9342074804187838,0.2742493286132116,1,interior
0.9067071352277919,0.15639378010496413,1,interior
0.8132084065219491,0.05163558518384021,1,interior
0.9354754471760305,0.2912213754026565,1,interior
0.8467107640221054,0.08900706359248751,1,interior
0.34219244875542454,0.2146559449361884,1,interior
0.3948312372046424,0.11945191289258966,1,interior
0.9114795953412693,0.36769908626845194,1,interior
0.3886134729071942,0.11814592335235108,1,interior
0.7919920869753773,0.04606876782073712,1,interior
0.37647666926884166,0.1389992274910339,1,interior
0.8321040893048466,0.07622117975665105,1,interior
0.7887998641340389,0.04045621146649375,1,interior
0.4108792389919249,0.09455963792232074,1,interior
0.7982205778051594,0.04521507127389754,1,interior
0.9375742079281644,0.2852415244859628,1,interior
0.806827704565493,0.04626758624241929,1,interior
0.93138054413145,0.19923008887426813,1,interior
0.8106806083118568,0.04970452218683,1,interior
0.4257260997388367,0.08157359019219285,1,interior
0.9260086875572212,0.21278564899858296,1,interior
0.9215003196570395,0.17379166848510505,1,interior
0.921698785863042,0.17021997790612853,1,interior
0.4200164799327027,0.08625667320282672,1,interior
0.927443400466142,0.1785693304826699,1,interior
0.33078334876542154,0.26834022714627365,1,interior
0.9128665846668866,0.15891071062005904,1,interior
0.9120429837725925,0.38136624965671384,1,interior
0.804961678477245,0.04879810140026856,1,interior
0.8005675122776079,0.045742677243106024,1,interior
0.9200341560214239,0.3669266122488415,1,interior
0.336861178201272,0.24735217462476727,1,interior
0.4179319753186135,0.09365344953891883,1,interior
0.3792897464375784,0.13404757037196036,1,interior
0.8330448063284898,0.07805162591112916,1,interior
0.38850413423365804,0.11976991135935193,1,interior
0.9330529617268618,0.3327734427222429,1,interior
0.4179379396373302,0.08843405647450177,1,interior
0.9344117832773157,0.20165158480408787,1,interior
0.9255691438235895,0.35607801290963004,1,interior
0.34560768289319255,0.23252029937494312,1,interior
0.912951025092817,0.3787876006844515,1,interior
0.3498865384357093,0.20661407008369487,1,interior
0.37525138133581437,0.13788588210083125,1,interior
0.3720498746724145,0.1530188826437105,1,interior
0.9185941149260098,0.16051937561440346,1,interior
0.4036834865146054,0.10210654526418102,1,interior
0.36067707119948783,0.1695794814474605,1,interior
0.41638020300475076,0.08725617736589138,1,interior
0.34084691258830313,0.27278984613246055,1,boundary
0.9324192808582843,0.3483603422104745,1,interior
0.3668251081477368,0.1600970328420873,1,interior
0.932372361116246,0.26975251806230716,1,interior
0.9363877029504614,0.2894428396101903,1,interior
0.9275455051946343,0.26115422212313477,1,interior
0.9291591768315448,0.21040850186046242,1,interior
0.9302878198688833,0.2463635528852717,1,interior
0.37757007430000944,0.1421901224816834,1,interior
0.9220329547290971,0.17216527602835927,1,interior
0.7871456649573554,0.04025731215595344,1,interior
0.9185151299146723,0.3679820264407453,1,interior
0.9372834447351501,0.27783391163607607,1,interior
0.9341304268360943,0.2711749804126731,1,interior
0.35622690015314595,0.19295982269329126,1,interior
0.35485289532724573,0.18099992708962834,1,interior
0.9339544691213502,0.33015678133998494,1,interior
0.35301318164400847,0.19179173655606396,1,interior
0.3361441330712085,0.2574931543948793,1,interior
0.9293307937981661,0.2630811779291855,1,interior
0.3496545887692725,0.2399193245565356,1,interior
0.3497965337763471,0.2031043806292358,1,interior
0.9330160931620518,0.29837805520023036,1,interior
0.3871919439906682,0.11734609862424611,1,interior
0.8449332122225572,0.08863698427196587,1,interior
0.4221235996603229,0.08431896685996129,1,interior
0.4204256786421718,0.08340980415555221,1,interior
0.4002130080653613,0.10347417070269571,1,interior
0.34810486756845954,0.2008207953452834,1,interior
0.9310909399120023,0.31086354016086126,1,interior
0.4025777724668933,0.12677316727936994,1,interior
0.8944210728783404,0.13540613946513563,1,boundary
0.4302997737479353,0.07895921204379382,1,interior
0.3472445815719599,0.20763643847949806,1,interior
0.35528699670277986,0.17701157532146977,1,interior
0.9226325789267837,0.16627351172931035,1,interior
0.33376602509997116,0.26034826633650743,1,interior
0.8426080257578449,0.08936923720509458,1,interior
0.3716789937162725,0.13790029689678543,1,interior
0.3573701233991983,0.2210084881852811,1,interior
0.342081274460741,0.21895161386268713,1,interior
0.7929291866401362,0.04425668404231141,1,interior
0.9345485562075508,0.25169246948369944,1,interior
0.9255382816546464,0.22228542463631232,1,interior
0.3815516404952941,0.1379960797214012,1,interior
0.924362342938275,0.1912493915639722,1,interior
0.9150866306656946,0.38077751889123906,1,interior
0.3578802293747958,0.16888975309023074,1,interior
0.36904851475444184,0.15548148490415134,1,interior
0.9313935966522953,0.26109432952034367,1,interior
0.9273675085180905,0.24926574467194293,1,interior
0.9073637868091884,0.1527526898015199,1,interior
0.4086872471703797,0.09565869777916422,1,interior
0.9290152333410686,0.27146628231955167,1,interior
0.36481543370350183,0.16101784911465902,1,interior
0.9364263822537953,0.28256434396187763,1,interior
0.37098689873422747,0.14083902965928058,1,interior
0.9265608800223534,0.22557202581371658,1,interior
0.35597050473004144,0.1755871333121003,1,interior
0.3870793121579884,0.12060323443070811,1,interior
0.892010911885927,0.13288997700295677,1,boundary
0.36920823622485277,0.15203873780136284,1,interior
0.38751075570825266,0.12392853009980692,1,interior
0.9273804676764473,0.19115862956999474,1,interior
0.912995805789328,0.3771969754207025,1,interior
0.8092030666169542,0.0463559971264069,1,interior
0.3442597891002876,0.23352177745364863,1,interior
0.3525616127260107,0.1765572619071574,1,interior
0.9249647160376341,0.1726334773263535,1,interior
0.9303192197231516,0.3159844362619791,1,interior
0.3578404305146237,0.1767886232197732,1,interior
0.40629163230794596,0.0982838178137199,1,interior
0.3736385284801028,0.13740738448359685,1,interior
0.929458955106854,0.3105285147036417,1,interior
0.9294578551503365,0.3504954644892389,1,interior
0.43301563549202166,0.07783174976046388,1,interior
0.8348871575476229,0.08005965254450836,1,interior
0.816713876692604,0.05420200622491661,1,interior
0.42456382583091484,0.08313355642720725,1,interior
0.34349953518758847,0.22723472108903764,1,interior
0.930380804760868,0.2480336296531184,1,interior
0.37750420842583216,0.13274486075381298,1,interior
0.8360702742316213,0.07868389187841528,1,interior
0.9322816740944672,0.25035733409323924,1,interior
0.8267084843978263,0.06529977100763588,1,interior
0.39729823974362405,0.10535529592403142,1,interior
0.8417907548405621,0.08798167468088086,1,interior
0.833077590161308,0.08432228371585873,1,interior
0.41553327117434713,0.08919696298165232,1,interior
0.8026482310256557,0.04773487499303387,1,interior
0.9302287616044527,0.31229913187244607,1,interior
0.8199321717878316,0.05695490336600238,1,interior
0.9250890197266478,0.16783750492936103,1,interior
0.8080035109876735,0.04528341545342395,1,interior
0.3530687478729529,0.19768612874758368,1,interior
0.37393685899664286,0.14306928628270735,1,interior
0.9188818075871601,0.15725635337159902,1,boundary
0.8439007484344202,0.08731445808387801,1,interior
0.34852074258715593,0.2056277744936023,1,interior
0.9361821194255214,0.2970990660275356,1,interior
0.9271707768214537,0.1888244219142417,1,interior
0.3501878793234726,0.1919386877186584,1,interior
0.37520687099938427,0.1442248375990503,1,interior
0.9374486390340733,0.28822886632919426,1,interior
0.3449650397897038,0.22648460685649757,1,interior
0.3673094791424147,0.15349116040563576,1,interior
0.9327146703789758,0.24861510636414938,1,interior
0.9307466151789878,0.21184770726476412,1,interior
0.4287571666302207,0.07928653507088622,1,interior
0.9324627013858818,0.2645566164296336,1,interior
0.3883508092004763,0.12161487356072732,1,interior
0.3485842238883054,0.1940791834411514,1,interior
0.8404049668713054,0.08574538745703061,1,interior
0.8420849398009389,0.08646547511510023,1,interior
0.3669203689447855,0.15719369629883534,1,interior
0.9267145401020773,0.23801509325074818,1,interior
0.9197192609339435,0.15866200015895585,1,boundary
0.8253556228627157,0.06406388740542948,1,interior
0.3521696018482125,0.20662361936497056,1,interior
0.7978812219392702,0.04335218642314328,1,interior
0.3951344950752592,0.11158383783155758,1,interior
0.4125432856115078,0.0943195832122417,1,interior
0.36419092176991863,0.17086971557559036,1,interior
0.9357913314699615,0.3086851292724108,1,interior
0.9144484298715011,0.37401307188227034,1,interior
0.836624904217693,0.08073043901305392,1,interior
0.3414857645000766,0.23816277251127643,1,interior
0.9341075359517087,0.3089884686022201,1,interior
0.9343709596782218,0.3212267346003178,1,interior
0.34550656398269225,0.20984277637372653,1,interior
0.9320500141126579,0.19769518666354596,1,interior
0.9310468914675465,0.35170690437005125,1,interior
0.4193552885633968,0.08913910880653089,1,interior
0.8298279719494819,0.07191782390906644,1,interior
0.9290546281845803,0.3555194175024805,1,interior
0.9152801883386742,0.15676582028155803,1,interior
0.9342856932185943,0.26871766225084864,1,interior
0.9398264960602384,0.28639229406300715,1,interior
0.9346339647260378,0.2812323803205105,1,interior
0.4033508936070063,0.09953360276073278,1,interior
0.9251825903362771,0.18430714644290552,1,interior
0.34010118615090956,0.24036653583389583,1,interior
0.36895870122166574,0.13862666412991975,1,interior
0.3572315649574665,0.18811974884256874,1,interior
0.8288914597806536,0.06909268307677083,1,interior
0.9206468615061978,0.3635799821787741,1,interior
0.9255566040655111,0.28115606034652224,1,interior
0.9290683840544492,0.18560550573102025,1,interior
0.37803121141438356,0.1378118137029597,1,interior
0.3542376831994655,0.18287700825178188,1,interior
0.33733145387981034,0.235038759189012,1,interior
0.33511018290256867,0.24571480633169127,1,interior
0.9236095936586807,0.17581755662280024,1,interior
0.909077542411275,0.15636234630877202,1,interior
0.3489646254940071,0.18171234918497028,1,interior
0.9282646913269522,0.19812532053798307,1,interior
0.9283164889828199,0.23764621123096868,1,interior
0.3507860834712707,0.20519204394147111,1,interior
0.9303292810955547,0.24442628924303056,1,interior
0.8349678629400666,0.07719640031987832,1,interior
0.33893511414253996,0.2425424800187141,1,interior
0.38630260988869203,0.11918327948279234,1,interior
0.40714510423982,0.09489832602405131,1,interior
0.7959949918683011,0.043155374281853544,1,interior
0.9289585986081417,0.3577632875908204,1,interior
0.9322055707592576,0.2444885927480715,1,interior
0.9229127379258143,0.16882716413589938,1,interior
0.7962541298807605,0.04121790829078517,1,interior
0.33385900621673076,0.2578295030386229,1,interior
0.9162052716378053,0.25377813131565546,1,interior
0.9239149661458657,0.38568015036352804,1,interior
0.9298770727371289,0.21426555439873948,1,interior
0.9087996681111314,0.15903667361601792,1,interior
0.3297612496963361,0.27175029650366433,1,interior
0.34177561562763126,0.21129932862653267,1,interior
0.3382374878436547,0.24002521823289044,1,interior
0.36007373413263893,0.17110768458120704,1,interior
0.3385068150530966,0.25436232217057764,1,interior
0.3363778081816621,0.251177867956961,1,interior
0.8267401602361594,0.07431857395091779,1,interior
0.34952995201821874,0.21711412826139914,1,interior
0.9317175263057681,0.3141363302480111,1,interior
0.4137166043519072,0.09155470347984968,1,interior
0.3843704426929575,0.13265125565199762,1,interior
0.3462352663716507,0.21386115570467104,1,interior
0.40496337087858425,0.10033226020308722,1,interior
0.9314042619592113,0.32942128132733234,1,interior
0.9253901024155466,0.1769904866682342,1,interior
0.9156951598540041,0.3761982807430509,1,interior
0.9273927341117313,0.18239923269511227,1,interior
0.9362745978354666,0.327266868297337,1,interior
0.9345151356714647,0.2833557799544633,1,interior
0.932448311352529,0.21051682954216505,1,interior
0.3712593802563873,0.15065285492470853,1,interior
0.9261644949861487,0.17548892693298251,1,interior
0.909228096770478,0.15182241663896684,1,interior
0.9326264135133476,0.2582618452879532,1,interior
0.9178499208926771,0.16934396761272855,1,interior
0.35681766259047226,0.1700560323764357,1,interior
0.33042305643621234,0.2745002857692101,1,interior
0.3380602366641364,0.24833056938974737,1,interior
0.9309195417816405,0.23046720604436957,1,interior
0.9258082580478042,0.36035063469833606,1,interior
0.4012628003340033,0.1251883161617824,1,interior
0.9374733224479616,0.32873513840346197,1,interior
0.9290076155306244,0.1802375943451209,1,interior
0.41389049430726116,0.09344959107549558,1,interior
0.9356517875998723,0.32522886116156824,1,interior
0.9249468359449471,0.1698445664430758,1,interior
0.36227589106917674,0.17316962147120019,1,interior
0.9169232635745347,0.38127321128419384,1,interior
0.8286315103028234,0.06346083527365486,1,interior
0.34396070233888,0.21097052544594946,1,interior
0.9282391177366159,0.23257208712012234,1,interior
0.9082035888021152,0.16045434801096226,1,interior
0.41149432390123836,0.09964896380324083,1,interior
0.9262606027007887,0.21617707435054828,1,interior
0.3779864781220801,0.13568848910421402,1,interior
0.3328243958722036,0.26832151980504015,1,interior
0.9266437956133772,0.2107820487238604,1,interior
0.8229334106225159,0.058367363205494606,1,interior
0.32804843922689025,0.2710423940432819,1,interior
0.366510790346153,0.16696912406599979,1,interior
0.8219171704605941,0.05637616110409122,1,interior
0.3399507528582141,0.21350617639973796,1,interior
0.9352134687150726,0.27002537172979435,1,interior
0.9316914875899529,0.2820846586320445,1,interior
0.9330499790623398,0.2852824652413354,1,interior
0.9080172117807828,0.14545139426010165,1,boundary
0.9103205867570728,0.15878412444810336,1,interior
0.36496421422680797,0.16881875990389397,1,interior
0.8364361252003977,0.07556092208965187,1,interior
0.9313625350500842,0.32000306112854515,1,interior
0.3841036984437151,0.12067866180123071,1,interior
0.9343622878876425,0.1980755682859622,1,interior
0.9309755590835349,0.2092399486121646,1,interior
0.8465753987711415,0.0866798033939118,1,interior
0.3397877477207413,0.23452515266710605,1,interior
0.7970779113976911,0.038586301824576556,1,interior
0.9360335864190416,0.27310393653545684,1,interior
0.4303022230305166,0.08307510872026776,1,interior
0.35085134780683286,0.20036040018034812,1,interior
0.931973732167747,0.24653291844493755,1,interior
0.3614241833932196,0.16807333764226612,1,interior
0.35122826417739106,0.1939998564852678,1,interior
0.815914029725423,0.05890965567986654,1,interior
0.35154874874151265,0.1975138337715642,1,interior
0.9301115704416739,0.18305604298623523,1,interior
0.8187087441138763,0.05426885534651716,1,interior
0.4119063831014459,0.0922564852477627,1,interior
0.9203123132784482,0.1606840893380411,1,boundary
0.9294707508646268,0.24244666659998562,1,interior
0.9288485533214731,0.19074524892242734,1,interior
0.3436419350557669,0.22877806999373101,1,interior
0.8311374134106692,0.07484763394242183,1,interior
0.37630516014085735,0.14073207225646078,1,interior
0.934574471094956,0.3319413729475767,1,interior
0.3298534803887887,0.2665628795013854,1,interior
0.9375894068183432,0.3262305762396591,1,interior
0.9290986098619036,0.2491612001630512,1,interior
0.804753906556309,0.04622688573878506,1,interior
0.32941767806062955,0.2649299764281528,1,interior
0.850743656041321,0.08770279564789897,1,boundary
0.9335368583076492,0.19256717818673522,1,interior
0.9327796577501397,0.3536841631861492,1,interior
0.41029295788382364,0.09313901112402997,1,interior
0.9271264945399578,0.25891118461369667,1,interior
0.9309014962833881,0.2429612923675803,1,interior
0.36429059359366467,0.16309693479996185,1,interior
0.39000954965753337,0.11740177765814237,1,interior
0.9276648115108455,0.20952121495682907,1,interior
0.3765300353834574,0.1364559040676955,1,interior
0.8242485499313555,0.06002826065840925,1,interior
0.9279768833321639,0.1866823618919809,1,interior
0.36812787249673007,0.14257031271162934,1,interior
0.4226534829596255,0.08219949191638008,1,interior
0.3532774537978243,0.18127795217888665,1,interior
0.914209080440838,0.37560880485078657,1,interior
0.8159825136506009,0.051882796453719696,1,interior
0.3370203482035334,0.24299888048492985,1,interior
0.802446502724043,0.04491654660316684,1,interior
0.8489453514863613,0.08555965623090901,1,interior
0.9290229531249619,0.22814325975078303,1,interior
0.9286024163978684,0.2083154628691062,1,interior
0.9328272932076453,0.26174615403205376,1,interior
0.3425703561570439,0.23319875310752503,1,interior
0.35850938685543354,0.17048547981705187,1,interior
0.9291818315853652,0.20271261555876796,1,interior
0.9333516889866188,0.26583652424528414,1,interior
0.9079024965788506,0.14770420779736312,1,interior
0.9315806989624119,0.3498968956058155,1,interior
0.42055941066191516,0.08083735983869082,1,interior
0.938357704154896,0.3246071593929215,1,interior
0.8179297709319504,0.05267372205288061,1,interior
0.7875995392761017,0.038497087891880014,1,boundary
0.9281136817073425,0.17626901117204294,1,interior
0.9104355059372881,0.14829932300450027,1,boundary
0.8379470253345048,0.07920199613969087,1,interior
0.9174588020766208,0.37957442720280005,1,interior
0.9158777275047888,0.3668493212712376,1,interior
0.8309093714902368,0.06920994285431607,1,interior
0.9375466013431292,0.2904427417897199,1,interior
0.935860847730025,0.27976434506074993,1,interior
0.932627423907886,0.20325170443075088,1,interior
0.9339831899223487,0.24288352926497817,1,interior
0.9290956470982242,0.23951471336975413,1,interior
0.9281713786114539,0.21472164881272962,1,interior
0.3766648760032447,0.13492171920952442,1,interior
0.9344154225012866,0.3337889363305557,1,interior
0.7819169877337487,0.038050001270488784,1,boundary
0.42691319547121404,0.07811199343553978,1,interior
0.35013805083962346,0.19562380386977332,1,interior
0.9280240899413852,0.22167554541189105,1,interior
0.8326121192208509,0.07436167460607872,1,interior
0.9101159657387573,0.14982603428517563,1,interior
0.9296946318445019,0.1787975528025374,1,interior
0.9369297824224098,0.29259296108537974,1,interior
0.9372513141016878,0.3070607488782062,1,interior
0.3424475383409919,0.2211807974948088,1,interior
0.821255459076022,0.054788716669342555,1,interior
0.824398495565178,0.056580536077558766,1,interior
0.8418473505677366,0.0839533962424353,1,interior
0.9301237065672802,0.23542529876353366,1,interior
0.3856014526833888,0.12278404533313061,1,interior
0.928265720853275,0.21822414891416064,1,interior
0.353772320876066,0.18964423574778763,1,interior
0.349544749486857,0.20144363612021254,1,interior
0.8439272953166356,0.08425824566880893,1,interior
0.3359265828098996,0.23705437844376606,1,interior
0.9210545570692825,0.36512503328405677,1,interior
0.3655292053766648,0.15885798943824445,1,interior
0.3964309057055768,0.11348212869945147,1,interior
0.8309715550573519,0.07085080778902045,1,interior
0.9350048406444184,0.3103343728022686,1,interior
0.8375543153583003,0.07731772314597525,1,interior
0.34019120496674826,0.23272077595726423,1,interior
0.8069608822039477,0.043961835321080084,1,interior
0.37460560192549386,0.13560286339163374,1,interior
0.4367365219056796,0.06793610596872682,1,boundary
0.8371946395222738,0.08544634708531818,1,interior
0.38513932340501,0.124777298770447,1,interior
0.9145285177314044,0.3772855624252724,1,interior
0.9392052082567821,0.2896070521360374,1,interior
0.33530217152401265,0.24318597552895332,1,interior
0.9263188040943796,0.24011816933108798,1,interior
0.9322650236438347,0.3446203869489314,1,interior
0.33519739884033267,0.24740991030857612,1,interior
0.3543249559622929,0.17032806715849236,1,interior
0.3730736939069489,0.1359017175967304,1,interior
0.40991871931005636,0.09972756200596705,1,interior
0.9366007231579868,0.2443868400909683,1,interior
0.39778817617534995,0.10268668031083442,1,interior
0.36682357883367467,0.15129598139734482,1,interior
0.43506457033012047,0.06828127819848266,1,interior
0.824147220018027,0.06196975646466691,1,interior
0.910815424736242,0.15719961843776464,1,interior
0.8213166093027817,0.05792703414466456,1,interior
0.41700343215011093,0.09217405125340636,1,interior
0.33462174602322536,0.24153690386322227,1,interior
0.9267603417068597,0.35702426532497744,1,interior
0.3946527231942105,0.11454110753929858,1,interior
0.3478726449083228,0.2026807306866694,1,interior
0.8269771511016663,0.06334900113318573,1,interior
0.8240892680631119,0.05495493468831347,1,interior
0.9320255228123748,0.3414961833434765,1,interior
0.9357686004065037,0.2765992744011073,1,interior
0.3989941006383339,0.10496133518471482,1,interior
0.3415318544150435,0.22819783371430993,1,interior
0.8340645272268904,0.0755754734294278,1,interior
0.35106296238296547,0.20192785348644676,1,interior
0.38195621763182813,0.129633033701188,1,interior
0.9311260989801767,0.2037706927868163,1,interior
0.927180494836603,0.22361743161935382,1,interior
0.34012122593717903,0.2113653205993941,1,interior
0.35393701153017754,0.1682849988719445,1,interior
0.9320581352338128,0.3166154732356627,1,interior
0.9374873145308612,0.28145031684739963,1,interior
0.9313980371950897,0.23852083991148612,1,interior
0.9294332643489315,0.23367314126955926,1,interior
0.41700977477336204,0.08968193410342702,1,interior
0.9324154849417945,0.30963378565664823,1,interior
0.3844931032250824,0.1265354868298446,1,interior
0.9308286313602807,0.1899307705588776,1,interior
0.3556861718820822,0.167291125701421,1,interior
0.938543326764075,0.30338722082516395,1,interior
0.8197125372539745,0.052775144276432887,1,interior
0.35409893698001466,0.20063322784242962,1,interior
0.9094257518380315,0.14690813310121192,1,boundary
0.3437708343542694,0.21450452027864403,1,interior
0.3929594495024387,0.11548354324301194,1,interior
0.9301386865133049,0.192147570448366,1,interior
0.8314564524543372,0.06378887982348261,1,interior
0.3848397090577604,0.11869087563975418,1,interior
0.8223368794735297,0.05361015984312383,1,interior
0.9237076609913327,0.1717714635586196,1,interior
0.9380676323442436,0.2759722113319361,1,interior
0.8321163825233071,0.07259250151459705,1,interior
0.8146921659110463,0.0510145394451723,1,interior
0.9328570052267154,0.3514215375100472,1,interior
0.9118807417327038,0.15039650873920335,1,boundary
0.37242574383037313,0.1331980067214566,1,interior
0.9310271572246678,0.20573374224848845,1,interior
0.9397519560552597,0.3055253185829228,1,interior
0.9342184797277048,0.33827215880009054,1,interior
0.4292258586745543,0.07771841213937689,1,interior
0.3526934295702874,0.19549485812865908,1,interior
0.9378310669264607,0.279957428455393,1,interior
0.9321692974931822,0.3465166019639218,1,interior
0.9313232379126579,0.18039541292784514,1,interior
0.4327222619205633,0.06641104205643003,1,interior
0.9242414547087482,0.20960117783530574,1,interior
0.8114012983426127,0.046603021358972804,1,interior
0.8395025630679891,0.08372859869901135,1,interior
0.9391514560001747,0.28465806885123335,1,interior
0.9205129565225824,0.38355057582006014,1,interior
0.932629686148252,0.2314034255577273,1,interior
0.7995693428991747,0.03727259795853049,1,boundary
0.8258780445049532,0.06033404095459714,1,interior
0.9355202987662842,0.3292157998993174,1,interior
0.3544963521637977,0.1881140868080451,1,interior
0.9291019935855495,0.22653242054537473,1,interior
0.39336704253904153,0.1181931877769413,1,interior
0.34177226515513265,0.20899003380155728,1,interior
0.9234438470552424,0.2119626754545192,1,interior
0.39177959106701205,0.11285194861990136,1,interior
0.9379566707797325,0.2735987276225325,1,interior
0.8248664120255621,0.05857751472738342,1,interior
0.9394699514606987,0.279940691564757,1,interior
0.9268176732395593,0.2975641258090331,1,interior
0.3463250896728488,0.20119500929523804,1,interior
0.37493740997005576,0.13276160189490865,1,interior
0.8457252242749276,0.08461635605261922,1,interior
0.9272751722300793,0.21980013818476177,1,interior
0.3527004747056243,0.18363689721658977,1,interior
0.9300840084982703,0.23713356094286658,1,interior
0.8363149156742429,0.08230831633326911,1,interior
0.9330059417846571,0.31225305782772844,1,interior
0.9364107996120352,0.2715191866183678,1,interior
0.9312536853895734,0.3535792627897368,1,interior
0.34432186714062635,0.20729996954793542,1,interior
0.33844161815305895,0.21054546910798794,1,interior
0.4186454028383326,0.08451064289904908,1,interior
0.9382242610088558,0.27115066427754114,1,interior
0.41783587915860065,0.08311211915893993,1,interior
0.399807524281556,0.10108348252816608,1,interior
0.903766914380115,0.1439504002039588,1,interior
0.3482384252022503,0.19703989244962966,1,interior
0.33345331696590264,0.2621047394179986,1,interior
0.9382570565525438,0.29582025769656883,1,interior
0.9074539600812199,0.1579194114989962,1,interior
0.35114759256327127,0.1832294676468751,1,interior
0.8403525181168517,0.08156337071335551,1,interior
0.9388044183082375,0.32788027582096724,1,interior
0.3650322903738137,0.15203337068033912,1,interior
0.9338685246802262,0.3437325713305087,1,interior
0.3716861735462318,0.1348748902449909,1,interior
0.9386875486409523,0.32248016500248794,1,interior
0.36491345341425757,0.1540420648930857,1,interior
0.9302811944570674,0.3181678383961178,1,interior
0.3340303043265048,0.24432918842803272,1,interior
0.8381776428928931,0.07574186724687228,1,interior
0.9399638837442978,0.296015659044569,1,interior
0.8378282506952742,0.08254079626370762,1,interior
0.9380014730210027,0.2830371477446233,1,interior
0.9413422313706018,0.2886835001463816,1,interior
0.9417733443739741,0.3073557256697431,1,interior
0.9212635097719727,0.36000704055885085,1,interior
0.3439676526689832,0.20431549510331887,1,interior
0.8090545687240074,0.050735596248274534,1,interior
0.8963354207530752,0.13556328761724087,1,boundary
0.389863995300364,0.11252933206847224,1,interior
0.9318111914248012,0.23605964943515842,1,interior
0.9336553416964702,0.3154583424586401,1,interior
0.8226439353946834,0.06124113049983444,1,interior
0.4119366984178331,0.08972206297755782,1,interior
0.3447560789155073,0.2016756400901455,1,interior
0.3962431606931442,0.10301091610994459,1,interior
0.3290050804483289,0.26927719018749796,1,interior
0.32895763756663987,0.27385331880636965,1,interior
0.3487217464446658,0.17814350084279298,1,interior
0.33773969155025063,0.23155210729043982,1,interior
0.9311630826812629,0.23409389978084588,1,interior
0.33916066557206265,0.23020686836817067,1,interior
0.9211117128362494,0.16598687028822548,1,interior
0.3834429084653228,0.1309993779301479,1,interior
0.41444503878049,0.08781956868379501,1,interior
0.9408613280544105,0.3205804334825677,1,interior
0.9316789973748176,0.22707572128355233,1,interior
0.9185579994534575,0.3760582910950525,1,interior
0.3292442863746077,0.2758857236104476,1,boundary
0.9332138839086973,0.23477825980278727,1,interior
0.9342070122914511,0.34127344188225883,1,interior
0.3519256653237807,0.17805648754516284,1,interior
0.33331311490719806,0.24796003082168563,1,interior
0.925349295900363,0.35802200649123883,1,interior
0.8345945124122722,0.08244741362340459,1,interior
0.3531095195283875,0.18514681079687834,1,interior
0.38842035808835373,0.11392713080942288,1,interior
0.3321755743807062,0.2650647832928924,1,interior
0.8047627102308402,0.04286335814418426,1,interior
0.9285040098803659,0.20643626691125666,1,interior
0.9344993300348987,0.20542703079448482,1,interior
0.40872468834681996,0.09366566508594287,1,interior
0.4203810222959141,0.07885914700245894,1,interior
0.9315490660637017,0.17789601902788374,1,boundary
0.9244510742171232,0.36307697508482406,1,interior
0.9323991801771128,0.20870576010730962,1,interior
0.932417226775356,0.29254341742380896,1,interior
0.9240182579602761,0.3611019806052958,1,interior
0.9352837368641075,0.33958334148722225,1,interior
0.9247485454125083,0.17457500680764274,1,interior
0.801939588319617,0.04331370890575294,1,interior
0.9266992232756864,0.17400634436692516,1,interior
0.9349698781232997,0.25476593437602585,1,interior
0.9393510905709642,0.28193928073147806,1,interior
0.9313299056856753,0.20730080900146886,1,interior
0.8241584228728924,0.05320724007780182,1,interior
0.9367690506479412,0.3239299094083687,1,interior
0.833191915216661,0.06961698135008518,1,interior
0.3588986954119315,0.17209164034635582,1,interior
0.8320812250614682,0.08582723240010463,1,interior
0.92600360061091,0.17113321643482124,1,interior
0.3278751576228231,0.26651427880070394,1,interior
0.8000401853129626,0.0427971892113736,1,interior
0.9381453992209737,0.30128380389789505,1,interior
0.9199531467983103,0.3869755122863692,1,boundary
0.7897026469817611,0.04193547929085876,1,interior
0.3973804029703806,0.10751413715307048,1,interior
0.3385077262370485,0.23303705782650233,1,interior
0.9343748043738995,0.20362650530687443,1,interior
0.9359926418483984,0.33395721625038977,1,interior
0.9344151553050997,0.24588074352319658,1,interior
0.9218002858455328,0.36822632244233305,1,interior
0.9298477596866221,0.25675109345820407,1,interior
0.33419520010645143,0.23774175175844353,1,interior
0.9398136024243872,0.28813090097415095,1,interior
0.936342754449614,0.34222988410939814,1,interior
0.8383229211902997,0.08109377197155355,1,interior
0.9400491303469037,0.32508023739907144,1,interior
0.3891209548254693,0.11545820036240059,1,interior
0.42559214846400834,0.07938348053238453,1,interior
0.34177574429351926,0.2041548771420769,1,interior
0.9107222103088867,0.15526907619064675,1,interior
0.4152335725274202,0.09148105747609137,1,interior
0.927495039266818,0.17026350506323829,1,boundary
0.37954298593866803,0.1404326252276816,1,interior
0.39072404939638766,0.11576442872775694,1,interior
0.4045873586779076,0.09776055191332289,1,interior
0.9220557921037205,0.38492574935116175,1,interior
0.9379089936629299,0.29393441197384923,1,interior
0.3336928134358633,0.23613999528615423,1,interior
0.3363126041121709,0.240245768131021,1,interior
0.3632261302359836,0.15130233571791407,1,interior
0.4134968412167802,0.08925734779934989,1,interior
0.9165800212476246,0.37464959058693165,1,interior
0.9127954017563743,0.1569838246568967,1,interior
0.38005010486393864,0.12551737829940418,1,interior
0.9345406986426397,0.24976641025014973,1,interior
0.7978253571473024,0.04080694172349849,1,interior
0.9395805860563184,0.29383243903858736,1,interior
0.941653101504464,0.2837179209466973,1,interior
0.8261400930051969,0.05707018111805905,1,interior
0.34727047934812444,0.19490014983550658,1,interior
0.33331840848553246,0.2548903319616433,1,interior
0.9377203685710763,0.29737115386571844,1,interior
0.810577670873315,0.04500464568711393,1,interior
0.9283035415657503,0.1737223740510682,1,interior
0.35131700203749583,0.18108434043084562,1,interior
0.4271611507180435,0.07962918988236081,1,interior
0.9365243023105927,0.33064505226612523,1,interior
0.9162533751907103,0.37789115329997164,1,interior
0.3439244744049463,0.2093788601907671,1,interior
0.9422278523161485,0.2865147421630723,1,interior
0.9128541906382551,0.37402382202978246,1,interior
0.3464755933716196,0.2040532760777319,1,interior
0.4168324743138317,0.08521206565467176,1,interior
0.9274911589965,0.17185700637361356,1,interior
0.33106936295908523,0.2631715915700105,1,interior
0.3424995149358494,0.23132244623586015,1,interior
0.3509453330184435,0.17521219732135937,1,interior
0.4130402880325621,0.08717595272774546,1,interior
0.4139935689577195,0.08544634114742722,1,interior
0.3504013942519847,0.1771411861983424,1,interior
0.41826281401771137,0.0815816995473552,1,interior
0.4234853908960869,0.08009371875163772,1,interior
0.9348411147354785,0.2648646897233934,1,interior
0.9340958023166176,0.2631515932853055,1,interior
0.8327396997692744,0.07110828761150624,1,interior
0.3693222121813464,0.14083828048437153,1,interior
0.9285287279405401,0.3594546079481959,1,interior
0.9188701035014887,0.38045220094981574,1,interior
0.9275653685471784,0.22690964597257934,1,interior
0.34182858332391863,0.20263500952118113,1,interior
0.9271460648052829,0.1678701471536522,1,boundary
0.8396220713799447,0.07864876623803173,1,interior
0.4114310737382069,0.0877067973056396,1,interior
0.8141236258785758,0.04717020650996754,1,interior
0.3832088407896874,0.12363768102833186,1,interior
0.8257278465391279,0.05446280199956142,1,interior
0.3550666538415669,0.17287128268415647,1,interior
0.38626958233614916,0.11491633645876745,1,interior
0.8497162697599444,0.09176520785002505,1,interior
0.7893621006426763,0.03877660855900995,1,interior
0.36256966857630546,0.15487254968787303,1,interior
0.7858258359237398,0.038018682430501057,1,boundary
0.3532781639876625,0.17466836197641109,1,interior
0.4104075434557349,0.08906964821397446,1,interior
0.9359589510055294,0.29917380096599133,1,interior
0.3273971830518356,0.2756233804268222,1,boundary
0.7922867935828304,0.04022442712398325,1,interior
0.35615957797770076,0.19849050258696788,1,interior
0.8323459824008453,0.062003558252971845,1,interior
0.33496890106052085,0.24988165576610727,1,interior
0.7990234425793248,0.039849202036536795,1,interior
0.9364309321603368,0.19940721893816443,1,interior
0.9403597137539429,0.3013604689096492,1,interior
0.3448420331406164,0.26492710402104724,1,interior
0.36335274601648854,0.16824051052739292,1,interior
0.8311861780265368,0.06732311886869739,1,interior
0.9356505589228675,0.26333971039088033,1,interior
0.8258633010787992,0.062268122266688576,1,interior
0.3267297680823824,0.27357844116374885,1,interior
0.38808750013451243,0.11176860299714723,1,interior
0.33221298788845705,0.238352894369088,1,interior
0.9252939207150634,0.20636736352831975,1,interior
0.34332953634951924,0.20057744967578925,1,interior
0.9342842466654249,0.31857396252023035,1,interior
0.9295253540458713,0.188953164494406,1,interior
0.8333188883873215,0.06782027248871528,1,interior
0.9328533447838092,0.23292263562180043,1,interior
0.3758170193628266,0.13077667874670013,1,interior
0.3368564942448993,0.22969041565610818,1,interior
0.386588087722489,0.11341231090494801,1,interior
0.9298556283578417,0.21658566181145286,1,interior
0.3399100654101468,0.22080922744077242,1,interior
0.8294240296800365,0.06547808629746801,1,interior
0.9325126112073429,0.2052796222927521,1,interior
0.9329616191068785,0.2405321618025267,1,interior
0.9193543242664316,0.36954596030979703,1,interior
0.3423438279864089,0.22975023972765687,1,interior
0.3374827142112589,0.22803331792971998,1,interior
0.3461170464721289,0.19923511494281596,1,interior
0.7943840889549927,0.04043954785479448,1,interior
0.9347489823806411,0.2669588452642035,1,interior
0.9319280777256292,0.3559956934733809,1,interior
0.3638671595361998,0.1597272067114693,1,interior
0.36258086073178436,0.16296795713794215,1,interior
0.9356641715768033,0.3443027972853959,1,interior
0.3645993421849275,0.15671437582032113,1,interior
0.35496301726385404,0.17439525169010117,1,interior
0.4012859768268758,0.10050463326653224,1,interior
0.3942083246512519,0.10809107597816965,1,interior
0.3423088660144001,0.22390124604387068,1,interior
0.3458331025878133,0.19771454518516526,1,interior
0.36086510062720134,0.1652479163207125,1,interior
0.9409340601143921,0.3272140616914272,1,interior
0.3419856980765728,0.21647063069918202,1,interior
0.9322615204352201,0.31822858874862503,1,interior
0.3484117128739494,0.1802675963320676,1,interior
0.7957823504932696,0.03751527396976199,1,boundary
0.9185847033381754,0.3737527947645989,1,interior
0.8434834398781365,0.0817516821594939,1,interior
0.8051301261075976,0.04448122704554566,1,interior
0.9371060738338247,0.2697693073664995,1,interior
0.35728639685410574,0.16737984230748826,1,interior
0.8321868136752761,0.06525953210923925,1,interior
0.3687714769175321,0.1539778842512451,1,interior
0.41557096749131706,0.09314169647829937,1,interior
0.8352559686556715,0.07171312885036446,1,interior
0.3449516852209165,0.19615111039648073,1,interior
0.931929621686892,0.22880966941879816,1,interior
0.8281739118145707,0.06176938345063354,1,interior
0.8095393163805387,0.04338102677382921,1,interior
0.38441292502134367,0.11222699007955417,1,interior
0.3990053407808714,0.09970216901094517,1,interior
0.932966227703166,0.31986441272209903,1,interior
0.363290827738123,0.15751449088697075,1,interior
0.9401015977473157,0.2833101167645801,1,interior
0.836222962789779,0.08424598051555256,1,interior
0.7933041919115951,0.04162595549021114,1,interior
0.9040779246856462,0.14131933261611723,1,boundary
0.9174607343283208,0.15536775148470047,1,boundary
0.9360292215253272,0.3355628577439574,1,interior
0.8112192461553202,0.041123674041178046,1,interior
0.9334033451728222,0.23762599339646362,1,interior
0.38525020992378034,0.11672573270834762,1,interior
0.9315186402700696,0.24135199822859355,1,interior
0.8931427972737832,0.138295726327895,1,interior
0.3345303419924942,0.2347222289544055,1,interior
0.8418843879223887,0.07983397064221487,1,interior
0.8137012145344168,0.042038054440875945,1,interior
0.3347111079145512,0.23963526041953473,1,interior
0.4271771022666334,0.0766031651609634,1,interior
0.8330032190877132,0.06389092510426939,1,interior
0.3367938749130311,0.23837899631943157,1,interior
0.34124508124577146,0.22585007406633373,1,interior
0.9368686589967481,0.3324644616480223,1,interior
0.3647940551815082,0.14957737315656378,1,interior
0.9323941121139921,0.1901982823668862,1,interior
0.38356522397863335,0.11759585448294957,1,interior
0.36423458294606165,0.1665968490532811,1,interior
0.9341754173123117,0.34981288522164306,1,interior
0.4369583580186595,0.06985901598999546,1,interior
0.35382161489810443,0.17750470260115142,1,interior
0.42544401143454225,0.07755522438109017,1,interior
0.7904875945451392,0.040336858500414366,1,interior
0.3380217907917478,0.21256319496713824,1,interior
0.8405527363683725,0.0764507441074575,1,interior
0.37198929441564504,0.148619278640871,1,interior
0.40939500043815746,0.0971128993531669,1,interior
0.9304902664350195,0.24017017907746874,1,interior
0.4098995563536534,0.091666358603956,1,interior
0.9376619075658807,0.3345850240390302,1,interior
0.9294578925771382,0.21974596827050982,1,interior
0.3393778603637341,0.2191128346953677,1,interior
0.9404196032881684,0.303618767431741,1,interior
0.36841075539118745,0.149438748945103,1,interior
0.4107901251892766,0.08569848484598863,1,interior
0.9372605919795164,0.3097503138360123,1,interior
0.3808275544364451,0.12860146898649516,1,interior
0.7937862299556583,0.038852389098545506,1,interior
0.9276636424681278,0.24096071390148635,1,interior
0.9378157051565055,0.3448562969109272,1,interior
0.9347792844674131,0.261238684161496,1,interior
0.382413464155193,0.11908167142392712,1,interior
0.9321977469467609,0.32141265503335936,1,interior
0.92992195287214,0.17687046550721897,1,interior
0.933618730372362,0.25552566789823355,1,interior
0.3398330711290856,0.227583843282897,1,interior
0.36599485510756663,0.15511040807678828,1,interior
0.8126321764288841,0.050222338923560636,1,interior
0.3465111061560519,0.20585910620285314,1,interior
0.9306966636586614,0.21871595205566646,1,interior
0.3819121915429178,0.12142736736962453,1,interior
0.9299975400167301,0.22177494477394116,1,interior
0.939199237476633,0.3421333711878585,1,interior
0.9370504252207692,0.2623169386160968,1,interior
0.8011583273125689,0.03724048957646443,1,boundary
0.9145250384800402,0.15483829791578063,1,interior
0.33307024619101827,0.24136522036140232,1,interior
0.36630164938117765,0.14831314103420362,1,interior
0.41818364675923986,0.07785167109215413,1,interior
0.8466893770112724,0.082825050168889,1,interior
0.9359880331041466,0.3203135190337451,1,interior
0.9346263365853753,0.3456628515911878,1,interior
0.9256387081268151,0.3619038631574591,1,interior
0.3314075282657963,0.23631357823297588,1,interior
0.8160816067609764,0.045393311018696446,1,interior
0.3593898728371467,0.16670873295995445,1,interior
0.9358094031267249,0.32264710475621006,1,interior
0.32933410117217005,0.2375052927014825,1,interior
0.9327211098618529,0.2195770054351945,1,interior
0.3659843125032051,0.16370968578774361,1,interior
0.9387902172871039,0.30674659306240476,1,interior
0.8350943566416933,0.06695525646605867,1,interior
0.8306653485396864,0.07339322764245249,1,interior
0.3822374062500057,0.12493027334665466,1,interior
0.9388046163266381,0.2914578240328535,1,interior
0.9304291526015692,0.3572200591716169,1,interior
0.8450998010625039,0.08289929386532766,1,interior
0.38268780281252324,0.1326152006604329,1,interior
0.8267998935042571,0.05871848508722616,1,interior
0.9145168219505538,0.15193382307049855,1,boundary
0.931105494257995,0.23232096933640115,1,interior
0.3330082131164593,0.26364572044196694,1,interior
0.3626575629904463,0.14973088564321932,1,interior
0.9414651553373993,0.32387055043720714,1,interior
0.9244008832353776,0.3841748852491497,1,interior
0.3932612831959945,0.11371735623939833,1,interior
0.9329838685787757,0.21219522557775858,1,interior
0.9356948799132384,0.2584547941828815,1,interior
0.3594864144715698,0.16862616836083213,1,interior
0.925899969817323,0.3874655938803925,1,boundary
0.3405145126356544,0.21594481606617968,1,interior
0.944402011730219,0.28422471683098044,1,interior
0.936245672675662,0.2019465174248944,1,interior
0.3389741336848115,0.22556627710075391,1,interior
0.3512885725159823,0.19003662738040206,1,interior
0.9421683550108991,0.2947983417796943,1,interior
0.3794185365311788,0.12956726285966544,1,interior
0.3353089466799803,0.23211918867582385,1,interior
0.43485053195845796,0.07028196521122108,1,interior
0.9380450125590492,0.28681738266557305,1,interior
0.9295518825232864,0.18740383295593746,1,interior
0.9379254391924866,0.19794763314157346,1,interior
0.9299198845094303,0.22401979777440678,1,interior
0.8418854337969616,0.08181731688375711,1,interior
0.346243269942187,0.1924947272360956,1,interior
0.9384358780412948,0.2452195187936826,1,interior
0.9240192952922466,0.387578447858879,1,boundary
0.914726374617408,0.158759136672986,1,interior
0.3516720448732128,0.18636504406019025,1,interior
0.9345072945559785,0.35335417009520487,1,interior
0.9349278604769499,0.191345077749165,1,interior
0.3808057656308731,0.12412815970552743,1,interior
0.9203068713758511,0.38170383271302727,1,interior
0.4308002757206404,0.06734947315926398,1,interior
0.8112910129167212,0.04303717508336497,1,interior
0.3320082694379621,0.23433710456273113,1,interior
0.4163380846616797,0.08358237716293469,1,interior
0.4072749462270535,0.09264597589221195,1,interior
0.9033618928062226,0.37232241075246575,1,interior
0.8440691028285121,0.0797512918054047,1,interior
0.9336670498927365,0.2302164394285823,1,interior
0.836040643637692,0.07311709770096511,1,interior
0.40262277223848447,0.09710246516428271,1,interior
0.9323457989493732,0.18674325470507722,1,interior
0.9402048567026347,0.2991658778051749,1,interior
0.42188113904388347,0.07993631643526299,1,interior
0.3800191363352498,0.1271955981036325,1,interior
0.3323602983521426,0.26099805892355793,1,interior
0.9437633623876365,0.28991949891786484,1,interior
0.9126343842115808,0.1529062332718473,1,interior
0.93870856265556,0.3205716771624856,1,interior
0.32972751134684924,0.26221379406271306,1,interior
0.37373383727478,0.13007919863155035,1,interior
0.4293778926997351,0.07549714557934437,1,interior
0.9387781632927904,0.2692993180355409,1,interior
0.9359975272830299,0.19333937346803076,1,interior
0.9367347694584095,0.3403355882704926,1,interior
0.9108986448523745,0.15257176620685187,1,interior
0.9361592788402636,0.2533355486029372,1,interior
0.7964637603356366,0.04460130225085522,1,interior
0.8279614672245869,0.056037130606099196,1,interior
0.9171268942393418,0.1576840071378397,1,interior
0.936279582178467,0.35382796438533504,1,interior
0.38353963429186594,0.11391636117566092,1,interior
0.339681347682903,0.20866598318347027,1,interior
0.3998723151244015,0.09701229381321123,1,interior
0.37974328836594184,0.12259708810022574,1,interior
0.41700905600036803,0.08071876540358928,1,interior
0.9413186591206426,0.29049136619213417,1,interior
0.929093077104969,0.1818943071585437,1,interior
0.7917274525239746,0.038337889422424165,1,boundary
0.43633843047046034,0.07319775929926292,1,interior
0.35468205782202,0.16518962002649643,1,interior
0.33374491023070585,0.2514045073987331,1,interior
0.9344960492365365,0.34778272662305776,1,interior
0.40590646210497366,0.09680523647799927,1,interior
0.9260728813594419,0.36390067339884635,1,interior
0.9352031545814405,0.3511102668132538,1,interior
0.9342633893823399,0.24781341281109318,1,interior
0.38467387377369744,0.110137299764074,1,interior
0.9286442563843312,0.22309083706346278,1,interior
0.4278820134900057,0.0746886890468508,1,interior
0.3760181452289288,0.12809337757077963,1,interior
0.8186385699627599,0.0506023220151776,1,interior
0.9395633199088546,0.33214020220436197,1,interior
0.3703467757626993,0.1362228106340739,1,interior
0.9364408300696454,0.249926102497167,1,interior
0.9265959603115643,0.3844228402474049,1,interior
0.36334901976162176,0.1478190757664704,1,interior
0.9126780451790101,0.15524321626603915,1,interior
0.3652959435611153,0.14694890146934214,1,interior
0.9437647013713625,0.28763495090015934,1,interior
0.33670128175141123,0.23301239943096366,1,interior
0.9396431471940454,0.33443370066829936,1,interior
0.41299027044180187,0.08391294879410986,1,interior
0.834112300511769,0.06519021742472772,1,interior
0.9367080334309383,0.3122851304573455,1,interior
0.8442896997089494,0.07752061719417616,1,interior
0.9400469866430172,0.3078804437839966,1,interior
0.8291775733902148,0.05947878114498043,1,interior
0.9286392476342704,0.2248662325230961,1,interior
0.40487261485227555,0.09328202008323144,1,interior
0.34800428189068694,0.1921871085578717,1,interior
0.3310045100737257,0.24620381408593334,1,interior
0.3486636296327977,0.18472145984854965,1,interior
0.34783198885160715,0.1831945211913584,1,interior
0.4187140554582817,0.0799133011476429,1,interior
0.36215663039273627,0.15249543309453115,1,interior
0.9188696049080225,0.3719190882867887,1,interior
0.9350795554009242,0.23169146626001566,1,interior
0.3974122339991405,0.09942823300292052,1,interior
0.9215299453957501,0.3721693869994181,1,interior
0.4138665999052376,0.08220312361655152,1,interior
0.938857077076465,0.30893368548238953,1,interior
0.9345831896877127,0.22738352885055668,1,interior
0.9351025017994763,0.19468791074111472,1,interior
0.34911929467868,0.1873568573321947,1,interior
0.9164793780243529,0.3712358948953007,1,interior
0.8216019893405366,0.051975194659060926,1,interior
0.8345689099242736,0.0631223989271317,1,interior
0.816365096080565,0.04852836288060119,1,interior
0.8396500089793598,0.07315023356191781,1,interior
0.4031259738746134,0.09247643762573017,1,interior
0.8249158113056615,0.05178374703495016,1,interior
0.9418261375276139,0.30057811625296355,1,interior
0.32471863902241216,0.27423841532352305,1,interior
0.352002527182161,0.18831983078562683,1,interior
0.3622202583965988,0.1663379342524457,1,interior
0.9433103355864785,0.2934060567382014,1,interior
0.32646242364152495,0.27116052342894875,1,interior
0.9344429691119889,0.23898873346499616,1,interior
0.35085947639050635,0.18473847780438535,1,interior
0.33417832961494115,0.2309581939182569,1,interior
0.9231258983948348,0.38220285450721164,1,interior
0.4236903440304152,0.07752782181925882,1,interior
0.41576315594278784,0.08191426785922926,1,interior
0.38081603908407274,0.1306990290176329,1,interior
0.34052702061012174,0.21763810676165643,1,interior
0.8301335308696212,0.06101115509004558,1,interior
0.3346683994016762,0.2274301486962879,1,interior
0.8036337151402769,0.03743585193360054,1,boundary
0.9319739855668475,0.18836456865720247,1,interior
0.9275716624400062,0.3620969092188524,1,interior
0.33304330657502595,0.2461137305591833,1,interior
0.4161946959596619,0.07924507841818298,1,interior
0.9322718557285715,0.21430191365987522,1,interior
0.9387259755727603,0.3145470310135829,1,interior
0.930673876788213,0.3599595638581674,1,interior
0.3335070156926206,0.23297268310841235,1,interior
0.38639571302092474,0.12597818428954197,1,interior
0.3323359079072901,0.2432935693589087,1,interior
0.936333613336539,0.3478537926079493,1,interior
0.9346463509119532,0.19651719604233578,1,interior
0.9362190589221702,0.260168471943776,1,interior
0.33482976138629483,0.25439763072275623,1,interior
0.3321130056176736,0.2504983097979231,1,interior
0.8271207105040783,0.053036573770773525,1,interior
0.9335337884195315,0.1941368232442193,1,interior
0.8146292315495722,0.044598959154460084,1,interior
0.3568348186216349,0.16456863130276228,1,interior
0.3443007653862673,0.23509523345407482,1,interior
0.9389895144451434,0.24690609446886658,1,interior
0.393413740016044,0.11179860962913192,1,interior
0.3360976446465685,0.21066201597745274,1,interior
0.9315733318368064,0.18453893033538626,1,interior
0.9366744301912264,0.2657042400262073,1,interior
0.9409564773533526,0.27326863569955134,1,interior
0.9342616273114503,0.21874400478595127,1,interior
0.9401507244780637,0.31569846430310117,1,interior
0.8352661062097863,0.06877712577423,1,interior
0.9358253672279649,0.24118263771128068,1,interior
0.8275435849016042,0.06014574710617736,1,interior
0.3563948902968961,0.16180303576584878,1,interior
0.8338625961191284,0.0725167875114571,1,interior
0.9305957764663046,0.34644807748556444,1,interior
0.9417363274880537,0.2929512985192311,1,interior
0.8475639742472547,0.08409112376258561,1,interior
0.9371188326910355,0.3215298845291744,1,interior
0.8427374654365741,0.07813863976308241,1,interior
0.8008219800564849,0.040950897511312936,1,interior
0.3424822037282642,0.20646597071902795,1,interior
0.939431742338584,0.2665807979277122,1,interior
0.32860209171470256,0.23462936669614856,1,interior
0.8225728473495713,0.05063531422151668,1,interior
0.9402463763326487,0.31074041602154673,1,interior
0.8376327797290788,0.07009622859215182,1,interior
0.4309309369791009,0.07738526816962887,1,interior
0.32966511863462183,0.23579603083547448,1,interior
0.32606374044521097,0.2693814721726482,1,interior
0.3373705931640225,0.24138579589038556,1,interior
0.43066653230248625,0.06895452038517706,1,interior
0.3475262440528228,0.18850415470946663,1,interior
0.3312934463187583,0.24468166765996405,1,interior
0.3402292914043765,0.20713502766536473,1,interior
0.9341153357939411,0.25972353254156577,1,interior
0.8290974657848604,0.053735967654261356,1,interior
0.9418697613572625,0.3048333445588521,1,interior
0.9347145629846583,0.21435836903895134,1,interior
0.36111076132275705,0.14892305887925064,1,interior
0.38951227033334507,0.1095478302271608,1,interior
0.9343519995834845,0.2572780432003591,1,interior
0.40567981939178993,0.09529592781772458,1,interior
0.3347925962601502,0.2526650883176354,1,interior
0.831158111347239,0.05792801008826878,1,interior
0.42276871100128643,0.07629996556683703,1,interior
0.3799950633925341,0.12080165903939878,1,interior
0.93851607263721,0.3302866919212429,1,interior
0.9369728481254006,0.23902735066160213,1,interior
0.4258613920473898,0.07581334947948147,1,interior
0.9310946460143916,0.2203838220476442,1,interior
0.9331103622124067,0.22576845106366533,1,interior
0.35354880566573793,0.17299449677310907,1,interior
0.368423196335577,0.16556959462341228,1,interior
0.9410711209222892,0.27164900187233343,1,interior
0.9387571189091787,0.20066755707101283,1,interior
0.8245730071120198,0.04909094270014981,1,interior
0.38092476656116603,0.11940099093468859,1,interior
0.378053837994908,0.1279659307339572,1,interior
0.9441154458847877,0.29544802876937876,1,interior
0.9197904772347764,0.16814042797490472,1,interior
0.9378678586708301,0.1939447153513076,1,boundary
0.3280038450133334,0.23605740495475572,1,interior
0.9358943498120157,0.2681216554995564,1,interior
0.33403701172551203,0.22551970786547013,1,interior
0.37768105698321913,0.13027576156249931,1,interior
0.41441531662944425,0.0797297102596126,1,interior
0.9450860590573517,0.29248609110377277,1,interior
0.3950812025973268,0.10180277267398322,1,interior
0.937646907851487,0.2031962457530527,1,interior
0.9218757559212138,0.3812107161144475,1,interior
0.32994012082929586,0.2335711778639664,1,interior
0.38756423097285675,0.10906732214932055,1,interior
0.3739769055359449,0.1261530365131052,1,interior
0.9155978062155384,0.1536668375808792,1,boundary
0.8126010589443982,0.044727034254495,1,interior
0.3317183702399858,0.2320067851685843,1,interior
0.3418185703128711,0.20099781694232433,1,interior
0.9376884533718398,0.31647162049652183,1,interior
0.8419018745433887,0.07475920280558288,1,interior
0.9449767161283684,0.28589886738839443,1,interior
0.3275027724600285,0.2603659580385513,1,interior
0.3283348915633461,0.26386491707658793,1,interior
0.9410281072185892,0.2854453759689073,1,interior
0.9415531175953707,0.27005321353289696,1,interior
0.9399041238191029,0.2772850891179006,1,interior
0.32752068596007444,0.23861871599021836,1,interior
0.9391875176134821,0.1991276951704047,1,interior
0.9362154867444875,0.3459119356256528,1,interior
0.3331430119647537,0.22936791252408884,1,interior
0.9347988384431483,0.23682526243765298,1,interior
0.35168309332308295,0.17257479982980767,1,interior
0.8434920949638636,0.08578414333059745,1,interior
0.8142552651416036,0.04937088469955078,1,interior
0.3626779155946477,0.16477634819165526,1,interior
0.9414767913097487,0.3296138333143118,1,interior
0.36558061796939895,0.16555938144900073,1,interior
0.3868740258466043,0.11050823906933283,1,interior
0.36030654886276064,0.1504139477058012,1,interior
0.9395787277110876,0.2615694817824162,1,interior
0.9315365599108713,0.35830128790113497,1,interior
0.33879782119664015,0.22296547026980013,1,interior
0.4084586388148793,0.09111586228385894,1,interior
0.9420661205695094,0.33397613720756403,1,interior
0.36217937305727066,0.16095509649744713,1,interior
0.32355706002148205,0.272513970311364,1,interior
0.3369929824286538,0.22616863325803369,1,interior
0.9432055856318405,0.3027317174902153,1,interior
0.3297508842573384,0.2604408862446115,1,interior
0.8118060938758519,0.05232621925771375,1,interior
0.9401712369142294,0.29232808283864176,1,interior
0.8034834409128335,0.04135065137870487,1,interior
0.367725295233347,0.14743828571413067,1,interior
0.9231217343202726,0.36388826686658243,1,interior
0.9356911591939212,0.24290391766698097,1,interior
0.3459301586891246,0.19403863648450864,1,interior
0.9399109868704698,0.2753799132983155,1,interior
0.3684945125236925,0.1447234234824854,1,interior
0.9317393513029446,0.2175274047121495,1,interior
0.9415355276024702,0.2766324236809942,1,interior
0.3618437689625502,0.14733404058626381,1,interior
0.9432285103457998,0.3089532560180796,1,interior
0.36680987558774053,0.1461528595301123,1,interior
0.3607992469510906,0.16329541329570701,1,interior
0.37777225455500996,0.12511146024376482,1,interior
0.9412715336284816,0.3094789203237381,1,interior
0.40104218389993657,0.09873964570207466,1,interior
0.9417943995060786,0.297932959029955,1,interior
0.9276399489201388,0.3638885682489337,1,interior
0.9318790866280148,0.1818883459940641,1,interior
0.9343493304967622,0.3550913497375732,1,interior
0.32966153260952386,0.23907481060213723,1,interior
0.34042211315841864,0.2051310074137601,1,interior
0.9347279717825134,0.3119401374637568,1,interior
0.941225047724122,0.2794547327135013,1,interior
0.36752010716230715,0.14021349928793667,1,interior
0.9389637870602778,0.3478386144427076,1,interior
0.9421245199499684,0.28069963234182754,1,interior
0.9352283444607046,0.23014396855544053,1,interior
0.9375353274939193,0.31868351827638586,1,interior
0.8306562289847977,0.05371153665981286,1,interior
0.9358331835311567,0.23381428837904403,1,interior
0.4328736697235949,0.06862388293214264,1,interior
0.3318578456080118,0.2528526768133408,1,interior
0.4238081629787733,0.0751380682284004,1,interior
0.9426924636288437,0.27137752137099375,1,interior
0.9319306051252442,0.34302633191491544,1,interior
0.9354023985606427,0.2120317711154399,1,interior
0.34061401340022285,0.2224163017179595,1,interior
0.9357309353302382,0.3494680908308964,1,interior
0.9324344213388458,0.35962426815131154,1,interior
0.41260302772212887,0.07795674892516065,1,interior
0.9374498737333049,0.3388917287709321,1,interior
0.9365186764218737,0.23619097926944632,1,interior
0.3353368441148823,0.22975698149419144,1,interior
0.3373510708388992,0.220695796684478,1,interior
0.34793942350606794,0.1752558834059961,1,interior
0.9224355176541789,0.37911267239628965,1,interior
0.9287052174259242,0.3610018243231592,1,interior
0.8352083846100934,0.07447352215896165,1,interior
0.36384647755527283,0.14518765151001128,1,interior
0.934585548358507,0.1996017364811119,1,interior
0.42096078589038277,0.07724264885148296,1,interior
0.3471532805081637,0.17763890700726548,1,interior
0.9361681081401055,0.31756299873841615,1,interior
0.3903744925897233,0.11406916694023758,1,interior
0.8054223843433442,0.039331727009529395,1,interior
0.36572594094289784,0.14475854185504622,1,interior
0.9334271298413427,0.3576835090472111,1,interior
0.9189135564417398,0.37828326577129817,1,interior
0.8262770435365537,0.050270803643611146,1,interior
0.9354283911350626,0.31381893425893814,1,interior
0.3382823750878235,0.2141673517086655,1,interior
0.3490959885929116,0.17624509250517018,1,interior
0.8204746684833479,0.05059523153735813,1,interior
0.9446988310860087,0.27143529443645914,1,interior
0.4058963241760186,0.08950159642208572,1,interior
0.8347951729638238,0.06055362025469758,1,interior
0.4312477619459193,0.07466023496623009,1,interior
0.3982351488592329,0.10113506202330448,1,interior
0.3496448016091477,0.1895485140111324,1,interior
0.8304872725403869,0.05569665707104604,1,interior
0.3829857406885703,0.11151490709926642,1,interior
0.35265575188707454,0.16736671232326616,1,interior
0.9429000384476547,0.29141770817150564,1,interior
0.9313770749635497,0.22343574622901682,1,interior
0.3703342309682172,0.13277968786859723,1,interior
0.9441604236849303,0.2695479214945242,1,interior
0.40345938218188226,0.09548795802842387,1,interior
0.9404286077048093,0.31831432235144996,1,interior
0.9446085792479955,0.28222214543301605,1,interior
0.9397560051114587,0.33930528080043726,1,interior
0.35933066567525057,0.14852607900609158,1,interior
0.8415824502561438,0.07296522175703934,1,interior
0.9339475022037472,0.3601054968051195,1,interior
0.32594076136156463,0.27643260564739275,1,boundary
0.3602284602437159,0.14723585353090765,1,interior
0.9290329747755174,0.17213552835184048,1,boundary
0.38128705862371737,0.11744617315400513,1,interior
0.9435518556401021,0.30503629819618594,1,interior
0.39844505515613443,0.09815888671134863,1,interior
0.9327184340490575,0.36135292558917104,1,interior
0.936939938707447,0.31513033356498915,1,interior
0.34582356114232,0.17859752043579794,1,interior
0.9383214788699332,0.2636133375385353,1,interior
0.9343541032733771,0.2334212142333125,1,interior
0.3458848786626394,0.19075236625593955,1,interior
0.8375843167282913,0.07217517095636544,1,interior
0.9403450844816319,0.26307616888073115,1,interior
0.8373898145360749,0.07419394684817139,1,interior
0.35291197582416317,0.17105175628452426,1,interior
0.9444358857811795,0.30678911599533526,1,boundary
0.9089232729642995,0.15439505516462665,1,interior
0.3487116087487912,0.19080006006858966,1,interior
0.3309139723266372,0.2555874903095053,1,interior
0.3248504706482372,0.2709863422981597,1,interior
0.8419340985949713,0.07140523731308128,1,interior
0.3903629267415843,0.10826029467670463,1,interior
0.8125642437026117,0.04857304878293346,1,interior
0.9458897139282305,0.3026708999637458,1,boundary
0.3426005698996794,0.19481233837744355,1,interior
0.9453472410345727,0.2804671191316293,1,interior
0.9220118851723058,0.3832497870842357,1,interior
0.8423520359303366,0.07662490216554262,1,interior
0.3471870323182573,0.18685035528994426,1,interior
0.36149736512977193,0.14567421945001038,1,interior
0.435352120853882,0.06651214855149423,1,boundary
0.9382054083137429,0.2581093907564802,1,interior
0.9061912201760965,0.37488948997746374,1,interior
0.8067724394040544,0.042320977773070007,1,interior
0.32751261541153737,0.26847506173668934,1,interior
0.9472817358879817,0.28253223616869033,1,interior
0.3448962190436214,0.20551994603511423,1,interior
0.8406183684307017,0.06955925752915282,1,interior
0.33135473169141494,0.25934849235962704,1,interior
0.9419853451751459,0.3118970400593371,1,interior
0.9366539085017098,0.19639247996639453,1,interior
0.9399616514299101,0.2650144369613692,1,interior
0.9356777735308923,0.3565364273891056,1,interior
0.3814617110598818,0.10906902273080628,1,interior
0.9465366240540273,0.27221969699895215,1,interior
0.4224959173570202,0.07407473976257636,1,interior
0.9269084719019343,0.3592082089369867,1,interior
0.8005149150813727,0.03900577030264023,1,interior
0.9367234490732818,0.23172555431926728,1,interior
0.828859237416432,0.05142727591254358,1,interior
0.3404428250598841,0.19642267981043335,1,interior
0.9448241724896026,0.3100616985830766,1,boundary
0.9367479118243679,0.3553666032116682,1,interior
0.8454463974969354,0.0790794047618382,1,interior
0.39051762159797837,0.11114591773373968,1,interior
0.9368050264004011,0.3373533016130518,1,interior
0.4317496904432691,0.07188428798195376,1,interior
0.9246283825357295,0.381701535702516,1,interior
0.8370436028340187,0.06742143750088904,1,interior
0.9404181984722156,0.33649724524057706,1,interior
0.9233474034353717,0.3714496129658146,1,interior
0.4287567153872501,0.0727202972791312,1,interior
0.3374998615100139,0.20810036124550113,1,interior
0.810918030339572,0.04811320407341127,1,interior
0.8097959295269399,0.04177200318271552,1,interior
0.33116217143311133,0.23990488799388626,1,interior
0.33881126009968443,0.20082715852024705,1,interior
0.937204671452643,0.3509300154266584,1,interior
0.9404360223231324,0.2689148167632512,1,interior
0.9469713387721067,0.2781459925914845,1,interior
0.9339929935168351,0.1861462970520802,1,boundary
0.8163643436561795,0.05023617835951287,1,interior
0.3250306667776536,0.23955994327634061,1,interior
0.8165573763629372,0.04279581180413187,1,interior
0.9454621658753042,0.2999464049316366,1,boundary
0.3404418744017781,0.1946167889636272,1,interior
0.36967007880849595,0.14797463835080993,1,interior
0.9281622867526815,0.3847007709366463,1,interior
0.9415970243145887,0.2821834372615065,1,interior
0.9361287123719197,0.1978682973675715,1,interior
0.9422132181727925,0.2651925220311923,1,interior
0.3396323961874048,0.203051368771816,1,interior
0.4000393660145854,0.09541608484401642,1,interior
0.8470443688476463,0.07947218982441426,1,interior
0.3443311232488316,0.18873236989198824,1,interior
0.9351839906083875,0.31612378505142663,1,interior
0.9293327252509223,0.1749902703468948,1,interior
0.9427860519362926,0.28479916178866066,1,interior
0.9327664080485768,0.22207368754623294,1,interior
0.8189936136663336,0.041513403807254,1,boundary
0.9365158002637429,0.2042193227838607,1,interior
0.9373091386067791,0.24211210362602392,1,interior
0.9379791783525773,0.23451243380561454,1,interior
0.33781208151243985,0.20578475752515715,1,interior
0.35424209258196687,0.16137835969128103,1,interior
0.3266768869328133,0.26428920906498793,1,interior
0.9379608998709996,0.26718345189611387,1,interior
0.832652832725042,0.054549126190681724,1,interior
0.9380622036550966,0.23041637329150708,1,interior
0.938193977048899,0.3129450042333789,1,interior
0.3759889722459916,0.12558008748132143,1,interior
0.9382223218570974,0.33674777433953945,1,interior
0.3429108831897334,0.19331887051309918,1,interior
0.3259325300806496,0.26058196327196265,1,interior
0.9384599545062435,0.26040639682606065,1,interior
0.9392930872099373,0.2407224696613529,1,interior
0.9341816355289362,0.29936887607486157,1,interior
0.9402443265289344,0.23556024179152732,1,interior
0.9331567569629045,0.21618659503453005,1,interior
0.3684727441685384,0.13603141483386572,1,interior
0.41432121347830975,0.07812435339284303,1,interior
0.9271262176971266,0.2701683308369389,1,interior
0.3351365462827501,0.2724860963640507,1,interior
0.9370115381247097,0.2469906491752489,1,interior
0.36704164471333306,0.1369420818185237,1,interior
0.3654482813999249,0.14286516969397156,1,interior
0.9407832486545682,0.26019688743226443,1,interior
0.9334005570654496,0.20668133057777674,1,interior
0.839114290732599,0.07086615820031578,1,interior
0.9331552273557775,0.22397289384462563,1,interior
0.9362511671445927,0.2556771859845988,1,interior
0.938695092441594,0.20535894150075532,1,interior
0.32528387756294136,0.27270065876064287,1,interior
0.935397157787852,0.21675827286383798,1,interior
0.9329581601147912,0.18364389596109332,1,boundary
0.34555023406092056,0.18024260076117804,1,interior
0.3828554092976272,0.10967553267496465,1,interior
0.3470984481131893,0.17944685778789093,1,interior
0.9421798467160424,0.2964450567261237,1,interior
0.4247435651133868,0.07265994014076016,1,interior
0.3249683643872076,0.25902781955344917,1,interior
0.35912742844639245,0.16259272683475365,1,interior
0.9422642084853657,0.23675595985761533,1,interior
0.36995900843554186,0.14979980180282904,1,interior
0.3922118618099126,0.10772887837934242,1,interior
0.37713157285609417,0.12327075440771436,1,interior
0.8176829191660567,0.04434654436630973,1,interior
0.38365391955673744,0.11599427416597713,1,interior
0.36871685324263787,0.1578287394580724,1,interior
0.36033589671848837,0.16128071358691187,1,interior
0.36656866522959336,0.14172687428108358,1,interior
0.8330354999408064,0.0568287220690542,1,interior
0.8029905990157694,0.03986926328527403,1,interior
0.42976660505751746,0.07149095342480269,1,interior
0.33037281366712795,0.23128125707265113,1,interior
0.9468544095521474,0.29633270184747845,1,boundary
0.9439352235580549,0.3009341683690107,1,interior
0.39652352160435844,0.09806801590201616,1,interior
0.92395130004603,0.3798188341590661,1,interior
0.9202396507345588,0.3738528136534409,1,interior
0.3755799382496536,0.12381026746929369,1,interior
0.9396554421844601,0.2026696605660792,1,interior
0.3266426666279635,0.23322087027172417,1,interior
0.8151994892991399,0.04174847209769768,1,interior
0.40385835548277355,0.09113428209651142,1,interior
0.9241901411842076,0.36599451037077746,1,interior
0.3357901191681959,0.21358895162903713,1,interior
0.39697592880617344,0.09597934242080218,1,interior
0.343665293368526,0.2227711899885935,1,interior
0.34092272403594226,0.19957812535394848,1,interior
0.42139954247204414,0.07519076874238474,1,interior
0.32344039034730726,0.2751078891248935,1,boundary
0.8391276595644342,0.06762013214221617,1,interior
0.37918834606769386,0.12404549204451298,1,interior
0.42689003232902584,0.0720035315557883,1,interior
0.9437129188198274,0.33503689328313035,1,boundary
0.37349246820906157,0.12827619721401265,1,interior
0.9369510714769212,0.20611724915810728,1,interior
0.9315662242162589,0.21579198619028667,1,interior
0.9453120433769793,0.3050435195308417,1,boundary
0.9254140617625641,0.3726362146335908,1,interior
0.9355308765235756,0.2232381589903928,1,interior
0.9418679627960178,0.33558181105297763,1,interior
0.9236082584224884,0.3735307872133657,1,interior
0.3260169621634522,0.23815560209457826,1,interior
0.3958353875042966,0.1001671637187863,1,interior
0.9453234636695025,0.2900965852652067,1,interior
0.9400431587155866,0.23347713561353542,1,interior
0.3430686435078755,0.19173334312334722,1,interior
0.9225418371824595,0.36956663929884015,1,interior
0.9217848514971687,0.3737196831003109,1,interior
0.3532095801417234,0.16569134788909337,1,interior
0.3812900823717604,0.11558910675338971,1,interior
0.32511422706509885,0.2660876504243674,1,interior
0.9223053588708628,0.37715581389709646,1,interior
0.8282800024753624,0.049376962304671444,1,interior
0.8335971929151673,0.059039573449389614,1,interior
0.9379959923756086,0.2991310498675087,1,interior
0.8207222452777937,0.047982477213480354,1,interior
0.9278547154174587,0.3872206292500879,1,boundary
0.9438145821249599,0.3368377325169214,1,boundary
0.9351278925029053,0.3368101536246862,1,interior
0.8367289883387751,0.06589199695963446,1,interior
0.4006556702048533,0.09135204923195354,1,interior
0.4112061500353107,0.08289619035346858,1,interior
0.9446520057563003,0.297923963426386,1,interior
0.934713494782738,0.2106623068755474,1,interior
0.9438488803197309,0.27930128619559674,1,interior
0.8454935302418602,0.08075112828612811,1,interior
0.4225851596255658,0.07238637486857441,1,interior
0.33808210175499104,0.21829310644041827,1,interior
0.940124204952533,0.35132320250565224,1,interior
0.34847783986272446,0.1723684842612858,1,interior
0.4260066543095207,0.0739104144292471,1,interior
0.33338866320200333,0.21230127681207736,1,interior
0.9249095213909951,0.3766196508230761,1,interior
0.925727861885392,0.37933532529273434,1,interior
0.8388493151122879,0.08647187686517348,1,interior
0.9424504806541785,0.26792935309434546,1,interior
0.3525648158431643,0.16947724287002958,1,interior
0.9309213981472675,0.19528648726263226,1,interior
0.8290293026561859,0.05775820563984563,1,interior
0.9204783603994667,0.3754852827852261,1,interior
0.3639727878741258,0.1422994124591059,1,interior
0.32922782957250013,0.22976517113714598,1,interior
0.36096971939485767,0.1593749382268582,1,interior
0.3946525404491975,0.0990807487975367,1,interior
0.34408331356568705,0.17963752269207553,1,interior
0.9423704320728922,0.2617782253834948,1,interior
0.35073084664695975,0.1675806999438561,1,interior
0.9352207560378489,0.206890178366547,1,interior
0.43017519446952,0.07357159368284671,1,interior
0.9309819526406224,0.22527207645672065,1,interior
0.41978955989950223,0.0739890102997451,1,interior
0.3695744378599602,0.14620283562760666,1,interior
0.34571400831423066,0.17685226061152914,1,interior
0.9347148856887533,0.2209255725956,1,interior
0.3465970689300272,0.18223217711672968,1,interior
0.32776478132831915,0.24133568936762537,1,interior
0.8349472496902699,0.05560739899494298,1,interior
0.9248753096327305,0.3687133144219163,1,interior
0.32939453568404514,0.24373386610928832,1,interior
0.9469109699746664,0.29466015640565213,1,boundary
0.35878336226022606,0.16482765233244484,1,interior
0.9416054901115172,0.34930650094530064,1,interior
0.4207428379460167,0.07278644294828106,1,interior
0.36697256768629916,0.14375623079569866,1,interior
0.3471946405163477,0.18529664938375467,1,interior
0.9361847422276516,0.24827071331699044,1,interior
0.41820073224896454,0.07335366019467819,1,interior
0.93507980794194,0.20849172899831933,1,interior
0.42717217779450534,0.06994879367570134,1,interior
0.8134933949573464,0.03951447954330684,1,boundary
0.9365705411419469,0.225415829583045,1,interior
0.3306169059096328,0.24182259031255887,1,interior
0.4110555582427386,0.08111459732814595,1,interior
0.32946935033404384,0.25144138060350385,1,interior
0.3660945638546924,0.13839069147956273,1,interior
0.34867409493178264,0.1671618673752003,1,interior
0.9293128223419047,0.36247965266688215,1,interior
0.9268865011669762,0.38279927126064767,1,interior
0.9438988581205985,0.265892174206722,1,interior
0.9297625629371182,0.3845189300339985,1,interior
0.4222513650615413,0.07835486250115622,1,interior
0.39573976875659533,0.10711879098962304,1,interior
0.9471628689028382,0.29298781654097356,1,boundary
0.8395785839712382,0.07513838756515878,1,interior
0.8380619319602206,0.06488873387693322,1,interior
0.940167589082447,0.34355388730413244,1,interior
0.33563961848948504,0.20847442750641573,1,interior
0.9433611649324704,0.31254479116976547,1,interior
0.35547100797346476,0.16885438256733987,1,interior
0.9437396605938733,0.2992949443389078,1,interior
0.9392699047411103,0.23708811313490288,1,interior
0.3859128314680887,0.10818487770719984,1,interior
0.9270148577934787,0.3859329142697144,1,interior
0.35783090152059865,0.14783427509540756,1,interior
0.8171339915966978,0.04666564325432156,1,interior
0.33594542939249233,0.20342314433716466,1,interior
0.3239727938623301,0.23372770770804982,1,interior
0.40554744408409843,0.09116967298285075,1,interior
0.930782824153764,0.1864314553416301,1,interior
0.338019371326861,0.21569377126411765,1,interior
0.37158805190986577,0.12742396022603078,1,interior
0.33814694386366845,0.19866592579530035,1,interior
0.9275679260676644,0.3699318151066123,1,interior
0.3494669011553698,0.17445096098792284,1,interior
0.32806976955919237,0.2620990574880923,1,interior
0.9395141684312766,0.2723559224741555,1,interior
0.32721273007138685,0.24308250157554032,1,interior
0.9337734876360109,0.3138379177076141,1,interior
0.8117820081285659,0.038900413257016694,1,boundary
0.8315635757909973,0.06028961957192061,1,interior
0.9341012358052609,0.1897879185446324,1,interior
0.41562673725839283,0.07649973540030353,1,interior
0.9414515406895535,0.3312986838999579,1,interior
0.9401207293721114,0.3131063612642293,1,interior
0.9207410533591089,0.37952577927197634,1,interior
0.8171138347969279,0.04132746426196145,1,boundary
0.33813720515836704,0.20378092192377548,1,interior
0.41262881372464866,0.0795677593803125,1,interior
0.926461000165373,0.37792287580834,1,interior
0.32883056360079127,0.24557368947352481,1,interior
0.3721710046525876,0.1302359092419536,1,interior
0.4252859140402901,0.07104532889045481,1,interior
0.36709036481589896,0.13539593133053923,1,interior
0.9421893530349875,0.35129008419789387,1,interior
0.3263291135936402,0.262480500420329,1,interior
0.8223623704360685,0.04898151972484027,1,interior
0.9377253288640401,0.22777027296767338,1,interior
0.3420048355450935,0.19814729665326772,1,interior
0.32604440480984365,0.2676428641640927,1,interior
0.4196119891810516,0.07553776476540097,1,interior
0.8482113044569327,0.08246497051899944,1,interior
0.8305063786869191,0.051347043843814645,1,interior
0.93869362842632,0.3406424808595349,1,interior
0.8159597543217044,0.04024079191827015,1,boundary
0.9388518698972385,0.24296545857509333,1,interior
0.37356667348075895,0.12317832640883036,1,interior
0.9395375073236891,0.25722443458279914,1,interior
0.3436222675037629,0.19904435213448027,1,interior
0.8358746581198112,0.06412845204039092,1,interior
0.408878461715829,0.08069967885882413,1,interior
0.9284006671748583,0.3824595534579118,1,interior
0.36971364821713415,0.1346922564980349,1,interior
0.9414984609715329,0.20076366417264838,1,boundary
0.9483381524159027,0.28015975784093305,1,boundary
0.32480321184047634,0.23534912958382445,1,interior
0.39202332031636616,0.11085931031998615,1,interior
0.9460822890046172,0.2842703779564876,1,interior
0.40236445019529243,0.0896311781225291,1,interior
0.40856670788129573,0.08941963212132162,1,interior
0.32895550072083724,0.2553338702261,1,interior
0.9421498486939696,0.31532444410579386,1,interior
0.9364786991989702,0.2156763960719362,1,interior
0.9266839351394942,0.37598655183094554,1,interior
0.41764219712452194,0.07613169478872649,1,interior
0.3581185669391699,0.14519267338690922,1,interior
0.9294891894293931,0.3642700709154041,1,interior
0.9405176573056462,0.32231133076677804,1,interior
0.9426138658534451,0.3382969946544361,1,interior
0.9268024560515927,0.3665263898088992,1,interior
0.4289989801026236,0.06735920419247893,1,interior
0.3853150808771495,0.10662636510717799,1,interior
0.4170107772047971,0.07155529592807902,1,interior
0.33081184596010793,0.22926500038150258,1,interior
0.43338127268361365,0.07373842582566549,1,interior
0.3841305858138934,0.10834515067385538,1,interior
0.32955571567619407,0.25858769722753766,1,interior
0.3265476205721688,0.23477214203876498,1,interior
0.9427723998251678,0.3321231194270174,1,interior
0.4032611462800056,0.08805454431804849,1,interior
0.34473234828022,0.19219716067630185,1,interior
0.3466683862497352,0.17257649180630122,1,interior
0.3555501940493918,0.15939307165708314,1,interior
0.39847666987695285,0.09442241621742316,1,interior
0.36118046659832187,0.1568883270527607,1,interior
0.9419914707565037,0.3256782682995101,1,interior
0.9389425822603754,0.2547388230713286,1,interior
0.8081082198129249,0.041268557072139236,1,interior
0.8354232019287267,0.05896243296284465,1,interior
0.3580588710971352,0.16023219700043778,1,interior
0.33746068163459403,0.19460003849100863,1,interior
0.9421958748113071,0.25867106584099475,1,interior
0.4340941212506434,0.06532375032902285,1,boundary
0.8057765585490096,0.03724083781144362,1,boundary
0.9249477374049208,0.3705359425125972,1,interior
0.9373369287482277,0.21283271893393083,1,interior
0.9308993220101957,0.3616552070271411,1,interior
0.9383728625673656,0.2325321110488772,1,interior
0.9375866658293758,0.2538997128635826,1,interior
0.9424713059843891,0.3453597083066423,1,interior
0.9439361771518305,0.33072947849221346,1,boundary
0.357018271804437,0.1491237836413811,1,interior
0.9226475013487222,0.37559881953312474,1,interior
0.9328467404400796,0.1806557102580357,1,boundary
0.943886821182459,0.26129580297343047,1,interior
0.9435261283536553,0.31456006561138217,1,boundary
0.9407663790844248,0.3380090331838121,1,interior
0.805297545477413,0.041326836769124034,1,interior
0.3246838280269759,0.2427765890384208,1,interior
0.34922215659803524,0.17080724954555182,1,interior
0.4202714657786831,0.07101076845988635,1,interior
0.9416941065854546,0.3023486982264563,1,interior
0.42119979841336375,0.0696515701102803,1,interior
0.8329561125825001,0.05268136028313189,1,interior
0.9401811421140813,0.24899870679434413,1,interior
0.9174425853754027,0.37258277310150456,1,interior
0.9382205113194552,0.25250137590339283,1,interior
0.9409630716414173,0.26729907933798047,1,interior
0.32464429576078574,0.26365964068454334,1,interior
0.35130833537484035,0.17049124187157094,1,interior
0.4039063526646959,0.08956454369655181,1,interior
0.9375534598908601,0.21117049031440924,1,interior
0.8411748174936651,0.07814669779173011,1,interior
0.8413310851480307,0.06779508325369636,1,interior
0.39549310157029455,0.10459331448552818,1,interior
0.4136326881946529,0.07641569528084419,1,interior
0.945775915180823,0.26714405667991237,1,interior
0.4010022087511447,0.08772695719053439,1,interior
0.3578212952852145,0.1504804902039002,1,interior
0.36005079881517815,0.14480702557503178,1,interior
0.43201850524578367,0.06443611615255859,1,boundary
0.3635711542770638,0.14064653073125663,1,interior
0.34349522762880935,0.19681512655205818,1,interior
0.36113749428929054,0.14287752274752588,1,interior
0.36079634139342776,0.15386762414040206,1,interior
0.32964150994296787,0.22813576033045774,1,interior
0.3360469420888164,0.2050002911071624,1,interior
0.9212443182386203,0.37046281901810935,1,interior
0.9454482201567915,0.29410059064743954,1,interior
0.9222183120391071,0.3661526174459295,1,interior
0.3229726794677229,0.2711104244511243,1,interior
0.9342008652316564,0.1845379491542873,1,boundary
0.8351760591440016,0.05396561207774789,1,boundary
0.3342642754489111,0.22327564741062608,1,interior
0.8073608638910343,0.03839529743042165,1,boundary
0.9398087698379168,0.2588464541885607,1,interior
0.9430627280931906,0.3104676007610543,1,interior
0.34619436970448997,0.1743009340675717,1,interior
0.9468295518960199,0.2656960820785988,1,interior
0.40779322850366195,0.08771821478763472,1,interior
0.9296695419760962,0.3866945306582243,1,interior
0.32816091288791793,0.23213244363355626,1,interior
0.34409380136539724,0.18281710335501106,1,interior
0.9349844684426573,0.18747364770304545,1,boundary
0.9409253855674892,0.3406370788643657,1,interior
0.9390581307655613,0.22454921432235098,1,interior
0.34434950847861145,0.19415164464389773,1,interior
0.32438480121051894,0.24496908060301908,1,interior
0.9358638753970727,0.21968648470342708,1,interior
0.9434590630116151,0.3280167969234023,1,boundary
0.3995958421060107,0.0892788842179577,1,interior
0.37032317634996714,0.13106526741547858,1,interior
0.9393165807436681,0.3451802097617743,1,interior
0.9401659633390114,0.23848752746990254,1,interior
0.9436106644067843,0.27778815298297893,1,interior
0.39383229082036003,0.10320658287137233,1,interior
0.940608100466559,0.24560585960666287,1,interior
0.3307084490243833,0.25717116047807687,1,interior
0.9318835776927384,0.3634073983241821,1,interior
0.3558887511637704,0.15161246637016076,1,interior
0.8395571007372887,0.06612542964461568,1,interior
0.9437542160670624,0.2808978176642561,1,interior
0.3404106691324567,0.2244537669031643,1,interior
0.9417347988458928,0.24028874009360793,1,interior
0.9382778289488064,0.24884572046841055,1,interior
0.3646254274492567,0.13695190038610786,1,interior
0.4294674164842148,0.06996351981157778,1,interior
0.8411701685760916,0.06412310124588862,1,interior
0.9426491420669844,0.33995685674612425,1,boundary
0.3242359795862913,0.23147765344759053,1,interior
0.9313974076763757,0.3658967670845762,1,interior
0.3553407095540935,0.14743573254811246,1,interior
0.9385576710196025,0.3113721877293151,1,interior
0.9356957175862042,0.23812116927837487,1,interior
0.4330512400916742,0.07068611876635376,1,interior
0.3261556549173279,0.24464922369687642,1,interior
0.8187268191884791,0.04565517762146541,1,interior
0.33034302231343227,0.2486891611777526,1,interior
0.32071753477886017,0.2715912324222363,1,interior
0.8497798586976556,0.08333576607617199,1,boundary
0.3983173924812645,0.08730442211111328,1,interior
0.3940200070620401,0.09616926080380354,1,interior
0.9382806556233301,0.35456446352521415,1,interior
0.9282982593158251,0.3772948538491463,1,interior
0.9257154406105799,0.37440357195064655,1,interior
0.3283756822628628,0.25753887981678797,1,interior
0.4049255521209137,0.08685209542182445,1,interior
0.3215018601452884,0.2729883652509733,1,interior
0.3935499430575086,0.1101461036066583,1,interior
0.836558122945371,0.0618395207120318,1,interior
0.9424367995455276,0.2729199096214385,1,interior
0.3569101340762031,0.14257825500846177,1,interior
0.34970003433246544,0.16916234858068102,1,interior
0.9232775861225125,0.36771440495564417,1,interior
0.33667663407986265,0.22389514304920952,1,interior
0.9402318390877964,0.20466650609392414,1,interior
0.41901197019906866,0.06980359985436017,1,interior
0.936105917370915,0.221635545927499,1,interior
0.9206398838135307,0.37710503312798604,1,interior
0.3438168807335665,0.17720652923483754,1,interior
0.9436431554156107,0.32519445439027383,1,boundary
0.32421617150265813,0.26876793328706094,1,interior
0.36532603672300384,0.14043119993304132,1,interior
0.36003570428554765,0.15559150777864175,1,interior
0.3355861428138542,0.22544468039285584,1,interior
0.37178418865869145,0.12519309236730242,1,interior
0.8450933499221953,0.08624039930466104,1,interior
0.35327803646027267,0.15966888789236508,1,interior
0.8195765011672149,0.043901607170748425,1,interior
0.36556524987735184,0.13551653028347607,1,interior
0.33244500250539866,0.21081798361431217,1,interior
0.35908075254156163,0.15890301280763636,1,interior
0.8438091002531557,0.07238377058941427,1,interior
0.3342325968089937,0.21411753689005952,1,interior
0.39417875400192215,0.10586618078671466,1,interior
0.9444279816649693,0.3496508363762198,1,interior
0.3254804631873611,0.24125604874020368,1,interior
0.3480718740823867,0.1689315093885832,1,interior
0.9418103478791927,0.203864807843059,1,interior
0.9348016404752113,0.36175451903583483,1,interior
0.8203875927210189,0.04534795169493472,1,interior
0.34552464903696256,0.18642833259346234,1,interior
0.9396359674572101,0.32922692018049426,1,interior
0.3504480303634655,0.1660459116203226,1,interior
0.8273203013266778,0.051405071304578234,1,interior
0.34540779997477994,0.18450065804655993,1,interior
0.9456288152895667,0.2877648237837589,1,interior
0.3703192992693115,0.12854527848055966,1,interior
0.9379332230528528,0.3490430834870539,1,interior
0.3771089732359507,0.12143612397276352,1,interior
0.33764188310016663,0.1963510875236262,1,interior
0.8429859593705181,0.06319198910809859,1,boundary
0.3277444816817946,0.2533002112358772,1,interior
0.8240671064354058,0.047194199177531974,1,interior
0.937596860126683,0.22020132823974553,1,interior
0.41131949676942353,0.07591539458658986,1,interior
0.9296497845190252,0.36620369057142255,1,interior
0.9404896627263238,0.24254056521933512,1,interior
0.8461101618849023,0.07617423732571513,1,interior
0.9429934695202637,0.2634757616188059,1,interior
0.33746086386375146,0.20186380499421513,1,interior
0.3819565441141333,0.10645232818039697,1,interior
0.941819042097392,0.25692604762100485,1,interior
0.35153569509819294,0.1609687942306379,1,interior
0.4019295135496706,0.0954074761965392,1,interior
0.9254238103260146,0.38542642952314066,1,interior
0.9373376613784169,0.21865817443772212,1,interior
0.9431335079699166,0.3236458257304571,1,boundary
0.9460291735508745,0.35067904266094735,1,interior
0.9444893352873243,0.30368141648689073,1,interior
0.9410709739690718,0.3527505491476005,1,interior
0.8185225718511278,0.04756613091678641,1,interior
0.8211943663108813,0.04196020495523958,1,boundary
0.9400913581072369,0.23044691722417124,1,interior
0.34706270880423373,0.17063999675775068,1,interior
0.8224051331330376,0.0439105615768751,1,interior
0.9447520869197831,0.2730510215358323,1,interior
0.9436710210583923,0.3410864691392462,1,boundary
0.4348343050711832,0.07293879755177372,1,interior
0.9381431188600686,0.1957164255755187,1,boundary
0.3786596127081623,0.11927797422810474,1,interior
0.8366572278722607,0.055675835514413984,1,boundary
0.8398326294603388,0.06325984895317242,1,interior
0.9406346996436608,0.24735943886382855,1,interior
0.9404402428037231,0.25514629546462186,1,interior
0.32266645413015255,0.24431733703425026,1,interior
0.821895220368302,0.04578196355533663,1,interior
0.9465710953612577,0.29123162956250087,1,boundary
0.3969033577517836,0.0942396085126121,1,interior
0.948160777531322,0.284157288790924,1,boundary
0.32515607993304035,0.23688041625440268,1,interior
0.37970772418762916,0.108953136290147,1,interior
0.8379996738211573,0.057544713510300306,1,boundary
0.41612784172706757,0.07485758294408541,1,interior
0.9266908354077836,0.36811688020489614,1,interior
0.9337878357897582,0.36450555341645924,1,interior
0.937965682664047,0.35248232598774704,1,interior
0.41046369157924717,0.0789058154645004,1,interior
0.8464960220764809,0.07288410613342712,1,boundary
0.3668790913364237,0.13369664545091745,1,interior
0.4003208431490007,0.09294165306300849,1,interior
0.8195210533784147,0.04915535199263756,1,interior
0.3360328040364109,0.2160849145629237,1,interior
0.8099504845433994,0.03965472629646463,1,interior
0.3624444696548243,0.1589164512734361,1,interior
0.9421982253070842,0.34202142699331195,1,interior
0.9398741545557711,0.2976395753862075,1,interior
0.35557433116678694,0.1499405354480689,1,interior
0.9280543695982983,0.37292060485739326,1,interior
0.9391090426180244,0.31710315597957434,1,interior
0.3269363729750906,0.23118091386497563,1,interior
0.9384250520186448,0.25618913096683466,1,interior
0.9403369335968578,0.20640258355676694,1,interior
0.8370746352954856,0.05956479871990044,1,interior
0.845224798591531,0.07464219655332353,1,interior
0.9487929392556528,0.27230139709766993,1,boundary
0.8302815878207479,0.06266020381086898,1,interior
0.32602234865064494,0.24660959816125083,1,interior
0.8364805092024775,0.057655319006308756,1,interior
0.9421217629169253,0.321909661737275,1,interior
0.3927831886931989,0.10083089505569713,1,interior
0.3515051664756128,0.16425194997919426,1,interior
0.8421713232872906,0.06571694141759611,1,interior
0.42238508393447644,0.07060336795394455,1,interior
0.3234697575330053,0.2376406933943172,1,interior
0.3436290591795201,0.1869232544759042,1,interior
0.33892616624158206,0.19386555489059978,1,interior
0.35727753891456876,0.15600647753015368,1,interior
0.3956901171809962,0.10873922765854235,1,interior
0.847655987549394,0.08087411125857814,1,interior
0.8092910049842649,0.038190459475749824,1,boundary
0.9388635078153781,0.21827890040582726,1,interior
0.332713442120686,0.2563385823555795,1,interior
0.9379610000128453,0.22265813497281436,1,interior
0.3301695445315376,0.25321006952071035,1,interior
0.9358635870899319,0.22848009871356567,1,interior
0.9369267714722798,0.2083046083147621,1,interior
0.9454430474569943,0.3471856780390747,1,boundary
0.9443873357984456,0.23662202204577062,1,interior
0.37976498122920016,0.11764911373265456,1,interior
0.9401865156102418,0.2211903216384612,1,interior
0.3290407609882453,0.24780816487173402,1,interior
0.33164081174933646,0.2476194871331391,1,interior
0.9450066140237632,0.27538667381117815,1,interior
0.9426937893344968,0.20550421822048603,1,interior
0.936139735368314,0.3588019017048662,1,interior
0.9425680565493042,0.2601774396392498,1,interior
0.35625512792630465,0.15773968650809497,1,interior
0.8417918851884278,0.061869505040872484,1,boundary
0.8308234406542834,0.04934896639187364,1,boundary
0.9395914629004688,0.25072143261363455,1,interior
0.336032065543564,0.2196724843246555,1,interior
0.9417456701494588,0.27480775109559097,1,interior
0.9345905596549848,0.22485237376223774,1,interior
0.9379928872320872,0.21701343646270635,1,interior
0.9309660692614203,0.3783005883657411,1,interior
0.8244834868337862,0.04540624929898059,1,interior
0.9424248382340958,0.20707128937818983,1,interior
0.3208022788853973,0.23683936101030095,1,interior
0.33954547709602567,0.1979992393946381,1,interior
0.36845788442680044,0.1333894366012739,1,interior
0.36241007179710066,0.1389597597383167,1,interior
0.9335163693240643,0.22847048912784074,1,interior
0.3458638177068021,0.18913000680465591,1,interior
0.938678411750012,0.20786302484943722,1,interior
0.9475829284152651,0.28610729588424566,1,boundary
0.3436512285718044,0.18498970378967514,1,interior
0.3202237760253754,0.26984647664611106,1,interior
0.36937225721917005,0.12983334424469137,1,interior
0.945334379237506,0.26487409857691,1,interior
0.3530335184385794,0.14923738735307376,1,interior
0.36477577079018314,0.13283789925429854,1,interior
0.9333653125953251,0.36293101532253097,1,interior
0.9432290954154748,0.3431716692036706,1,boundary
0.383579836687078,0.10638430243869215,1,interior
0.34389812541912584,0.17362554978171715,1,interior
0.33547095378421876,0.19665301686374667,1,interior
0.3741820142772759,0.12033275216994373,1,interior
0.38370446853715756,0.10427185321553713,1,interior
0.4069968257082559,0.09063923008081232,1,interior
0.8384242624970355,0.06208353539377766,1,interior
0.3284779420215993,0.2497111464469312,1,interior
0.9287107763184939,0.379264633022882,1,interior
0.3360863722313336,0.20664242863748697,1,interior
0.39511379172861427,0.09403962978317852,1,interior
0.9382195208969107,0.34650802151375026,1,interior
0.400031043431299,0.08542444589428824,1,interior
0.9416134667223706,0.31344205112755513,1,interior
0.8493576007226388,0.08071140804704409,1,boundary
0.35674861143731124,0.14657576949510104,1,interior
0.3762284719024165,0.11926860470289445,1,interior
0.9475043585597687,0.28935334450959005,1,boundary
0.8440805409575131,0.06497300314893589,1,boundary
0.8458012430605956,0.07125526569300836,1,boundary
0.9351539332981001,0.23523585971205366,1,interior
0.3511384980095406,0.1590549200626021,1,interior
0.38931090596842677,0.10682186200912384,1,interior
0.9399377068767171,0.2287494755491064,1,interior
0.3421837375637569,0.18378335578670207,1,interior
0.32400652195354135,0.2614253980895661,1,interior
0.34030075817051153,0.19271737884754905,1,interior
0.9435218951487616,0.23870364732331398,1,interior
0.3267009717325188,0.24013220794465479,1,interior
0.34101810318330505,0.18494345583846433,1,interior
0.39684589026878087,0.11171170069206857,1,interior
0.9444310701026982,0.25976205396384,1,interior
0.943370517928812,0.24043322941350875,1,interior
0.842503515600681,0.06967332504370446,1,interior
0.9439379625249018,0.3165247562602403,1,boundary
0.9463377516277733,0.26267874756375525,1,interior
0.352039895280683,0.15754408236164222,1,interior
0.41348902886728395,0.07345660215323928,1,interior
0.9437566623843551,0.35299129199456164,1,interior
0.40269418388079353,0.08612163226485946,1,interior
0.9443132504123355,0.24297388802667416,1,interior
0.3368626098423865,0.19956862150925103,1,interior
0.38762579201393627,0.10750739015801719,1,interior
0.35869641799455465,0.1541978276500147,1,interior
0.35520935616150956,0.16285371856668418,1,interior
0.3690983659563718,0.12558609569024964,1,interior
0.9266939225519344,0.38081924572255993,1,interior
0.3344796264752798,0.20601093353922428,1,interior
0.3229862732953887,0.24246889644856273,1,interior
0.38209361085792504,0.10472934473277365,1,interior
0.3592815977271518,0.15247312721871603,1,interior
0.8445444942657028,0.0700789874217385,1,interior
0.331862398558126,0.2128031160701877,1,interior
0.3387534052047788,0.1914162305183995,1,interior
0.3729281152892167,0.13165971259041953,1,interior
0.3214625815444601,0.26753499381993323,1,interior
0.33539579149070853,0.1990668326108887,1,interior
0.8224610024789747,0.0473029308817991,1,interior
0.9429210878118948,0.32026110760214227,1,interior
0.93903430893976,0.35022687186399853,1,interior
0.35320397836675627,0.15495472590571308,1,interior
0.3466163012187112,0.16799141871870188,1,interior
0.4247674508538497,0.06927991343846669,1,interior
0.36236935413431487,0.14186357989457202,1,interior
0.3417591849434725,0.18721085541848403,1,interior
0.3232175096146829,0.2404277235638806,1,interior
0.4314532088779893,0.07029676869346582,1,interior
0.40838683668832926,0.08581222946082,1,interior
0.8347435584033875,0.05741363501147592,1,interior
0.3635073380245507,0.15322046554957933,1,interior
0.9386519698718654,0.2388673111988917,1,interior
0.9417087143037349,0.23851360693356619,1,interior
0.42594914593047306,0.06826260148892757,1,interior
0.3595375336506033,0.14213986146805777,1,interior
0.9472146140141313,0.2744739513259212,1,interior
0.9365398512101395,0.1915432112807908,1,boundary
0.9397558171508984,0.25258574686729424,1,interior
0.3548374182794881,0.1448716055516117,1,interior
0.40181529393737286,0.0842984653179915,1,interior
0.9373576115338212,0.24054554716007728,1,interior
0.3565035880572134,0.15417445572507749,1,interior
0.39905248782735414,0.08341537270628324,1,interior
0.3430394268548535,0.18995896059544123,1,interior
0.42633646237931144,0.06639890575325667,1,interior
0.3350849138563788,0.20170397472134258,1,interior
0.4303914714562409,0.06500968447726084,1,interior
0.3739123963720559,0.13421181005334992,1,interior
0.9436656851629702,0.27623722464506634,1,interior
0.3977162419122651,0.08957447279464438,1,interior
0.3915432990653827,0.10551006260625231,1,interior
0.9359131874674044,0.1899405380336884,1,boundary
0.35837766612589433,0.1436215776519522,1,interior
0.4236967183193661,0.06791234221869583,1,interior
0.9391490086747182,0.2261403739318571,1,interior
0.3558308999872694,0.14112765257167667,1,interior
0.32342044262740255,0.24765427617295618,1,interior
0.8385312865367228,0.06035350404073503,1,interior
0.8474105862301923,0.0775438030289911,1,interior
0.9327373758380261,0.3668796167566805,1,interior
0.329411775359886,0.24063580415975167,1,interior
0.9273949997289166,0.3742922646490605,1,interior
0.9406861022798891,0.3459141626738634,1,interior
0.9412881586933908,0.25384736875747127,1,interior
0.9471751635815708,0.25866276240783165,1,interior
0.39179643744752385,0.0987213353317124,1,interior
0.8441056424282634,0.06750231127540868,1,boundary
0.84070983384562,0.06080131472782859,1,boundary
0.3626930144538454,0.14395146694292318,1,interior
0.3504237995245206,0.16213884774073337,1,interior
0.9439672620778523,0.2573793986431432,1,interior
0.345347645675734,0.16911343454532488,1,interior
0.9468035254786213,0.2692438962453418,1,interior
0.32152060954221545,0.2607817968598396,1,interior
0.9405192338751123,0.20939484629398117,1,interior
0.3342672912677934,0.21099637356063486,1,interior
0.3864170793905511,0.10536760978394331,1,interior
0.9452202461666874,0.27721120006675737,1,interior
0.32369199708460894,0.2672444433785112,1,interior
0.32654366682595837,0.25164282652092385,1,interior
0.9417597035998891,0.23526690270755835,1,interior
0.9426582370853382,0.2549442994272446,1,interior
0.33419855135701515,0.200122382805444,1,interior
0.3187906338181242,0.2728916058617522,1,interior
0.8453734804837572,0.06876325333871713,1,boundary
0.3609737668154755,0.13699575054722068,1,interior
0.36083674404831934,0.1343738809123239,1,interior
0.3752488897780998,0.1215250216921973,1,interior
0.9393181026156058,0.19733158189320457,1,boundary
0.347830832384067,0.1657588953057737,1,interior
0.39224006620484414,0.1025767804974512,1,interior
0.40420100934407416,0.08391964788453736,1,interior
0.40631913451028173,0.08554024254627973,1,interior
0.9299149915932124,0.36797584822420915,1,interior
0.3195575064620767,0.26774290767425146,1,interior
0.4298149733409208,0.06282484132785035,1,boundary
0.34499822119065965,0.17106521533610816,1,interior
0.9443686747526391,0.26797741295946087,1,interior
0.3260265470182584,0.24948316507727056,1,interior
0.4108373110654412,0.07738884574614308,1,interior
0.3225746461964564,0.23541017918128357,1,interior
0.41305050114933023,0.07131326838667454,1,interior
0.9312491254990041,0.38564128872353026,1,interior
0.9418512397597752,0.24915137403135987,1,interior
0.349973629167063,0.15710519631519457,1,interior
0.3379090223633761,0.1896896309216145,1,interior
0.321956743871446,0.27466829117679903,1,boundary
0.9487485556382403,0.2739524138230187,1,boundary
0.3783267661954746,0.11165521797335876,1,interior
0.9478489692164926,0.2707293534816305,1,interior
0.3506277058815325,0.1876195026753433,1,interior
0.3909278864507285,0.0969668024116158,1,interior
0.9422097558836335,0.2521352619702558,1,interior
0.9436652047146029,0.34753851153494286,1,interior
0.3931406209404437,0.09791221224124926,1,interior
0.9484861327757725,0.26708657599799834,1,interior
0.3412661685211375,0.17680341831718985,1,interior
0.3325005286784403,0.22690168448135511,1,interior
0.3186480588649442,0.2698103931134656,1,interior
0.32184753164693414,0.26991637647499334,1,interior
0.9417032278941074,0.3169016621677707,1,interior
0.9429829500222284,0.24711993880288927,1,interior
0.3342866247065081,0.2161672801749653,1,interior
0.3340618907393018,0.21848697148106097,1,interior
0.34956955412153623,0.18331925304996377,1,interior
0.9292699614024817,0.3738442827667006,1,interior
0.9445355078238391,0.2627301719687573,1,interior
0.9367723257014801,0.36147977905784007,1,interior
0.32031446286913795,0.2740117867616094,1,interior
0.937936231133919,0.35826140321240546,1,interior
0.32641327597324055,0.25531414274563113,1,interior
0.4172026197721938,0.06934755123526744,1,interior
0.9426993985164612,0.24337120956750424,1,interior
0.9409298180738087,0.2272215115378066,1,interior
0.33356730286061964,0.20936078866971555,1,interior
0.941278308376858,0.22416916124397457,1,interior
0.9455481778037161,0.2787570326553366,1,interior
0.35876767946589466,0.1565463586264783,1,interior
0.9283779623287033,0.36533292545736334,1,interior
0.32782374323942476,0.2279806241054162,1,interior
0.3860153944342725,0.10372415787586456,1,interior
0.84796756015662,0.07551295241199198,1,boundary
0.9361874584370465,0.25177945904768995,1,interior
0.3249542448218163,0.2569615312672326,1,interior
0.3260118253744582,0.22786202338105785,1,interior
0.9483854679557419,0.2686501795913846,1,interior
0.4095883390851478,0.08732609541106165,1,interior
0.9427774702277486,0.31825383171569416,1,interior
0.3969260285486492,0.08394370699499021,1,interior
0.9405003961408797,0.3481611803338751,1,interior
0.34505599490050903,0.16718943469241268,1,interior
0.34141626861511554,0.19140102714915636,1,interior
0.3420972766845934,0.17141960233915457,1,interior
0.3613113682661786,0.14008243891840597,1,interior
0.4117112241260537,0.07318830519677161,1,interior
0.3438895399347887,0.16571976080355239,1,interior
0.33189237267884325,0.22501372007247747,1,interior
0.3245614767676377,0.253568210656474,1,interior
0.42230805827851425,0.06638806736939079,1,interior
0.3646647469828841,0.13891973531736096,1,interior
0.9417743283781558,0.343897005593374,1,interior
0.409424763427833,0.0846997281945013,1,interior
0.9313624815787842,0.3818427495285697,1,interior
0.9450344017067884,0.2388512222730887,1,interior
0.9295743411984576,0.38106108667645394,1,interior
0.9457585308655,0.26084038790409725,1,interior
0.41523286274800847,0.07319508021414932,1,interior
0.3367792510530942,0.1919685677816854,1,interior
0.38841288032920274,0.10481754069092797,1,interior
0.33232449933044067,0.2580153093021855,1,interior
0.3490725787370165,0.16426014963482186,1,interior
0.8267054901679312,0.04878610660965968,1,interior
0.3242524702656189,0.2504454412933937,1,interior
0.37010454363656253,0.12684780069041401,1,interior
0.4089621707996396,0.07676672049156975,1,interior
0.34199692553509414,0.168640886519745,1,interior
0.4241056080227396,0.06530843218039517,1,interior
0.3676015042640691,0.12892058815143267,1,interior
0.35663997966602057,0.14427162181204078,1,interior
0.40981978336047437,0.07444194909121062,1,interior
0.8262299611323752,0.044927777936001334,1,boundary
0.39760412401402484,0.08566979567762627,1,interior
0.92901923498275,0.3758521219219527,1,interior
0.9479832462401684,0.2760269857619722,1,boundary
0.3902218341523336,0.10460921587004188,1,interior
0.35513082063599927,0.15619979595505668,1,interior
0.38081588630754076,0.11169198524525346,1,interior
0.9399788903224451,0.3538697196707797,1,interior
0.3448455958339915,0.17514599393699617,1,interior
0.9468394637638049,0.2385796230404868,1,interior
0.9396490529596904,0.21683424618217845,1,interior
0.4376716722213602,0.07598314919689228,1,interior
0.3361272453439174,0.19376677770552495,1,interior
0.8238946267518616,0.043514939268385566,1,boundary
0.9295003343095894,0.37082538138803395,1,interior
0.33503110999576025,0.19514651848038886,1,interior
0.4217714800333515,0.06367196838455023,1,interior
0.9380475794547269,0.25067551268713495,1,interior
0.4068269048563348,0.08241546356481139,1,interior
0.3725645079235876,0.12202965366010948,1,interior
0.9422018375500599,0.2455862946540619,1,interior
0.4064355715506835,0.080193563093214,1,interior
0.33078214007712636,0.2111410560577502,1,interior
0.3405174792203781,0.2018088293046855,1,interior
0.33391010558533957,0.22067625854100134,1,interior
0.40924440150589075,0.08287874428079077,1,interior
0.3419949539785285,0.19654133138908794,1,interior
0.41526433730549317,0.07120916245459141,1,interior
0.39567928788069195,0.08827659442948348,1,interior
0.9363145441369999,0.21398819865744412,1,interior
0.9391421354775404,0.35991605917451985,1,interior
0.8357667064516536,0.0702603789336828,1,interior
0.3307063087241058,0.2266414334190982,1,interior
0.9282429913293349,0.3683847253214576,1,interior
0.848839820508746,0.07851188564599453,1,boundary
0.36686480924300424,0.13163937464725722,1,interior
0.9311116986066029,0.38337864708922215,1,interior
0.3719743108711344,0.11908133748538584,1,interior
0.35428661506767417,0.14205021146999194,1,interior
0.3343933715341794,0.20421996795062253,1,interior
0.938157081689277,0.21522829127509588,1,interior
0.9421605502138507,0.3478676619479996,1,interior
0.41456343655916883,0.083719934655405,1,interior
0.3356556999070543,0.2218537252296958,1,interior
0.41244910800798373,0.06892075476235646,1,interior
0.32869191340428244,0.21183987389059525,1,interior
0.9424398284797854,0.2299919378236904,1,interior
0.33651167870844745,0.21212299656884578,1,interior
0.38962751626436254,0.09918286006353094,1,interior
0.9439737846575394,0.23498690934221855,1,interior
0.3642203920383326,0.1647570342885796,1,interior
0.35448190906859095,0.1392394303411482,1,interior
0.9398122016932656,0.2707681069131064,1,interior
0.3468694760375789,0.1640651577201271,1,interior
0.3427413337083308,0.17539668287761598,1,interior
0.3228802229121386,0.2650446533958063,1,interior
0.39081393655370567,0.10154821490574092,1,interior
0.39152283923158,0.10926973504119725,1,interior
0.9350039447729709,0.3633472498846767,1,interior
0.3527860581964054,0.14063082734669108,1,interior
0.9493172915811797,0.26996204736483975,1,boundary
0.7993220417483213,0.041404947167743074,1,interior
0.3655661223004369,0.12903936402955993,1,interior
0.34130677251203845,0.17279544226474214,1,interior
0.3331381184556244,0.22224893167725937,1,interior
0.4076675118183131,0.08404999272451803,1,interior
0.39873632182303964,0.09157120207648183,1,interior
0.39267416652974113,0.10440826874638111,1,interior
0.3416508398863965,0.1815956375669746,1,interior
0.3641892882217737,0.13081204693417747,1,interior
0.3964939889645362,0.09268411591624874,1,interior
0.35267407452007526,0.1621544548217606,1,interior
0.3819257455842881,0.11305373303913491,1,interior
0.3684228984684594,0.1310367195696918,1,interior
0.4144426521049093,0.0679438967355404,1,interior
0.33368854281062643,0.2075365379915122,1,interior
0.938430449455106,0.2095240017819729,1,interior
0.32298378589976817,0.2631641102580049,1,interior
0.9395529192259271,0.35640455498137835,1,interior
0.41291684974077897,0.06678791697039146,1,interior
0.9426315125070294,0.23289646083259988,1,interior
0.9377404064932137,0.3433171502774035,1,interior
0.8372592083277943,0.06344855619016967,1,interior
0.9434613005188419,0.2744159018752916,1,interior
0.39065541743700405,0.09398342736495226,1,interior
0.33971205253482756,0.18757835222665886,1,interior
0.9305950551817613,0.3726675718898245,1,interior
0.38244124703479043,0.10294596874227882,1,interior
0.9414550558813563,0.21217346239816834,1,interior
0.3214971808215812,0.2384634061585733,1,interior
0.33798802199303873,0.18697374238105546,1,interior
0.8286540849325653,0.04664506639742895,1,boundary
0.37029706582081223,0.12396037072445715,1,interior
0.9410894410184548,0.23193337477486273,1,interior
0.33151005740023415,0.21530664964483034,1,interior
0.33262865085525173,0.20378434937085782,1,interior
0.3314936069165155,0.20636680454643494,1,interior
0.8443605598600108,0.07592092943537428,1,interior
0.33635451511370557,0.21760953877943578,1,interior
0.4077225474116449,0.07864943487605734,1,interior
0.9443913280459313,0.35554955343038386,1,interior
0.36727609860651106,0.12384405488496235,1,interior
0.8263812410530409,0.046622024562367644,1,interior
0.9442123358534813,0.2532747405556935,1,interior
0.8396517797617491,0.05876987347682237,1,boundary
0.3609047832702982,0.13196702829023396,1,interior
0.9368885184542559,0.22392498793741564,1,interior
0.9451280166629855,0.24107346200213128,1,interior
0.9447201606245121,0.23364843628008328,1,interior
0.9425169405579793,0.21052827125752183,1,interior
0.3486223921309551,0.1617339399482314,1,interior
0.3883460532047568,0.10246436731404968,1,interior
0.3637119227679187,0.13431231716211556,1,interior
0.37626842610700145,0.11262706259401364,1,interior
0.40578225611995994,0.0838122530957216,1,interior
0.3956295730902673,0.09015941049325792,1,interior
0.33084262089068023,0.21674125134203426,1,interior
0.3404905226942322,0.17441855562548036,1,interior
0.3270273799587942,0.21384363661821548,1,interior
0.3332019718144883,0.1980354636853285,1,interior
0.3511210548988248,0.14797868215157567,1,interior
0.3470829052828147,0.1620963022363969,1,interior
0.3261243420519782,0.21154743407503995,1,interior
0.35864729277932295,0.13883433589679767,1,interior
0.41516366094031976,0.06968632464507896,1,interior
0.3885947140720048,0.10079392948091863,1,interior
0.944555840760464,0.20910629752101093,1,interior
0.9455718232824046,0.2585509046033218,1,interior
0.39025198514956344,0.1029667961154041,1,interior
0.9439630488388487,0.20678322794976223,1,boundary
0.34530505327679684,0.16474848353109822,1,interior
0.33870645872741617,0.18209924928916346,1,interior
0.3292744484454243,0.21356363824508034,1,interior
0.34381277103969043,0.16863879708680046,1,interior
0.9399128020489463,0.35806936387477306,1,interior
0.9450459274162994,0.21066253059197387,1,interior
0.8066222762703246,0.04046797998443792,1,interior
0.949804485326501,0.25881525017905377,1,boundary
0.334731882598863,0.19223722629643003,1,interior
0.4063952085348732,0.07778825864798512,1,interior
0.32259165820686575,0.24634059090853172,1,interior
0.9486300435223797,0.2646260648312347,1,interior
0.32915853761656577,0.21561364636035635,1,interior
0.3776764150363709,0.11790236836167188,1,interior
0.32175723866554473,0.25465022900841866,1,interior
0.3209717462379962,0.25669163825615215,1,interior
0.9321635727539114,0.36873245856979475,1,interior
0.3208986173283588,0.24205062951637019,1,interior
0.34187098834791624,0.16385192290511322,1,interior
0.35973309882822363,0.13543087486523223,1,interior
0.4049862996976664,0.0819506873061568,1,interior
0.35270562730546884,0.1472349845182421,1,interior
0.35386046688336653,0.15756524202271033,1,interior
0.3395860588283277,0.18990314463977487,1,interior
0.9399665573121478,0.21529538222895292,1,interior
0.3385448457826197,0.17630708578772997,1,interior
0.3532961182391769,0.16378565062546974,1,interior
0.3423222626022085,0.17830284921671044,1,interior
0.3337245792249813,0.19634276366634107,1,interior
0.3758219622255757,0.11595660546424359,1,interior
0.32924044802913616,0.20677456782627365,1,interior
0.9464709348357181,0.2763074832788865,1,interior
0.4059699628500284,0.0761959604467771,1,interior
0.32690814171662236,0.2583960833832618,1,interior
0.336191127174148,0.19011418784138928,1,interior
0.37923296886568364,0.11343585088153654,1,interior
0.3622677242896832,0.13537354951042038,1,interior
0.35801118774975954,0.13373276950206592,1,interior
0.3626975958360025,0.13263319655237502,1,interior
0.9424342892203514,0.35785099051445873,1,interior
0.8296660518981148,0.048313014934281744,1,boundary
0.3327508380706841,0.19360831390241975,1,interior
0.9399526317932598,0.2441684957100939,1,interior
0.3206432860590468,0.265946436634619,1,interior
0.945366181375127,0.2547112778104546,1,interior
0.9342351398662746,0.36596449799526864,1,interior
0.9312567492656335,0.3755789931215997,1,interior
0.3314347435887943,0.20898112366145108,1,interior
0.3343332859566683,0.19066884265380568,1,interior
0.3411100422721879,0.18952182726086453,1,interior
0.32756649711384456,0.24839988532312032,1,interior
0.3797957153011266,0.1043167997307918,1,interior
0.37009048341614426,0.12234403719766779,1,interior
0.9377835867898084,0.36342159786916334,1,interior
0.9238493601255124,0.3779010179182569,1,interior
0.9412606947426087,0.35577973185743555,1,interior
0.4281087952768068,0.06610182775292564,1,interior
0.31903138793074576,0.26621447048239816,1,interior
0.3499254987967003,0.1605771215833819,1,interior
0.9361807071694914,0.36441436072075256,1,interior
0.3211140519741604,0.23300715931711666,1,interior
0.9485285541795261,0.2776328754560545,1,boundary
0.35741871239958756,0.14079049830311968,1,interior
0.9363805048162653,0.2099760077705835,1,interior
0.3971223452221856,0.09106375640093971,1,interior
0.3272469362614599,0.21571136361686277,1,interior
0.410457701762769,0.07220925367425238,1,interior
0.37133597350170144,0.12098179314694425,1,interior
0.3325135349553461,0.2001034016926998,1,interior
0.3327498980531116,0.21966531632398584,1,interior
0.3789629509597591,0.10690967896957503,1,interior
0.41062269840646515,0.06982127041453169,1,interior
0.9372512581996301,0.35685915599333345,1,interior
0.3510015954721391,0.15594379927310614,1,interior
0.3276407274826143,0.24677328342144336,1,interior
0.32075720200050706,0.2443239007851384,1,interior
0.939917975625095,0.2109251811809955,1,interior
0.33680283671224376,0.19769048690479488,1,interior
0.3522420784270649,0.14258168005445926,1,interior
0.32771241477712454,0.22986175594086483,1,interior
0.9417227362627629,0.22571823525007897,1,interior
0.9270527884262346,0.3714868099523056,1,interior
0.35595850012155505,0.1356250494811029,1,interior
0.3327207464537855,0.2164582817747756,1,interior
0.9452438810714812,0.21355000613728548,1,interior
0.32022139489006596,0.23480919656061897,1,interior
0.3330893435796437,0.20181455738126805,1,interior
0.9431321244606746,0.21327091340421583,1,interior
0.3400649885257006,0.16289817937793133,1,interior
0.35011281741293415,0.17226837695582714,1,interior
0.3569040184562682,0.13683473419377443,1,interior
0.9416605022212818,0.35419840756003096,1,interior
0.38040449753719896,0.1062314364839572,1,interior
0.4274476400179342,0.06206266432712694,1,boundary
0.35640881808462593,0.13294590215925037,1,interior
0.3392663719752896,0.18561054273592328,1,interior
0.32048579900009494,0.24036219470903314,1,interior
0.3411649478038169,0.16534983983590237,1,interior
0.9442112940857702,0.24850395300896783,1,interior
0.37938637720619506,0.11496935930382803,1,interior
0.9459988271465247,0.24452177796627317,1,interior
0.3778264984763206,0.11414295414781232,1,interior
0.4126956930861149,0.0749489539435111,1,interior
0.32400812689530445,0.2275642442329911,1,interior
0.36135313083233167,0.13033048981382586,1,interior
0.33117038446126174,0.20122833243995042,1,interior
0.32021183794667657,0.24602012551660932,1,interior
0.3323362456063487,0.21805392415079616,1,interior
0.3626183388170592,0.1372948858532087,1,interior
0.3397678922471204,0.17741668896227258,1,interior
0.3427789303463316,0.16715463714486883,1,interior
0.36802231202884284,0.12670479227023987,1,interior
0.940646499750873,0.21808069304762132,1,interior
0.3167056544694191,0.26963140141389436,1,interior
0.9445255222401435,0.2320482983756565,1,interior
0.34347307389530196,0.16239301435070377,1,interior
0.3771219603467345,0.10965618944346066,1,interior
0.3968159829361005,0.08189326135938589,1,interior
0.362872848014229,0.12924861894328904,1,interior
0.42851171505717384,0.06416131043973368,1,interior
0.3642702703738675,0.12675162518426888,1,interior
0.4204459549707997,0.06818281146955751,1,interior
0.3245106870717204,0.21559926579675623,1,interior
0.3307321199651411,0.1946924278618885,1,interior
0.3586181914012839,0.13670502618686553,1,interior
0.34333148765112553,0.1814410755704461,1,interior
0.32279068681843454,0.2490934436105543,1,interior
0.32087959429316565,0.25068305645971256,1,interior
0.4078658249953984,0.07463267951634113,1,interior
0.36764826630000874,0.12104238817216298,1,interior
0.9451350085139284,0.3519486924496022,1,interior
0.328647266234819,0.22557346329470057,1,interior
0.9390983012397789,0.21354024953510842,1,interior
0.3417728634705221,0.16232493899138561,1,interior
0.9469233161580911,0.3522165723979212,1,interior
0.944704914012941,0.2162340100482686,1,interior
0.9346450391816978,0.36868562249218223,1,interior
0.3240047273465397,0.2173686133005042,1,interior
0.3576735648662708,0.15289449695682297,1,interior
0.40413781987609093,0.07943763889227437,1,interior
0.9472293633554478,0.260313599578826,1,interior
0.3451510680999077,0.16218729195243697,1,interior
0.3570027920891279,0.13914739966968354,1,interior
0.41601865933526394,0.06647365586924199,1,interior
0.4028970168312338,0.09401547203813478,1,interior
0.352026416138641,0.15049249824302083,1,interior
0.3663450786264147,0.12663112318207026,1,interior
0.3432490720498283,0.1700680281352625,1,interior
0.32133063401071443,0.21859255755346607,1,interior
0.3407685463887549,0.180183015525872,1,interior
0.33470697790003345,0.18898190876471213,1,interior
0.4186983322066407,0.06735370128772296,1,interior
0.33737734578684087,0.22236385836386086,1,interior
0.3546731494617856,0.15358573071158818,1,interior
0.3293870032854851,0.22421499953524152,1,interior
0.9491249600465954,0.2571937011658876,1,interior
0.3783325729102856,0.10549855594751593,1,interior
0.42639739833380924,0.0608228495153842,1,boundary
0.9421379403734743,0.20859065552729555,1,interior
0.40773038260738526,0.07182078570873496,1,interior
0.4195052648759271,0.06333739431044308,1,interior
0.33007373317667266,0.21819134512559332,1,interior
0.9447349213966069,0.25034052884617675,1,interior
0.3604713958668288,0.1281498413949649,1,interior
0.9447513040313131,0.2468932423016639,1,interior
0.3596874407254619,0.14015406661179763,1,interior
0.94318561268218,0.3544614231661769,1,interior
0.9415694017138896,0.20236063565253287,1,boundary
0.3946820066062453,0.09213076857381865,1,interior
0.3430487644744036,0.16022252105396742,1,interior
0.40617298560041903,0.08784405019516568,1,interior
0.3323859859293877,0.195094809028156,1,interior
0.9442418177006071,0.3457940850874566,1,boundary
0.9398559778656347,0.21949579012496168,1,interior
0.34036587553699793,0.16124636475728374,1,interior
0.9487015171481697,0.3519158006202221,1,boundary
0.3985408334030072,0.08139941009974475,1,interior
0.9455063598715795,0.3534305507234494,1,interior
0.9446188661488802,0.3580875186090276,1,interior
0.9431103812788845,0.3564206520052716,1,interior
0.33935799358311747,0.1730146262345998,1,interior
0.3308145662889048,0.21995354280677534,1,interior
0.31596541278020124,0.2677507974953641,1,interior
0.9367193540539962,0.3663954409617603,1,interior
0.3538720363785904,0.13730389280302346,1,interior
0.3866490823059773,0.10143097009231358,1,interior
0.39420372145824284,0.08654950633981519,1,interior
0.3375002058653412,0.17754567795538273,1,interior
0.35539534659510286,0.13790623954091696,1,interior
0.39260238942149983,0.09451639332756125,1,interior
0.9428253837891086,0.22777044856113876,1,interior
0.9439766780538942,0.2148744191278365,1,interior
0.942299227268772,0.21621629389641764,1,interior
0.9492097935558201,0.2610442157495798,1,interior
0.3305177766811422,0.197874427899568,1,interior
0.9494778735485044,0.263083978919294,1,boundary
0.4010479705730767,0.0824839130624972,1,interior
0.4103823084278338,0.06751027057435248,1,interior
0.9476066919697715,0.35405884459668824,1,interior
0.3487541140560526,0.15930476267670027,1,interior
0.9461856306604809,0.36014108570414405,1,interior
0.42020413726192174,0.06550586065875284,1,interior
0.3238371228173108,0.21353867776700639,1,interior
0.3549463978764097,0.13364901748146343,1,interior
0.32704082893162223,0.22583860392483213,1,interior
0.33122963362678515,0.22193292128872447,1,interior
0.9317130220091365,0.3714800993996173,1,interior
0.943233916762495,0.28309772726454224,1,interior
0.423429683396154,0.0634340053785473,1,interior
0.40104099959856954,0.07975504492314649,1,interior
0.32712067582594995,0.2179932089902763,1,interior
0.33277834422878694,0.2054940787399027,1,interior
0.42491157202824714,0.06297774219640924,1,interior
0.8434087298813586,0.07451788008466154,1,interior
0.35637076524115974,0.1311872239893394,1,interior
0.39485468698391046,0.0975309823693909,1,interior
0.40255481745741006,0.08296711143181247,1,interior
0.9406396084742635,0.21360077275649522,1,interior
0.32451841107863555,0.22581029279888706,1,interior
0.358904361183301,0.13212494114850645,1,interior
0.9415330334947309,0.2507508668331183,1,interior
0.4044270140741261,0.07571071747546287,1,interior
0.35757487300268986,0.1354213039459133,1,interior
0.9419049283841193,0.2146502165905638,1,interior
0.34928843752368327,0.14747996483255302,1,interior
0.9452473040761572,0.25636907322068264,1,interior
0.32265883316634464,0.257499657425875,1,interior
0.34032429809475806,0.18339249939613553,1,interior
0.32081038603788825,0.24833319198232115,1,interior
0.9460770320666887,0.3550981987223088,1,interior
0.9466050487469527,0.21492383108119997,1,interior
0.9322267257368022,0.3742904403169804,1,interior
0.37432952872093017,0.11518354380679847,1,interior
0.9431853870784551,0.2502336467402358,1,interior
0.3231223243691538,0.2601855318297395,1,interior
0.9450234632129264,0.36269238646287305,1,interior
0.31950404367159646,0.21678197748186845,1,interior
0.32087470646575966,0.2635293774519467,1,interior
0.9466580635402921,0.21100500069204794,1,boundary
0.33093702629709637,0.19968980205695963,1,interior
0.33986440287452113,0.17895744140318498,1,interior
0.9374533263685914,0.36008171789458765,1,interior
0.32297372137759406,0.25210964070935066,1,interior
0.9436640232546398,0.3637114377427219,1,interior
0.3296779151513864,0.20411479747720693,1,interior
0.3967388309569418,0.0869513245402706,1,interior
0.35118854327985055,0.1530483790016582,1,interior
0.3587539585262285,0.12845935918227772,1,interior
0.9456367013048312,0.35693147688572074,1,interior
0.3698673260186256,0.12042829550041863,1,interior
0.3171100609855663,0.2652783610511814,1,interior
0.9477266570395148,0.2617502423149368,1,interior
0.39515652478730606,0.08378733662664746,1,interior
0.9499186638052849,0.26610138782865456,1,boundary
0.42637179387122565,0.06481805407194782,1,interior
0.37475228061199917,0.11866165732467726,1,interior
0.37028993617847805,0.11861276246951008,1,interior
0.3308189059893164,0.21394871505136692,1,interior
0.9330741805836024,0.3795877652113295,1,interior
0.9473850187780807,0.21727436235252914,1,interior
0.35434276826254013,0.15121499367190788,1,interior
0.36252357211849756,0.12709186014569634,1,interior
0.3208488472283857,0.25284069226897493,1,interior
0.9436075098915429,0.2115851910921693,1,interior
0.3386470519117192,0.16389149078027315,1,interior
0.35086926553093606,0.14620052308917084,1,interior
0.3185344936871269,0.2492928292264056,1,interior
0.34049025274303046,0.16950729297104963,1,interior
0.9425324181022818,0.21823553953768612,1,interior
0.34691811939774964,0.16011717569753417,1,interior
0.416860700422813,0.06275138104536923,1,interior
0.9344421831091647,0.3783107125361149,1,interior
0.9394818059404021,0.22277288300316636,1,interior
0.3143714578870465,0.270008370343451,1,interior
0.37224061255797186,0.11613280285274237,1,interior
0.32382654294681096,0.2118091476630073,1,interior
0.393565645519992,0.09052262622393206,1,interior
0.9450127956699439,0.21794016343828274,1,interior
0.9352536881080238,0.3744574665362478,1,interior
0.9469992486046682,0.2533384195470442,1,interior
0.9418724292393179,0.2219347286855001,1,interior
0.9340728771391182,0.37028838011681475,1,interior
0.9479026902021819,0.35618062383564547,1,interior
0.9468640531738572,0.23240682637099966,1,interior
0.9462888361943927,0.2363297001991461,1,interior
0.3394898140822536,0.170907225462873,1,interior
0.9476508527545505,0.21359168189178612,1,boundary
0.4032904093020767,0.07417019171635746,1,interior
0.4058144781216348,0.07418073359306755,1,interior
0.4178785268624021,0.06010877805066417,1,interior
0.3173516222702538,0.23467768416668142,1,interior
0.3640535271147797,0.12826377390036137,1,interior
0.9472958079976745,0.25646266106982124,1,interior
0.9396678899587986,0.3619401908696515,1,interior
0.9336388268451807,0.38470986354982695,1,interior
0.4233485656718014,0.06180942654711924,1,interior
0.33714975829817706,0.17350218906410092,1,interior
0.3849529507027828,0.10220105103958314,1,interior
0.9462044817644836,0.23464765645033434,1,interior
0.31736763696878584,0.26678460194053133,1,interior
0.9361831044058141,0.2268944196106113,1,interior
0.33926765281546306,0.18048564717705998,1,interior
0.3299063034751184,0.2091921269129561,1,interior
0.35268315357583335,0.1519324742025482,1,interior
0.39460767140383174,0.0821610280603656,1,interior
0.9489091187109334,0.23597353114223713,1,interior
0.4088781162682952,0.07063525576111686,1,interior
0.9472458895777303,0.2483705149953896,1,interior
0.34036543868160857,0.1678570618177105,1,interior
0.3189652424059568,0.2713150004289837,1,interior
0.34734503102893893,0.15780652050511892,1,interior
0.9434017191549813,0.22275889393521017,1,interior
0.42792674305948947,0.06844572628741108,1,interior
0.32475783978825085,0.22968922293541108,1,interior
0.31958382149024217,0.2647024447189269,1,interior
0.33688696328628276,0.1626923351188209,1,interior
0.36606746400807677,0.12488714085511486,1,interior
0.32758141824415177,0.20888714044348028,1,interior
0.3309956651238529,0.2032731010973353,1,interior
0.31471902798502904,0.26667090079556394,1,interior
0.9494763640198983,0.255681580410768,1,interior
0.3380135431881661,0.16929369029868335,1,interior
0.4163412201992962,0.06442434827493454,1,interior
0.4078583835377968,0.06868676635824748,1,interior
0.33618579313764063,0.18836126758920085,1,interior
0.4018887694468542,0.07669779892515403,1,interior
0.3182727935930764,0.27439330395693806,1,boundary
0.940899312365738,0.36056041524964927,1,interior
0.4090393831875955,0.07297409312393209,1,interior
0.3384649901346122,0.1659714902418223,1,interior
0.9463387525783957,0.3584113518055422,1,interior
0.9352903708895249,0.38115446501762434,1,interior
0.3872345223259779,0.09989206084621635,1,interior
0.3249973128971294,0.25187170086428184,1,interior
0.3491153211633582,0.14584988631880327,1,interior
0.9324758487662228,0.38771972029821217,1,boundary
0.3590649185134585,0.1300586464812225,1,interior
0.3420309948086759,0.15820462298430968,1,interior
0.35714919400640427,0.12770693837262714,1,interior
0.3186671610806781,0.2622873177134412,1,interior
0.9339386161486914,0.37677006847760736,1,interior
0.3824525621570602,0.10789296535915927,1,interior
0.7958422902710159,0.03952600908023659,1,interior
0.4115263334197734,0.07107995938523137,1,interior
0.40706916596157217,0.0732749181424865,1,interior
0.3225508623587133,0.23008892077254664,1,interior
0.9434193766462239,0.3609612540733672,1,interior
0.41529540164765605,0.0623950818104725,1,interior
0.3134792936424786,0.2681376952773347,1,interior
0.405746634248485,0.07193601404843862,1,interior
0.40195614117260275,0.08099927824828713,1,interior
0.3286467921549968,0.21758198053843333,1,interior
0.9486012654538563,0.23768771414267373,1,interior
0.9419344374799375,0.3628204455076464,1,interior
0.33526971068285233,0.17619281741227505,1,interior
0.9416664641378492,0.2201630785013119,1,interior
0.9329152308949854,0.3813517029226861,1,interior
0.3363498503369464,0.18095270490365042,1,interior
0.9427782040359886,0.22446527222585816,1,interior
0.3439195789432283,0.15817365198356972,1,interior
0.944264404208794,0.21998641470062452,1,interior
0.31849149337018984,0.24540106023728311,1,interior
0.317021565083652,0.21545959203983603,1,interior
0.41575283230781607,0.059245645745578585,1,interior
0.35441505679098156,0.13025610239604102,1,interior
0.32901894237941953,0.20140263876026523,1,interior
0.3381773562952597,0.17894993809505327,1,interior
0.353524422314715,0.1356665324113687,1,interior
0.9338737072959244,0.38692294788109005,1,interior
0.35383678875940255,0.1323879550525099,1,interior
0.3384070734312344,0.18361293055500869,1,interior
0.9456827819763641,0.25183585507585915,1,interior
0.3499981222249404,0.14371885614242583,1,interior
0.32807141633966075,0.21042692087795611,1,interior
0.4188122044415057,0.0716160434866743,1,interior
0.33780354136858504,0.16767417833782314,1,interior
0.321915554266972,0.23156867634951003,1,interior
0.38032638442008754,0.10198611523007281,1,interior
0.39273198282841587,0.08813743704262673,1,interior
0.3878908170830385,0.09792627223451474,1,interior
0.34568361277877546,0.15659329445033568,1,interior
0.933958535453436,0.3718232301207165,1,interior
0.41423013988884033,0.06519806612857146,1,interior
0.9339153029953072,0.37356720301120483,1,interior
0.37555194359710603,0.11047235583628638,1,interior
0.3520302980673431,0.13721650775154934,1,interior
0.3368579991103421,0.1834924407429695,1,interior
0.3768399678070676,0.10497510413838462,1,interior
0.3321841419198164,0.19109193948787523,1,interior
0.3227274604748439,0.21516893656024733,1,interior
0.3923919447595056,0.0840992870823284,1,interior
0.3254710653620175,0.22389001465497382,1,interior
0.940647905488457,0.36396513239579414,1,interior
0.9370113570875884,0.3685103498120421,1,interior
0.3168442070258327,0.27291470304861526,1,interior
0.4184979345451572,0.06561117510194162,1,interior
0.32526941029155904,0.21862454738199655,1,interior
0.41866882844695624,0.06189511710216646,1,interior
0.3754937315255656,0.1141641217716382,1,interior
0.9482869583565371,0.3604701410307526,1,interior
0.34351444553926425,0.16403965224336056,1,interior
0.32585235896307235,0.21647772276204358,1,interior
0.3508050389734235,0.14079949197224856,1,interior
0.9451960820250278,0.22422659988271,1,interior
0.3348996436649711,0.17959495051095573,1,interior
0.3352297136342693,0.17800547971697384,1,interior
0.9513009125638101,0.25350141016304895,1,boundary
0.39393617796154506,0.08500151591553327,1,interior
0.32780826586616163,0.21995470171366485,1,interior
0.3781535235199602,0.1164432613909801,1,interior
0.3191712532099569,0.25118929577475063,1,interior
0.33447058687164327,0.1639065171444392,1,interior
0.9491032612704643,0.25337159074523263,1,interior
0.38025361149731157,0.10031226338136663,1,interior
0.9465477745962306,0.24007648267763226,1,interior
0.320062525435046,0.26140616175755726,1,interior
0.3784832037328676,0.10351011650454961,1,interior
0.9356721046797923,0.3715160140007305,1,interior
0.3250063018102988,0.2088958328713177,1,interior
0.9494707719153217,0.35449858676971036,1,boundary
0.3265668146486921,0.20540662175468521,1,interior
0.42065910211384583,0.06128698088297652,1,interior
0.33531106266015714,0.183108666924471,1,interior
0.9452304656767144,0.22129549371077298,1,interior
0.41729216669891445,0.05804817958003547,1,interior
0.38477157222382435,0.10060982738894644,1,interior
0.9461955717628701,0.2307607388291311,1,interior
0.34114944254417306,0.15974741557272118,1,interior
0.34526383543551736,0.16054614710332138,1,interior
0.41271856993806233,0.08116657984253745,1,interior
0.410823368029542,0.06591736000546912,1,interior
0.4025608815357365,0.07872124324752866,1,interior
0.3504103312760487,0.14976917996884506,1,interior
0.9457773221114294,0.2257144816899889,1,interior
0.9328294811916233,0.3833650814460038,1,interior
0.3509209821866429,0.13866473817221361,1,interior
0.9490812596999945,0.25181258321425265,1,interior
0.345441150595989,0.1588084944728334,1,interior
0.9362209537881581,0.3699312762202623,1,interior
0.4049945214440493,0.07005402725674846,1,interior
0.32282223841047897,0.2189805675172399,1,interior
0.9508525333225024,0.25699006373534095,1,boundary
0.3519633671588878,0.14432850745509154,1,interior
0.351076608649985,0.1326926160935505,1,interior
0.3341891763587016,0.1875074542073111,1,interior
0.33908158271891703,0.19540887332818252,1,interior
0.39556601718837486,0.0854273662414507,1,interior
0.4085783342577997,0.06617842867822774,1,interior
0.3186656040104524,0.23642932316615814,1,interior
0.9444299797143272,0.24477733755875575,1,interior
0.946425960455498,0.2186700295343593,1,interior
0.9305881756224377,0.36966899762709826,1,interior
0.3294039184812977,0.22059423525235025,1,interior
0.9478601850829206,0.22556801479230526,1,interior
0.31647506654398816,0.21262197831364613,1,interior
0.3523562402614864,0.1340656949242598,1,interior
0.4220070316238621,0.06042967634203591,1,interior
0.9477776047634597,0.2207975824799126,1,interior
0.3890316383677864,0.09686392954898361,1,interior
0.3252454145220936,0.24814614468759594,1,interior
0.3854442526743805,0.0963014137981551,1,interior
0.3386922488325888,0.16209979768475444,1,interior
0.4036512979195398,0.08095926419651638,1,interior
0.33202179114288083,0.1887773153158179,1,interior
0.9480592010685079,0.24055765570260887,1,interior
0.936141587050086,0.37856112985628126,1,interior
0.3269677734913572,0.2012610845616767,1,interior
0.3170255833666739,0.263042045489557,1,interior
0.331355688059479,0.1962865770049221,1,interior
0.3534652874883103,0.14559837495758654,1,interior
0.32110215343675935,0.21683837052288646,1,interior
0.9469153743590992,0.26414365965340314,1,interior
0.33895429300135765,0.17459013677331078,1,interior
0.41438476961341425,0.07491788270294823,1,interior
0.3244141734606392,0.21037737017372155,1,interior
0.3365171473166339,0.1714764314106183,1,interior
0.35284259133188206,0.13904914444064628,1,interior
0.33609550809913513,0.18679302934540823,1,interior
0.31862426591782933,0.23384958074341633,1,interior
0.31905770620788987,0.25277685413755263,1,interior
0.36617781735046534,0.12231204194455944,1,interior
0.31986904594937476,0.23806274073405012,1,interior
0.9426048837313424,0.36544597849009597,1,interior
0.3377433020088578,0.18528729053282827,1,interior
0.3389278135094462,0.16034854840264434,1,interior
0.9483771877173014,0.23270974339409925,1,interior
0.9488204717980978,0.23423278454987276,1,interior
0.400566108577179,0.07761669355237455,1,interior
0.3297094822249912,0.22252458886953705,1,interior
0.9465180449643583,0.3635329400000433,1,interior
0.40695602920242174,0.06611146726836607,1,interior
0.3171049523709439,0.2711633377620895,1,interior
0.3286092835199947,0.19645013866760638,1,interior
0.9368562533895141,0.3726332749102824,1,interior
0.40459772537337974,0.07786284911427234,1,interior
0.40318472503053054,0.07089909856184819,1,interior
0.9380297320435877,0.37048167770426926,1,interior
0.9365659159175939,0.38012924430361,1,interior
0.32991815902069355,0.19323951411061982,1,interior
0.31451774947654687,0.2646769172842956,1,interior
0.9394767285031898,0.36595093618266517,1,interior
0.40602934981430533,0.06815480948927284,1,interior
0.4165054051281671,0.06794532828607672,1,interior
0.36440904578764427,0.12437929884293127,1,interior
0.3237316915442943,0.2560227390634794,1,interior
0.3182440096065522,0.2391337684525859,1,interior
0.9464104849359699,0.22258984396353262,1,interior
0.3924792839258273,0.09288673991606093,1,interior
0.38265557016079876,0.09550234572198477,1,interior
0.9418657552646027,0.3669235316298546,1,interior
0.3274983206234304,0.2038892401179744,1,interior
0.9477313778896322,0.36222836532901337,1,interior
0.37322156211503094,0.11407500891863809,1,interior
0.336047551585313,0.18491030747776516,1,interior
0.9451087692712898,0.3654130041823258,1,interior
0.39223801988249635,0.09136178575730002,1,interior
0.3328375737470331,0.17898350372898908,1,interior
0.3186002906084114,0.21892486127255414,1,interior
0.936174009891843,0.3878619669772798,1,boundary
0.3200777506959829,0.22002733598920435,1,interior
0.4139135347607176,0.06342194511877772,1,interior
0.3766137543709872,0.10675366967912765,1,interior
0.33372510601149624,0.18138081032121067,1,interior
0.3393823522965712,0.15833106580883163,1,interior
0.3832427205829294,0.10111210621422155,1,interior
0.9380850347289705,0.2361254735300916,1,interior
0.31787987189006556,0.220297436905171,1,interior
0.382622833560841,0.09901694204704994,1,interior
0.9442321999649971,0.23013089996671668,1,interior
0.3349303057506766,0.1616306057361931,1,interior
0.40409233935549194,0.06845887277099616,1,interior
0.35962596281866827,0.1253482088397745,1,interior
0.37449871428537257,0.11243320256372481,1,interior
0.3125420395014844,0.2648000996532363,1,interior
0.4119917716017769,0.06418003915553061,1,interior
0.3488441485990732,0.14270368053680751,1,interior
0.9385731392075591,0.37225570595976526,1,interior
0.9470207522416831,0.22409330111357123,1,interior
0.4060702044527003,0.06407095931233757,1,interior
0.32217332408990496,0.2120207647383469,1,interior
0.9440464205439525,0.3214507180996093,1,boundary
0.35849718253560237,0.12658414301621757,1,interior
0.3766083287290695,0.10160538566451903,1,interior
0.9508637846051639,0.2258087626177467,1,boundary
0.3970370969690019,0.0803431123790323,1,interior
0.35570020965656446,0.12575958004129864,1,interior
0.9490223459855814,0.22694828676976148,1,interior
0.35015100126190846,0.13486568026781323,1,interior
0.3183347528207258,0.22247662848250319,1,interior
0.42021314465337206,0.05960677730343198,1,interior
0.948834493027614,0.3634562176449207,1,interior
0.9488843189674672,0.2230753491174552,1,interior
0.31723941749034146,0.25177576726289225,1,interior
0.32891254062866826,0.19960108334700394,1,interior
0.9486208306774985,0.35759527172387046,1,interior
0.34993367114785484,0.1371054813767752,1,interior
0.3702653611680286,0.11689319415783134,1,interior
0.9485004644853688,0.24219547946074435,1,interior
0.31408862657200204,0.2627091983023304,1,interior
0.3161583022634704,0.23611170475483348,1,interior
0.3916369855950097,0.08581271959757013,1,interior
0.3718964922953372,0.12364838184986791,1,interior
0.3684130248831357,0.11874255221079409,1,interior
0.4095976392506409,0.06398081610836007,1,interior
0.3728171437387948,0.11130835225688272,1,interior
0.32118347600168895,0.222968810069011,1,interior
0.3976558829655814,0.0789445798827681,1,interior
0.33176467233123924,0.18343766157609095,1,interior
0.946883753009402,0.24321795597278534,1,interior
0.9326704735251685,0.377860084639667,1,interior
0.361908907793026,0.12549394020531587,1,interior
0.3133452221873424,0.27204200562682634,1,boundary
0.40520665921605203,0.06586154753726293,1,interior
0.317712899254495,0.24676855908911835,1,interior
0.3163460400040329,0.2201520259471256,1,interior
0.9431273200754954,0.35936666327313704,1,interior
0.3230919315821268,0.2093683670900519,1,interior
0.38185303632401085,0.10032968569900257,1,interior
0.32008960546057263,0.2552918557263342,1,interior
0.3738259799197889,0.11666796077928585,1,interior
0.950252212109625,0.25063060253881597,1,interior
0.3889228272210778,0.0934538564989445,1,interior
0.3572509229326245,0.1589260735036631,1,interior
0.4163296309231115,0.06087115518233452,1,interior
0.3906190996946207,0.09234431727059356,1,interior
0.3716494439157445,0.11754432147138054,1,interior
0.32537725916265264,0.21407523933934824,1,interior
0.40688187791435787,0.06989154271608179,1,interior
0.31623859926111375,0.2378104638411728,1,interior
0.3168392625269553,0.24833542497790992,1,interior
0.4033184087863428,0.07252138316179287,1,interior
0.401591879612492,0.07423529604464779,1,interior
0.3202332071737177,0.2216495359685221,1,interior
0.32740098102480686,0.22155274055641774,1,interior
0.947389084703207,0.3650445399239465,1,interior
0.31911216591096997,0.24350971034196886,1,interior
0.35306754712225025,0.12579791766920348,1,interior
0.4137034361594177,0.060077025524771614,1,interior
0.34844183427022973,0.13891701051745922,1,interior
0.31974936768740714,0.23018407186111367,1,interior
0.3237421056509124,0.22348403194128247,1,interior
0.32495963922962434,0.2207618121525728,1,interior
0.3477249107324566,0.1470474844943969,1,interior
0.9414484350295974,0.35908650320804075,1,interior
0.9356559733223472,0.38499956031683624,1,interior
0.9467258003644987,0.2504158109607732,1,interior
0.3220026858979392,0.20659794932009515,1,interior
0.9441782903477273,0.3671282569465749,1,interior
0.9370583035870018,0.3753386420201485,1,interior
0.34848759376724686,0.1410986749869522,1,interior
0.32633605385295306,0.20980026992212508,1,interior
0.3821806608152829,0.09728735331620164,1,interior
0.41194572880037,0.06189248953455723,1,interior
0.32275337402375226,0.2207151637074439,1,interior
0.41380467703712526,0.06189156548441655,1,interior
0.39003209722022364,0.09540062982060821,1,interior
0.32704494835447456,0.19745686713065255,1,interior
0.9345423431158232,0.3826567915670767,1,interior
0.9391172740974281,0.38103072565767787,1,interior
0.32610652572015036,0.22248252351695116,1,interior
0.9478455476813722,0.2312142748455549,1,interior
0.31325347081901367,0.2607445878402605,1,interior
0.33697508681730093,0.17566569332424692,1,interior
0.9457627144869076,0.24886080354773865,1,interior
0.3304392525397793,0.19169766595422685,1,interior
0.390905325425269,0.08879946927720918,1,interior
0.38487390074067185,0.09827544779707377,1,interior
0.34971584290840885,0.15449644517057237,1,interior
0.3333144926526086,0.18476817495742967,1,interior
0.36886421041216305,0.11440865798505842,1,interior
0.4220653063152389,0.06789571868717696,1,interior
0.38872925536087605,0.0915801396477066,1,interior
0.37468400961282583,0.1042137297899172,1,interior
0.3337863218713138,0.17666429466576772,1,interior
0.9462026487243254,0.24617727644980567,1,interior
0.9375825147108267,0.38241367320826863,1,interior
0.9390560565145861,0.3769521931358764,1,interior
0.409961926737018,0.06202345990671928,1,interior
0.4248080987335937,0.06677354675605818,1,interior
0.3357033374082465,0.1660221139063387,1,interior
0.9485034170467254,0.2154985338974564,1,boundary
0.3863354051650739,0.09753637374310678,1,interior
0.351485008179906,0.13569520661255208,1,interior
0.407894333629502,0.06339298331474488,1,interior
0.3150243307227707,0.2614187009488156,1,interior
0.34698103272205494,0.14276803107380426,1,interior
0.3490378906525433,0.15276516878046073,1,interior
0.9414688148492215,0.3809102561558319,1,interior
0.944791899870664,0.22726297060046052,1,interior
0.32734416525780197,0.22344696238461997,1,interior
0.9502059410878934,0.23262291624603007,1,interior
0.3731425527291757,0.10264386063610849,1,interior
0.40279793198193925,0.06559301356820009,1,interior
0.9391510641767461,0.3682431253166091,1,interior
0.9480742721214475,0.25482531832168887,1,interior
0.9503852148943891,0.23746256478222003,1,interior
0.34797974934746567,0.15131443682407492,1,interior
0.36561719377352964,0.1198250571912104,1,interior
0.3225955146631177,0.22239260851264978,1,interior
0.390275735529472,0.09068331770851866,1,interior
0.37968775904382673,0.09853254074229893,1,interior
0.32557798277572947,0.20306561337646883,1,interior
0.33725111665017515,0.1606390359259845,1,interior
0.33223360955097947,0.1867511162680981,1,interior
0.3241252675834346,0.201723385293357,1,interior
0.9506023897306284,0.23032853091461647,1,interior
0.3499529706464738,0.1313341778827526,1,interior
0.37463998610417204,0.10780007248771989,1,interior
0.930577584840834,0.38797459009477325,1,boundary
0.9500451981178618,0.3610177173171621,1,boundary
0.34748609649996454,0.14436153008379693,1,interior
0.3158878286417485,0.2401712973826671,1,interior
0.3728959558560135,0.10088046087226261,1,interior
0.3678773251259472,0.11721087522865418,1,interior
0.3467603583373518,0.13924161205492816,1,interior
0.3366293882054737,0.17923840332931518,1,interior
0.37515484513587877,0.10044971221222326,1,interior
0.9393765608253591,0.3741138519256327,1,interior
0.31898256999876085,0.24058457686559845,1,interior
0.33663157146262834,0.16467359816953736,1,interior
0.3161441410145407,0.2438630296308027,1,interior
0.3463882856026754,0.1664393917101199,1,interior
0.9401126098183397,0.36986530443489724,1,interior
0.3183944720909479,0.21424986287235756,1,interior
0.3945123398129437,0.08023890634450527,1,interior
0.38843916099723796,0.08845101152154417,1,interior
0.3618631461048724,0.12394748841844237,1,interior
0.3306712529781984,0.18798105661101328,1,interior
0.34743045212796864,0.1554634778931289,1,interior
0.9427504812741149,0.3689644995341134,1,interior
0.4243633067998971,0.06042645422576784,1,boundary
0.3206736773089896,0.25819551670276314,1,interior
0.9407994249095386,0.36826618096599634,1,interior
0.33419167693454294,0.16744325427000417,1,interior
0.34399325179049833,0.15551991945367588,1,interior
0.33752214747100134,0.15795289956522773,1,interior
0.31244142429268595,0.2631057878664201,1,interior
0.32196717439395606,0.2259214134403492,1,interior
0.3924980483892415,0.09634707113991745,1,interior
0.9360283182857381,0.38313003851512945,1,interior
0.31513193094177006,0.27264412375311525,1,boundary
0.3346715876068435,0.18570834470606745,1,interior
0.316859804176305,0.21781470108004192,1,interior
0.3468218145121623,0.15375681318756734,1,interior
0.9432398820961326,0.226244601759267,1,interior
0.9504673387623706,0.2228527366009334,1,boundary
0.3360993925322372,0.16963527145580204,1,interior
0.34507128660498904,0.15407106715828145,1,interior
0.32440061664659753,0.20735739786349747,1,interior
0.31102443052462564,0.26518096456662293,1,interior
0.3336301539312205,0.1658137947299102,1,interior
0.9469220536150404,0.22875374642607815,1,interior
0.3566083297476487,0.12388005113348095,1,interior
0.4180209657624006,0.06389999306841061,1,interior
0.32614059982701005,0.1994753120231536,1,interior
0.3178873743188095,0.26081010752228667,1,interior
0.33809685853374355,0.17187770055199472,1,interior
0.3452649020271744,0.14375744263901274,1,interior
0.3883771074783552,0.09517667841576602,1,interior
0.9493784638606476,0.22506832756985312,1,interior
0.3930173337991982,0.08183060315386292,1,interior
0.3709134767907695,0.10223263991691449,1,interior
0.931064374443167,0.3801553161321219,1,interior
0.3703215770473381,0.11514539061678734,1,interior
0.9464261815643918,0.36719209389292873,1,interior
0.9397960925267688,0.3824928870454041,1,interior
0.4139442041960283,0.0579524927869267,1,interior
0.37782805215430965,0.09923569865457793,1,interior
0.9382813658490685,0.38687877200150983,1,interior
0.3134364278619824,0.23734403160700338,1,interior
0.3286298781865225,0.18874424692672945,1,interior
0.9451450125659197,0.2288946817447241,1,interior
0.326301267963811,0.20803664794411705,1,interior
0.3481320158104949,0.13644988301882288,1,interior
0.40605683996355074,0.06135731686547326,1,interior
0.41120125395358964,0.056847562781219226,1,interior
0.9482182815333897,0.2444761217839442,1,interior
0.3347756651116269,0.1592645198248863,1,interior
0.3203012505653391,0.21005316925769518,1,interior
0.31212965495516826,0.26660324939763613,1,interior
0.9521422388234385,0.22937183730279295,1,boundary
0.3869269205616287,0.09566845852567808,1,interior
0.9491025931832623,0.2178786014396973,1,boundary
0.3187708920894214,0.22404025619361115,1,interior
0.938142632920688,0.3669612878892954,1,interior
0.3573789515242685,0.16313560059592835,1,interior
0.9509480958295536,0.2283093040158705,1,interior
0.951291605176796,0.23509014212679172,1,interior
0.36913826972264524,0.10303990292107686,1,interior
0.9509665274662686,0.2550956046991743,1,boundary
0.935483407687128,0.3767589659998025,1,interior
0.9389805097608371,0.37849855262161297,1,interior
0.32114451431966917,0.22898659381009923,1,interior
0.9492705860299926,0.22125941904207702,1,boundary
0.9416757494881706,0.370434104742005,1,interior
0.947120286132711,0.22709465125958644,1,interior
0.9503642131165541,0.24298623685017406,1,interior
0.3194040981489226,0.25914282731187493,1,interior
0.3198815827176418,0.23204204559640282,1,interior
0.3179702775598607,0.22548431036475228,1,interior
0.936537445411381,0.3862800684762527,1,interior
0.3242471648159822,0.2055647768118789,1,interior
0.3317187381937796,0.18016564609004757,1,interior
0.34040166747099554,0.1571714438854124,1,interior
0.32815403551450334,0.20545888522382097,1,interior
0.3172248890424137,0.2426829101286274,1,interior
0.3594724265495438,0.12291683370021413,1,interior
0.3364894692433152,0.15910738597970012,1,interior
0.34291279637615674,0.14528407842596774,1,interior
0.33449324034631195,0.17227148508305837,1,interior
0.3484115568738346,0.14914287341930552,1,interior
0.37197714637068885,0.11307331950031206,1,interior
0.330468699638821,0.18467297517847067,1,interior
0.3464470776008682,0.1457711223769052,1,interior
0.3508486733200835,0.12553543021672942,1,interior
0.3362639548534562,0.16770264484699784,1,interior
0.34484047335197693,0.14659201949472078,1,interior
0.31155927430349994,0.261736664304016,1,interior
0.9381206590372974,0.38394152476806065,1,interior
0.3284319837549951,0.19279796925471152,1,interior
0.9496847448228856,0.359458036283293,1,boundary
0.9408017810134323,0.38774768241939356,1,boundary
0.9454383823701723,0.3684449125837942,1,interior
0.4096465522949262,0.05775528007504091,1,interior
0.36770604958468145,0.11557793236652793,1,interior
0.9402757627479678,0.3718044143579546,1,interior
0.37638238019207465,0.09867412488518235,1,interior
0.31153265424011356,0.2707419183005496,1,boundary
0.9516303286360408,0.2518031818774393,1,boundary
0.31713552867282496,0.23242346160469388,1,interior
0.33070537311114134,0.18995183415432493,1,interior
0.32059646451029067,0.215256768431715,1,interior
0.3328404867260972,0.15908904548929892,1,interior
0.9375612521270817,0.37758318501925753,1,interior
0.31895600159630466,0.21254202466730557,1,interior
0.40202002819033494,0.0636444731116156,1,interior
0.3204727271917464,0.20830905682180878,1,interior
0.9487686721879787,0.22872417662806802,1,interior
0.9526050025982464,0.23112956950421626,1,boundary
0.9493285610394382,0.23970868805150375,1,interior
0.9488966694418666,0.24649781117117278,1,interior
0.3455038591691955,0.15112667673596591,1,interior
0.32719522983408994,0.19178648998142495,1,interior
0.3192637846880317,0.2059975716630612,1,interior
0.3290271338047567,0.19470389884880673,1,interior
0.949070320958951,0.21954385563214573,1,boundary
0.31345825283720424,0.24036406836318963,1,interior
0.31416080127627966,0.24239843082353404,1,interior
0.3174037636622105,0.23010835312421757,1,interior
0.3766778935471137,0.1033462675828277,1,interior
0.32149537270007655,0.21389105723695392,1,interior
0.3098708580409664,0.26398486961575746,1,interior
0.3333677242595906,0.17082353015743304,1,interior
0.3148760243232191,0.22064508266902208,1,interior
0.948524472579615,0.3670281797782307,1,interior
0.31603743484290586,0.2501110614423055,1,interior
0.31782142144871867,0.2574951441754033,1,interior
0.3736168308983761,0.10985225516186416,1,interior
0.3237202505368159,0.19877782999118476,1,interior
0.3325898508759577,0.21418579713514713,1,interior
0.4047360946289402,0.06268556059110518,1,interior
0.31542064302084777,0.24697507546175543,1,interior
0.31905032624827717,0.2287508319015223,1,interior
0.3220903694265247,0.25891753344966323,1,interior
0.4000599572657944,0.07503244513546979,1,interior
0.33253450322692213,0.1646150599825966,1,interior
0.3221726703270571,0.19839801815297892,1,interior
0.34535607381928196,0.14161238694697106,1,interior
0.37853544787513566,0.10085817686070817,1,interior
0.9516483747164282,0.23323226377584683,1,interior
0.3173074109385179,0.24090829330947763,1,interior
0.39112746192693815,0.08208064934288103,1,interior
0.3146536286698497,0.2357819714516707,1,interior
0.9516559443153102,0.24035737558685868,1,interior
0.37590068507156116,0.10866782632432061,1,interior
0.40464155210387026,0.06016850273919408,1,interior
0.39564416793301915,0.07797074758896484,1,interior
0.4098486006588577,0.05524378991981619,1,boundary
0.3452354957082171,0.13879208294364873,1,interior
0.9411882353660237,0.3849800205590389,1,interior
0.41930135993629253,0.05766524873915661,1,boundary
0.35780613710644144,0.12237412891504221,1,interior
0.31176805844954886,0.268549353435806,1,interior
0.41263173267024017,0.0589212412684112,1,interior
0.953289075762102,0.2336378569658381,1,boundary
0.317086678491402,0.22349223089324055,1,interior
0.3741757571902968,0.10572066090232089,1,interior
0.9504296668993316,0.241345232247295,1,interior
0.3325935829802419,0.16709370470790072,1,interior
0.31926664898792234,0.2478196622750898,1,interior
0.3297181503940005,0.18637372242776748,1,interior
0.3768410797765897,0.09709145479421544,1,interior
0.4022296960804833,0.06877731886162637,1,interior
0.31443386979717947,0.24999042249109363,1,interior
0.3250605666290863,0.19765021508417646,1,interior
0.3197592647438979,0.22652683664718126,1,interior
0.316271144548391,0.25714093083415274,1,interior
0.3994877303666197,0.07945321614287734,1,interior
0.33122377369001527,0.17040059005326877,1,interior
0.3463900885601519,0.14804245646262715,1,interior
0.3292143766309617,0.19024970431295798,1,interior
0.3774658327282877,0.10811654915259707,1,interior
0.39898067612218496,0.07747191100775536,1,interior
0.3901538257450901,0.0837803550546386,1,interior
0.3942418938900663,0.08884333045176246,1,interior
0.32246479951434937,0.22436112911602865,1,interior
0.30828563273162335,0.26259661437476495,1,interior
0.40154158893002584,0.07253179967535389,1,interior
0.3960239767917109,0.07531523369205394,1,interior
0.35907182399438536,0.11974135931921566,1,interior
0.38586314992610543,0.09446937090263158,1,interior
0.31670559796974057,0.24531326514991675,1,interior
0.3152525390591776,0.22455573311790084,1,interior
0.37527705689166063,0.1026331181924715,1,interior
0.3645358715185953,0.1217499323036255,1,interior
0.42117283506954695,0.05770253871819726,1,boundary
0.31461367953440583,0.24485133980856724,1,interior
0.3213747545790887,0.20147662125328564,1,interior
0.34527954401762084,0.13693913603635444,1,interior
0.4042779316275581,0.06450482073124575,1,interior
0.3791466459191737,0.09656265788018523,1,interior
0.31869267603839935,0.20895577670774093,1,interior
0.40075540312163355,0.06969401214549664,1,interior
0.3157724358896151,0.2421058666830594,1,interior
0.37399971871097293,0.09764772385443482,1,interior
0.9399511630432765,0.3840938559023665,1,interior
0.38758749127652004,0.09264007334587238,1,interior
0.4107972184140831,0.060597137336931055,1,interior
0.4228345405468151,0.058926375341813345,1,boundary
0.37292429302913876,0.0989894268282258,1,interior
0.390118114026583,0.08026101921065729,1,interior
0.9519537829978503,0.2367621631736941,1,interior
0.3467055409649041,0.13764628736205453,1,interior
0.3177147366002961,0.25914191308092693,1,interior
0.3153228502238838,0.2339774051463156,1,interior
0.953595743004496,0.23620613284553832,1,boundary
0.3527483577820696,0.13066913614229297,1,interior
0.36643795027477166,0.1147050993696262,1,interior
0.38023266145490275,0.09507358962652547,1,interior
0.3871764582576729,0.08392707749391778,1,interior
0.335420403536119,0.15764641364393664,1,interior
0.39720485239172165,0.07704556359804758,1,interior
0.32705216972525375,0.1944040864290703,1,interior
0.3063881530244815,0.26305422313397625,1,interior
0.32760563314092417,0.20715292688590453,1,interior
0.32283416745933974,0.1959719178724853,1,interior
0.38626668365929967,0.09133445165643381,1,interior
0.34893576751346106,0.13257553819035697,1,interior
0.3333387401203668,0.1564797552575539,1,interior
0.35044243972989736,0.1227201175055395,1,interior
0.38903731230851984,0.08625164223419304,1,interior
0.3226620651047999,0.2024309009747693,1,interior
0.39961051272336495,0.07322788402969192,1,interior
0.9478440941156339,0.3697059198259288,1,interior
0.4006692164650988,0.07126802050587781,1,interior
0.39248820672614576,0.0798232610339021,1,interior
0.4024883865361353,0.05989559880664571,1,interior
0.31023858006554544,0.2671501365178917,1,interior
0.3169059693166576,0.22188099067910708,1,interior
0.32618303554629996,0.1959874586164493,1,interior
0.38794976814998033,0.08251588637938614,1,interior
0.4003026901360484,0.08115541807110711,1,interior
0.408265552621593,0.06150825864603943,1,interior
0.3447121250023363,0.14892729941358404,1,interior
0.325030048028955,0.1922905069643647,1,interior
0.30841804052302446,0.26600443937372326,1,interior
0.3184839623075984,0.2551480503885196,1,interior
0.31405355064558554,0.21537580744435228,1,interior
0.9419244282329203,0.3829593319176331,1,interior
0.31597994103515764,0.2530586271051807,1,interior
0.34332195860255366,0.135989067892289,1,interior
0.31509571671442155,0.25843926967214337,1,interior
0.9406464781629409,0.378570992052361,1,interior
0.32806737920764656,0.18712339750917525,1,interior
0.3624597132414515,0.12184205430363089,1,interior
0.9517416188874592,0.23830701745584879,1,interior
0.3177640277268964,0.21066582053487706,1,interior
0.41562940637085355,0.056810095838619325,1,boundary
0.38716323758900734,0.08594921440756159,1,interior
0.3283890351881046,0.18366776483635647,1,interior
0.31484221517667205,0.23894366894334546,1,interior
0.3715435453366726,0.1080696635703303,1,interior
0.3137006879822619,0.2566033352672349,1,interior
0.40852056095661576,0.05967772040918919,1,interior
0.3300909663050165,0.16541663813904794,1,interior
0.9431974108382436,0.3713238501893882,1,interior
0.3496695511044863,0.15123420536731227,1,interior
0.30814139637242843,0.26434206979605623,1,interior
0.3166282327822597,0.22731890589836332,1,interior
0.3135270347470342,0.23155462266470225,1,interior
0.34276858981635444,0.15674191807810472,1,interior
0.3828620755132978,0.09369063811738357,1,interior
0.35430516597619127,0.12339322091322161,1,interior
0.31500911378898816,0.2552877813198709,1,interior
0.3401890776361237,0.1542828693738749,1,interior
0.35107789353164026,0.1291981460287283,1,interior
0.4038351191093516,0.06692057289913109,1,interior
0.306691247927732,0.2657160028361153,1,interior
0.38113799773470847,0.0936637952490979,1,interior
0.9334394391312731,0.3753003436973637,1,interior
0.4180166506019856,0.05667874713060742,1,boundary
0.3232292795282736,0.20418638720782936,1,interior
0.34749928474955954,0.1334308414637631,1,interior
0.37141352196110766,0.09928308674659565,1,interior
0.3102602182348387,0.2696301608216831,1,interior
0.3574282899042399,0.12923748858563078,1,interior
0.3535547083030393,0.12739784652727398,1,interior
0.32079621491050636,0.2248814170048191,1,interior
0.31841878351567515,0.2315443793510597,1,interior
0.31608804831774867,0.21067980114217927,1,interior
0.3204472718146454,0.2029941374196481,1,interior
0.9417381330479855,0.3773219552873858,1,interior
0.9453469911864952,0.3699969581537873,1,interior
0.3197127122704021,0.19880346385099157,1,interior
0.31292958001083326,0.25326854772557744,1,interior
0.3994922523593698,0.06863919700890425,1,interior
0.33155830726423713,0.1561501777304452,1,interior
0.4008774639691323,0.066569838572156,1,interior
0.3296742468839703,0.17231899758641478,1,interior
0.9537978868460996,0.238226920975352,1,boundary
0.35490272189317373,0.1287400947836119,1,interior
0.31644144706182464,0.22550635055979634,1,interior
0.38801790485117876,0.07813639896602785,1,interior
0.3517493602094543,0.15447173848301018,1,interior
0.9528692198235253,0.2427237960882948,1,boundary
0.31145793863167337,0.23674456450240522,1,interior
0.3795921390610047,0.09359293806959869,1,interior
0.32650455789301674,0.18880716781344942,1,interior
0.94172185361963,0.3864022141001189,1,interior
0.3414811551331153,0.15567399499681853,1,interior
0.3314367535453999,0.1680889734549939,1,interior
0.3338093581338668,0.17463983106914596,1,interior
0.3225194166356771,0.19163737018208424,1,interior
0.37131735401276095,0.10617612679557582,1,interior
0.3380931838971138,0.1564306187837226,1,interior
0.3532706591201622,0.12208249926759339,1,interior
0.31464513221182305,0.2093982571155035,1,interior
0.33409692361700605,0.1693145413985599,1,interior
0.38620227315518196,0.08835544640988802,1,interior
0.9410197101500913,0.36553841496410194,1,interior
0.33373347563015876,0.1550016088176918,1,interior
0.31066999557894964,0.25131500704659526,1,interior
0.408608053977954,0.0563704447538893,1,interior
0.9532276969440058,0.23981924296675725,1,boundary
0.3604108804390248,0.12074394452983764,1,interior
0.31186477167044946,0.24253706866949012,1,interior
0.3208963503042963,0.190356864703497,1,interior
0.31486454213621945,0.22224507237169078,1,interior
0.3195231155307039,0.1911621859830337,1,interior
0.9517623591844628,0.2490497210546375,1,boundary
0.3325680614634092,0.16189005188351696,1,interior
0.332033602314354,0.172333578304737,1,interior
0.3296444531285352,0.1698971117309944,1,interior
0.32760203631561496,0.19031068688127883,1,interior
0.9462607932315468,0.3712153611500372,1,interior
0.9490904724481825,0.24859779156368406,1,interior
0.9510536273330781,0.2443762451295598,1,interior
0.32478907976635196,0.19047877568596586,1,interior
0.3192813315942269,0.2568710289007075,1,interior
0.3479428919181249,0.13015547904776734,1,interior
0.3523965330548251,0.12402119693946262,1,interior
0.313739793384431,0.21926564677672475,1,interior
0.33010870583763197,0.17497432353965406,1,interior
0.39278743026808344,0.07829602916078683,1,interior
0.950480182221636,0.24771165937359044,1,interior
0.3125056925035752,0.22236664676173373,1,interior
0.32986330775082784,0.16807099365767453,1,interior
0.9430918841957086,0.3759893397622176,1,interior
0.3989348900176826,0.07131245633051304,1,interior
0.3674441334899318,0.11329968227295487,1,interior
0.3675161898691023,0.10549972416318512,1,interior
0.31391180892453724,0.22554648621348056,1,interior
0.34621837882450546,0.1349672142220482,1,interior
0.31178344640842304,0.22078802838941877,1,interior
0.3728683939359495,0.10459370263114365,1,interior
0.3359774791109517,0.15405054640273472,1,interior
0.3116289865366005,0.2561102360143534,1,interior
0.343029605537063,0.14727063427268614,1,interior
0.3551845979732154,0.12180703910750923,1,interior
0.3662982137226559,0.11695331787502858,1,interior
0.3232323435011212,0.2002634605868284,1,interior
0.32884707000210384,0.16685231345620158,1,interior
0.3135376260268273,0.25908316176705504,1,interior
0.9451083152551472,0.37223928318938687,1,interior
0.3693800408866033,0.10793608310149333,1,interior
0.3529076360766057,0.12892725374192454,1,interior
0.3211759991088205,0.1941071210377462,1,interior
0.3388182296557273,0.15311013384959485,1,interior
0.31018468647103964,0.22288795870160458,1,interior
0.33111555778710705,0.17780534219304373,1,interior
0.3715955614141823,0.10370859143673487,1,interior
0.3175405609648918,0.2021238132048079,1,interior
0.36222366989009197,0.1196354951546288,1,interior
0.31514028324316873,0.2310540247670674,1,interior
0.30987923655359145,0.26243373104432005,1,interior
0.9496027636591723,0.36578886306857156,1,interior
0.3190953476766154,0.20061305591791834,1,interior
0.3233354283276098,0.18866860207984082,1,interior
0.3270405712948038,0.17235374267564846,1,interior
0.308886290751242,0.26857741366316296,1,interior
0.3072803565827029,0.2691096161933688,1,boundary
0.9469983440957953,0.3735669592821636,1,interior
0.33812249511863907,0.15453953022678613,1,interior
0.9416837136690227,0.37439568201069867,1,interior
0.3288280568265363,0.17383125529990615,1,interior
0.35722958916634256,0.12551398155162002,1,interior
0.37032201828658273,0.10949705640253171,1,interior
0.3654485908489315,0.11348689373316154,1,interior
0.3947593357572436,0.0762664943573899,1,interior
0.37294785324191454,0.10732202221728156,1,interior
0.32237436152287596,0.22750643814812477,1,interior
0.3136019374428111,0.25163266097919107,1,interior
0.3047433303919254,0.2625055273803868,1,interior
0.4080389241898775,0.054504318535861414,1,boundary
0.3284170445146467,0.19815363959325585,1,interior
0.3981067046210315,0.07405873460512652,1,interior
0.38476073012161394,0.0923233602489278,1,interior
0.9505449257052466,0.3675554773931296,1,boundary
0.3702077979012838,0.11270403870557634,1,interior
0.3106600506883022,0.253855124329751,1,interior
0.38691064367261524,0.08983885835943678,1,interior
0.368385272227343,0.11042310899303057,1,interior
0.39009000292512575,0.08738467751142424,1,interior
0.37176955347154905,0.1100387875814813,1,interior
0.32496688711997274,0.18794724171052798,1,interior
0.31536679283299063,0.21620321037332937,1,interior
0.36697241491954274,0.10722682640343878,1,interior
0.3469070121417623,0.14961749720460324,1,interior
0.9489218205195067,0.370795311080327,1,interior
0.31139150840899643,0.23511137799871823,1,interior
0.3062474236996179,0.2673973114559091,1,boundary
0.33877272230046607,0.1504215752955572,1,interior
0.4063384285849001,0.05608610724717808,1,interior
0.4130904944483588,0.05637346652744224,1,interior
0.3710393862815705,0.11139943585231353,1,interior
0.3430711839967034,0.15364447686753985,1,interior
0.32693964202738385,0.16852102403803268,1,interior
0.31152602907756255,0.2599044225612726,1,interior
0.3433335709067937,0.1381493240554223,1,interior
0.3396720639397874,0.1558324580218346,1,interior
0.3142620824270923,0.21202466412967055,1,interior
0.3646199464235359,0.11517779336741653,1,interior
0.3139109172058111,0.21688944522397272,1,interior
0.3289835642750727,0.18164289460482486,1,interior
0.3118864364209852,0.2395341445917335,1,interior
0.31253731330264045,0.22941214268953994,1,interior
0.31782932945135833,0.19796909635277565,1,interior
0.3518388771553601,0.127363208839767,1,interior
0.9509178036067994,0.2460815813504067,1,interior
0.3094204565984418,0.2553418839785687,1,interior
0.32554251956055724,0.1836084774379446,1,interior
0.4068344643887104,0.05947077837453988,1,interior
0.9437807834285455,0.3731745858212937,1,interior
0.3310143237627633,0.16251656523913224,1,interior
0.3847284440863679,0.09001658112475647,1,interior
0.31288580708943703,0.23571870840739495,1,interior
0.3260639909145321,0.1818689074714833,1,interior
0.35686707473946966,0.11940185271503774,1,interior
0.3642436734725369,0.11909658600634555,1,interior
0.3699583897736984,0.10052181117603355,1,interior
0.348550064196731,0.12419501478734152,1,interior
0.31531282771434704,0.22914770611277235,1,interior
0.3122344104514458,0.2152531701980958,1,interior
0.9417950038533398,0.37224246502230635,1,interior
0.3044350693022847,0.2648309386027235,1,interior
0.34846443178618813,0.13494930088767643,1,interior
0.33168443004161696,0.1605775506904068,1,interior
0.31189921937567683,0.21686724316653233,1,interior
0.33592664444812653,0.15557922868678103,1,interior
0.35156977599599415,0.12126969821687975,1,interior
0.31692961937467296,0.2545606629477883,1,interior
0.37745393747646,0.09561142647322927,1,interior
0.940581262425306,0.37573322518443564,1,interior
0.4038956136167655,0.05773188725787042,1,interior
0.34329470675687074,0.14026228267188107,1,interior
0.31533087891482353,0.21844856601998813,1,interior
0.31986624650191464,0.19299566146801891,1,interior
0.3471607063527766,0.12761758518449098,1,interior
0.3127025179999192,0.24573223905682204,1,interior
0.3285767812873984,0.1647258374532606,1,interior
0.33563812441710933,0.1744022250453728,1,interior
0.30976342551411024,0.22452863681108778,1,interior
0.3118382740755725,0.2583459388845339,1,interior
0.9473693933748177,0.2518437846101712,1,interior
0.34974565285537546,0.12716579302281428,1,interior
0.4067641594552787,0.057744207798892055,1,interior
0.3913251647561106,0.07757268732848689,1,interior
0.32437349324118875,0.19583668631229842,1,interior
0.40254250669039293,0.055720800549605036,1,interior
0.32088734994282914,0.20451830248304814,1,interior
0.34769617129153013,0.12166975156676389,1,interior
0.312088999475407,0.2104694193984239,1,interior
0.3156097001419794,0.21441741491855204,1,interior
0.3322722549357423,0.15437739406560627,1,interior
0.38084295250884637,0.09646866103593828,1,interior
0.9429182874735618,0.3799624576291304,1,interior
0.31014632642557366,0.25807835604577994,1,interior
0.36377754878326607,0.11348886059554646,1,interior
0.37572396453739965,0.09599102722248155,1,interior
0.4110897347434004,0.0583849511426942,1,interior
0.3468679810203414,0.1407838582683695,1,interior
0.3947777273606551,0.07438077993374867,1,interior
0.3099733519659819,0.24648105184189617,1,interior
0.3179118673822514,0.20733207783557484,1,interior
0.32748863955794755,0.1704933801203961,1,interior
0.3372239107639765,0.15212435172229205,1,interior
0.34189567068058546,0.14104299382663227,1,interior
0.31502501586587484,0.2484880052410492,1,interior
0.34610884649057,0.12423608331120062,1,interior
0.3410103317097821,0.15294361494294081,1,interior
0.30842675664960717,0.259134953355022,1,interior
0.9441968551611226,0.38634691351091394,1,interior
0.36469270214070826,0.10747042481554013,1,interior
0.32710893701823485,0.16538001061330984,1,interior
0.9505355821041277,0.36931277069759655,1,boundary
0.3425008415396062,0.14270365024560625,1,interior
0.3157898024207306,0.2598942123168985,1,interior
0.313323163872302,0.23417296318441802,1,interior
0.3137681029369284,0.2239808136408809,1,interior
0.947074065391195,0.3755895066820187,1,interior
0.3274296806611663,0.18568272468416544,1,interior
0.3634710177961879,0.11732999829563756,1,interior
0.32646301183965865,0.17439001695926235,1,interior
0.34421990040321715,0.15260061579176534,1,interior
0.3093998137263102,0.2502853198512657,1,interior
0.31335543610204486,0.2548512986537192,1,interior
0.36168580842423625,0.1161211528837591,1,interior
0.38157582430059916,0.09101704019778045,1,interior
0.30173228884627834,0.264485469417605,1,interior
0.32989305801195556,0.1637832948191691,1,interior
0.34174639089681624,0.14870309073754276,1,interior
0.32134582952651736,0.1998169584414354,1,interior
0.3253580313064375,0.19414685883778054,1,interior
0.30811246769917217,0.24772388988949873,1,interior
0.31835506029833505,0.19319539602696098,1,interior
0.32953104373587666,0.15431603995497736,1,interior
0.38454947083194096,0.08513362980026151,1,interior
0.9457055118422378,0.37437131093247605,1,interior
0.34753868141008315,0.13177540945787705,1,interior
0.3112875945759949,0.21844218264505977,1,interior
0.4119230230197097,0.05526513759621996,1,boundary
0.3324236010929739,0.15281106691266766,1,interior
0.9387504464707267,0.3854277330285952,1,interior
0.3297915362683589,0.16028415765717322,1,interior
0.33108655623644395,0.1578174048582452,1,interior
0.33426684267523193,0.15288513898066725,1,interior
0.32842221059850635,0.1522771960660465,1,interior
0.31265442269960003,0.21310998969408046,1,interior
0.3668562022155357,0.10887745671993275,1,interior
0.31898393364381517,0.19681501180550848,1,interior
0.9503983046788004,0.36293949776689793,1,boundary
0.3664148432056708,0.11123222610950291,1,interior
0.9429331783302055,0.38422020621531494,1,interior
0.3686567693011417,0.11221735447791494,1,interior
0.31303038167637015,0.2071324290860793,1,interior
0.3780846320985816,0.0931818206966117,1,interior
0.31353748422344785,0.24717961117707088,1,interior
0.36404737778731416,0.11164710576827296,1,interior
0.3177546204482072,0.26853307980398994,1,interior
0.3124350911002756,0.2496415430343369,1,interior
0.34026591527941197,0.1514849697743487,1,interior
0.36649254897411343,0.1020271708734142,1,interior
0.3533174288874801,0.11988577200139462,1,interior
0.3460038201822409,0.1324912529136257,1,interior
0.30843205376279337,0.2254199250231078,1,interior
0.34510816013209217,0.13380943263197353,1,interior
0.3099925622615304,0.2142095265325678,1,interior
0.38871333221640564,0.08469546961524638,1,interior
0.31663423531869755,0.20518730945063882,1,interior
0.3207292377800417,0.19690384894821555,1,interior
0.34299723679914584,0.13367736049585316,1,interior
0.40418582052431135,0.054884532618176086,1,interior
0.384239091516948,0.08825622391208791,1,interior
0.9456025804866729,0.3849126007540668,1,interior
0.3317170914233286,0.1740821166795919,1,interior
0.3321940427697824,0.17605843811173644,1,interior
0.37049275961156275,0.1047772345624064,1,interior
0.34358897794063786,0.150963360327659,1,interior
0.34080668562406236,0.1354839361245302,1,interior
0.3979215376982541,0.06872506429172769,1,interior
0.36685739589172495,0.11866795957785864,1,interior
0.35532768188298813,0.12020035322600627,1,interior
0.31275298357004766,0.20894599413028497,1,interior
0.31476221250463854,0.22699192298439577,1,interior
0.40614725869280077,0.05308741651078501,1,boundary
0.32326415117647733,0.19327229183918554,1,interior
0.34892467739838096,0.12586307567214133,1,interior
0.35442441127633684,0.11720454209679937,1,interior
0.36461730097239253,0.10993813358223824,1,interior
0.39815377235662225,0.07583806008990804,1,interior
0.30884184488644295,0.25267506947903445,1,interior
0.36301158842708586,0.11500956927745162,1,interior
0.32513898694992277,0.16599682593035187,1,interior
0.30974631294325417,0.22043664016933884,1,interior
0.32587831313585786,0.1857725357567826,1,interior
0.9442950116282224,0.3831998724050671,1,interior
0.9525755624691247,0.24447528024886833,1,boundary
0.3069752007028766,0.2600971754443357,1,interior
0.31149870826171744,0.23234195506560823,1,interior
0.39845168086022575,0.06703950813050105,1,interior
0.9495292180869421,0.3562992639857496,1,boundary
0.4144574003591814,0.05570310601940615,1,boundary
0.3196621533079641,0.19455090834504862,1,interior
0.3155996699990953,0.20801581708786368,1,interior
0.34938262256283975,0.12053660834012844,1,interior
0.3226369421968859,0.1827838287056796,1,interior
0.3169884733532258,0.19575296863520855,1,interior
0.31975953144155017,0.18908978319720543,1,interior
0.3254867727614579,0.17250482894624725,1,interior
0.31667650003839254,0.2091757327723917,1,interior
0.32308562362402327,0.18631870732457959,1,interior
0.29948651021741457,0.2646105260859604,1,boundary
0.3090576451703507,0.26103871618233565,1,interior
0.3223982140669583,0.19009244110505244,1,interior
0.3243334870792793,0.18533227944056666,1,interior
0.9440426317931937,0.38116374192936764,1,interior
0.3897941356934113,0.07854753910263844,1,interior
0.3427835206542855,0.131572330723536,1,interior
0.31250038565885757,0.20543912704985523,1,interior
0.34614160045110115,0.130723125927626,1,interior
0.3109356274162676,0.21276983646040024,1,interior
0.3116458426259833,0.22551359839082014,1,interior
0.9380829530659605,0.3649662930900277,1,interior
0.3419637249523241,0.15062780683998978,1,interior
0.3647624878289721,0.10047719897837824,1,interior
0.949003773089371,0.3725092241054866,1,interior
0.35080655968177243,0.11974827854238497,1,interior
0.3827655293794516,0.08733179533387882,1,interior
0.402982772854828,0.052205965398978794,1,boundary
0.3933169249804816,0.07555521284790546,1,interior
0.9507098203293218,0.3644487391984692,1,boundary
0.3830628323169537,0.09139120940270193,1,interior
0.3043289811181334,0.2595970889281074,1,interior
0.30841862074791676,0.25723372327224625,1,interior
0.3907742411304677,0.07506972889818149,1,interior
0.3150649862290011,0.19828548583675853,1,interior
0.3822048435114204,0.08957192618025893,1,interior
0.3460397467430659,0.1264741251113329,1,interior
0.3147427743176698,0.19655195011397117,1,interior
0.34001945305494646,0.1419076832585225,1,interior
0.402972684930744,0.05376018349801631,1,interior
0.9459381012911169,0.38216674935651845,1,interior
0.3526687648497622,0.11745763525159492,1,interior
0.9456133269847653,0.377671144640574,1,interior
0.3969035169033705,0.07180471537294453,1,interior
0.950354551955373,0.37142312004864136,1,interior
0.3323954026335187,0.16938793472099162,1,interior
0.30770873640570023,0.25485697162522897,1,interior
0.3765661983695949,0.09350262674600406,1,interior
0.33553068746307535,0.15179530767249727,1,interior
0.4004071106768032,0.06458323566531297,1,interior
0.38294893782049344,0.08499997039970957,1,interior
0.39477788799617924,0.07221041459761633,1,interior
0.3284605867603105,0.16301305655686568,1,interior
0.38410331019947513,0.09463014965080115,1,interior
0.9445639933531622,0.3792184003915354,1,interior
0.31302123955175315,0.22782664514816436,1,interior
0.36639708529960474,0.09979810139332648,1,interior
0.31077180299003204,0.20909586005673986,1,interior
0.3169011746106824,0.1992294984667497,1,interior
0.3102961198928174,0.20758124411920814,1,interior
0.40088940056512984,0.05230961400133843,1,boundary
0.3076748826489434,0.251062795206734,1,interior
0.3286881735529468,0.17655646761414817,1,interior
0.3806032245643721,0.08969594265714201,1,interior
0.3283383859190227,0.15830770757223792,1,interior
0.3474366200208795,0.1252741396896639,1,interior
0.3103250988775875,0.24860212372270646,1,interior
0.3144815995684987,0.2538300493485784,1,interior
0.30684938868676437,0.2573178315113777,1,interior
0.9438385541664962,0.3777285362123957,1,interior
0.3297681270918371,0.15703229198842614,1,interior
0.9498252246948831,0.3739725222024595,1,interior
0.944680955142825,0.3763004601532169,1,interior
0.31015123577121473,0.2158509570938478,1,interior
0.3256936866249401,0.15760335796762023,1,interior
0.3803598546327414,0.08801253766351866,1,interior
0.9495602277495961,0.37586716621853666,1,interior
0.3657304996953438,0.10566310989741978,1,interior
0.38927413090171425,0.0768097397392486,1,interior
0.3334935957537825,0.18298376965318686,1,interior
0.3883982644296002,0.07993393400930883,1,interior
0.32671187262948204,0.15521132334419296,1,interior
0.3141236081372542,0.2044587267312983,1,interior
0.3607313603168753,0.11787552713430882,1,interior
0.3631021511273021,0.10172747724679317,1,interior
0.3966508028533834,0.07330278133438306,1,interior
0.40052531283989395,0.05666806920411242,1,interior
0.3760536520403315,0.09175577964769843,1,interior
0.3926146728015584,0.07279230383059117,1,interior
0.9492121253524213,0.378472557561348,1,interior
0.3682826944142881,0.10097021971721531,1,interior
0.37731891356879116,0.09088944037660619,1,interior
0.32487971550464206,0.15557138329477146,1,interior
0.31840136642076516,0.20444494561796814,1,interior
0.3108699572021922,0.2383532525642218,1,interior
0.3969025404390318,0.07009900282627309,1,interior
0.3482564706444339,0.11951596659982426,1,interior
0.4010684069731141,0.062205190950857574,1,interior
0.33658293279095847,0.14981327733632116,1,interior
0.3495109675422918,0.12895222558750757,1,interior
0.3232174354444075,0.17250291855058128,1,interior
0.31494073012726065,0.205903760685723,1,interior
0.3096316363765785,0.21037497520878498,1,interior
0.4011496370871539,0.05809117980646894,1,interior
0.4000846719621633,0.05497720710356394,1,interior
0.3120261362260896,0.24433286012413427,1,interior
0.9471422102135402,0.38058556895197415,1,interior
0.3102907996372227,0.24329558362197404,1,interior
0.3124512309076265,0.19508144340078962,1,interior
0.3175475878362165,0.19091056602572729,1,interior
0.31001281071343395,0.24154374269099438,1,interior
0.3694029414250945,0.10641054766412877,1,interior
0.30537730919924566,0.24908050298514967,1,interior
0.38384264461498696,0.09652103405744171,1,interior
0.3556666640930384,0.12732277862635355,1,interior
0.30348794038476334,0.26337723944624913,1,interior
0.3055309584279701,0.25497207973180663,1,interior
0.3120626132822767,0.19759227120918033,1,interior
0.3156636470834575,0.2032750321367002,1,interior
0.3090831398876804,0.24459204763518036,1,interior
0.32266567659085094,0.16594656871235275,1,interior
0.3625900083559539,0.10984155658777488,1,interior
0.34002181179430024,0.14873242824635638,1,interior
0.3735297412924216,0.09597097959657046,1,interior
0.3459582212490491,0.11985815801285912,1,interior
0.31217066497465484,0.24793045859320603,1,interior
0.32539180848286814,0.1688628221125758,1,interior
0.325825315763492,0.1703838573770967,1,interior
0.3239777392299088,0.15864099294245196,1,interior
0.3941662843388478,0.0698077603031382,1,interior
0.3083312692633051,0.24109763993564928,1,interior
0.33506907589150037,0.1502093654510097,1,interior
0.3104965405652703,0.22691260724727572,1,interior
0.38626837215979165,0.0783162234097081,1,interior
0.30852915930990327,0.21462319906227972,1,interior
0.3396670152784857,0.13403935686300394,1,interior
0.30901106881376605,0.2350148694541219,1,interior
0.3624854028112409,0.11163793270241902,1,interior
0.947217378078044,0.3788680537845247,1,interior
0.31035119836537667,0.20556513224484893,1,interior
0.32705296456260224,0.1759528992201609,1,interior
0.32623255026411757,0.16405388422859143,1,interior
0.3040960003733509,0.2537689706509762,1,interior
0.32136684589460823,0.1873488630491828,1,interior
0.30736408705287077,0.23878940093629714,1,interior
0.37905597671097124,0.09137884306473458,1,interior
0.30561861928891254,0.2140173289970559,1,interior
0.30746127288369896,0.24244000237518795,1,interior
0.34110213145345025,0.1388009091722021,1,interior
0.33625255700627193,0.1483069054944394,1,interior
0.32464882227673486,0.15324598141110107,1,interior
0.32833168786335515,0.16125888192021742,1,interior
0.3627538368696274,0.1001124191651794,1,interior
0.3412325801171371,0.1331080403463881,1,interior
0.3969207118343541,0.06470548587404004,1,interior
0.3083071613261994,0.2073823292675472,1,interior
0.3096390342750756,0.23961653296532842,1,interior
0.3420436221338722,0.13709797943782284,1,interior
0.9482664481813006,0.383639043347414,1,interior
0.314019478141888,0.1998590912500577,1,interior
0.3236681013255112,0.17046808330130656,1,interior
0.3091054242146286,0.23739099626215662,1,interior
0.3229721986724229,0.1676863593288037,1,interior
0.3377089283011653,0.13530744454022692,1,interior
0.34464638516360707,0.1313650413537209,1,interior
0.950019684529622,0.3810722321699996,1,interior
0.3164313327124878,0.1942293283084043,1,interior
0.3984972431979405,0.06488834871553724,1,interior
0.30646247218384376,0.24565702034084486,1,interior
0.32190946503779666,0.18483141866821193,1,interior
0.34541445167340185,0.12254833486851636,1,interior
0.952468057606811,0.24662710352745446,1,boundary
0.37025628614485234,0.09649640166347749,1,interior
0.3035369765212846,0.2665920186799152,1,boundary
0.30506277154815736,0.261000152179238,1,interior
0.3176062602231766,0.18808514663279827,1,interior
0.39791248775435356,0.05741936322326274,1,interior
0.39192003234667633,0.06995779642505856,1,interior
0.3056512904331906,0.23979935288512397,1,interior
0.3117153935970468,0.22381358662505,1,interior
0.9514607268893852,0.37845874634413057,1,boundary
0.4044488662673153,0.05277937381269606,1,boundary
0.36647097534811285,0.10356981724980792,1,interior
0.36891226747333417,0.10478021748687225,1,interior
0.3621841848394731,0.1133615323291776,1,interior
0.37847357977940455,0.0889366451469691,1,interior
0.3155684531617721,0.2012224843205437,1,interior
0.3208680521097896,0.17071901368849857,1,interior
0.9492142117794786,0.3824337502628713,1,interior
0.296995311434912,0.26396114742777277,1,boundary
0.3089282766966476,0.21285562747583378,1,interior
0.31457757651987195,0.19493492958205821,1,interior
0.32453780011306255,0.176737378430221,1,interior
0.37010231688038503,0.09808114875928947,1,interior
0.30835922183998393,0.21882193510040332,1,interior
0.33809027374073036,0.1483618070261252,1,interior
0.3141881594644177,0.19235434198371054,1,interior
0.3683891206000496,0.09877007424852205,1,interior
0.9518208359479817,0.3758707263575213,1,boundary
0.39548447457266434,0.07074597818303568,1,interior
0.9466527325194884,0.38374364228497065,1,interior
0.9478268939829657,0.3589689733921192,1,interior
0.302606188163292,0.2620761465278267,1,interior
0.3957299822882057,0.06768116084149577,1,interior
0.35074235758095823,0.11801975098973816,1,interior
0.3059437990008815,0.24214666708494095,1,interior
0.32061712742556103,0.21253264446010472,1,interior
0.9516948922496073,0.3725624951175989,1,boundary
0.38406333715936475,0.08285950168705578,1,interior
0.3744735636477747,0.09169839466373446,1,interior
0.32061958374251864,0.1816189165857915,1,interior
0.34228612703377503,0.12953238496687747,1,interior
0.38699020684721824,0.07530603902782922,1,interior
0.36271402727769425,0.10821581234734136,1,interior
0.37162062558267883,0.09749580734386501,1,interior
0.32667370089135145,0.16242545475512063,1,interior
0.31528490218859934,0.25169775503247466,1,interior
0.3100214875513999,0.23190306336487015,1,interior
0.3111786061010344,0.20418293186283534,1,interior
0.316364309137733,0.19739339211582385,1,interior
0.3601790599668445,0.11193606843213126,1,interior
0.36363859671798643,0.1045466363137341,1,interior
0.35825805425964063,0.11732229964172847,1,interior
0.3464331425659573,0.11795493538681925,1,interior
0.3299558185992801,0.17981088039043233,1,interior
0.30228873039653553,0.2586946852315317,1,interior
0.3056321277933425,0.24738436374923614,1,interior
0.3075662953945893,0.24934603790279025,1,interior
0.366073908918602,0.09695731211021719,1,interior
0.33258953673784175,0.151259300878614,1,interior
0.3414717242815594,0.14645507205404512,1,interior
0.33918909072998604,0.13565336745022583,1,interior
0.40345924068286304,0.06144284255403253,1,interior
0.3740504578857172,0.09000931252588365,1,interior
0.38050597776087564,0.08519988611104111,1,interior
0.33848551418847667,0.14635079731132475,1,interior
0.31914908913842976,0.18662995083762046,1,interior
0.3606227083488625,0.11439541575911914,1,interior
0.94837301080966,0.3746637728472381,1,interior
0.38959431481073387,0.07189734765817826,1,interior
0.9432130343814137,0.38802673841552204,1,boundary
0.3061619418177542,0.2587955816004253,1,interior
0.39336837193988017,0.0679207438813327,1,interior
0.30747214392021927,0.2171922554245321,1,interior
0.30927953290845406,0.2175087529371902,1,interior
0.326335435334957,0.15337921146344818,1,interior
0.30848298523301426,0.23227224032016966,1,interior
0.9468827427570384,0.3859117439291021,1,interior
0.30665784310421446,0.23489773827586424,1,interior
0.39954371443138165,0.061335823378968916,1,interior
0.33982344772930156,0.14434201617846093,1,interior
0.9484182669476244,0.3770922424234108,1,interior
0.3805546856023557,0.09217730305553494,1,interior
0.35209311073158056,0.11549596083386098,1,interior
0.40531589923673794,0.05868178946384528,1,interior
0.9507112792551702,0.3851593135455341,1,boundary
0.34397451515991373,0.123626372960105,1,interior
0.9515105863185461,0.37410149759523004,1,boundary
0.3396685274162886,0.1374558519228897,1,interior
0.35454101485949946,0.11535465756264275,1,interior
0.33800142199058114,0.13365109022720742,1,interior
0.9513906465633629,0.3803330720943044,1,boundary
0.3045471017261698,0.2574600940554283,1,interior
0.9448976265920299,0.387769275734275,1,boundary
0.33815688876861827,0.13710368183589688,1,interior
0.34426573116112646,0.12529645185462226,1,interior
0.3945786824835896,0.06498287575092773,1,interior
0.3080933967746352,0.23044279296341674,1,interior
0.33370476535859567,0.14928288600780953,1,interior
0.3595952123019942,0.10951291965627852,1,interior
0.3396976802043926,0.13937867639335683,1,interior
0.33077918623965924,0.1524064520164132,1,interior
0.37487143516989624,0.09444992181649774,1,interior
0.31772205578390394,0.18208037681572667,1,interior
0.3368802637437044,0.14671534555991628,1,interior
0.3122214903470919,0.20161327683854594,1,interior
0.30005639169482845,0.2627560467699335,1,interior
0.3370269064792134,0.14411605118018578,1,interior
0.3980840002622709,0.0627382500397706,1,interior
0.35602579819465924,0.11653992135906886,1,interior
0.39768253843562246,0.054832037725757704,1,interior
0.31426820281404905,0.2021486444575296,1,interior
0.33100039109975715,0.15089766357323278,1,interior
0.32217343394387854,0.1693854014311034,1,interior
0.3574387349512139,0.12087570415497974,1,interior
0.34898229452633556,0.11806425308816124,1,interior
0.32438785214065907,0.18205476433017503,1,interior
0.31055613808835597,0.20220685747264436,1,interior
0.32037500204260144,0.18561738898596963,1,interior
0.34363226354056176,0.12173849189864182,1,interior
0.3060967162196662,0.23726522870781935,1,interior
0.322771161653258,0.16416561596466994,1,interior
0.34134570811753223,0.14478197682944033,1,interior
0.30646091599806696,0.2247602306823721,1,interior
0.3070106370379231,0.22016730199606588,1,interior
0.35566614067635505,0.11833523695705747,1,interior
0.3649247630982684,0.10309293662162738,1,interior
0.3958367115305359,0.06283647107832487,1,interior
0.9515295192418831,0.38312084945065017,1,boundary
0.386274383628824,0.08041943582466789,1,interior
0.2954043950359568,0.2635994709501862,1,boundary
0.308585389387632,0.19992994782363005,1,interior
0.3263900428100716,0.16090269702396479,1,interior
0.3045537404813239,0.24608630943624596,1,interior
0.38856999402317094,0.06990764709793566,1,interior
0.32400812051914707,0.17516079007565624,1,interior
0.33057191130925734,0.18207807630757644,1,interior
0.337412994114694,0.14080563055349443,1,interior
0.37752658839022213,0.0871034719254319,1,interior
0.323053872529491,0.18090344804914388,1,interior
0.342080857343912,0.12084019906698593,1,interior
0.307678698945799,0.20179033798167603,1,interior
0.3931801644957019,0.07119954061699181,1,interior
0.30657977101471,0.23172581919379007,1,interior
0.3850799883228705,0.08697382150875148,1,interior
0.3276675717487046,0.15690388801044405,1,interior
0.3077265958832156,0.23662659232385636,1,interior
0.3124568682808216,0.19933815062375376,1,interior
0.38209891624817427,0.08287309455855178,1,interior
0.32859039789223793,0.178880101816449,1,interior
0.3036287980020529,0.23220002639343737,1,interior
0.3187069904930639,0.18390882262382288,1,interior
0.32644693216186305,0.15911701583852747,1,interior
0.3041089538375379,0.23068921931748035,1,interior
0.30315285951258536,0.25605604963357187,1,interior
0.30087739474700625,0.2546538079889345,1,interior
0.3224008230029998,0.15648525721373802,1,interior
0.3348012942867533,0.147712478990119,1,interior
0.31072358033623526,0.19613129583217379,1,interior
0.3626331228572308,0.10340230900242327,1,interior
0.3440238775399824,0.1277277301581051,1,interior
0.32237235151099547,0.17898713524004561,1,interior
0.3244719695437015,0.17932020184485045,1,interior
0.3613238129575654,0.10595419812691495,1,interior
0.30281215878905643,0.233943391417377,1,interior
0.36016958440277386,0.10480878957866391,1,interior
0.3456717129970511,0.1289020750605943,1,interior
0.39596085799093644,0.06588626809585804,1,interior
0.3879581666194494,0.07406045812616718,1,interior
0.3259393361823466,0.1801152541012354,1,interior
0.30958013371253834,0.20406409327315808,1,interior
0.4009082283153995,0.06002202291205637,1,interior
0.34083287903695636,0.12740721994606463,1,interior
0.3263796404504659,0.17848607658694982,1,interior
0.3438044174162184,0.1298204341907715,1,interior
0.308857667841153,0.19669275452841176,1,interior
0.36900026598707736,0.09443741540274382,1,interior
0.38406187075655107,0.08015166453446057,1,interior
0.3105214301047748,0.1999034923730887,1,interior
0.31608721239214055,0.18391313038977916,1,interior
0.38736202171624123,0.06851397020404129,1,interior
0.33438547772382776,0.145039470766163,1,interior
0.34858354064516484,0.11600365851997847,1,interior
0.35832051669055515,0.114918848249461,1,interior
0.3423129056173304,0.12274941313369779,1,interior
0.33848858993476494,0.1429267045991956,1,interior
0.35890781677693306,0.1135173435263821,1,interior
0.3400046860456685,0.14709489019912186,1,interior
0.32058169180596496,0.17275182418511045,1,interior
0.39104544788512957,0.07328089545101318,1,interior
0.33805970575202615,0.1390753874738423,1,interior
0.39905864446662037,0.056146707569792405,1,interior
0.3223381180091948,0.17620078504611356,1,interior
0.3599520785664113,0.10712576657733006,1,interior
0.3857419317915978,0.08235988836319603,1,interior
0.30054438794825933,0.25164786633477415,1,interior
0.3993879051012206,0.05927962584267178,1,interior
0.3981349048660169,0.06030030399953172,1,interior
0.3477714409815984,0.1143610516422123,1,interior
0.3358347151486552,0.13279700631512545,1,interior
0.3357659617314598,0.13715537881628487,1,interior
0.33692348507465997,0.13109151562883956,1,interior
0.3895403050131353,0.08238843006305893,1,interior
0.35980754067914855,0.11611547309870379,1,interior
0.3197949338894695,0.1794007650580247,1,interior
0.3177003975903669,0.1855479723753078,1,interior
0.30489550789309283,0.2510880029416393,1,interior
0.3820525393556106,0.08109419124994376,1,interior
0.37129357241773314,0.09388371782718173,1,interior
0.3911733602962239,0.0713158162378283,1,interior
0.9466161942023543,0.3879957729198954,1,boundary
0.3360673421018122,0.14179832482110177,1,interior
0.3231890029194069,0.1543270551662432,1,interior
0.333045908586292,0.14678446689638266,1,interior
0.3027792308119339,0.25292391720576457,1,interior
0.300002548371463,0.2597050864704365,1,interior
0.3032560653939119,0.2469018860031756,1,interior
0.358250158386327,0.10556175311623602,1,interior
0.38132071018043145,0.08653290324990319,1,interior
0.3606068012493143,0.10315476165102015,1,interior
0.30840115238545435,0.22846494010854776,1,interior
0.32741003787074086,0.18087717053490407,1,interior
0.3112238217530737,0.2307748806289867,1,interior
0.300808858103727,0.2578203838836897,1,interior
0.3567389985657766,0.11391590271133369,1,interior
0.33006565498862883,0.14964303629941195,1,interior
0.3076938684047092,0.22251063841033272,1,interior
0.2989867033701011,0.2583638173943755,1,interior
0.36291157391463374,0.10598097868054421,1,interior
0.31584332492019884,0.19179882648506838,1,interior
0.39341003669862235,0.06369957443298904,1,interior
0.316210740749451,0.18600694186474429,1,interior
0.3610981391580026,0.10825565158815742,1,interior
0.3130231742937723,0.2032315301718016,1,interior
0.9488380495954505,0.38523652960007554,1,interior
0.9441793952749421,0.3747007415159102,1,interior
0.3183399861538807,0.17019177074776512,1,interior
0.3097975515661314,0.19826122058211676,1,interior
0.3508677289588712,0.11384529345531218,1,interior
0.31514314932047893,0.18819697976720265,1,interior
0.3866573963665632,0.07136208726836898,1,interior
0.2992406379193008,0.2567838047870087,1,interior
0.30405108709895223,0.22076692781944812,1,interior
0.32461264629720477,0.16753652018489057,1,interior
0.3071342624349021,0.2529476891930263,1,interior
0.3066943867909535,0.19771432239161038,1,interior
0.3059415572322866,0.2177702946320194,1,interior
0.3804945480051546,0.08297483551647047,1,interior
0.3077343480684069,0.21186001123521886,1,interior
0.32150392675296535,0.17485971628822058,1,interior
0.3348716967928389,0.13406119903366798,1,interior
0.3408598598480309,0.131621020791745,1,interior
0.3765762206126357,0.08895584101204239,1,interior
0.30991469139185895,0.22922127648319682,1,interior
0.3917551256010857,0.06515653235169458,1,interior
0.3232969133653736,0.18416374044704337,1,interior
0.32439279711977387,0.1604177360839392,1,interior
0.3393074261261381,0.13091273974184725,1,interior
0.30435643419943686,0.238748361236839,1,interior
0.38210369627512286,0.07927059730050161,1,interior
0.3894447350209184,0.06857596422089227,1,interior
0.3646454779582417,0.09846535770528034,1,interior
0.3910458471754576,0.06846760928067952,1,interior
0.306300587301478,0.25037179520009534,1,interior
0.3958005638581853,0.060713345380575726,1,interior
0.3402353517203884,0.12034541350638467,1,interior
0.3203121652225308,0.16827595432409445,1,interior
0.3605024607872851,0.10156965601210495,1,interior
0.3231742519116728,0.16248458073035144,1,interior
0.3640039831452911,0.09595391996320198,1,interior
0.30908749921474127,0.19515689847122972,1,interior
0.30814496455524476,0.19821621877514722,1,interior
0.3189379720497658,0.1665898727341227,1,interior
0.31109402446898177,0.1942611338384805,1,interior
0.3678183795015786,0.09661337693088032,1,interior
0.3032088376381271,0.2185435022450691,1,interior
0.3061587288959405,0.2122408955018573,1,interior
0.30365656866245905,0.24936856412439548,1,interior
0.32502624569389976,0.16211945673493441,1,interior
0.36094190834714507,0.09884881576576669,1,interior
0.3135481875964252,0.1839524896593897,1,interior
0.9474560078501321,0.38228204981930713,1,interior
0.34208095511207687,0.12497168013941685,1,interior
0.38007515230014216,0.08054633704100342,1,interior
0.3487454283006132,0.11300421925102379,1,interior
0.3331418418560916,0.13325163228712417,1,interior
0.36478860333247165,0.09433280555974209,1,interior
0.3387599477415876,0.12913622818126674,1,interior
0.3874644636122497,0.0659441794753449,1,interior
0.3065762704169212,0.2154258098701407,1,interior
0.3054451109153954,0.21923466189073498,1,interior
0.3244731329720921,0.16398671560073977,1,interior
0.3391459477824876,0.1231091758094446,1,interior
0.3485100242461043,0.11042500184701888,1,interior
0.32921157885237146,0.15094957842408546,1,interior
0.36370866450821165,0.0924439881169477,1,interior
0.3581696537148936,0.11083038985917586,1,interior
0.3752440433692232,0.08756095215510665,1,interior
0.30540963639370616,0.25295383145521033,1,interior
0.3205123348895262,0.18370485231817468,1,interior
0.3614717848299758,0.09737243235281919,1,interior
0.33422846866185113,0.13099330132745382,1,interior
0.3500068870270915,0.10971673297756128,1,interior
0.3955199661279552,0.055953436499218356,1,interior
0.30454058122411276,0.2222556084856004,1,interior
0.3431301485835465,0.14937307798931765,1,interior
0.336089049215409,0.13499847084466826,1,interior
0.3199599024779404,0.17687398731404894,1,interior
0.29844096206153076,0.25127610838939807,1,interior
0.3962229760601291,0.05901637643196877,1,interior
0.2976032586574517,0.2609855600588111,1,interior
0.36282309604826973,0.09848981802822032,1,interior
0.3570410557112153,0.11185257046170287,1,interior
0.3715726774024021,0.09541637563480658,1,interior
0.30453569083091947,0.24093748941737234,1,interior
0.3423569181335877,0.12793420931288196,1,interior
0.3855999830977412,0.07273131168149738,1,interior
0.30185830326076446,0.21765179280485594,1,interior
0.29581442057032953,0.26137984128554304,1,interior
0.32601932658496724,0.15104507475262055,1,interior
0.3787557562281802,0.08148196448392353,1,interior
0.33360690587664926,0.13551965076551564,1,interior
0.34556613803408215,0.11278444836170518,1,interior
0.3854675619515993,0.0684833184560207,1,interior
0.3406795297057193,0.12959086928411975,1,interior
0.32345754162238716,0.15055929593824835,1,interior
0.35136664925725736,0.11137198985965747,1,interior
0.30293661212075995,0.2235701229559844,1,interior
0.301509239238396,0.22204951576923299,1,interior
0.305827383479233,0.19903390244777353,1,interior
0.3856476605835186,0.06597209926501398,1,interior
0.30653633811154407,0.24395469589818358,1,interior
0.38951906989620644,0.06426891670733705,1,interior
0.29705892465826794,0.258572416783407,1,interior
0.3061472633641773,0.19626341895142674,1,interior
0.357336758087762,0.10877782573330635,1,interior
0.30347092780156426,0.24339121433383273,1,interior
0.30234186996696866,0.23824257409330565,1,interior
0.40144665588776757,0.05416218625892593,1,interior
0.30455320623193327,0.2366787125036147,1,interior
0.3241227994064447,0.1569251598375698,1,interior
0.3950691215505197,0.053351459655152866,1,interior
0.34088742708983044,0.1221129904868426,1,interior
0.30596008871952984,0.22158160343181524,1,interior
0.30477059379598853,0.2013220385053281,1,interior
0.3339695174990385,0.14356731306263537,1,interior
0.3224388752789624,0.16098811134652188,1,interior
0.3504434557571861,0.11606934320650768,1,interior
0.3730897353818125,0.09441001018061285,1,interior
0.9502473642011398,0.3772559422927002,1,interior
0.3583065038045181,0.10234179496905478,1,interior
0.2939460883462965,0.26144623250979426,1,interior
0.3403425430536047,0.12494915341827689,1,interior
0.3049077508597384,0.23513621597553416,1,interior
0.3355657518389711,0.13873466578899046,1,interior
0.29726302743770194,0.25503436993068107,1,interior
0.30766910947177967,0.1940552793806274,1,interior
0.38426726408094963,0.07505305098152104,1,interior
0.3264372347829152,0.16691156459600098,1,interior
0.9496701229962841,0.38672328715370863,1,interior
0.39034107279586633,0.06984537534343342,1,interior
0.3738331205484795,0.08833999062270467,1,interior
0.30296235971600655,0.23616952739307034,1,interior
0.3209982903798746,0.1547659479489891,1,interior
0.38941832741591886,0.06679775478233968,1,interior
0.29829079534046554,0.2532155139812977,1,interior
0.32017245552720586,0.16278579731379203,1,interior
0.3609779570304076,0.1105748252053747,1,interior
0.35527075207694414,0.1130143397787534,1,interior
0.30422357931524024,0.2154023981362433,1,interior
0.35643629617887984,0.10568019815747891,1,interior
0.3045487510318853,0.22402812095501434,1,interior
0.33171488796104004,0.14832689835818624,1,interior
0.38456776047431024,0.07696282736025783,1,interior
0.3940759236221834,0.060953685047370476,1,interior
0.33061353585291153,0.13471212624992707,1,interior
0.3923558219050546,0.051993295685956044,1,interior
0.30456831708693294,0.23347301402907833,1,interior
0.29602310322023984,0.25968602054907225,1,interior
0.3283598355487509,0.14891497778188387,1,interior
0.37743921162239835,0.08013726724649535,1,interior
0.39344112726481034,0.05369066301467228,1,interior
0.3783739898222498,0.0847557106986229,1,interior
0.39314710009255366,0.0556035711547951,1,interior
0.35262644168047813,0.11396816072996697,1,interior
0.29833815507199357,0.26318520643064136,1,interior
0.356791065336233,0.10319942226625324,1,interior
0.3727197067648409,0.09110240900663961,1,interior
0.3168009833715888,0.1697896537331245,1,interior
0.36639926415462765,0.09476810671045918,1,interior
0.31628190106535536,0.18951133581187316,1,interior
0.31450231502167264,0.19040775049908076,1,interior
0.39195892887356426,0.06270067126777437,1,interior
0.3066044655618218,0.20527825824911347,1,interior
0.3073041472369806,0.20995379844510584,1,interior
0.38201464912993083,0.07359362690273216,1,interior
0.2992902386182522,0.26117417719159597,1,interior
0.3469855762295604,0.11113508763554644,1,interior
0.3019966406702507,0.2456518205544441,1,interior
0.30641915589366325,0.22645739027480638,1,interior
0.29406931815975035,0.259109660404381,1,interior
0.3853690691279093,0.0704099266313938,1,interior
0.35541939605292755,0.10995872769076034,1,interior
0.3670249831010674,0.09226494269011336,1,interior
0.38683876436065334,0.06373689390338498,1,interior
0.3078818639150548,0.2036166869530389,1,interior
0.3358004033976359,0.13003876090702682,1,interior
0.31014060610563376,0.23393355060845572,1,interior
0.38479049787029246,0.07869361929689501,1,interior
0.3049581852682684,0.22564859769719758,1,interior
0.9482710904238406,0.3876964564766271,1,boundary
0.3131036127074522,0.18959452160269505,1,interior
0.3982892437102793,0.053327995710217534,1,interior
0.3090514153753957,0.20877697002274803,1,interior
0.3494744172886464,0.10815735375344632,1,interior
0.3110451724471026,0.18823138631067549,1,interior
0.3785558811539335,0.08320352668603248,1,interior
0.3048312155265992,0.20674305168178722,1,interior
0.29624090811052345,0.25704866667480336,1,interior
0.35142144984043583,0.1078848170633757,1,interior
0.3059362466215339,0.2035004829993547,1,interior
0.3053998520391564,0.22809061530227445,1,interior
0.34334702826358243,0.11075844373670349,1,interior
0.3045321852956324,0.21705843593258323,1,interior
0.3151552670962901,0.16763308794755374,1,interior
0.3762724022260874,0.08620169137595947,1,interior
0.3914893778843034,0.06699964905231615,1,interior
0.30684570951212375,0.23327389993277803,1,interior
0.34597499824359773,0.11606281953022683,1,interior
0.3000984259393856,0.23652460536166764,1,interior
0.30671841446798515,0.229164297847533,1,interior
0.301329326758699,0.2609101472227321,1,interior
0.33349335910579914,0.1377342252253987,1,interior
0.298542412965967,0.2490349199869003,1,interior
0.3555894292950305,0.10809291085817826,1,interior
0.32136470059193006,0.15883322147288798,1,interior
0.39091731730742296,0.05292469330221521,1,interior
0.30243315137476573,0.2270068721997611,1,interior
0.30634979320679273,0.22323933879387187,1,interior
0.39875003274016696,0.050835280406113265,1,boundary
0.30258444720011296,0.22010467860244187,1,interior
0.31498851489407426,0.1849922374346311,1,interior
0.37675731841140353,0.08474485878695243,1,interior
0.35290081768505455,0.11011767218367687,1,interior
0.3743968632480776,0.08587956059532399,1,interior
0.33409985015983124,0.13919727865266768,1,interior
0.32029435213398405,0.16051110875529875,1,interior
0.36951097803639554,0.09239097896764953,1,interior
0.3224026628921446,0.14922547037201042,1,interior
0.31174010911891675,0.18162808248196255,1,interior
0.3798879270828029,0.07790423503242401,1,interior
0.3933354800559351,0.06638631444558307,1,interior
0.2943531538233108,0.25757047174460623,1,interior
0.29926978384415237,0.2548263934526198,1,interior
0.3014146210820797,0.2491136913158215,1,interior
0.34439648940210577,0.12006209749498306,1,interior
0.3726147304438052,0.08631848764574615,1,interior
0.3151770743867655,0.16997147503696872,1,interior
0.3144971343806128,0.18167985560688207,1,interior
0.29681733867578014,0.247341966481122,1,interior
0.3043524515887681,0.1977913349511287,1,interior
0.3572246280169022,0.10714209372066962,1,interior
0.3042365021002496,0.20438938196020676,1,interior
0.3179113145679783,0.17530339382014928,1,interior
0.3210852783833314,0.1666515529045816,1,interior
0.3185200639329782,0.15544206974075134,1,interior
0.37334787922958934,0.09287335870677099,1,interior
0.30141098878688516,0.24291148886018543,1,interior
0.3537861996367813,0.11192643201825903,1,interior
0.3220762137548599,0.15260823929351208,1,interior
0.317103768373913,0.16629952572089493,1,interior
0.3706112173173862,0.09102681497973485,1,interior
0.34481786890316535,0.11471708887505079,1,interior
0.30089460927720707,0.24675890713477924,1,interior
0.31981463246030356,0.15746692323380954,1,interior
0.30552754294792744,0.20878153573891695,1,interior
0.3388296954099175,0.1271054503821027,1,interior
0.2959125525704509,0.2514487942214544,1,interior
0.3437192356291054,0.11258256431674271,1,interior
0.3937071682867701,0.05906402119498083,1,interior
0.30234633039917264,0.2158905421729893,1,interior
0.30143579829580647,0.230800772301185,1,interior
0.33076732332832254,0.13229641608010792,1,interior
0.3321014322175302,0.1441386499082453,1,interior
0.37893985919778933,0.07910193231430046,1,interior
0.31985638600072824,0.17484976643027392,1,interior
0.37182419563515556,0.0924430870173119,1,interior
0.3099466905597387,0.19100738376851564,1,interior
0.3004767687167688,0.22459814522936342,1,interior
0.3478734317264819,0.10847059655229134,1,interior
0.3791881661559565,0.0868329569717622,1,interior
0.30050885545755956,0.24461679176058848,1,interior
0.34940895825386725,0.11457903488500978,1,interior
0.3789651689014899,0.07654505417483794,1,interior
0.37230667563434766,0.08790703198328566,1,interior
0.3028447874842667,0.22517881692002892,1,interior
0.3376362661922583,0.12440246091656308,1,interior
0.3046227654930026,0.1960741773932657,1,interior
0.3414989517743938,0.1146214890831507,1,interior
0.34453908495678576,0.11765589887505687,1,interior
0.3009436632547957,0.22638026661103897,1,interior
0.39572147216736747,0.05191989900577476,1,interior
0.3973245494275457,0.0519357976676569,1,interior
0.3180429896902725,0.16852314616838687,1,interior
0.2940491484379121,0.24799626264881522,1,interior
0.3839871400897889,0.07305755416556207,1,interior
0.3180604595851228,0.17885136630683954,1,interior
0.32082153203063196,0.1510036956480355,1,interior
0.3127330647181531,0.16785592740401867,1,interior
0.34266426399105304,0.11607270442698395,1,interior
0.31401609737415637,0.18677895291140467,1,interior
0.31128988395767226,0.2282157632910596,1,interior
0.3532204803377974,0.10742527377351388,1,interior
0.39086472322046945,0.0591414535981169,1,interior
0.3764933981733709,0.08181429334003455,1,interior
0.3585172853865598,0.10397018778484797,1,interior
0.29559268881291356,0.24554883563709465,1,interior
0.30622935559488224,0.19468754797171667,1,interior
0.38252064200021335,0.07565332886972108,1,interior
0.32676182322303826,0.149218435794297,1,interior
0.3189864989240201,0.17324111781065413,1,interior
0.29927647751680814,0.24557775714401134,1,interior
0.3310935227750545,0.13663357245926416,1,interior
0.3796806052500535,0.07497727235650803,1,interior
0.32892566989041766,0.1371927361703853,1,interior
0.2967669791077101,0.25326363898270227,1,interior
0.321209020144117,0.16402804534218374,1,interior
0.3168935534371346,0.16414903075690496,1,interior
0.38835771417305964,0.06314720072301208,1,interior
0.38197885721556457,0.07114252966500487,1,interior
0.3036406282007147,0.21344885926549342,1,interior
0.33170370620423584,0.13827309978317748,1,interior
0.3830158613428242,0.07751894058494135,1,interior
0.3198240249409078,0.15269161766325198,1,interior
0.30441108628867886,0.1939947971622621,1,interior
0.3313698154939365,0.14612183809435142,1,interior
0.33026443631557884,0.14774492385864033,1,interior
0.30064948790410084,0.23230489146666078,1,interior
0.3029640671634373,0.22860610856711638,1,interior
0.3861096234981996,0.07669193214194041,1,interior
0.38516128880356837,0.06396743551356394,1,interior
0.29699927311366764,0.2498344041617124,1,interior
0.31933747651627337,0.16509312412350916,1,interior
0.30525862672048804,0.21084708591961251,1,interior
0.3126936301656087,0.19335617275998315,1,interior
0.39604468750148686,0.04945109443173817,1,boundary
0.2981512863648895,0.23873706225592586,1,interior
0.39024866779302475,0.05096730192992478,1,interior
0.39448214813296206,0.050583716698398534,1,interior
0.3024393457261936,0.20321641639600824,1,interior
0.39010782259978855,0.06244188949295041,1,interior
0.3032979394514061,0.19982934510762412,1,interior
0.3016218802513694,0.24127394080475315,1,interior
0.35404613873446616,0.10902922933785691,1,interior
0.3014151630471411,0.20124219446714703,1,interior
0.38420165877774404,0.0714862671487935,1,interior
0.3387159435408014,0.125551266485389,1,interior
0.3022869849838187,0.25139043412724366,1,interior
0.29878753018046095,0.24230649010733413,1,interior
0.36963462038774514,0.08848165725718933,1,interior
0.3697066637691527,0.08659723607676319,1,interior
0.3440233395855278,0.14282337487572033,1,interior
0.31831289941869745,0.17702380231217466,1,interior
0.376377466135243,0.07779673871343855,1,interior
0.37122329368056484,0.08922748825235795,1,interior
0.3708478930704778,0.08478085057660192,1,interior
0.3160383409539159,0.17728955921339776,1,interior
0.34645261530040333,0.10944750650612896,1,interior
0.35991641479934944,0.09529346053340867,1,interior
0.33691799769015024,0.12602173371796482,1,interior
0.31519767126630316,0.16438604119782407,1,interior
0.3481079622850568,0.10636333224020532,1,interior
0.332049648219105,0.13521441281639998,1,interior
0.30318890338680293,0.24021216929429914,1,interior
0.3132986348945838,0.1636600541678282,1,interior
0.31121393241845685,0.19270033781083376,1,interior
0.3335903215531147,0.14204689385012428,1,interior
0.3015006453670857,0.23524018040469155,1,interior
0.3465797324098646,0.1068765224929217,1,interior
0.3063743723245061,0.20727172596002197,1,interior
0.30076802163556426,0.21328980987422783,1,interior
0.3544941685548651,0.10652347247999154,1,interior
0.318140125727269,0.17196981149977877,1,interior
0.35494744580913357,0.1042424019103325,1,interior
0.3095314220045287,0.19317610311283584,1,interior
0.29907366287615655,0.22781814580001405,1,interior
0.39080333688737595,0.05631552910174176,1,interior
0.29558546453581247,0.2491860003964488,1,interior
0.3000794331752802,0.21580439857864675,1,interior
0.3742806709807334,0.08382697874824098,1,interior
0.3402103550810618,0.11290231506202396,1,interior
0.3276595563940459,0.1350310225913748,1,interior
0.29217093807780936,0.24670835558518084,1,interior
0.2992111510897287,0.24731110762990471,1,interior
0.3649820972880453,0.0909418789477577,1,interior
0.3262441310993781,0.1335111690862088,1,interior
0.29668242743608914,0.23725004596287205,1,interior
0.30244029244781667,0.19582282471572937,1,interior
0.3012788697206323,0.19870653137301944,1,interior
0.2918015383126994,0.2583809758777727,1,interior
0.35103329329190713,0.10640790252336342,1,interior
0.3009681012574309,0.2197563553141036,1,interior
0.3239589047954773,0.14869679342736636,1,interior
0.3883397916901151,0.05316059129816618,1,interior
0.3169743375796222,0.16123921547923623,1,interior
0.33214367857542443,0.18169403179742824,1,interior
0.2999453877296001,0.21850864244740792,1,interior
0.3036296652354005,0.2118387726116928,1,interior
0.37433235727527037,0.07975915644162983,1,interior
0.35433757435703755,0.10244732885395468,1,interior
0.29914809118211433,0.23063492070400943,1,interior
0.29693135063271386,0.24426920362329604,1,interior
0.2991414850743211,0.22203109737958038,1,interior
0.38065792174485547,0.07639650288421236,1,interior
0.3429124139690142,0.11758520194067215,1,interior
0.3327182233371514,0.14058664986286043,1,interior
0.31601961691614233,0.17174836363106138,1,interior
0.3375735605829061,0.12160677967504246,1,interior
0.3231593186595298,0.17768355009071765,1,interior
0.29411514136581957,0.24981264545793547,1,interior
0.3774350984441348,0.0746808175923456,1,interior
0.3840222015750662,0.06732798134753025,1,interior
0.3121097025873179,0.18495671293513613,1,interior
0.294505336554047,0.2545955305629445,1,interior
0.34244572915190613,0.10921590685417004,1,interior
0.29396930332495425,0.25234108427044866,1,interior
0.31050667057344933,0.16347435358396942,1,interior
0.3297089301829625,0.1462009779044412,1,interior
0.3017488888954653,0.21169595432335564,1,interior
0.36818354785401686,0.0894986467779078,1,interior
0.339515622186415,0.1143738883319258,1,interior
0.30185316770416976,0.26611226777218533,1,boundary
0.3666738072236501,0.08923535398591344,1,interior
0.31982414846415197,0.14921619953556392,1,interior
0.39337304138688417,0.04896405976686121,1,boundary
0.29776246997339384,0.24080518566333442,1,interior
0.30964649798458554,0.18182386595713756,1,interior
0.3188959190798894,0.15972450504147423,1,interior
0.39043093590126315,0.04845426945773284,1,interior
0.3062831652871411,0.20064132126415923,1,interior
0.3922623771910407,0.060371596772085284,1,interior
0.3443433977250989,0.10864904761827199,1,interior
0.38487144794355477,0.0624490101173704,1,interior
0.3504608174669582,0.10371507536005967,1,interior
0.3724587929876958,0.08251077947605161,1,interior
0.3966373807834752,0.053464408935911784,1,interior
0.3814815755610082,0.07780352624082021,1,interior
0.3319505942046024,0.13089722992365868,1,interior
0.3869005818302547,0.05461611054843922,1,interior
0.31622910314313224,0.18109577402651686,1,interior
0.2957752176474046,0.25557692677630184,1,interior
0.3202803254577729,0.14732277066932434,1,interior
0.3128273861314021,0.19152583549615057,1,interior
0.3033462100140437,0.20858686819735345,1,interior
0.37493828864826345,0.08244949750795047,1,interior
0.29451179654939497,0.2444292665818112,1,interior
0.37351804098302344,0.07817144145571935,1,interior
0.3306299290976542,0.141535586778108,1,interior
0.37660417767724313,0.07625664218500404,1,interior
0.29243785711529396,0.2625910229090446,1,boundary
0.2973619338400564,0.21698593948544534,1,interior
0.3293482950627052,0.13329522416090206,1,interior
0.31886560574750966,0.1618539159669941,1,interior
0.31486952955495195,0.1615638539191076,1,interior
0.37606246630411566,0.07380804970754824,1,interior
0.3007078274182636,0.2561654377148962,1,interior
0.37293261459588156,0.08041355074597742,1,interior
0.3183288914089116,0.15121320635168037,1,interior
0.3587372642025368,0.09945722642337237,1,interior
0.33512446466401846,0.1404687664372129,1,interior
0.34051999037506897,0.11854960240832642,1,interior
0.3031625629915753,0.2056318831860416,1,interior
0.30098503918724595,0.2291088801970415,1,interior
0.32619412560932576,0.14740219273791708,1,interior
0.39284649263182836,0.057259849835734906,1,interior
0.34757332892022486,0.104137520088064,1,interior
0.33315713020413823,0.12986920299629398,1,interior
0.3123267734859024,0.1872399691033792,1,interior
0.3894802854118973,0.06026513403328182,1,interior
0.30791492952211824,0.19138484291788221,1,interior
0.3190732122906048,0.18100628173071673,1,interior
0.3000335770831456,0.2532373080532395,1,interior
0.3150974002452583,0.17439972097518164,1,interior
0.36885844428786213,0.08383510310825465,1,interior
0.3674257631339923,0.08204637565169164,1,interior
0.3083161239533357,0.2050855307883732,1,interior
0.30704109725372475,0.1889224205210178,1,interior
0.37148656689014,0.07865005988135002,1,interior
0.3079205816849714,0.16324477854173428,1,interior
0.31691396461145765,0.15676388669054125,1,interior
0.38841481912616743,0.05777371527855144,1,interior
0.29560294313377955,0.24289999795368455,1,interior
0.32164572410632936,0.16241389317417693,1,interior
0.30499556606815426,0.24402061733263233,1,interior
0.30939044075496036,0.1892898635014806,1,interior
0.38811521178643477,0.06134111646463323,1,interior
0.29602530220995316,0.23996188171113433,1,interior
0.31138286051396685,0.18974578905071882,1,interior
0.37488305748503814,0.07714682407983521,1,interior
0.29242432900725074,0.25663701712831394,1,interior
0.3146566939766957,0.17612594246300872,1,interior
0.2994002547991772,0.21396600697136406,1,interior
0.38946437149616614,0.054839922688391975,1,interior
0.3306274082694255,0.14459831227274367,1,interior
0.2948088199232576,0.24148423621176862,1,interior
0.3727566367237572,0.08448181787885367,1,interior
0.35669930547374684,0.1015418263980666,1,interior
0.31837203579880907,0.1637988306723152,1,interior
0.314846938222376,0.17902426232529087,1,interior
0.3171925259066818,0.14852271640091708,1,interior
0.2974770769179683,0.2143774171219409,1,interior
0.2907381933388369,0.2602252526255465,1,interior
0.32379517575349037,0.13339043684608887,1,interior
0.3497880843886276,0.11155474973204944,1,interior
0.3322185629137764,0.12704278585795403,1,interior
0.29844067874550023,0.24378801881463197,1,interior
0.30972060919847233,0.1834802517590866,1,interior
0.3891649389963827,0.04980496021200965,1,interior
0.316552414422833,0.17932023996200164,1,interior
0.2924790569948685,0.24194467685831794,1,interior
0.33137284263271166,0.1287003390882911,1,interior
0.29723751898271933,0.23453692093605943,1,interior
0.3017731559192666,0.21014598575312168,1,interior
0.37998084247987196,0.07298389822550487,1,interior
0.353340826581919,0.10451499879228633,1,interior
0.29971406173084625,0.2336643058960373,1,interior
0.29712392477026905,0.2216758990433107,1,interior
0.3368064493469822,0.12870366371366246,1,interior
0.3135322231426358,0.17992800996868782,1,interior
0.3578942830569968,0.09721134881746696,1,interior
0.2960570326447196,0.22284876056723474,1,interior
0.36861009882510326,0.09102755666485444,1,interior
0.30145282596730055,0.239617241209258,1,interior
0.3651986620140375,0.09275766625527046,1,interior
0.39186359369328194,0.04948078010663304,1,interior
0.30628248015245074,0.19167806743963722,1,interior
0.29227864231178363,0.24490795716264602,1,interior
0.39577701899602685,0.057465333773271295,1,interior
0.3922555274721184,0.04788119270280567,1,boundary
0.32684116912377104,0.13725315383693795,1,interior
0.2996293565576274,0.23972725097982348,1,interior
0.29736058443278895,0.2458949439601613,1,interior
0.3166133804548225,0.1732162594267252,1,interior
0.31226076018881055,0.17023779852611484,1,interior
0.3531503534320174,0.10105166562459628,1,interior
0.39038545330857666,0.0467270190563223,1,boundary
0.362226111733527,0.09438399522468462,1,interior
0.2940103450232384,0.240089198371998,1,interior
0.31595262958064607,0.15148212157269833,1,interior
0.3294293292585319,0.1306457094206464,1,interior
0.313909012866876,0.17098018372919938,1,interior
0.361444478046847,0.09296909415087105,1,interior
0.3296350638376387,0.139465563430245,1,interior
0.3131108822325844,0.16599312342556097,1,interior
0.3117921918658072,0.1618618170835737,1,interior
0.3137089836959105,0.15997794643018254,1,interior
0.3437165959089232,0.10578999725777645,1,interior
0.3007544007977554,0.19406751285078963,1,interior
0.3451848093590985,0.1048852754480249,1,interior
0.29279967996443473,0.25997516331593473,1,interior
0.329286502605345,0.13559685161114282,1,interior
0.30337945818888645,0.2102189219687888,1,interior
0.33834011526386276,0.11894405496933025,1,interior
0.3595791768856961,0.09682889910267668,1,interior
0.3041808543618724,0.22698817268945992,1,interior
0.29960477268329905,0.21068415793082518,1,interior
0.3404492841566149,0.11652357078128928,1,interior
0.33792369824037527,0.11627692683472578,1,interior
0.3192048610740581,0.14574573919991532,1,interior
0.3836641084907918,0.06344475145244524,1,interior
0.2984016529170189,0.2259546029181064,1,interior
0.29914534791734015,0.21219411016268072,1,interior
0.29815933584900767,0.232656930860926,1,interior
0.2995926289537692,0.19630415114200614,1,interior
0.29853212210326774,0.22409890399437504,1,interior
0.3522534942893718,0.10338149833459333,1,interior
0.29648142489626084,0.2157458369180195,1,interior
0.3885502325007341,0.04690509662663773,1,interior
0.2905892676430317,0.2557094313514468,1,interior
0.3432125409334358,0.11456083481432612,1,interior
0.3016672144092403,0.20457596172971168,1,interior
0.2921978611699283,0.2549175295143916,1,interior
0.3362395781539299,0.1204335842210855,1,interior
0.2957499756147307,0.2338281784915063,1,interior
0.3003423202824806,0.22306118178556386,1,interior
0.35638244730599195,0.09826376091491389,1,interior
0.3163834137166882,0.1587719884803605,1,interior
0.32786534390853367,0.1450022152279039,1,interior
0.295829104349553,0.23202981536114226,1,interior
0.38304826123818053,0.06524953311152451,1,interior
0.33005508211670853,0.1431126184907384,1,interior
0.34275451960996056,0.11920887104881471,1,interior
0.2914962935176955,0.249153695332169,1,interior
0.2910284241038835,0.2509663866949901,1,interior
0.3353419120517678,0.12523160571182063,1,interior
0.2998064126880873,0.19988769725431374,1,interior
0.2901984785611496,0.24037137787615703,1,interior
0.2953498335952059,0.2144312147867357,1,interior
0.3038816217723747,0.2026245231492484,1,interior
0.2957112746775283,0.2171421706944565,1,interior
0.37900655305426384,0.0708569177219665,1,interior
0.3000123766355335,0.2413326536208601,1,interior
0.2905594649802899,0.24710190701011225,1,interior
0.34562224979272144,0.10255087766222537,1,interior
0.2887104429604593,0.24729101208066112,1,interior
0.3414259162602936,0.1106725293591169,1,interior
0.30830404987950405,0.18269512756224288,1,interior
0.33350499958150165,0.1193413035984718,1,interior
0.31828882331383224,0.15313963193941058,1,interior
0.3276011380396255,0.13217496274240428,1,interior
0.38343495131926186,0.06944568565125543,1,interior
0.3552174673757869,0.10065315090054303,1,interior
0.335301488065837,0.12771633175854302,1,interior
0.28846611238564335,0.25499935666297907,1,interior
0.32627367712283045,0.14498816803993894,1,interior
0.29045688772922995,0.23868745631875693,1,interior
0.28858446876152977,0.24245722667833958,1,interior
0.29680662514902134,0.227935043639878,1,interior
0.3435991525553119,0.10317759934481646,1,interior
0.3864479566351876,0.0672725254730619,1,interior
0.3490245824514979,0.10461039730006057,1,interior
0.3810550622872452,0.06986314163767382,1,interior
0.2859985037740887,0.2428775273061982,1,interior
0.29451089361831356,0.21600286196437324,1,interior
0.3624646078155578,0.09611528959576901,1,interior
0.3031782846107342,0.19310123542991206,1,interior
0.2895595989059533,0.24586957502281764,1,interior
0.28692841510700146,0.2447723175292423,1,interior
0.38765869580324686,0.05941404554305644,1,interior
0.36292487043999583,0.09105822005076619,1,interior
0.3873157558211395,0.05617551585487986,1,interior
0.29039347678773375,0.24441994988833593,1,interior
0.33611200511865513,0.1227338794447347,1,interior
0.29654116423654864,0.23032426542322468,1,interior
0.32457178124889524,0.13476629491189004,1,interior
0.3805610068526411,0.06772491325819462,1,interior
0.35978329107938845,0.09252365805930918,1,interior
0.3355701526808037,0.14336394080020384,1,interior
0.29093994616004876,0.25264012713420503,1,interior
0.28869407027353383,0.25744790344478746,1,interior
0.34288381193000983,0.12634977195048497,1,interior
0.2833089427556951,0.24254205343294297,1,interior
0.3093121967631213,0.16147386768307953,1,interior
0.29948873895277695,0.19801778038902085,1,interior
0.3443908120618485,0.10134123517492748,1,interior
0.3254984154079997,0.1362079121744844,1,interior
0.2991674260668396,0.20894720309044043,1,interior
0.3131137654405853,0.18241867640450965,1,interior
0.3713030099332371,0.08034659581328503,1,interior
0.297075541225088,0.20687845203516558,1,interior
0.2964355028386395,0.22573767128750533,1,interior
0.3005782213791182,0.23816962915972018,1,interior
0.2971468281594627,0.21871295495565793,1,interior
0.3049698085687054,0.19067760442282036,1,interior
0.36055905960506207,0.09077087941959971,1,interior
0.3135993517779763,0.16947197546659098,1,interior
0.34539249144435036,0.11054212790359581,1,interior
0.2948237201943241,0.20707772555402842,1,interior
0.29970750612011293,0.25001328610327783,1,interior
0.3260209221910645,0.13883643713796787,1,interior
0.2992466806149093,0.220083060314146,1,interior
0.3019452157788776,0.21428622360750224,1,interior
0.37816465169897434,0.06807641978780599,1,interior
0.31054670577981996,0.1674913934969189,1,interior
0.3397966666472947,0.10818890894438586,1,interior
0.3789164991355438,0.06573585704586306,1,interior
0.3422864149531261,0.11315301392916628,1,interior
0.30154546861498965,0.1971235368644615,1,interior
0.33685903433338277,0.11736485542028677,1,interior
0.3110834841684588,0.17925000553333606,1,interior
0.3762669398166834,0.0648036012335843,1,interior
0.323519977123154,0.14617024569211828,1,interior
0.31290532654452846,0.1731970912846125,1,interior
0.29422638949284974,0.23389215045871636,1,interior
0.31462445178874865,0.16611751530518554,1,interior
0.3742557501199023,0.0753106851290472,1,interior
0.289462994832664,0.24916042439452363,1,interior
0.311986502520278,0.1648328312372996,1,interior
0.324010567625744,0.14069788040280048,1,interior
0.38226738243605224,0.06168952418425582,1,interior
0.28957022455821163,0.2590252052867227,1,interior
0.35662696836397045,0.09539922600293352,1,interior
0.3110755666799034,0.17192643254380136,1,interior
0.3824283107940074,0.0669661640976457,1,interior
0.31363659555677903,0.17498381474581695,1,interior
0.3088748400217281,0.16541175954022053,1,interior
0.31034151198657584,0.18575319387509046,1,interior
0.3860163795217759,0.0588224074670162,1,interior
0.2963922199811008,0.2415749293000365,1,interior
0.3170513559120427,0.1500897514381904,1,interior
0.37642274971765766,0.06690489563510243,1,interior
0.3427641932114861,0.10707256446574483,1,interior
0.3873791453767621,0.05090587794497667,1,interior
0.29512674966778074,0.229034235419567,1,interior
0.3917225293795248,0.05479674269730563,1,interior
0.3397846735832307,0.10974781950278288,1,interior
0.28759866100990433,0.24117552237900802,1,interior
0.33308477456892205,0.12340980664789468,1,interior
0.32110860993681234,0.17805864333547336,1,interior
0.33471912065999,0.11767766259525682,1,interior
0.2939111052376504,0.21791703177813843,1,interior
0.39006960179123706,0.057810323631440945,1,interior
0.3542727544193013,0.0993530475108514,1,interior
0.31577114892911806,0.14750589197730074,1,interior
0.38534604977732323,0.06045708542081328,1,interior
0.28878674455875475,0.26078386242714197,1,boundary
0.32349532509664713,0.13867005836982166,1,interior
0.3335848038911328,0.12839151352951805,1,interior
0.3516178445128499,0.09935394427431944,1,interior
0.3533508430848506,0.09731801050762291,1,interior
0.32905661770134315,0.14107670665722205,1,interior
0.38671668784164653,0.049406886241143866,1,interior
0.29073628156744485,0.261887281278834,1,boundary
0.33311015026722635,0.12088608974823366,1,interior
0.2885188229840233,0.24461434921156686,1,interior
0.29406641652523174,0.23639603773866705,1,interior
0.30932945904622544,0.186959482218085,1,interior
0.3308496297025665,0.11937481469284447,1,interior
0.31354833027211526,0.17723477563530945,1,interior
0.3162847283060962,0.1551995383671813,1,interior
0.33292216288601456,0.11748725811915797,1,interior
0.37252052671095515,0.07688762448898066,1,interior
0.3116249511018942,0.1767554240985917,1,interior
0.33074535159547824,0.12484512002033582,1,interior
0.31513827419372786,0.1499378879321711,1,interior
0.31625519247391315,0.16271904164000955,1,interior
0.38372135706871036,0.05812174644243671,1,interior
0.2891885769285418,0.25146279901179547,1,interior
0.3216793819225973,0.14082235845203078,1,interior
0.3238750116401342,0.1432916529192651,1,interior
0.29365878612017493,0.24589688540510735,1,interior
0.38654378207419915,0.06206039794198809,1,interior
0.32755802956868546,0.13989060369192596,1,interior
0.28805732803609974,0.2591779137144732,1,interior
0.38625474171665214,0.052599724898318254,1,interior
0.2958517373958235,0.23589528723982223,1,interior
0.3221137566367573,0.1371830081461095,1,interior
0.28668196721213834,0.25707432418591164,1,interior
0.3324052136679247,0.11601747094311356,1,interior
0.2922489548574516,0.21796106120929362,1,interior
0.35815159661254276,0.09539148931071031,1,interior
0.31267404710493885,0.1785766582486749,1,interior
0.3348345476947263,0.12146001967273368,1,interior
0.2925033702106565,0.23471285824613963,1,interior
0.2866973677539972,0.25116896408436695,1,interior
0.37038041277901823,0.08247299621649862,1,interior
0.35728425470520647,0.09182586200493517,1,interior
0.3803436590897403,0.06425417592714733,1,interior
0.29115610090199023,0.2362870293370892,1,interior
0.38560567736783574,0.05681952123514447,1,interior
0.29421604406046215,0.23816999175411896,1,interior
0.3793024980595287,0.06930405784004409,1,interior
0.29738907359890876,0.2106233923288618,1,interior
0.38255518254971826,0.05657198203538304,1,interior
0.35005068452920296,0.09949649541081176,1,interior
0.302031223117137,0.20675541761391728,1,interior
0.292832766428418,0.25339137964549013,1,interior
0.3479526779152993,0.10149483731258156,1,interior
0.28578334354711493,0.24000249990614425,1,interior
0.30967481063223523,0.17502652429829982,1,interior
0.29820535274656074,0.2360254554573478,1,interior
0.3760627385025558,0.07093581867021521,1,interior
0.2876274253391985,0.25280239164632345,1,interior
0.3777663856184164,0.06319550850880624,1,interior
0.32368050985627017,0.13701922645992948,1,interior
0.29378006952928876,0.21437389276881952,1,interior
0.36802916412105974,0.08608103760264828,1,interior
0.2928442953073585,0.23747284047018188,1,interior
0.3428640570628973,0.10104623348183979,1,interior
0.38121451230836906,0.06564613290420102,1,interior
0.38141183210163526,0.05850339015717646,1,interior
0.2923375780772454,0.21557334418990123,1,interior
0.33124386562462255,0.13992522439839794,1,interior
0.3699013145596393,0.07971681735471228,1,interior
0.2925724547773642,0.2502475705094216,1,interior
0.3819656863042006,0.06340284008481945,1,interior
0.32748907465678156,0.1432730425514655,1,interior
0.3551705255227969,0.096779030132424,1,interior
0.3139113608519084,0.15605908672458302,1,interior
0.3257688697749156,0.14126652619049504,1,interior
0.3125529480477137,0.15827773614347773,1,interior
0.2868580870414899,0.2542588113744455,1,interior
0.3073406310588709,0.18739590838947986,1,interior
0.2918799375090238,0.21205992137352062,1,interior
0.3807740331046958,0.06069377419880898,1,interior
0.31670368245814867,0.14621596457661068,1,interior
0.3008348018801663,0.20890982149221055,1,interior
0.32891644173299567,0.12860053357384651,1,interior
0.33056005875477473,0.12734045729529694,1,interior
0.29709283673783254,0.20899826799507126,1,interior
0.372616697241006,0.07340859873269333,1,interior
0.3393147215382642,0.12156048107808182,1,interior
0.2950797387578275,0.21964058001526268,1,interior
0.3510297706126476,0.09745042541576887,1,interior
0.38520864105721864,0.05004528198993824,1,interior
0.29086360910957243,0.24209963872824308,1,interior
0.3352852607600902,0.11560134722777707,1,interior
0.3146060325365411,0.1728584914727436,1,interior
0.9401057320110415,0.3862012729802793,1,interior
0.3185669121908078,0.14758889204035158,1,interior
0.3052347472245078,0.1859663929560799,1,interior
0.3582838037118816,0.0930547060336258,1,interior
0.29429045624852396,0.21184089321873079,1,interior
0.32991610630754997,0.11538824833400002,1,interior
0.28514389442979504,0.24449644128444276,1,interior
0.2856266321839918,0.2524469670841076,1,interior
0.3426059777956855,0.09882147582829848,1,interior
0.32110772455494274,0.14325828261319268,1,interior
0.317906388417937,0.15794796011538198,1,interior
0.2998440887602019,0.20584608313290298,1,interior
0.35634236964180505,0.09376613895953526,1,interior
0.3047653441320974,0.19229068498334528,1,interior
0.35671472193082504,0.09977378393293741,1,interior
0.3847751578941061,0.051835543514564604,1,interior
0.36917337600623373,0.07829391673590162,1,interior
0.29406056508399697,0.23192063427563164,1,interior
0.2971347269187542,0.21262834316145698,1,interior
0.32469333912023995,0.13212551341203413,1,interior
0.2919117850578489,0.24012042180053375,1,interior
0.38367586938057097,0.060599332647951566,1,interior
0.3771650617449214,0.06924698128367765,1,interior
0.3280505774181259,0.12712426659608847,1,interior
0.32470423216711986,0.1449293428857721,1,interior
0.3173567178380225,0.14469830409185028,1,interior
0.2945473141788441,0.22385335008279925,1,interior
0.3755013543185838,0.06822757451365005,1,interior
0.2880935187947921,0.23905356751656567,1,interior
0.32089905901606597,0.14498561521865838,1,interior
0.28715721884458273,0.24672335305328527,1,interior
0.35854356898711437,0.0902405379740068,1,interior
0.38029723623670947,0.0623063279890241,1,interior
0.36889214912960155,0.08102539637874244,1,interior
0.28497854586209576,0.24658985889400276,1,interior
0.3084218905132255,0.1849584739153824,1,interior
0.33343450283427795,0.11424782518512719,1,interior
0.38400845530285843,0.05527757908430901,1,interior
0.35116000640750966,0.10131993256298354,1,interior
0.33916501469966737,0.11130092255528465,1,interior
0.30673737196535833,0.18568252480231603,1,interior
0.2938485918247377,0.23029967137889412,1,interior
0.300443116087623,0.20279803233497057,1,interior
0.30869909801462203,0.17949105443990213,1,interior
0.30527533416112085,0.22967142533795482,1,interior
0.29993054001429487,0.20756592608894048,1,interior
0.36000727611106775,0.08923214278194554,1,interior
0.34032361087992774,0.10603291159693135,1,interior
0.3254941159820959,0.14282888259242604,1,interior
0.2863375543567993,0.2593127284052609,1,interior
0.3218224127745673,0.14624826246724587,1,interior
0.2921829144408849,0.2330618983283232,1,interior
0.3020403937985114,0.1906098406143061,1,interior
0.3280197067995146,0.14661848461883856,1,interior
0.3097083783923793,0.16966222800678335,1,interior
0.3304871851178881,0.12232820078581894,1,interior
0.3494894739988903,0.10132596404277923,1,interior
0.3192102538667746,0.14360548365388884,1,interior
0.37836729742263886,0.07342099222446402,1,interior
0.2946507005832519,0.2091064325551061,1,interior
0.37069109554614504,0.07658300130833752,1,interior
0.3134167954811055,0.14730516927443765,1,interior
0.2927023884650137,0.21006178200518708,1,interior
0.3148816016325344,0.15273394393855175,1,interior
0.3023661662349096,0.1851990701457627,1,interior
0.305641684265065,0.18752104992437008,1,interior
0.2940264255421444,0.24285553912757118,1,interior
0.32312360573964305,0.14466419431700178,1,interior
0.3741560141724213,0.07223009042955093,1,interior
0.3789118587967699,0.058810414490240936,1,interior
0.35646672884943725,0.08962830307922233,1,interior
0.3362363411207788,0.11180380054545865,1,interior
0.28405418754588235,0.2565435988215532,1,interior
0.3261516953657586,0.1302394636358818,1,interior
0.3387736038948802,0.10604048300535081,1,interior
0.3693289106104923,0.075344892680276,1,interior
0.3024787862459806,0.18909459116467797,1,interior
0.34917716678172744,0.09637588129353787,1,interior
0.3579200860918225,0.08782377546855165,1,interior
0.28730499179681274,0.24957019706124314,1,interior
0.28942522512999713,0.25313187265422593,1,interior
0.305451073958241,0.16382864323524568,1,interior
0.3285690688221369,0.12566532039452044,1,interior
0.3485088617590013,0.09952777657512916,1,interior
0.3218680325845953,0.13874157256952105,1,interior
0.30299820148920686,0.24194755176927235,1,interior
0.28288950006119534,0.24057410730754947,1,interior
0.3162986888319246,0.15346909450309826,1,interior
0.38245966794722963,0.052007212804801556,1,interior
0.3460952894546502,0.09969530582333899,1,interior
0.29285616531138736,0.2195826411757521,1,interior
0.3126768582225222,0.15461335720108663,1,interior
0.3228078496784247,0.13539460234757655,1,interior
0.33794969450321194,0.1080369006089614,1,interior
0.30408471411396243,0.16247643999293065,1,interior
0.31046087875707973,0.16554016139318542,1,interior
0.315088948550666,0.14553514334300463,1,interior
0.3849866168147344,0.05398528059683426,1,interior
0.29027476862596796,0.2167308770647218,1,interior
0.29691663868618545,0.22411123390884305,1,interior
0.2835724641611113,0.2390731788485164,1,interior
0.31574479154980123,0.14339066440786005,1,interior
0.3037556959356155,0.18769491024890855,1,interior
0.31476413822016236,0.15456423358086827,1,interior
0.34205783013465585,0.10244434152230272,1,interior
0.30677336276701955,0.18378365051863815,1,interior
0.3070197359068953,0.18153912310624193,1,interior
0.29082761096055415,0.2541891602094002,1,interior
0.3340996857243912,0.12645793509203743,1,interior
0.2958403502853732,0.21114106205904756,1,interior
0.33750159959152753,0.11083930268192639,1,interior
0.2837603570331768,0.24892974187459654,1,interior
0.3478920587610101,0.09779709160782088,1,interior
0.3824088381407733,0.049742777511808764,1,interior
0.3084912535891239,0.16700574540588334,1,interior
0.29189330477031594,0.20864359862234935,1,interior
0.30032170990499907,0.18848497607940315,1,interior
0.3616672796798489,0.08953806907061379,1,interior
0.37718448056505693,0.07201195207707103,1,interior
0.29839873780270154,0.20457655912878192,1,interior
0.29477597467771205,0.22165965585446196,1,interior
0.29952170884141577,0.19127427448065806,1,interior
0.32646111946516637,0.12570319178664507,1,interior
0.35380162497880935,0.08892971097438328,1,interior
0.2830826279535646,0.2362216968715247,1,interior
0.30701934125082164,0.17982746078057138,1,interior
0.31403362270321855,0.1439806267797844,1,interior
0.3042052543618308,0.18476370264258077,1,interior
0.375800392504209,0.07931679273365079,1,interior
0.3358204148313171,0.1188665662998257,1,interior
0.3421830550832999,0.10458776788372531,1,interior
0.29289642332922067,0.2253246423184214,1,interior
0.3553116136739963,0.09088380784343968,1,interior
0.29911153105070515,0.20145147391008783,1,interior
0.33068687988078543,0.1169048333463719,1,interior
0.3320114956736526,0.12225476144065531,1,interior
0.32124422197934926,0.13214545762354069,1,interior
0.29322602710680185,0.20780764632119206,1,interior
0.37259608364947294,0.07504091924376048,1,interior
0.32766005056040043,0.15045375758354207,1,interior
0.32306002355992636,0.14199228951990053,1,interior
0.38947180952276866,0.07363338863878832,1,interior
0.2965745062212582,0.2052694772772925,1,interior
0.36463128178921567,0.08933027939338518,1,interior
0.3659691433181848,0.08769676230856203,1,interior
0.29887444069248714,0.21737634333556602,1,interior
0.3110753755967176,0.17423619486185005,1,interior
0.285667106297432,0.23736446397064107,1,interior
0.3777512114059667,0.05623881222847355,1,interior
0.33293960924156024,0.12546111787214698,1,interior
0.28083268430152203,0.2389398317615117,1,interior
0.33442804315348384,0.11176357064473001,1,interior
0.3664766856507984,0.08549123202665916,1,interior
0.33216409885997394,0.11327183681532368,1,interior
0.29311057590333,0.2232960623700258,1,interior
0.29074276066145105,0.21505651040995652,1,interior
0.2913560231414185,0.21931182005375938,1,interior
0.3203624165766957,0.13647163468320286,1,interior
0.348904918693967,0.10278488588631454,1,interior
0.3880332172336135,0.04860062304469353,1,interior
0.33538269930005393,0.10768869581278998,1,interior
0.36439937217833923,0.0841092791289925,1,interior
0.3563047712342535,0.08762861706900146,1,interior
0.3055582492428754,0.17857124936255042,1,interior
0.327289390516714,0.14152389640813992,1,interior
0.2984286975336283,0.21585778506431041,1,interior
0.32167100442831426,0.13377483180602415,1,interior
0.28507444374702856,0.2414090348389606,1,interior
0.31177081079391467,0.1560871701063348,1,interior
0.3130012433331702,0.14979728117362173,1,interior
0.29767025330913044,0.22014460876728667,1,interior
0.2834044383946415,0.24431478852178734,1,interior
0.31351458431956747,0.1515094578682109,1,interior
0.35372638814700663,0.09526022421965336,1,interior
0.30400679866327934,0.18924233009030447,1,interior
0.2865362818905767,0.2612562043768285,1,boundary
0.310797960907012,0.15764403218626666,1,interior
0.3382156862189712,0.10372860917324278,1,interior
0.3264647268012799,0.1281549546919551,1,interior
0.2821041969132998,0.24952372742332737,1,interior
0.2924562220211948,0.22106007250578552,1,interior
0.33082445720145454,0.11120124164855283,1,interior
0.3710383554673139,0.07361762865936314,1,interior
0.29447548720892386,0.22637195449754718,1,interior
0.36740818031675077,0.07760433030876972,1,interior
0.31543986906173377,0.15747422192008917,1,interior
0.33700737180285245,0.10608188715507148,1,interior
0.2898863538268964,0.21290206500078937,1,interior
0.32823040663591596,0.11658350289135416,1,interior
0.2824512344250718,0.2472009995777594,1,interior
0.3346407827109827,0.12374801575337482,1,interior
0.29676852900835254,0.20305691843277612,1,interior
0.3202896292269271,0.13924015781218424,1,interior
0.28040508410185955,0.24394485673535976,1,interior
0.30200287129872266,0.18753391410160594,1,interior
0.3368394023118555,0.1152099983656549,1,interior
0.2939589668806891,0.26298361491226335,1,boundary
0.28048455387447857,0.2516235674943548,1,interior
0.3754477710480381,0.05578616798166262,1,interior
0.35123479145921166,0.09532087468994206,1,interior
0.3908941089067902,0.06107038728754467,1,interior
0.3671658911681137,0.07962298675962273,1,interior
0.3115291658399528,0.183246611010728,1,interior
0.32462642124370855,0.1270781060955683,1,interior
0.30667533064430086,0.16595101876593232,1,interior
0.3071817827504654,0.17808544335065163,1,interior
0.2919710369219068,0.22947941737826388,1,interior
0.35331286960124336,0.09288531654465275,1,interior
0.3301839842605582,0.11348928618811173,1,interior
0.2921473760499654,0.21360107358710245,1,interior
0.33636514084063035,0.10885028670505023,1,interior
0.38068604094334735,0.05615463293578957,1,interior
0.29034277034985007,0.25749520082385635,1,interior
0.3813302138761124,0.0543462750178477,1,interior
0.33735331907425015,0.11374489643011171,1,interior
0.2808056433332353,0.24120045833375606,1,interior
0.28872806943205415,0.23694498620952198,1,interior
0.285694320497544,0.248582636761677,1,interior
0.356080945626807,0.08533031894662729,1,interior
0.37628520040724917,0.05952479533511449,1,interior
0.2980597139116022,0.19999108578986088,1,interior
0.33503487684050354,0.11324279946671865,1,interior
0.32701626227988007,0.12424439944923141,1,interior
0.28238661438551393,0.23767829803688448,1,interior
0.35378100093701004,0.0872655477612422,1,interior
0.28386122733353236,0.2598657806159094,1,boundary
0.3185244670782358,0.1386851754386372,1,interior
0.37473852214581804,0.07007556073596082,1,interior
0.3188252449290106,0.135807076774564,1,interior
0.3512484790719398,0.09297087513677146,1,interior
0.37453652763772854,0.06320171883943584,1,interior
0.2871100034504168,0.23676727628563882,1,interior
0.3354934660047792,0.10543942558699096,1,interior
0.2955340793587282,0.2128333458048026,1,interior
0.3661412578010467,0.08393139775726884,1,interior
0.3711864035838061,0.07176000548533637,1,interior
0.38150579763187326,0.047831114070415924,1,interior
0.29140847257742514,0.22713171138063662,1,interior
0.3577410750223293,0.08326382625551755,1,interior
0.27783649680752254,0.2513740700135345,1,interior
0.3312124705242893,0.12088552775502205,1,interior
0.3525918911023671,0.09075533174310783,1,interior
0.2919554186910066,0.2068505087282527,1,interior
0.38287173431380955,0.05402531429623819,1,interior
0.2801149514276442,0.24709199800614695,1,interior
0.34475484180129223,0.09882306965685388,1,interior
0.2955540478610921,0.20110506743291895,1,interior
0.290347016045384,0.20601171950162595,1,interior
0.2950037867949375,0.2040788486175407,1,interior
0.3643546457664142,0.08688282870545817,1,interior
0.38668194809644507,0.047620127737821795,1,interior
0.322859643734791,0.13212882154527406,1,interior
0.3071750990728212,0.1763747763562331,1,interior
0.32845234078219665,0.12008165757973023,1,interior
0.2845662600249424,0.25380407790639303,1,interior
0.3233896481080682,0.12924660265744164,1,interior
0.30943276206514775,0.171943059097427,1,interior
0.2776560110951079,0.24493610101763164,1,interior
0.28132623014494346,0.25335736255177593,1,interior
0.3219198790021947,0.12985598200608434,1,interior
0.29056420227535085,0.20988526706539073,1,interior
0.28961578900432633,0.2213682410523722,1,interior
0.3546514082941904,0.09392052013706287,1,interior
0.3699022460239805,0.0725965932000038,1,interior
0.3191551881137575,0.13157158867750118,1,interior
0.3553787829459777,0.09240612443350844,1,interior
0.3290862698920609,0.12401171383475786,1,interior
0.2967320968578822,0.19690748165659466,1,interior
0.31117786588919794,0.15432499020376267,1,interior
0.30593967637742464,0.16857246262758094,1,interior
0.33663169676625193,0.10356880352024335,1,interior
0.3276257082352357,0.1136834783722581,1,interior
0.28981098641485026,0.22934816133347935,1,interior
0.36475820684905635,0.07984953482966563,1,interior
0.3062765248881302,0.16244853212382174,1,interior
0.3048593869031599,0.18124666738670295,1,interior
0.32469138612340176,0.12450195950899899,1,interior
0.32035630619419286,0.14159655374868968,1,interior
0.385254664684619,0.04829827886607783,1,interior
0.36989883927399586,0.07087213862408717,1,interior
0.3779453314232196,0.060371603082522436,1,interior
0.32887051197183736,0.11813731922079258,1,interior
0.28427105231831223,0.2505897101829647,1,interior
0.3096428504283009,0.15554639383119975,1,interior
0.31637578255613286,0.175641244697728,1,interior
0.37262155043549644,0.07120070200720119,1,interior
0.29118617494919163,0.2313674349156054,1,interior
0.3496571990551139,0.09456880425874152,1,interior
0.3408044989595753,0.09961240626021442,1,interior
0.34947736575378024,0.09793180990589818,1,interior
0.2884424786577376,0.21359659008948398,1,interior
0.2893918141288076,0.2188123829658183,1,interior
0.2945229699392626,0.19883480773091505,1,interior
0.3275538748073571,0.12960268945055353,1,interior
0.2808193223245561,0.2373403096788627,1,interior
0.3126815343764384,0.145343895383372,1,interior
0.3108835954197076,0.14782563619320943,1,interior
0.3188182336606803,0.14145120085768348,1,interior
0.30489537383589366,0.17707222548091298,1,interior
0.3135603474849422,0.14156190891832338,1,interior
0.3138515658282739,0.13896817359456626,1,interior
0.36346858783422487,0.08830660534203078,1,interior
0.3350641075233204,0.10996528911068558,1,interior
0.315381725514561,0.16004458409830327,1,interior
0.2855203067260356,0.2556379759609534,1,interior
0.30995830649910977,0.17760033565379454,1,interior
0.323938774149383,0.12180124698576689,1,interior
0.36038558377113805,0.08706663267930505,1,interior
0.3057169342853471,0.18263804164080535,1,interior
0.3114966770697534,0.15958798843068342,1,interior
0.33317123917465463,0.1093165118302653,1,interior
0.29832487799381446,0.20294753557261014,1,interior
0.28867601550164423,0.21629059105374981,1,interior
0.2908389945978765,0.22262999072176584,1,interior
0.29299562304341475,0.1967827453211025,1,interior
0.30096931994280146,0.18373529330939237,1,interior
0.3010582146471368,0.16229036757614507,1,interior
0.29355701574120746,0.22855963088054207,1,interior
0.2854374210747475,0.2357829953097638,1,interior
0.3282856918347542,0.12186704831301114,1,interior
0.3628770818427867,0.08603343503518252,1,interior
0.28056611664865494,0.2491536869633848,1,interior
0.32699889558863987,0.11930338806173911,1,interior
0.2994189135788716,0.18596515053232154,1,interior
0.320221878969644,0.13426565697152662,1,interior
0.3651145711114361,0.0827498044494634,1,interior
0.2891757895508892,0.23464325715097636,1,interior
0.3186835742968877,0.13421213123309242,1,interior
0.3241352520428946,0.120188818664327,1,interior
0.2939534399882329,0.20536525517416593,1,interior
0.29010258380328385,0.23323323424634895,1,interior
0.3098315140511096,0.15361737262979375,1,interior
0.32246307958564097,0.12690947607777278,1,interior
0.30891497442469895,0.17646284533387446,1,interior
0.34609577644025863,0.09717738340739336,1,interior
0.3073214770405165,0.17437018050502223,1,interior
0.2830345271781165,0.2545352554134313,1,interior
0.3761961333050381,0.06144656022403671,1,interior
0.34973536523293663,0.09176937788370888,1,interior
0.32863742617579333,0.11151359112068084,1,interior
0.3742277238174838,0.06736414079543188,1,interior
0.37734855889690766,0.058284480810211564,1,interior
0.3439055926065472,0.09641472860326983,1,interior
0.3131518618117913,0.15301076668114336,1,interior
0.27588274547964353,0.24613058410556596,1,interior
0.2821610337073415,0.25123518361435265,1,interior
0.33274812977276386,0.11130797897020892,1,interior
0.28102660678205954,0.23572557588652046,1,interior
0.34026082091961274,0.10115635264525505,1,interior
0.32257064345941844,0.11976821495150261,1,interior
0.37460644677083904,0.06537672468751098,1,interior
0.3252823958566225,0.12293571455785728,1,interior
0.2869808234382622,0.23394462147381165,1,interior
0.2854448042138432,0.23299136789231206,1,interior
0.296223077979685,0.19880231116947533,1,interior
0.31937407121155625,0.12963066335235549,1,interior
0.28404239797021014,0.25218987282496824,1,interior
0.29111341568369276,0.22490278228701205,1,interior
0.3269614899487159,0.11545813077240327,1,interior
0.3680675522573638,0.08776807829719196,1,interior
0.29818326569077847,0.18744238229612276,1,interior
0.3668458822028027,0.07593439185960256,1,interior
0.3250834704659795,0.12900132586020424,1,interior
0.2819922621210862,0.24341029793865096,1,interior
0.3269294393295119,0.1211217667158101,1,interior
0.2891730850433129,0.22360843821490817,1,interior
0.3028167711393469,0.18092374308884673,1,interior
0.2878275070951904,0.21186069361165252,1,interior
0.29340554345765546,0.200624409597274,1,interior
0.30873017582441037,0.15931175212663487,1,interior
0.2911730129290746,0.20319467188854973,1,interior
0.30298819094282287,0.16515967885009633,1,interior
0.3143708805775367,0.1586025926186842,1,interior
0.2887339060716208,0.2085196876492406,1,interior
0.37373925818770054,0.06022436954894401,1,interior
0.309797887186011,0.14627643500350274,1,interior
0.31142093989823416,0.1431227883920114,1,interior
0.3792104291955188,0.05717478462453126,1,interior
0.36847286597211837,0.07347296551633861,1,interior
0.38574443899292377,0.046269445710661425,1,interior
0.30561761024086637,0.175719021213717,1,interior
0.3242255966440238,0.13061565261336477,1,interior
0.3072273051519351,0.1714369915770381,1,interior
0.37885867702403847,0.05462519130334838,1,interior
0.3206511585302872,0.1271508504596137,1,interior
0.3302508876094131,0.10978677488436911,1,interior
0.31190844267348256,0.14667254859520518,1,interior
0.36580765502851265,0.07747708635407205,1,interior
0.28870074513767546,0.2104289713171547,1,interior
0.32127008670877427,0.1231226097920027,1,interior
0.31093175654896343,0.1493672549144163,1,interior
0.30481421609873094,0.17040176128493528,1,interior
0.3677923540492218,0.07198222364571645,1,interior
0.3163493518245264,0.1419804003329702,1,interior
0.3413246087090896,0.09753656534633447,1,interior
0.35106189917208214,0.08989583595042293,1,interior
0.3074225075668428,0.16972874517459513,1,interior
0.29355051433150947,0.20274295243407056,1,interior
0.2953719164121692,0.1962152303117569,1,interior
0.37638866958337924,0.05408063425309775,1,interior
0.3743033406784612,0.05401107261143945,1,interior
0.3481585015250155,0.09317259341443634,1,interior
0.2790299539709696,0.24896556461594208,1,interior
0.3234034339187624,0.12367508365548262,1,interior
0.305459141144955,0.17198642884243545,1,interior
0.2848319943542951,0.21226221724895727,1,interior
0.33385874008907274,0.1071999993748761,1,interior
0.37880268799368916,0.0620137106683756,1,interior
0.30114589788260754,0.16672873025900828,1,interior
0.3207969445371456,0.125367945200616,1,interior
0.37078919651143377,0.06962438772692843,1,interior
0.27845414641832006,0.2364025910371103,1,interior
0.3448082294402942,0.09432225306821833,1,interior
0.3585687869332838,0.08597386890124847,1,interior
0.28225094378602666,0.24561940128423435,1,interior
0.29789386399490786,0.19830445142859238,1,interior
0.28867983100323713,0.2266050840680231,1,interior
0.3756842772596627,0.05762973550650526,1,interior
0.36546415454491166,0.07518355466252852,1,interior
0.2979441260542506,0.229113197268846,1,interior
0.3173796348764975,0.13984177683435034,1,interior
0.37415998594082656,0.05700386658355859,1,interior
0.29605731023693105,0.18608778906301018,1,interior
0.2971627105971883,0.18946320118963839,1,interior
0.3111280069379973,0.1689067436374097,1,interior
0.2952510216974372,0.19338727191591584,1,interior
0.3116159318391,0.15209862826546153,1,interior
0.30382528287756344,0.1832206650272119,1,interior
0.36586242726205803,0.07227000257290205,1,interior
0.3727567303222603,0.06499424020096929,1,interior
0.2796080681374023,0.23999052815689992,1,interior
0.3226431077996424,0.1252557777508286,1,interior
0.28807509220985594,0.22211973724217554,1,interior
0.2990868770544152,0.189580466681959,1,interior
0.37273342819321875,0.06701192017745682,1,interior
0.3313595485834807,0.11486472061534017,1,interior
0.2852633059849693,0.2107805533530927,1,interior
0.2884674214391066,0.2332562468958624,1,interior
0.3400719930953809,0.10401505011322058,1,interior
0.29731163082295997,0.1941175237935665,1,interior
0.2885367251703778,0.2066461488627389,1,interior
0.3008904159414711,0.16046912963962348,1,interior
0.2921218756834571,0.1993292124500461,1,interior
0.3030374268990199,0.16112278303225916,1,interior
0.3017839304889466,0.18232402673568754,1,interior
0.3166445372616263,0.1360723414925695,1,interior
0.33291124849413817,0.10596410160314157,1,interior
0.2771358954539263,0.24819302128952256,1,interior
0.30333809239016585,0.19140543800826051,1,interior
0.2874508810264165,0.21916281083517666,1,interior
0.2732833037921716,0.24565389734958137,1,interior
0.3065629442472935,0.17303999043693713,1,interior
0.27929901050060796,0.24525267624831223,1,interior
0.29133848515875155,0.19761157983733374,1,interior
0.34611647399546974,0.09530443120335269,1,interior
0.2919564421466248,0.20486542908953911,1,interior
0.31114449902771285,0.14482687330524077,1,interior
0.3178859272250112,0.13038549684044679,1,interior
0.3450280275106042,0.09231209138049176,1,interior
0.3039749120071772,0.1789502101896299,1,interior
0.3639173709512778,0.08156099853066621,1,interior
0.3000851950307126,0.16546867278978197,1,interior
0.30306820009128743,0.17056389378178352,1,interior
0.2789161929120813,0.24200115059759136,1,interior
0.38409889562110616,0.04541765862278633,1,interior
0.37204277241375555,0.05602289220202355,1,interior
0.3729623005448643,0.06915767064107746,1,interior
0.38785209835285284,0.04542383207693669,1,boundary
0.3842148942247657,0.046979915151628304,1,interior
0.2792527624965887,0.23776298752443506,1,interior
0.3263783272268974,0.11727483167425304,1,interior
0.3011048970664989,0.1862789024275376,1,interior
0.2925607800618896,0.19414324236506672,1,interior
0.29364732107389974,0.19520736398993632,1,interior
0.28922849068648665,0.2045895071452279,1,interior
0.34774118792040287,0.09552731765864357,1,interior
0.3157469419829558,0.1339422104808242,1,interior
0.32231546265568645,0.12189220432657216,1,interior
0.3163191009278712,0.1387051709623671,1,interior
0.2992358131489997,0.19281562946383157,1,interior
0.3467075311999423,0.09219370325452837,1,interior
0.317229441792166,0.13345485867753823,1,interior
0.3197533522055095,0.1236135782166815,1,interior
0.3713494593613359,0.067981884095461,1,interior
0.37188899148046356,0.06269491051898522,1,interior
0.36302886097135895,0.08291854773521076,1,interior
0.32514424679050685,0.11852001140784418,1,interior
0.30296251346559033,0.1732260676707625,1,interior
0.35229307874820326,0.09417634992183266,1,interior
0.37284911788735864,0.05802752754993889,1,interior
0.29090939339876026,0.1931869166584749,1,interior
0.28760964468167977,0.20484118669426798,1,interior
0.32523660535367366,0.11305102474674728,1,interior
0.3385952089895964,0.09890979134093217,1,interior
0.3833586829855165,0.04828992888048361,1,interior
0.2974141713486677,0.19122151690044623,1,interior
0.28068945243299637,0.2554985840955949,1,interior
0.37524905589779967,0.0516409459076376,1,interior
0.31488304030201664,0.13644826588491982,1,interior
0.33971566204086123,0.09610004784699165,1,interior
0.31004243974766355,0.15101953236951796,1,interior
0.32814221173658986,0.10859506745220156,1,interior
0.3070147753896522,0.1610957130287101,1,interior
0.29109982128160583,0.2014065264561686,1,interior
0.3264475091866194,0.11089003626369912,1,interior
0.3370687866085165,0.1014559144343772,1,interior
0.2858394968651557,0.21423494864155673,1,interior
0.38192077531729984,0.06846291552417419,1,interior
0.3612316753616173,0.08014676416415484,1,interior
0.2994956173874597,0.16841008887707332,1,interior
0.28413257556606836,0.209380069248097,1,interior
0.3150439597601734,0.14112870969704946,1,interior
0.30252718965131287,0.1679407296029839,1,interior
0.3433417035162215,0.09297236010602325,1,interior
0.29585871604520053,0.183922840540405,1,interior
0.29067772569447436,0.19503866623248592,1,interior
0.2858021171247858,0.20425751634904815,1,interior
0.3043469278475078,0.16763152665264439,1,interior
0.2769126714240821,0.23536148225503795,1,interior
0.3089370664813765,0.14475521907665811,1,interior
0.3718076259782578,0.06094678144026952,1,interior
0.3209126843554059,0.1286636344244389,1,interior
0.3081322601098415,0.17278771573979687,1,interior
0.28334246860752726,0.21096369972596593,1,interior
0.3073433600326779,0.15366745882510224,1,interior
0.2887352564418513,0.20157829569336494,1,interior
0.27530357439736713,0.23750795125495183,1,interior
0.33853542130816666,0.10206573570977936,1,interior
0.28254135539854963,0.25709488045162393,1,interior
0.3131014443775642,0.13359706041036273,1,interior
0.3343304361871175,0.10283842746257062,1,interior
0.3413962454330823,0.0956558383923629,1,interior
0.3514085241147268,0.08830351324210275,1,interior
0.28313204153833593,0.2343606134774443,1,interior
0.34734855686906274,0.08934678892404953,1,interior
0.3709712113963903,0.05741111903167249,1,interior
0.28982221697455746,0.1977333948589592,1,interior
0.2866409218385064,0.20865825609559624,1,interior
0.2876584317003822,0.20013448883593915,1,interior
0.28699728854499845,0.20289482967441946,1,interior
0.2990983463358279,0.15989261918834893,1,interior
0.30877760704600443,0.15738492065035356,1,interior
0.33120442203337164,0.1066071649112205,1,interior
0.28822507820750076,0.2303818797878658,1,interior
0.32981489906075245,0.1078144407707092,1,interior
0.31804135751909424,0.12868439149751612,1,interior
0.3707883843975645,0.06547286978513972,1,interior
0.3699971730072532,0.05905684990306427,1,interior
0.2985292624527042,0.1670333285522631,1,interior
0.2824283163880862,0.21377786658367195,1,interior
0.33195025899647534,0.10798204955340444,1,interior
0.3854399342401946,0.044643938362282615,1,boundary
0.37990529486833613,0.0490946434211736,1,interior
0.3206029264596058,0.11948200048338392,1,interior
0.28657882438763055,0.2160482511988135,1,interior
0.2942870074302581,0.18488375226658607,1,interior
0.29046941709130863,0.20759564071183517,1,interior
0.2846700078757989,0.21682233400720907,1,interior
0.36282812022455413,0.0747540388193766,1,interior
0.3255970597356551,0.11470793326902898,1,interior
0.3240426821582763,0.1146004283954991,1,interior
0.3064175250369666,0.15608018028466378,1,interior
0.3012105615974259,0.15789494856269304,1,interior
0.30504007625329066,0.17416648260203693,1,interior
0.32010350101967017,0.12204055542327778,1,interior
0.3052431648144755,0.16113375861981732,1,interior
0.3175565640615437,0.14313503877473763,1,interior
0.2868087632176294,0.21064609129288792,1,interior
0.36645015331272995,0.0737885935909558,1,interior
0.28432207510608526,0.2581128897981144,1,interior
0.352004753179258,0.08536427472911763,1,interior
0.3618305226442609,0.08454294323638353,1,interior
0.3011512878821944,0.1712124905499156,1,interior
0.28682830001767606,0.21307665158393568,1,interior
0.2987603597410824,0.16274169426185806,1,interior
0.27859515121437445,0.25461202225782675,1,interior
0.31871443598845023,0.12683384023780603,1,interior
0.32663069274107775,0.10688011440480022,1,interior
0.29779492756456577,0.18513332656220222,1,interior
0.2789015686417821,0.23401165089153061,1,interior
0.37355099833375915,0.061801305625737823,1,interior
0.2856691882362669,0.2311819018253717,1,interior
0.3016843675768558,0.16401550497410153,1,interior
0.373479658671489,0.051376817946468534,1,interior
0.28891754696931,0.19603022711902302,1,interior
0.30808490785246717,0.14699581673169224,1,interior
0.3624136158923537,0.07638770974109087,1,interior
0.2950791500566103,0.1913526908038993,1,interior
0.29953229444425467,0.1842513132860645,1,interior
0.29007371231553786,0.19952004629349937,1,interior
0.37856615614078987,0.05162091366630521,1,interior
0.33075133759572056,0.10510469443354542,1,interior
0.2980723087678125,0.19592784694850682,1,interior
0.28770687108416576,0.19806736296791486,1,interior
0.37448087207309283,0.058639196930450506,1,interior
0.3481265771754871,0.0912534543947561,1,interior
0.3286985426391461,0.10537742802832759,1,interior
0.3056133283939922,0.15409609016814563,1,interior
0.27870049653147094,0.24375399841618134,1,interior
0.3640745817644701,0.07696507225200716,1,interior
0.28799240751292843,0.22495607390182729,1,interior
0.32620665339794025,0.10927522556585874,1,interior
0.2971635912366603,0.20150995489643,1,interior
0.2783631588026917,0.2390983798198319,1,interior
0.2817885482296327,0.2591673028801843,1,boundary
0.3058592507231736,0.15888059760537993,1,interior
0.3659304231068454,0.08143234633344154,1,interior
0.3495721261940022,0.0888039100369017,1,interior
0.3170619318118616,0.12344559946309015,1,interior
0.35357583909626383,0.08575890951765894,1,interior
0.3051635992178295,0.16571415688512883,1,interior
0.3691782245664131,0.06404722440583818,1,interior
0.30216380545802685,0.17578843227538185,1,interior
0.2849809820242726,0.26094748057107575,1,boundary
0.3175245024557514,0.1248944209735714,1,interior
0.2929925543376895,0.18640010689529976,1,interior
0.31634426725917947,0.12949671909590474,1,interior
0.3323417759539472,0.10423020725722726,1,interior
0.2791947721786976,0.2566793187270757,1,interior
0.30290543652424734,0.1595354515871912,1,interior
0.3340081550707766,0.10461857694174428,1,interior
0.2758578391291496,0.25351689937974736,1,interior
0.3703901218346958,0.06187441820252133,1,interior
0.2962219557715267,0.1684755391549203,1,interior
0.29367420109303477,0.19253192476257955,1,interior
0.30126454593714463,0.1733000407748972,1,interior
0.28651370640594687,0.22355790067794723,1,interior
0.3333088015851438,0.10156135364424947,1,interior
0.3002892049620054,0.17701928325328856,1,interior
0.2979197683586381,0.1828173422706286,1,interior
0.34369326166776065,0.09071681266490816,1,interior
0.2972130042123116,0.16479163341811873,1,interior
0.3430781647031586,0.09478639406337759,1,interior
0.2996100719325102,0.182222048894009,1,interior
0.2865195363248299,0.21768479196187424,1,interior
0.37817951669288585,0.047731871776124465,1,interior
0.29332658178127186,0.19027471237968177,1,interior
0.36292849586960885,0.07915073047329359,1,interior
0.36893156487798656,0.06075474742827886,1,interior
0.3392104638216558,0.11756594291695747,1,interior
0.2952577884238574,0.18947737938663972,1,interior
0.35488483741426796,0.0833030117392845,1,interior
0.288354231256214,0.19450180967076355,1,interior
0.2767426439703884,0.24977758687368792,1,interior
0.283935634051634,0.2146926866312111,1,interior
0.3808021174839814,0.05154508011066652,1,interior
0.3153141842398656,0.1227113560578975,1,interior
0.2860642950327855,0.20672780803304275,1,interior
0.33187236810012166,0.1424763867456079,1,interior
0.2961012094720973,0.16249995825051575,1,interior
0.2786991359208574,0.2586837473010547,1,boundary
0.28629065226576056,0.22592298502663719,1,interior
0.29880676032441705,0.19453164785749938,1,interior
0.277242309051818,0.2373524381052178,1,interior
0.3220800787146427,0.11814112215219952,1,interior
0.2963499409818584,0.187796749257805,1,interior
0.3800920809781572,0.05344690538382202,1,interior
0.2759540529305801,0.24307856399173702,1,interior
0.3774530459399098,0.052982227319675175,1,interior
0.3034249497342439,0.1748510917644865,1,interior
0.36119809145181014,0.07426193477898752,1,interior
0.3086204387003283,0.15012197903163613,1,interior
0.2888576015734235,0.19279652353644963,1,interior
0.2852156248755491,0.19771386055024323,1,interior
0.274836239359009,0.24480044440676674,1,interior
0.275961742664165,0.24076646028707246,1,interior
0.3619696398021574,0.08751706337360823,1,interior
0.31132301445935306,0.14034192473518495,1,interior
0.2995787514274908,0.18065357204504967,1,interior
0.31488112313920635,0.13145851775548567,1,interior
0.2874939550841791,0.21479266260559496,1,interior
0.2838091529635084,0.23065871670613772,1,interior
0.3462903132720661,0.09366309547973402,1,interior
0.3779180941073292,0.05013583340815696,1,interior
0.3087348505175951,0.15219030786443608,1,interior
0.3126030068046715,0.13636131306361982,1,interior
0.3472073489312283,0.1126899125047102,1,interior
0.3745137121954779,0.07381402239163759,1,interior
0.37702535925087993,0.045459000618573046,1,interior
0.3149700270877888,0.12710183921978038,1,interior
0.3166974383206221,0.12067469040915403,1,interior
0.3644699675464908,0.07397752734065362,1,interior
0.2862770061371095,0.20113856387725895,1,interior
0.3530867764262569,0.08305716354068839,1,interior
0.29108131570492174,0.18579320583971085,1,interior
0.34571978826065614,0.0906796796983894,1,interior
0.2866641586719705,0.19676415627628535,1,interior
0.2859559753057872,0.19917141392546506,1,interior
0.2768647847254681,0.25616146744871543,1,interior
0.2858370970930266,0.2203750994422863,1,interior
0.2871399872792091,0.23170560931967027,1,interior
0.2910214790528878,0.18855751914803717,1,interior
0.28402408108310917,0.20003021409579191,1,interior
0.3074409810800713,0.1681428319939945,1,interior
0.32462323740107873,0.11040161789845689,1,interior
0.28302634494232964,0.23223119658254276,1,interior
0.32357068693617225,0.11155120814646008,1,interior
0.3408680665184473,0.09115330508556872,1,interior
0.37448857521996726,0.04860169313254771,1,interior
0.2820065256634553,0.21611095199399288,1,interior
0.3618552692084976,0.07798741475627587,1,interior
0.32290112368879664,0.11576310341760572,1,interior
0.3824196627287167,0.04437755294176445,1,boundary
0.28072535925672853,0.23375476146416221,1,interior
0.3713534573063109,0.05344553057539016,1,interior
0.3643050200932494,0.0719237109950519,1,interior
0.35589638099675286,0.08169846026362906,1,interior
0.3457781980806387,0.08805579635752513,1,interior
0.29526958463380487,0.16424140403328033,1,interior
0.32118854715313655,0.1158492808609406,1,interior
0.3251810078900468,0.11626341631963961,1,interior
0.3047684233692727,0.15634052270390383,1,interior
0.312231337651439,0.13040176858711888,1,interior
0.34929364639162946,0.08670508563915166,1,interior
0.2946918729787436,0.1880361891705892,1,interior
0.3502102840465229,0.084398356680273,1,interior
0.2746587796519644,0.23421749522843377,1,interior
0.3028739383334071,0.154367487943784,1,interior
0.2907830951895613,0.18401574803894483,1,interior
0.30630627717967923,0.15123998146947384,1,interior
0.3107202225846693,0.1344250419003733,1,interior
0.34776104936287927,0.08778942560780205,1,interior
0.3607238995546045,0.0830016748347474,1,interior
0.28572958144804605,0.22899461808832908,1,interior
0.30095083338360573,0.16970638883948364,1,interior
0.3016946644911881,0.1787203565127208,1,interior
0.35082664664686464,0.08659599205937783,1,interior
0.36933030712114334,0.06886674936520268,1,interior
0.35362599957057694,0.08115686327214329,1,interior
0.30081318744687996,0.1748507186542446,1,interior
0.2816546855398347,0.23111188967667157,1,interior
0.36005041861039977,0.07831096406358586,1,interior
0.3616617670475459,0.08172650478335244,1,interior
0.28389189765966855,0.20392174709156144,1,interior
0.2827807481758064,0.2187267215985716,1,interior
0.29169841150943226,0.19069182732566167,1,interior
0.3081229657157072,0.15564452059599931,1,interior
0.2928038968849898,0.1887126460973041,1,interior
0.31874758910995316,0.12095753080520356,1,interior
0.309701100566574,0.14184051420545837,1,interior
0.28425614013392986,0.20708984167793704,1,interior
0.36698274711850504,0.05953960634371282,1,interior
0.29599150414270725,0.1818449285249821,1,interior
0.3549817811874146,0.07932620751286612,1,interior
0.310041814917919,0.13222157863403997,1,interior
0.3240153546445333,0.10666154524632535,1,interior
0.2860168576400294,0.19426207672601453,1,interior
0.2747416002827564,0.24889274092647487,1,interior
0.3677283551288884,0.06326978678498207,1,interior
0.2976870986918228,0.1692358404824846,1,interior
0.2732111141213603,0.24722290736101799,1,interior
0.31934490437785823,0.11722017487329284,1,interior
0.2995311548975804,0.1736039435588644,1,interior
0.31511902935305247,0.12484701806649612,1,interior
0.31205668305125506,0.1323766491196909,1,interior
0.30713978630527106,0.14312522709976663,1,interior
0.3029344294001699,0.17723084521172214,1,interior
0.3412693884250843,0.09344252911616979,1,interior
0.30683065568709766,0.15759583189168994,1,interior
0.38234054177981874,0.04610886643361735,1,interior
0.32361040319997914,0.11848395957579524,1,interior
0.27710460217414346,0.24179139527762683,1,interior
0.280739825054045,0.2578252587363734,1,interior
0.28300678164385834,0.20523422449559495,1,interior
0.28414296591173155,0.22315926196093258,1,interior
0.27496729607659953,0.2508268735244591,1,interior
0.3517263159879364,0.08101848956842388,1,interior
0.3352007056871956,0.1012485630437786,1,interior
0.32062059961298267,0.13075647087631734,1,interior
0.28260473059889074,0.209410338667642,1,interior
0.28451362301057503,0.21896024036990122,1,interior
0.3651392643400274,0.05807665912764738,1,interior
0.2825636256673861,0.22968303187104958,1,interior
0.29919073670047064,0.17042361788248586,1,interior
0.2841848130322086,0.19529190748968972,1,interior
0.2812664221048094,0.21128419083105884,1,interior
0.3365083193399518,0.0989070751150073,1,interior
0.2803372311037023,0.20511725383283907,1,interior
0.3184876227702851,0.12274140176768036,1,interior
0.2782649636004249,0.24656498730920856,1,interior
0.36673998284614423,0.06835220995758608,1,interior
0.27296467493541443,0.24882097250028873,1,interior
0.273700801871849,0.2422425666345743,1,interior
0.31274428945714516,0.12721177638006473,1,interior
0.36945185104165884,0.06724879562351958,1,interior
0.2877853523360258,0.22852103942119056,1,interior
0.277235867685074,0.23308940607435258,1,interior
0.3424340274172909,0.09174934826200647,1,interior
0.2796708767278353,0.23089614667201844,1,interior
0.33851295704677686,0.11270112366092527,1,interior
0.36044955353293967,0.08552627444859097,1,interior
0.28955775095494246,0.22512509296974392,1,interior
0.2870245069158859,0.1923977259434733,1,interior
0.3483191526258444,0.08538618012705196,1,interior
0.28627966388460235,0.22197785244046525,1,interior
0.36125308686668,0.072598775336343,1,interior
0.38116037337811864,0.04349275361411009,1,boundary
0.27631785074418075,0.25162403826241503,1,interior
0.3138347194629453,0.12306834705652013,1,interior
0.3289241853685157,0.10347810426779444,1,interior
0.3259440069428338,0.10540720590134482,1,interior
0.2809599526968158,0.20922903200484677,1,interior
0.2985449759304622,0.1721166172996,1,interior
0.3080258877719268,0.1486862089095855,1,interior
0.278636480457402,0.253045077238149,1,interior
0.2997848732782164,0.16392277641182715,1,interior
0.36842869006674084,0.057282693966650554,1,interior
0.3040610177119427,0.1577344232426966,1,interior
0.3806393141387258,0.045852101967309,1,interior
0.2721971648187625,0.25029147213604735,1,interior
0.31373991986552846,0.12986440371459984,1,interior
0.37880305851761403,0.04507040110054988,1,interior
0.30862016651092644,0.1389865819371339,1,interior
0.36416832112771286,0.0685956152208295,1,interior
0.3417361173119645,0.08848491304153346,1,interior
0.27237944316622303,0.24104702645037424,1,interior
0.27836617048739276,0.23187549119484302,1,interior
0.37643927314796194,0.04821987242684174,1,interior
0.3609207273107229,0.07604042295325338,1,interior
0.35914956340341747,0.07413545808117741,1,interior
0.3680105331446385,0.0704062605804043,1,interior
0.33972628971534047,0.09787659672014164,1,interior
0.28502736113236915,0.2023835956960622,1,interior
0.2837126374085755,0.19714439503704265,1,interior
0.34427537002693853,0.0890632898694684,1,interior
0.3657744505993899,0.07037118721004693,1,interior
0.3664967573296477,0.0616557942307821,1,interior
0.31091595524379645,0.12930536010731788,1,interior
0.3283970954527587,0.10167481722824613,1,interior
0.37214710864737416,0.048767419353537574,1,interior
0.2885742376710212,0.18688874450296367,1,interior
0.3791008713271947,0.0426421273972084,1,boundary
0.29438616322232736,0.18304052153067937,1,interior
0.29320698097565706,0.16328096433326467,1,interior
0.2974356828735209,0.18127612197122725,1,interior
0.27663662654776905,0.231485108490046,1,interior
0.32724640106356173,0.10401179990464433,1,interior
0.3182177179984122,0.11908238480469426,1,interior
0.37061421153015656,0.05014176387824123,1,interior
0.27401426349977726,0.2401888634384519,1,interior
0.2960383639938706,0.16636620091436716,1,interior
0.2747057197184716,0.2324328856722727,1,interior
0.2747610017927139,0.2560705491889401,1,interior
0.2830836789854005,0.22060110641134933,1,interior
0.3129809894970856,0.1255332508302261,1,interior
0.3592158507082188,0.08202851172428013,1,interior
0.3283482663803797,0.10705025546304615,1,interior
0.3773573478782525,0.042796647301856366,1,boundary
0.30445433322664944,0.15979251519702556,1,interior
0.319547710226205,0.11486446052252547,1,interior
0.3056863199416894,0.1494792141448035,1,interior
0.3232695462714775,0.11314174250511233,1,interior
0.3715585974604235,0.058842534243502755,1,interior
0.27052838248514965,0.23988403963290839,1,interior
0.36814229107923774,0.06556906773644113,1,interior
0.2771930428543683,0.22945324532200426,1,interior
0.351486701934754,0.08333637510750644,1,interior
0.35909879377998355,0.07610097793073257,1,interior
0.32533480437938234,0.12112593710455234,1,interior
0.29051651763847214,0.1623634861040036,1,interior
0.2876486987406718,0.1904415084810716,1,interior
0.28956714770931546,0.1853914389519857,1,interior
0.2828280065320827,0.20764307177642943,1,interior
0.27541170822361855,0.23930845164128373,1,interior
0.27204441921501366,0.24345155893117393,1,interior
0.2992543500758553,0.17541950134446435,1,interior
0.35829667628569506,0.07794143668266841,1,interior
0.27265781448055765,0.2563578798568848,1,interior
0.3666785012584238,0.057583502448060146,1,interior
0.2985556116296973,0.17704385986382998,1,interior
0.30705912313117684,0.14562267324779415,1,interior
0.2716934795797205,0.24634722343293813,1,interior
0.2692166578344523,0.24637000031257533,1,interior
0.3098975182334212,0.14357575639933143,1,interior
0.28922502965963104,0.19126462450025344,1,interior
0.30816740151714916,0.1327447347113514,1,interior
0.3061841240057188,0.14737876461687238,1,interior
0.3698423763838543,0.056317784103561974,1,interior
0.28955407221243795,0.18900705216764224,1,interior
0.3727011187396732,0.05460236648583092,1,interior
0.30773382200938904,0.14151628404598038,1,interior
0.35836237550716554,0.08059378310814676,1,interior
0.29948254230360044,0.17856067124505481,1,interior
0.27263800260834486,0.25181093882447203,1,interior
0.29682208923515635,0.17734372929401587,1,interior
0.27417958020294814,0.25234903179671947,1,interior
0.30253461424469125,0.15611608566171237,1,interior
0.3754868707867391,0.046984413804947264,1,interior
0.34218723085030384,0.09018895796428016,1,interior
0.31009850315522525,0.13824952072599772,1,interior
0.26713900077023195,0.24546571661126956,1,interior
0.3644737095917417,0.06602110844633545,1,interior
0.29284828643736704,0.18409016207036077,1,interior
0.30120449664161386,0.1925714268650523,1,interior
0.32141530321289846,0.11429811333360787,1,interior
0.31113198801638076,0.12203436482843712,1,interior
0.32456421844105904,0.10817930723158461,1,interior
0.30474303002829617,0.144122518603383,1,interior
0.2846765953870055,0.19233115861927977,1,interior
0.3231899814050171,0.1094686707176643,1,interior
0.2787874946225527,0.22936040803919389,1,interior
0.273536886816615,0.23694001998807512,1,interior
0.3699118854852096,0.054609049806370796,1,interior
0.3761352711564174,0.05022518715068707,1,interior
0.3308534048964394,0.10248763949529488,1,interior
0.28516069495766094,0.22444773196579387,1,interior
0.32572185623188254,0.10262898906748814,1,interior
0.3574294309957904,0.07459651237345204,1,interior
0.2731062038173809,0.233478154790559,1,interior
0.28799880539337397,0.1886464071507267,1,interior
0.28263456210406745,0.22513967931677759,1,interior
0.2807817647708484,0.21333828697855872,1,interior
0.3568874571348539,0.0771488195050266,1,interior
0.28477315822970756,0.22612759678554514,1,interior
0.28852914088851844,0.1625622583712935,1,interior
0.2795449825141035,0.21191875735440519,1,interior
0.2810898698283428,0.19652651173034408,1,interior
0.3071427946047813,0.13999936020285425,1,interior
0.28104298300130187,0.21767656595798707,1,interior
0.27691942514194945,0.2576953218848685,1,boundary
0.2966090108476033,0.19252841364328957,1,interior
0.3530981305343434,0.07906559036281198,1,interior
0.29482785088014857,0.16781614228892358,1,interior
0.34679500286667986,0.08572025149505504,1,interior
0.2923640442107541,0.18237265120565907,1,interior
0.3240289934566263,0.10322652747598146,1,interior
0.2801856077787217,0.20768406435111914,1,interior
0.36710680735961604,0.05434407492050692,1,interior
0.31145799917749883,0.1259172798025612,1,interior
0.3469468680802648,0.08391395133003951,1,interior
0.3653126346591933,0.06023070167107137,1,interior
0.348807879948154,0.08361423730010406,1,interior
0.2723299179787648,0.23852939388834699,1,interior
0.29259284344916525,0.16621746238504395,1,interior
0.32195970921544387,0.10680422693071893,1,interior
0.34107557844910436,0.10735701548100518,1,interior
0.28250131331284295,0.20323184093225702,1,interior
0.30972249778391,0.12707743620785156,1,interior
0.3567563904373644,0.0800822903219847,1,interior
0.31648085495902617,0.13212604707759618,1,interior
0.2736297630415651,0.2542652371112382,1,interior
0.30396269504027906,0.15109669843114437,1,interior
0.33823494396696574,0.09717521133415266,1,interior
0.3677958604342097,0.05589371703417663,1,interior
0.31377589807395123,0.13496025923608537,1,interior
0.30543721201566204,0.1412958581654711,1,interior
0.3311957786793223,0.10100579140561756,1,interior
0.32940955789305987,0.09992742459896381,1,interior
0.28392986263073094,0.22780669715213425,1,interior
0.35898127417189507,0.08442562711972754,1,interior
0.3431113843394925,0.08726446517994436,1,interior
0.32166411254298477,0.11264262103509017,1,interior
0.3088037390137319,0.13708344494844812,1,interior
0.2828614016475714,0.20145647053902746,1,interior
0.2935517985835565,0.16480258961461888,1,interior
0.27526479237931223,0.25791970252467666,1,boundary
0.2972637087837308,0.17455527521514247,1,interior
0.33207940120499674,0.09879151167236576,1,interior
0.28590102210589124,0.19065308023397856,1,interior
0.3141424422159309,0.12143034371730961,1,interior
0.31245330348497424,0.12067257058834958,1,interior
0.29559726214818327,0.1790918158622296,1,interior
0.30110017915609866,0.18019858651213264,1,interior
0.3659480281407161,0.05555469233704688,1,interior
0.29429627388000823,0.16622816587416359,1,interior
0.3355668744975127,0.09658250413761667,1,interior
0.2752542973819626,0.23570350324900402,1,interior
0.36939526753211094,0.05178575867145781,1,interior
0.36600155711483123,0.06642853731686424,1,interior
0.2703154684782214,0.24451915984827366,1,interior
0.31107266515895937,0.12420619330332686,1,interior
0.3089124962185009,0.13490154321709136,1,interior
0.2711312633534199,0.24820351657455902,1,interior
0.3494807965542995,0.08171224743725436,1,interior
0.27349725711238115,0.23540811342709977,1,interior
0.3171358763173333,0.11748284466921308,1,interior
0.29456286853112457,0.16245236774857283,1,interior
0.27850465308133787,0.2089289687210559,1,interior
0.32003584107060556,0.11318783553240075,1,interior
0.33876536160778914,0.10042649698511928,1,interior
0.29609236805319583,0.175754857601425,1,interior
0.3209999152652925,0.11103138319115184,1,interior
0.3287791476322544,0.09717075165593014,1,interior
0.32317636424084795,0.1050460070716962,1,interior
0.280920093995246,0.20333606189815895,1,interior
0.37297915408683735,0.053061020909391174,1,interior
0.29566255435325034,0.1729963258163827,1,interior
0.35515769816605264,0.07751719165237055,1,interior
0.3441904567778546,0.08548968432513213,1,interior
0.32020533757574887,0.10806502060856384,1,interior
0.28401651785539483,0.1903608782384,1,interior
0.29271640609221083,0.16128868417051673,1,interior
0.29291041350691677,0.1802494653685881,1,interior
0.2969211046967926,0.1710242852145124,1,interior
0.29439173310281774,0.16997505309165056,1,interior
0.2688427723377804,0.24301618066964717,1,interior
0.29774253138250256,0.17914132249346898,1,interior
0.2799909056818345,0.2595998137736237,1,boundary
0.31585514729497177,0.11880389323625698,1,interior
0.30708555464334963,0.13383218196243005,1,interior
0.3645313535599263,0.056261420855460945,1,interior
0.3754532797518066,0.042890307210776905,1,interior
0.27825228457763773,0.2146568251839877,1,interior
0.31396035135288153,0.12825621519682334,1,interior
0.3684213010743866,0.05347295611027872,1,interior
0.37402017575290375,0.046515099252292226,1,interior
0.3100565961725337,0.13614355440307402,1,interior
0.2735105899707288,0.2576716598737222,1,boundary
0.2707843107606852,0.2510423086818284,1,interior
0.30956852823210096,0.1305101648302071,1,interior
0.34798585702927454,0.08208995446978304,1,interior
0.2807494169924511,0.19872301880896562,1,interior
0.372180240033487,0.047067611278779925,1,interior
0.3260589724055575,0.10057502022019953,1,interior
0.30597209951478116,0.1362982372493098,1,interior
0.33770967062897467,0.09534796506674421,1,interior
0.31656379952816965,0.12709567400189098,1,interior
0.29766777151030605,0.15786142583099697,1,interior
0.26909835936935916,0.24801526376458938,1,interior
0.3452881236442702,0.0834520248180043,1,interior
0.3516202494306291,0.07845955861942684,1,interior
0.3464296044206127,0.08114327018248872,1,interior
0.3335933053500419,0.09925345965985762,1,interior
0.3660834236032846,0.06446033091679433,1,interior
0.36193119617179054,0.055742058477177864,1,interior
0.30708489861384497,0.12884177532474494,1,interior
0.28035768236990677,0.21623304770199567,1,interior
0.31752141312461835,0.1117100946433391,1,interior
0.30148342596616867,0.15290640112977383,1,interior
0.2997436362097963,0.15383086984829145,1,interior
0.28157774839365257,0.20633870490523037,1,interior
0.36593314566164287,0.0529519633231512,1,interior
0.32411059470065845,0.09903659378813726,1,interior
0.3089083548655385,0.12006214896910206,1,interior
0.33963731110963524,0.08877828498397278,1,interior
0.2809540051968534,0.22565491268341864,1,interior
0.3643437821777818,0.053216129703052575,1,interior
0.31820231486019107,0.11592812211235078,1,interior
0.2947194223991873,0.16005493794368492,1,interior
0.3244648676021113,0.10080268854777012,1,interior
0.32509842773266784,0.09616658005009965,1,interior
0.31431783650375733,0.11958178144133533,1,interior
0.2780736913709795,0.2123251406787332,1,interior
0.3754978531343372,0.045363855499100415,1,interior
0.33928762388110906,0.09066188082264044,1,interior
0.37350237182529683,0.043063023783476255,1,interior
0.3096225933599384,0.1401367863883348,1,interior
0.37583876341225264,0.041353271600834456,1,boundary
0.2804738359473118,0.2321938817546909,1,interior
0.28245076693428806,0.1997162375558818,1,interior
0.31299776819377917,0.11873051884060815,1,interior
0.272734981283675,0.23033803233366054,1,interior
0.29748381670446566,0.15984585575559151,1,interior
0.36266968140980993,0.05809933673412372,1,interior
0.2805603943395252,0.22719513103835282,1,interior
0.279481682072737,0.19959388356787391,1,interior
0.2779272054460607,0.1985048485872782,1,interior
0.29136916098970095,0.1650044136730278,1,interior
0.2780021081831026,0.20531486605589844,1,interior
0.3121010945914191,0.13822664794160355,1,interior
0.31931168686527767,0.1103316146702831,1,interior
0.2945471722754528,0.17459436862931457,1,interior
0.37132118738129816,0.051664116554100636,1,interior
0.3093851023825034,0.12877557176348853,1,interior
0.30127599810187233,0.15035335929840427,1,interior
0.30889935840392724,0.11772608600745743,1,interior
0.30536950878009944,0.12734742648250882,1,interior
0.2881849036600052,0.18424579188776138,1,interior
0.28513041327539973,0.18803921092585305,1,interior
0.3545032754292538,0.07559303450600698,1,interior
0.28385456442664697,0.18548767562607954,1,interior
0.3534387307422816,0.07680181921067891,1,interior
0.28067857400211277,0.22906380787967723,1,interior
0.3068400033751357,0.13791472680735206,1,interior
0.2758789932232846,0.21311874781765924,1,interior
0.2691977954064451,0.25127135115229265,1,interior
0.2824236820340762,0.2236354141422582,1,interior
0.32240326660274315,0.10060547992029886,1,interior
0.2965234409009319,0.15660322993608214,1,interior
0.2689288055991975,0.24975417521391494,1,interior
0.278404221184396,0.21753626072731488,1,interior
0.28143083975417754,0.19076829733504327,1,interior
0.2699466628833465,0.2373525642555351,1,interior
0.36452533559561984,0.06282101822999536,1,interior
0.3196300709804674,0.10535100117094376,1,interior
0.3092385265164139,0.12410477272323034,1,interior
0.2714676355175884,0.2536305318941689,1,interior
0.3160848016823481,0.11555172713340939,1,interior
0.36340624879771793,0.054418385913117144,1,interior
0.30338435991798324,0.1480893752646394,1,interior
0.27121261016286174,0.23138961631385127,1,interior
0.36339812290044576,0.07027118210285078,1,interior
0.3069444635155814,0.13157532642749534,1,interior
0.32739746411750703,0.09920698311733891,1,interior
0.28213572330585623,0.19775297455478252,1,interior
0.3015506691503547,0.14787944780217688,1,interior
0.30402848405726096,0.13486557401945368,1,interior
0.3122417678320024,0.12323383036966443,1,interior
0.27922711934207145,0.20141327292218655,1,interior
0.2865074283936291,0.18336136070301803,1,interior
0.3048394096003915,0.13036156067202392,1,interior
0.28282033342570495,0.19294671878247524,1,interior
0.26775203196242775,0.24686092973746304,1,interior
0.2825190545080701,0.19521926800892975,1,interior
0.3090874803485085,0.12566542053664653,1,interior
0.36224707756955415,0.07133654676734028,1,interior
0.30684222151286283,0.120994586777925,1,interior
0.30364272804699016,0.14585620858674275,1,interior
0.3630440287966795,0.06026518878551026,1,interior
0.3035495617541122,0.14159365457523768,1,interior
0.3397394737153574,0.09340550071515678,1,interior
0.3019571576942098,0.14579404906875082,1,interior
0.3081428702095369,0.12696947543731935,1,interior
0.2789330148305225,0.22671396806791816,1,interior
0.30448569939836584,0.1400817350854714,1,interior
0.2859726393498614,0.18614029645923638,1,interior
0.3038659450551274,0.1719730834913822,1,interior
0.2699583685056067,0.24147661057153016,1,interior
0.2901608624314516,0.18233719311568225,1,interior
0.32575327953806504,0.09877543474082853,1,interior
0.3679410547752241,0.051026801650919065,1,interior
0.299371758016872,0.15197725036205192,1,interior
0.320490459260949,0.10158454362409756,1,interior
0.28190883468247274,0.22790117435913118,1,interior
0.2903778426967797,0.1600070162525899,1,interior
0.30713749877545876,0.11781724094244962,1,interior
0.3635260656580115,0.05041746466445569,1,interior
0.2718948173555741,0.23623034011893904,1,interior
0.2769107602483034,0.21632408752912866,1,interior
0.36231272966900685,0.05211745747361567,1,interior
0.35356250578866955,0.07417456048400084,1,interior
0.30514619042548885,0.14614233853339187,1,interior
0.3508242594264176,0.07666063835918716,1,interior
0.36148057446370724,0.05376286145942655,1,interior
0.29974044088298557,0.15582304360300342,1,interior
0.36026126692649674,0.05508103354103277,1,interior
0.28143543465451293,0.19382940760453243,1,interior
0.31123371924697973,0.12761799192956863,1,interior
0.29774313076616427,0.15559773787338882,1,interior
0.3655750339604588,0.04998910139120221,1,interior
0.2708415953289889,0.22862323887084618,1,interior
0.3203452952208939,0.09872497389500466,1,interior
0.3741057010325232,0.044722341746631464,1,interior
0.2931430089923369,0.16780415636941148,1,interior
0.29921898490226,0.15766808256910014,1,interior
0.2941708128048569,0.17735876197377085,1,interior
0.352491699386224,0.07546141839131465,1,interior
0.3348688292139352,0.09834542200099886,1,interior
0.26900992563991255,0.23888324015944498,1,interior
0.30928383305511575,0.12203097139924604,1,interior
0.3017802948010079,0.13464670687097047,1,interior
0.3046660349778523,0.13830570054779237,1,interior
0.3124540788957552,0.1288106710125892,1,interior
0.27970990747463254,0.21911504538099183,1,interior
0.30628996902975797,0.12594650614842895,1,interior
0.31449448102107175,0.11619902035225824,1,interior
0.3040693642751624,0.15314454511453715,1,interior
0.2702718725396233,0.2264510834164408,1,interior
0.27052578286064977,0.23355956350611778,1,interior
0.27204494667866186,0.234606176572548,1,interior
0.2931110643180706,0.17547194688714596,1,interior
0.29713467277201233,0.15354968330704058,1,interior
0.29415912649810017,0.1726930852325227,1,interior
0.26949366734939356,0.25558467127546763,1,interior
0.31798565124469347,0.11421918984907181,1,interior
0.32160517861480903,0.10342057762799059,1,interior
0.27508562736673886,0.23034415599523103,1,interior
0.28838966162619917,0.1819289211323445,1,interior
0.31988284788180665,0.10357079186460413,1,interior
0.2925931672997816,0.17364232214755027,1,interior
0.2689867715251319,0.2276125539294622,1,interior
0.30462073576540116,0.12596267983938692,1,interior
0.35039966082489266,0.08006526791430672,1,interior
0.27023282881548555,0.22463859234046288,1,interior
0.33088643646613575,0.09774707816861071,1,interior
0.3491218940047621,0.07842982977352107,1,interior
0.2952192703362722,0.15804201975320573,1,interior
0.2924496355376101,0.15947154266951025,1,interior
0.2882549001257115,0.1606722309643883,1,interior
0.3013563601892449,0.1548230745685655,1,interior
0.3604471962828016,0.058273921622139624,1,interior
0.30626890536491025,0.12370610716358865,1,interior
0.27460559601738166,0.22826141400086397,1,interior
0.3504546643035659,0.07442166991882247,1,interior
0.27251313416964973,0.227192750584298,1,interior
0.31811402698634705,0.10918270752927745,1,interior
0.3029356985034825,0.1499444338116654,1,interior
0.3026035548492681,0.14018827774293469,1,interior
0.36659842619992,0.047706609162767304,1,interior
0.31519118790772205,0.11400552872472006,1,interior
0.32154709866535,0.10879565142513896,1,interior
0.3163973040423836,0.10970460793948722,1,interior
0.3010648181110367,0.14185511211385432,1,interior
0.3626924277976257,0.06652835704017182,1,interior
0.32304235946129184,0.10199868143126335,1,interior
0.27566668427981483,0.19773454547139507,1,interior
0.33918426063532753,0.08629620488646542,1,interior
0.3589575807253193,0.057363782221856,1,interior
0.32332804864578585,0.09406943525090951,1,interior
0.30569365642306334,0.12219548623911117,1,interior
0.2916099884795683,0.16748868609941203,1,interior
0.35817003832418054,0.05304679922420162,1,interior
0.3211050335459079,0.10486716368449833,1,interior
0.3372359988863903,0.09267996158872183,1,interior
0.3331516001665336,0.09632385256202966,1,interior
0.33508896760397483,0.09300791798052578,1,interior
0.34151318746051357,0.08637442240963254,1,interior
0.37356818892265153,0.04128013433037792,1,boundary
0.3227654955956372,0.09829879309482202,1,interior
0.3511490053453893,0.07275310010599312,1,interior
0.36490520780255675,0.051437741485431225,1,interior
0.2996521341744621,0.14830332847132122,1,interior
0.3691440392368281,0.049355955146427634,1,interior
0.36133335363651947,0.060199600509816376,1,interior
0.29380305186788275,0.1564141632736318,1,interior
0.2832319279637389,0.18349731085274343,1,interior
0.28877345597313453,0.16492819519955468,1,interior
0.37134849114664636,0.04536140292481291,1,interior
0.2927535143335105,0.1708131602248487,1,interior
0.3031568989610644,0.1436789807455964,1,interior
0.3439304933414666,0.08208041880313827,1,interior
0.2954237600558827,0.15385422921465366,1,interior
0.3587249725483729,0.05460537992951172,1,interior
0.2926359578455788,0.16928358562542514,1,interior
0.3233564963031301,0.09572115838815132,1,interior
0.34200357326985764,0.08193065263733795,1,interior
0.2803623958710641,0.1827240393838408,1,interior
0.28285743764737753,0.18927511101863834,1,interior
0.2819717658435519,0.22197886433749672,1,interior
0.2731756711162314,0.23193634796929125,1,interior
0.26863164431571646,0.23226581175183988,1,interior
0.28886561143638606,0.15806082508704278,1,interior
0.2784365110031381,0.21074501428282527,1,interior
0.2793142464561539,0.19753626211209582,1,interior
0.30311827652662404,0.13254543681325756,1,interior
0.2787910380832017,0.20380952906722674,1,interior
0.3172170127831405,0.10553780134201589,1,interior
0.30262670103094214,0.12585345781545176,1,interior
0.36123177645357424,0.06954570550015368,1,interior
0.2804482887645892,0.22400625840506502,1,interior
0.28576326004742747,0.1621799629505021,1,interior
0.2907991362155676,0.17199043263373745,1,interior
0.33544374976264074,0.09493280557732103,1,interior
0.2691612809899011,0.23035108100466786,1,interior
0.28238223524838624,0.1876333023593757,1,interior
0.34827227723429993,0.07987677363569491,1,interior
0.3551483405693133,0.07263310183155293,1,interior
0.30392038455945225,0.1369704339682707,1,interior
0.2760000731957885,0.1992318336858535,1,interior
0.2679155567262252,0.2416642172263294,1,interior
0.36967512675788267,0.04757847761172435,1,interior
0.2698591610951905,0.2351211155549151,1,interior
0.3597036839098606,0.053083760156807915,1,interior
0.31923418225475314,0.11186800289449016,1,interior
0.26706628506899466,0.2506348970452896,1,interior
0.314741845282945,0.11776720608897707,1,interior
0.36283300805398855,0.07297575849990069,1,interior
0.31705653175803733,0.10347638376850044,1,interior
0.3376832862372785,0.084826746762952,1,interior
0.2774177722019062,0.21994627109838094,1,interior
0.36272847360281224,0.0639669389554131,1,interior
0.29092838140271704,0.1690603713828388,1,interior
0.35652621265906,0.05522240656479918,1,interior
0.2780268396874069,0.19613099810239076,1,interior
0.2769211751412904,0.2395766018478953,1,interior
0.30563659348913313,0.1323574442713863,1,interior
0.2808749622684103,0.2005537748237064,1,interior
0.31881010220247397,0.09930511093703906,1,interior
0.3250965948629365,0.09355283171868298,1,interior
0.27896263856393066,0.19433336429350856,1,interior
0.28165839525340425,0.18517616241939278,1,interior
0.2996414267864537,0.14662566248721454,1,interior
0.2791927109381329,0.2134227286780464,1,interior
0.2672811415088335,0.2373275649475611,1,interior
0.32689323518893604,0.09270528027588218,1,interior
0.35905873106292,0.07166208377299028,1,interior
0.31118353994009335,0.11712823451209983,1,interior
0.2900488520014499,0.17065865379106807,1,interior
0.3185373189610132,0.10663758677694714,1,interior
0.3689489411897531,0.0460195066940867,1,interior
0.2686250166772967,0.2530747987466593,1,interior
0.2907305351396835,0.18060658971726987,1,interior
0.31120884261399984,0.11976122261461468,1,interior
0.2795249587763068,0.1874060299540922,1,interior
0.3263617469817335,0.09729492964060717,1,interior
0.34806103241907016,0.07733141570171526,1,interior
0.30305475099107826,0.12956485724319916,1,interior
0.29183202645849593,0.1543860849327275,1,interior
0.2763948336195807,0.2186862454380833,1,interior
0.3132595711628241,0.11398552410607378,1,interior
0.31894182468277155,0.09686458061874911,1,interior
0.26747499941313796,0.23375012481345622,1,interior
0.26644089711334007,0.2426701269300559,1,interior
0.2895709011915698,0.167488506778138,1,interior
0.3048788895958532,0.12023227983759724,1,interior
0.33595067488443003,0.09153463452742332,1,interior
0.2749778110228086,0.20116948458230297,1,interior
0.27624836910374023,0.20341604648911302,1,interior
0.3167288865687932,0.10804685085061053,1,interior
0.29080324892748505,0.1749346574611806,1,interior
0.2765306426785687,0.20153234287872146,1,interior
0.36169443275758517,0.06775583896102831,1,interior
0.2866413997051418,0.16533841002311667,1,interior
0.36071352158557085,0.062029435140150836,1,interior
0.2935243065098679,0.15823905997688145,1,interior
0.27766138132850393,0.20728428214430947,1,interior
0.27932012593606215,0.22507173465519736,1,interior
0.34277857246722526,0.08335391643510627,1,interior
0.28096525106761155,0.22042290927255714,1,interior
0.37189295410077194,0.042689418598297356,1,interior
0.3373883379645211,0.09028833246844661,1,interior
0.2857952682137519,0.15978426644943086,1,interior
0.32757433330472213,0.0953099968710719,1,interior
0.2954486659804732,0.15539268994209693,1,interior
0.2840430604014747,0.1612348147239342,1,interior
0.3028267298766235,0.1381352016684809,1,interior
0.2811467807528091,0.18908178596748929,1,interior
0.3608409012804581,0.04931425190099258,1,interior
0.2639199389383901,0.24247362575668926,1,interior
0.2783617378104219,0.19136717111771792,1,interior
0.31282071064977723,0.11593624915849521,1,interior
0.266738006034937,0.2357969801467687,1,interior
0.2915786907997903,0.17824351751753545,1,interior
0.2803943479547712,0.19224773741595033,1,interior
0.30106781110720776,0.1402930093674539,1,interior
0.31073227225026573,0.11368590987830836,1,interior
0.2880255703283083,0.16957051634759568,1,interior
0.2643214178143512,0.244481714647309,1,interior
0.35931023578995713,0.0507427294047173,1,interior
0.36399455579569595,0.048935443004900464,1,interior
0.31664828512255666,0.09714172331117808,1,interior
0.30864851086589973,0.11565484213926151,1,interior
0.280001063458688,0.22171902982640138,1,interior
0.3073960865946383,0.1356354276701228,1,interior
0.3608095862848896,0.06428419836243839,1,interior
0.27599330856188053,0.2266438625217777,1,interior
0.2892083516337108,0.17301410625764352,1,interior
0.2918336188883496,0.15790067000058833,1,interior
0.30063616722517694,0.13082651580097096,1,interior
0.3089155371140869,0.11224791261620516,1,interior
0.2930776458993261,0.17857368763138493,1,interior
0.26714028075093704,0.24843008243270717,1,interior
0.289519373846504,0.17771440955347698,1,interior
0.31438464925164333,0.11260050027856425,1,interior
0.3557781357406429,0.07468910280142518,1,interior
0.30052984510528385,0.13797960311382168,1,interior
0.29852782526000177,0.1502482053087288,1,interior
0.29367475587730424,0.1530819101941931,1,interior
0.3244144930328538,0.09183048202356468,1,interior
0.27411223338439894,0.22630263379395635,1,interior
0.33013723640087483,0.09475045143455876,1,interior
0.3053661071182616,0.13390524955846708,1,interior
0.37202605021428936,0.04059035706424314,1,interior
0.30771361842787137,0.12237482578504708,1,interior
0.2662931631974744,0.2395991207120285,1,interior
0.28985417246879325,0.1548779816078476,1,interior
0.27792309782105323,0.22436690312121607,1,interior
0.26570351472966963,0.24758015136736491,1,interior
0.3607651921767203,0.051558676368478835,1,interior
0.2653724510865331,0.24571806313065983,1,interior
0.28938716200017073,0.17958954794388055,1,interior
0.33604211933419204,0.08945199135925583,1,interior
0.36432590124584285,0.0464340790872203,1,interior
0.3701296724507817,0.041577757396445085,1,interior
0.3212712491860771,0.09576092651979436,1,interior
0.2731578228802735,0.19796302814255787,1,interior
0.267755146001532,0.2562418099546823,1,boundary
0.2673535224484284,0.25391554325596105,1,interior
0.2703279572729451,0.25256343666775843,1,interior
0.2638241491443278,0.24637417448453933,1,interior
0.2796342293218342,0.1960220705787771,1,interior
0.3296607491051102,0.09177195753674573,1,interior
0.2773605268409792,0.22782286578801308,1,interior
0.3487082676469325,0.07436701845679043,1,interior
0.3321723383081368,0.09475179733895381,1,interior
0.28705527259275976,0.1582032564528261,1,interior
0.3170617977235095,0.09554328946392843,1,interior
0.3456631238615717,0.0791916733555233,1,interior
0.2997428156664959,0.12956701939036555,1,interior
0.3330759118087175,0.09318844684936757,1,interior
0.30382117530274777,0.12217778567615033,1,interior
0.2917131051302081,0.1765135547734046,1,interior
0.3122326589750429,0.11156455738540341,1,interior
0.2849914063444806,0.18361550280452743,1,interior
0.3034577626632232,0.12365252116475492,1,interior
0.31518625009577084,0.10587968506670575,1,interior
0.3013241730438196,0.13620148744440305,1,interior
0.2844878970375571,0.1817811004880681,1,interior
0.28948408334942854,0.17575694144913803,1,interior
0.2775248442093484,0.20029957163255077,1,interior
0.31579387534519976,0.1119631047503751,1,interior
0.28730958309437576,0.1714764122136125,1,interior
0.2766660242924353,0.22523953599256222,1,interior
0.26673098696137554,0.23241037706696946,1,interior
0.30758307323741596,0.12488698102983442,1,interior
0.2879506218769965,0.17781959561883365,1,interior
0.2749760877825396,0.21658272358436198,1,interior
0.2875133989183951,0.1639475048562098,1,interior
0.3217170386169626,0.09401651879977097,1,interior
0.27810903862958986,0.22234529658379895,1,interior
0.31510253286328616,0.10755607712509888,1,interior
0.27375434905485296,0.21166376753349728,1,interior
0.3197973693925675,0.09196405459835051,1,interior
0.2993843576371492,0.13561063996753048,1,interior
0.26206287331565836,0.2410399004405895,1,interior
0.29458136379673544,0.18110733175606972,1,interior
0.31089027296868055,0.11537882975402042,1,interior
0.31433867776479446,0.10968433349165234,1,interior
0.3000014026847257,0.1340225677223427,1,interior
0.2792044144890249,0.18957644985908192,1,interior
0.3574507522636199,0.050163862726506754,1,interior
0.28497745413423065,0.16501483975633283,1,interior
0.2769847826411979,0.19495329446317153,1,interior
0.28530555802499213,0.1571592663660886,1,interior
0.3630225186718672,0.04758494535458563,1,interior
0.2969081582046844,0.1453605536460137,1,interior
0.34864714012981335,0.0727904985258267,1,interior
0.2774962883022695,0.19275411616047555,1,interior
0.2641858631449919,0.2479374565461566,1,interior
0.271796942802741,0.22466329148894357,1,interior
0.27767441933017084,0.18978153625289232,1,interior
0.30110944674107776,0.12273018228067407,1,interior
0.2876861895228076,0.16709280286484385,1,interior
0.28319094922586135,0.1598656244152963,1,interior
0.3199058988581865,0.09465977594647816,1,interior
0.33105837896105594,0.09622292325422444,1,interior
0.32191726156987827,0.09007102696136517,1,interior
0.2619848203360181,0.24463924538621742,1,interior
0.27058699372673056,0.24293551792453288,1,interior
0.27485915618635787,0.19298486508002768,1,interior
0.30109809354436623,0.14401162771728968,1,interior
0.2764032162725658,0.1915924642780001,1,interior
0.36697672833001493,0.049346212891904016,1,interior
0.35753615963973967,0.07268301843778414,1,interior
0.36291606696105183,0.062095063591487094,1,interior
0.28323702402991224,0.16527406271802308,1,interior
0.331581160481053,0.09227060296721468,1,interior
0.3597848199115116,0.0603278864469103,1,interior
0.26452074813855947,0.2381881042336418,1,interior
0.30073592668424176,0.12491179380722556,1,interior
0.28781962956712326,0.17551265620457362,1,interior
0.36645791070715,0.04614533166931653,1,interior
0.3533280351538747,0.07178131221620247,1,interior
0.30242749288724113,0.12100908564300289,1,interior
0.29666680929986844,0.1505058854395898,1,interior
0.3288827209961032,0.09327137892490094,1,interior
0.31524803928570755,0.09583862826463346,1,interior
0.2991348276947449,0.13191652018479957,1,interior
0.30729744240471935,0.11391067551693654,1,interior
0.2988082381763761,0.13734387761768296,1,interior
0.35779715139210244,0.059189557882664626,1,interior
0.26570638846506234,0.25224578740391634,1,interior
0.27781887228929014,0.18752717480161762,1,interior
0.34933033574854966,0.07626732947104609,1,interior
0.2677336381598826,0.2400977240332086,1,interior
0.356820342820601,0.051718379970518716,1,interior
0.29733530639784517,0.13523574532400537,1,interior
0.28475672971487814,0.16744635726144672,1,interior
0.3465543918717705,0.07683545371884054,1,interior
0.30126688556862585,0.11941977480529721,1,interior
0.27451917135139264,0.19663257908585624,1,interior
0.264658098772706,0.2344038465401067,1,interior
0.2915553330404569,0.1525445348473987,1,interior
0.28115376049379076,0.21485138283364105,1,interior
0.2748692509498476,0.19460719320978764,1,interior
0.302279309135245,0.1277401533927812,1,interior
0.3702814750360672,0.04385429935452241,1,interior
0.27533966804300375,0.20553577762675984,1,interior
0.27651316791208025,0.19642490035688928,1,interior
0.28610878586812194,0.18107137999221717,1,interior
0.2996863305356591,0.1215796267032593,1,interior
0.36185262605964474,0.05047939449311243,1,interior
0.27438082350321924,0.21505358459158436,1,interior
0.30375996637140945,0.11861517746397976,1,interior
0.36819404899421143,0.04387774071291304,1,interior
0.2996112525996443,0.14236593556090868,1,interior
0.3608894043142587,0.06630083985156744,1,interior
0.2737241976050246,0.20948019012626531,1,interior
0.3459946904685014,0.07526262931663145,1,interior
0.2736229843943338,0.1997010402408141,1,interior
0.31785827104715764,0.10157842195920769,1,interior
0.27414460159482384,0.2131310354759437,1,interior
0.3381242761132515,0.08780710949734935,1,interior
0.33823619124007664,0.09389783968040971,1,interior
0.2658140787084337,0.2553950231554252,1,boundary
0.2760929500104579,0.2228843864741081,1,interior
0.26393208763219733,0.23989114443747828,1,interior
0.2713939698583526,0.19741174163436073,1,interior
0.26512941447038246,0.2492926016338896,1,interior
0.272857195269477,0.19421707931308319,1,interior
0.2982709336449672,0.1414601804480133,1,interior
0.29861823235691326,0.1239855999329415,1,interior
0.2747765653109229,0.22442528912408943,1,interior
0.3058072787082482,0.11902166659318704,1,interior
0.29013633252139753,0.18728293870936305,1,interior
0.27218909189573903,0.19566707608312014,1,interior
0.34442154163024885,0.08039558214468143,1,interior
0.3133794312744334,0.10782731449271414,1,interior
0.28299190335504626,0.15536911061337508,1,interior
0.2895829760482813,0.15668583605907535,1,interior
0.333647318981127,0.09074146291166138,1,interior
0.3012063421874944,0.13308298284202447,1,interior
0.3113315480179197,0.11002501071077321,1,interior
0.26820768392575595,0.22625307556728927,1,interior
0.275145497082228,0.18857948137281555,1,interior
0.28325175462531593,0.16361479029747159,1,interior
0.31039094991398686,0.11181723132058774,1,interior
0.3078047467916565,0.13026053531957818,1,interior
0.27414098170394563,0.20286257782325762,1,interior
0.26537454350276335,0.2408445669245129,1,interior
0.29634025089985605,0.14890550536263622,1,interior
0.2707991959669014,0.1947265047459643,1,interior
0.3662169029283462,0.044326498089176894,1,interior
0.275346416241096,0.19033710013433922,1,interior
0.29872534059039624,0.13942506682353129,1,interior
0.28070060355984117,0.164517300009897,1,interior
0.36153396925954945,0.045561128552020484,1,interior
0.2738104901521902,0.22154718489566236,1,interior
0.2673395931711898,0.2240217402433182,1,interior
0.2729494924154152,0.22311593408121913,1,interior
0.3466474461000815,0.07144217448929469,1,interior
0.3168686283555302,0.09947426534702733,1,interior
0.31836978333189225,0.09444912825496386,1,interior
0.3591352471160466,0.06725971413583798,1,interior
0.2791266202120008,0.20648080080734457,1,interior
0.27344936651380025,0.19088835169624177,1,interior
0.3095683351551775,0.10941209002207261,1,interior
0.28763521580250095,0.15596445918705046,1,interior
0.35637998807090626,0.0672948553530125,1,interior
0.26438449576764794,0.2537021587663624,1,interior
0.3579733369735233,0.06615369981578571,1,interior
0.360506168157892,0.056712936171492076,1,interior
0.26719530552708337,0.22818713763897439,1,interior
0.30749145183585364,0.11951384296322386,1,interior
0.317557417038799,0.09069559361377437,1,interior
0.29705601531528075,0.13674803260538318,1,interior
0.3592164989347178,0.049194156305921305,1,interior
0.35213636858873665,0.07062719110261505,1,interior
0.34028422580811324,0.08395744111785751,1,interior
0.26998784634490425,0.1961893685729019,1,interior
0.28922564033480014,0.15213354457487815,1,interior
0.29815024823557096,0.12912697283019858,1,interior
0.2737001630448677,0.2195827466816564,1,interior
0.28629669099630706,0.17341570860496308,1,interior
0.29202677552438994,0.15592916011936708,1,interior
0.29765103951174915,0.14714044962545,1,interior
0.35966334416069073,0.06889550243970007,1,interior
0.35060760994021534,0.07075756511218974,1,interior
0.27822660680047206,0.18508714097271176,1,interior
0.3555304656121137,0.0707533600082852,1,interior
0.28428078556480524,0.1798542733583772,1,interior
0.26392274401756644,0.2555392444750851,1,boundary
0.3391925898354292,0.08173883567892315,1,interior
0.2939713444713087,0.15473299259038534,1,interior
0.26933809896372113,0.19785430465144913,1,interior
0.2990914835773435,0.14495609931796669,1,interior
0.3170879603244927,0.09294067930689878,1,interior
0.28844439569340297,0.1539735738797866,1,interior
0.27692907667133493,0.18618788645133522,1,interior
0.3644118308366236,0.06440362512899037,1,interior
0.28496350529807457,0.17831896539525915,1,interior
0.27177724688359917,0.22055638225764074,1,interior
0.3645205411637216,0.04448534592332311,1,interior
0.31454272992717996,0.0918470776348289,1,interior
0.2868247902460159,0.15183718299353133,1,interior
0.3151457093919019,0.09350786714603872,1,interior
0.3004768716390628,0.12646029521116037,1,interior
0.3049257847469822,0.12880920415884903,1,interior
0.2807212246214147,0.15949477664845044,1,interior
0.2676361817814195,0.2299631340612938,1,interior
0.27118029033065444,0.22300412496770033,1,interior
0.3133571904961679,0.09412978437845455,1,interior
0.29742117438394505,0.1317158536389979,1,interior
0.3219194102075231,0.09194184752798001,1,interior
0.27612735903177665,0.22078831360488307,1,interior
0.29548953216965373,0.14727901511343325,1,interior
0.28095501924038807,0.18661966528690363,1,interior
0.29205269728431466,0.15034381479517692,1,interior
0.2943349773536862,0.15156176343604708,1,interior
0.32778338241833094,0.09010107711868388,1,interior
0.3585237912772112,0.06992475428547212,1,interior
0.3238490569661398,0.09716686909508028,1,interior
0.2619775817996033,0.24627677209092155,1,interior
0.2628876688024409,0.24873008119579956,1,interior
0.353245367011962,0.06887539847109514,1,interior
0.2875340724183686,0.1496114825092243,1,interior
0.2952749961821647,0.13385630127560483,1,interior
0.3159161018034533,0.09087551549009393,1,interior
0.3365273671448885,0.0876069671466808,1,interior
0.29621346554512745,0.13061000662660965,1,interior
0.3707445845625672,0.03909225900611196,1,boundary
0.2750875845312267,0.18646909092772124,1,interior
0.3175302105171119,0.13736810207314779,1,interior
0.36309091821219697,0.045400679469736534,1,interior
0.3208180441790233,0.08881510290978457,1,interior
0.3674036756092034,0.04255470586457229,1,interior
0.3029270888681868,0.11620703056433135,1,interior
0.27562234759893944,0.2079724130465168,1,interior
0.2957575354314245,0.15215370890047503,1,interior
0.30856296468526095,0.11061374433191395,1,interior
0.34716951321464984,0.07862347903606505,1,interior
0.36813552770201835,0.04771943835319009,1,interior
0.2857259168484693,0.1529921265513147,1,interior
0.35578549718782576,0.05308864970682902,1,interior
0.2748028472746997,0.21810932016303172,1,interior
0.31545668936719756,0.10159643471826998,1,interior
0.3655113794262931,0.042489345121759996,1,interior
0.3368129140123186,0.0808499837457487,1,interior
0.3052134869734267,0.1161533426856372,1,interior
0.2731324146726576,0.22864357525177495,1,interior
0.29622864169812146,0.13935977222078502,1,interior
0.33635908434348416,0.08565229294644935,1,interior
0.3624281091822457,0.04362747889374154,1,interior
0.36028923215256675,0.043760633843982086,1,interior
0.26629195258537497,0.22624802135829686,1,interior
0.3144479046996147,0.10023990321573906,1,interior
0.2958987444069673,0.12416580574966743,1,interior
0.29369859235161316,0.14934793411079267,1,interior
0.296267415280839,0.14187619515887318,1,interior
0.301858041251747,0.1175029000866401,1,interior
0.3091909229048756,0.11382895436882647,1,interior
0.29845505339245626,0.1435408622617169,1,interior
0.2696012167368644,0.2209300551084949,1,interior
0.28525124185968276,0.1552685274384088,1,interior
0.28456628993952104,0.1587392281284233,1,interior
0.26262151635823394,0.2390359347748394,1,interior
0.2701887542006642,0.21799727870900673,1,interior
0.2709706489298605,0.2552186554740386,1,interior
0.28784544726485534,0.17993223403707442,1,interior
0.2798224755092891,0.18557827658283677,1,interior
0.34134032130113906,0.07915688483579063,1,interior
0.31815114435861663,0.08889608422048309,1,interior
0.27215087093217877,0.21834644576765394,1,interior
0.2731903055087266,0.21647920664706727,1,interior
0.3049955519519861,0.11425286837470432,1,interior
0.2860111677488825,0.1794561600781732,1,interior
0.3525675019091835,0.06746037186141057,1,interior
0.3615034050348685,0.04709339661801973,1,interior
0.2646908250289935,0.23265872284452743,1,interior
0.2639781134171398,0.250741430251734,1,interior
0.2656502029778945,0.2276667790485687,1,interior
0.2686784841551992,0.22263357502536488,1,interior
0.34208283834955844,0.08483788974363204,1,interior
0.28938713839167624,0.1493397122934183,1,interior
0.30711915569787684,0.11573808060098388,1,interior
0.3261867976028564,0.09045747246949395,1,interior
0.3460340605515032,0.07350078323834715,1,interior
0.26621264694237456,0.2308915702013482,1,interior
0.2963731679463561,0.12597117074907524,1,interior
0.3500066959307661,0.06908891189919437,1,interior
0.3548761254425991,0.050675251418086306,1,interior
0.3144800524817753,0.09863520023747109,1,interior
0.27527393215106155,0.2103343263009486,1,interior
0.293647660619421,0.1230272252736338,1,interior
0.2680175694359985,0.19444898870339225,1,interior
0.28652834666928456,0.14708495121670376,1,interior
0.31338380791491804,0.09687464409572638,1,interior
0.27221550236071484,0.21326682747841474,1,interior
0.27165373769651807,0.21537908945723783,1,interior
0.29040206463068546,0.15846908511204583,1,interior
0.28368789983780374,0.15740579044735728,1,interior
0.3027272351682684,0.11468251215362475,1,interior
0.35851986726479007,0.04703432706243628,1,interior
0.36922698344965044,0.040291153458147454,1,interior
0.27679760076464605,0.20898633542570377,1,interior
0.2623108537394202,0.23743761751262948,1,interior
0.27232779638298493,0.2109027783096207,1,interior
0.27104467117082715,0.1930145703591148,1,interior
0.272360932679016,0.20154451937594997,1,interior
0.2814989473198654,0.16234765486364547,1,interior
0.3542253624921195,0.05444675331854213,1,interior
0.3490148845727443,0.0675251478317487,1,interior
0.2947107528737663,0.13949025496635525,1,interior
0.3105940442771936,0.10798672800970442,1,interior
0.297585131010905,0.13373172853209925,1,interior
0.3567394867285985,0.06444375316408042,1,interior
0.3607155402593352,0.041037895903907856,1,interior
0.31096500670537874,0.09817431400793776,1,interior
0.359413395645279,0.0656496813663878,1,interior
0.27301052951187366,0.19251915833776764,1,interior
0.3152692208032777,0.10386533015473842,1,interior
0.27151153590637267,0.19151203277837717,1,interior
0.3012190364920071,0.12889149940737218,1,interior
0.3200128154918329,0.09010866468818698,1,interior
0.267275846613797,0.24394392271499638,1,interior
0.30400630497262604,0.11248194169776661,1,interior
0.28386228364585875,0.16895583559036967,1,interior
0.32144679680268334,0.09728801117640942,1,interior
0.3148626001547659,0.08945156972685972,1,interior
0.2951141353888919,0.14996549486292868,1,interior
0.27835847305088424,0.15986094693768882,1,interior
0.34844453344940274,0.0703629517818645,1,interior
0.34354856745110424,0.07885110464866475,1,interior
0.2795385427792474,0.16089093461768353,1,interior
0.29374630379073696,0.1254829923996216,1,interior
0.32467337382734024,0.08883800691208944,1,interior
0.271274297475599,0.20910024258068813,1,interior
0.35756449599478013,0.056581246039722165,1,interior
0.2598462226610432,0.2358990114741419,1,interior
0.313592912853685,0.10536144688769938,1,interior
0.3548297207757577,0.05629081808085063,1,interior
0.29544212219666305,0.14365305909274007,1,interior
0.25986922672261353,0.238285791012222,1,interior
0.293173545695925,0.1464117236455999,1,interior
0.2709562517376769,0.202329686497705,1,interior
0.28362948879629946,0.14627322213821345,1,interior
0.3124763603934431,0.09280195636020175,1,interior
0.2825016144037997,0.18188887378467078,1,interior
0.2601112295407115,0.23427230476497385,1,interior
0.3371938475892834,0.08306847514059679,1,interior
0.28558763841121126,0.16927480694093322,1,interior
0.3069023535316004,0.11096967084493292,1,interior
0.2676951783811842,0.21662508549060316,1,interior
0.28148118707724573,0.15699732773067188,1,interior
0.27854369206466245,0.15827382456157063,1,interior
0.3536644148854103,0.052678237343117024,1,interior
0.28694293570009605,0.15448193730430065,1,interior
0.29223804970935374,0.14854180699878294,1,interior
0.3551526285010761,0.058371563780143174,1,interior
0.2768528902120685,0.21125763705725634,1,interior
0.3316953189298311,0.08963625744311299,1,interior
0.3552443454871047,0.0601125441709033,1,interior
0.311884910202812,0.10674208583556288,1,interior
0.2677079269965015,0.22039888631848017,1,interior
0.3567239741427348,0.057863999478572944,1,interior
0.31298800042531244,0.10233253423556603,1,interior
0.2755672136160885,0.18457727806659427,1,interior
0.30884720087370066,0.10672931243696278,1,interior
0.2847578519004806,0.1711564798642916,1,interior
0.3021870232942136,0.13104530326221936,1,interior
0.2801361608479765,0.15798224543913827,1,interior
0.3578183680736383,0.06805017482333692,1,interior
0.3059765542382268,0.11286036057507005,1,interior
0.3433972755483764,0.07729736843097265,1,interior
0.3662767470745615,0.04079077054886972,1,interior
0.35880195275771726,0.06381015330592163,1,interior
0.3121533573238412,0.09052062425447586,1,interior
0.3624034276521241,0.04127319370365802,1,interior
0.31641319954496894,0.08913407603080614,1,interior
0.267306009427186,0.21810214611778864,1,interior
0.3567662224461259,0.06925824107145845,1,interior
0.283288989045726,0.17344765471582008,1,interior
0.27001653512947627,0.21402370193281095,1,interior
0.34789322710662024,0.0756749880535253,1,interior
0.35719742322542736,0.04814345507923205,1,interior
0.36415898673236236,0.04131672482190386,1,interior
0.2994302419860428,0.12806961241537904,1,interior
0.3597642818860121,0.03960888208336741,1,interior
0.26838328548244994,0.23560011694068622,1,interior
0.27662514954192946,0.16098458542848262,1,interior
0.3033972737603712,0.11087361572915207,1,interior
0.29464790867851115,0.13085502175499078,1,interior
0.3557316987110546,0.04868676637661053,1,interior
0.2933792903572287,0.14458745876506057,1,interior
0.3530345595109715,0.05738006960564963,1,interior
0.27276964152399125,0.20401101174555153,1,interior
0.3345730956112604,0.08447555883597377,1,interior
0.2630818969307769,0.23266918803876047,1,interior
0.28068960768942325,0.18045839544318498,1,interior
0.3102786868906434,0.09312890173273429,1,interior
0.32305355815864367,0.08835481435690805,1,interior
0.27001125496408557,0.21556845019229653,1,interior
0.3048502205540552,0.11031777524891684,1,interior
0.2955133513396747,0.13647241553139763,1,interior
0.2928479020157112,0.1422153029758529,1,interior
0.29250252971645174,0.13992980566790922,1,interior
0.35485329920514125,0.06753036156340449,1,interior
0.33370508999491855,0.0887607284190565,1,interior
0.2674048325539934,0.19194900746386676,1,interior
0.2705650279060422,0.25672970535712425,1,boundary
0.30930909333154877,0.09161130903443448,1,interior
0.3342747681794651,0.08718121903739591,1,interior
0.28233178971473716,0.18025282094892633,1,interior
0.29167737923591913,0.12489289347373825,1,interior
0.29728593342967313,0.12745510938160437,1,interior
0.2703487126531403,0.19010870797591944,1,interior
0.2704274392770066,0.21954540621347568,1,interior
0.329611428924905,0.0886959948569252,1,interior
0.2655726280465697,0.21972204067443657,1,interior
0.3068964161572337,0.10943359772834886,1,interior
0.31314826685993413,0.0892558985354998,1,interior
0.2658105288104203,0.22930724229822055,1,interior
0.28215279901717133,0.16713068478760906,1,interior
0.3554264293123034,0.06542751140588647,1,interior
0.33874132082055436,0.08331946465081916,1,interior
0.27817810501603396,0.1627078903581468,1,interior
0.32802859068486984,0.08818564089270753,1,interior
0.28292510881076155,0.1704968337756466,1,interior
0.335343028526713,0.08203006358125894,1,interior
0.3106200544346379,0.09050907127968676,1,interior
0.26856295765548294,0.24489840711573882,1,interior
0.3531169921035722,0.059270096978462646,1,interior
0.2598536447556458,0.24718935718451596,1,interior
0.2656005821549888,0.2173669441414183,1,interior
0.3574885551113389,0.07107838903307186,1,interior
0.2776507963088267,0.1832847083860495,1,interior
0.36004192586184525,0.04774399468827732,1,interior
0.29092230203991787,0.1424016812415301,1,interior
0.26760011083403423,0.1967079345599326,1,interior
0.3452403287162399,0.06883004076128242,1,interior
0.3112997966580824,0.10201476949767607,1,interior
0.3428903568988879,0.08069011403207754,1,interior
0.3576166245524226,0.03893240225021023,1,interior
0.29864879790101784,0.12560416834647295,1,interior
0.3070814771790438,0.10736630918325223,1,interior
0.2718336882763579,0.1999438247568114,1,interior
0.3582986127070721,0.06116826870393188,1,interior
0.26395728917708244,0.23601332645681591,1,interior
0.29788630247863956,0.1614313201675479,1,interior
0.32931553382030837,0.09024860244993835,1,interior
0.2848187425483379,0.17300117789358924,1,interior
0.27110218316347384,0.20629366937215654,1,interior
0.3324446143643212,0.08471093274153171,1,interior
0.2987792645156587,0.118953676394301,1,interior
0.2763725153802367,0.16363741630712383,1,interior
0.31191266933115336,0.10449537428506878,1,interior
0.35223297035572587,0.05330718930791984,1,interior
0.3118624127852631,0.09958775381320822,1,interior
0.36046623000828365,0.07095701820332535,1,interior
0.2639202180959774,0.22446091205849308,1,interior
0.294967286851054,0.14536755144927335,1,interior
0.29498347673316083,0.12803538979960666,1,interior
0.3096060885841849,0.10459636884678183,1,interior
0.35115374335689975,0.06637859053298602,1,interior
0.26172140632934027,0.23596128628058521,1,interior
0.261315488882596,0.2479012629610646,1,interior
0.30015073280958393,0.11730758481742481,1,interior
0.3448667572326158,0.07778501661955457,1,interior
0.26397403466161107,0.22741337429404535,1,interior
0.3056411286984323,0.10830431938886576,1,interior
0.26056045254701166,0.24518307577854784,1,interior
0.3532181293257282,0.06080762936900727,1,interior
0.3131869180864619,0.0871863226921339,1,interior
0.30364865244393535,0.10897810382974303,1,interior
0.34071878194997246,0.08107998263801593,1,interior
0.28203360156564233,0.16914242618044803,1,interior
0.2725740597826807,0.2076869097958366,1,interior
0.32619866701275385,0.08887078210405285,1,interior
0.33234532979139747,0.08723784226326263,1,interior
0.2604963223177973,0.23155582539244252,1,interior
0.26081107989276414,0.23980060947993526,1,interior
0.3468369999133223,0.06984720544964625,1,interior
0.3516221297971563,0.0617084738307774,1,interior
0.2764653117632135,0.15661175160655988,1,interior
0.2582383283368699,0.23493584342704824,1,interior
0.29550203831708655,0.13233162693668596,1,interior
0.2687460753294333,0.21870421940189086,1,interior
0.26284662711159806,0.23475297222733368,1,interior
0.3267967766663221,0.08619797253931066,1,interior
0.29639768042621994,0.16099010537275857,1,interior
0.28323543344614904,0.17850733293803292,1,interior
0.30834058909883805,0.1083961090418826,1,interior
0.3032737010431885,0.10741963776907597,1,interior
0.30788783108747886,0.09065395011120266,1,interior
0.29449553038635934,0.1421128848049282,1,interior
0.347148116429754,0.06570909508292373,1,interior
0.28437696336720003,0.14895083919216712,1,interior
0.26879790975462814,0.19277979966960038,1,interior
0.29113252101234516,0.14614446310703066,1,interior
0.3489076930825935,0.06558872903080117,1,interior
0.2702991006472247,0.18748894239137665,1,interior
0.2622549511950352,0.23053398727775778,1,interior
0.27230507879117927,0.18814586138398184,1,interior
0.3199296599546646,0.08679897253676455,1,interior
0.286296840748955,0.176559168026881,1,interior
0.338903578174791,0.07868911737888268,1,interior
0.2926939207232279,0.13261070097753438,1,interior
0.3073944447361053,0.10490747265956424,1,interior
0.2887414571198389,0.14704889349486133,1,interior
0.2937201510417947,0.13720477207433268,1,interior
0.34218710312468764,0.07633994113797568,1,interior
0.27409393770984447,0.20652081058658583,1,interior
0.3557710802896148,0.04058141878626773,1,interior
0.2853279097320242,0.1507572244148691,1,interior
0.275414294488164,0.15895481600395037,1,interior
0.3555553202497667,0.03765156717272837,1,interior
0.2914767986184142,0.1351812216216861,1,interior
0.3247848416454371,0.08676349816154072,1,interior
0.2848728465183285,0.17545352807786282,1,interior
0.2905534082770102,0.1482278855410312,1,interior
0.31505768670285944,0.08665884324605733,1,interior
0.3088419320771321,0.10027168301541504,1,interior
0.27570229400662827,0.24767270307987463,1,interior
0.2700266179712919,0.20819091957039942,1,interior
0.26156614383621124,0.23314124579575385,1,interior
0.3436181900037851,0.0735571161952969,1,interior
0.26775540664827974,0.21418467549627482,1,interior
0.35056960786783015,0.05824420848203776,1,interior
0.27978448090641184,0.16304110539864217,1,interior
0.36713882240492685,0.03882796821978099,1,interior
0.2803166271211706,0.16646938088099297,1,interior
0.2694177550462321,0.20001108743219997,1,interior
0.344387806190459,0.07554433715673206,1,interior
0.35474598646681377,0.0636449869595323,1,interior
0.2747644144077159,0.1571301478603842,1,interior
0.36515043514849543,0.039143884016938885,1,interior
0.3531704085974217,0.06473320823061468,1,interior
0.35797400724215617,0.04421093337309115,1,interior
0.30971500676726316,0.10154759962554658,1,interior
0.25811538841029164,0.23761212261157186,1,interior
0.27089226922055104,0.2040751970064213,1,interior
0.282156140960519,0.17618356642536454,1,interior
0.264376365086498,0.23002496939795453,1,interior
0.26912086395430296,0.20649387304737093,1,interior
0.25903379996939424,0.24404492020393648,1,interior
0.36152923314731483,0.039592075940103263,1,interior
0.2818659155688996,0.1607892482159244,1,interior
0.35431096419253394,0.04260499618882596,1,interior
0.3416921478824394,0.07477334369675794,1,interior
0.32225575411742446,0.08604185763076073,1,interior
0.3091556494454092,0.0982593379464318,1,interior
0.2734378874801614,0.1891589973891015,1,interior
0.28379828279695346,0.1540585150577954,1,interior
0.26786326183798204,0.20482343478229348,1,interior
0.3011435398683263,0.11094780395620746,1,interior
0.36454279631263714,0.03671819127267015,1,interior
0.2652539033918676,0.21422314940386106,1,interior
0.26800791841461974,0.20318788516546782,1,interior
0.2661024335499178,0.2030672313761307,1,interior
0.2925170138919151,0.128713230523723,1,interior
0.3411587120029359,0.07301885304927799,1,interior
0.2702252037344588,0.21138475279393584,1,interior
0.35163358967879155,0.068766346539597,1,interior
0.3306623735761426,0.0874977698753955,1,interior
0.3531990886577654,0.047170773397019396,1,interior
0.3334330653309426,0.08338485884786818,1,interior
0.2638413310300967,0.21597832912745057,1,interior
0.3527795387608353,0.03853756643602006,1,interior
0.3280938618409831,0.09173219678283599,1,interior
0.3572250793885274,0.06259347336342533,1,interior
0.2677760812979328,0.19962389681596424,1,interior
0.264211381942169,0.2208225795094733,1,interior
0.27896887912055124,0.16830544521308458,1,interior
0.29118463479582096,0.14392660092620596,1,interior
0.2692954394559807,0.20418141945861243,1,interior
0.3061837297830933,0.1058921669896748,1,interior
0.36273844725981963,0.03846448782000084,1,interior
0.358767053540587,0.03659133370993824,1,interior
0.280747692693238,0.17878145069635984,1,interior
0.3021002022758878,0.10958792420281259,1,interior
0.34099665294800574,0.07758346819980122,1,interior
0.3013356109793728,0.11376799438093305,1,interior
0.26946007744545686,0.201814742510081,1,interior
0.26729780011853504,0.20125335524706725,1,interior
0.26840103696193585,0.20904007820970782,1,interior
0.2688704267093144,0.21254712761056987,1,interior
0.31146310232741836,0.08912378792113917,1,interior
0.3082268196258451,0.08781006279566053,1,interior
0.30541733285966144,0.09181896618823805,1,interior
0.2883329657411916,0.1438845694555389,1,interior
0.3108028460996316,0.10557062154429958,1,interior
0.3237376470263266,0.09045160497132236,1,interior
0.36826491574554465,0.037265648653917086,1,boundary
0.2965745223616433,0.12258214148530494,1,interior
0.27239422175304556,0.15626355773247105,1,interior
0.28066260709458346,0.15495528531054173,1,interior
0.3373928037031021,0.07671605892428651,1,interior
0.27884545137110117,0.15621538118483444,1,interior
0.2925486962033666,0.12657050093577926,1,interior
0.3286153532495537,0.08552751071794702,1,interior
0.29294141403885654,0.13567319674812892,1,interior
0.26289927046674955,0.22864304089768042,1,interior
0.35041104937046996,0.05242594261769362,1,interior
0.29373915903887937,0.13435412321467588,1,interior
0.2898899053672464,0.13285802460276439,1,interior
0.3118669411241895,0.09596333913258821,1,interior
0.2819110920895352,0.15354504236518643,1,interior
0.3588890457478733,0.04180039860399736,1,interior
0.26806513990050906,0.21085861797315011,1,interior
0.3045005613765593,0.08916277999768858,1,interior
0.2653156093275608,0.20166951069840666,1,interior
0.3302317503466202,0.08579489816547546,1,interior
0.36631157220121335,0.03618016378800542,1,boundary
0.35212208043741794,0.06327293925191714,1,interior
0.2734410192526163,0.18242820853177774,1,interior
0.2570975840357171,0.23960731589142245,1,interior
0.2613749910506947,0.25126112225006825,1,interior
0.27321318422384544,0.16076190845505337,1,interior
0.28108398079740016,0.17459290143947914,1,interior
0.28193403375523535,0.14980965253728384,1,interior
0.25817899482050294,0.23195204408367315,1,interior
0.3640195614226341,0.04303579196592239,1,interior
0.2992858267073756,0.11458842436944425,1,interior
0.31345432777504545,0.08525357600858716,1,interior
0.35157387553056835,0.05102575481165935,1,interior
0.35652345356706183,0.04498176939513971,1,interior
0.35350097981793044,0.040642997897245306,1,interior
0.3086890020797972,0.09399305864018503,1,interior
0.2558418709804393,0.23644143468578155,1,interior
0.2919465148600494,0.13018602149920996,1,interior
0.280629335736587,0.1767529797918466,1,interior
0.28838001246069467,0.1454668214179564,1,interior
0.34290444843932716,0.07066746767375105,1,interior
0.3440873321442203,0.066553002790421,1,interior
0.2571836020101283,0.2306556271938093,1,interior
0.2724614227509394,0.18654095019501785,1,interior
0.2768634844452931,0.1550571477344084,1,interior
0.26668614283617864,0.20938332913688462,1,interior
0.3549487415964287,0.06906953712364002,1,interior
0.3538406163039628,0.06233687576475002,1,interior
0.28618743557301435,0.1451717187472262,1,interior
0.3070870830903738,0.08622533110718807,1,interior
0.2659785507146363,0.1987428653475741,1,interior
0.3076094624882044,0.10240690307191909,1,interior
0.292009209125581,0.12311036543099213,1,interior
0.3103494209795235,0.09640578116448671,1,interior
0.3538940892565385,0.035242682483308106,1,interior
0.2615298408653384,0.24951619324949006,1,interior
0.26474751049476075,0.2096722210143336,1,interior
0.3618150219814062,0.035708973761585404,1,interior
0.26184768698981514,0.24288871871595366,1,interior
0.30132478716127253,0.11602509918260531,1,interior
0.35196107956511147,0.039869689871484,1,interior
0.2656433748321532,0.20473525462799888,1,interior
0.35687064168283833,0.03651073793310143,1,interior
0.28035402484798233,0.17047425188131576,1,interior
0.2610478848166542,0.2163648520762435,1,interior
0.28149672690455985,0.1721208833376927,1,interior
0.26634376852923847,0.21584039679538192,1,interior
0.2662898275042621,0.19308104489626185,1,interior
0.27833259811796685,0.16565820671144912,1,interior
0.27683863787445095,0.15833050943560475,1,interior
0.36380280750726945,0.035032258834564574,1,boundary
0.2725460917864157,0.20557655840443514,1,interior
0.3249929773144771,0.08428733649422591,1,interior
0.3505036011831609,0.054459298199556284,1,interior
0.3547601364392208,0.0469230558767121,1,interior
0.3447284242113818,0.07177762673395494,1,interior
0.2984302451845354,0.11174261589159451,1,interior
0.3099310281555641,0.10309363570166358,1,interior
0.3020265449621576,0.08750661436881796,1,interior
0.27818838050848765,0.1803031919423487,1,interior
0.2582187756593688,0.24733953747521478,1,interior
0.34544163147630785,0.06571016941717717,1,interior
0.3528476487270155,0.036538897672739365,1,interior
0.35952281220495025,0.03810424559970402,1,interior
0.3522459259275468,0.03475975729964688,1,interior
0.30382601161135453,0.10597535431401124,1,interior
0.3278682618765455,0.08323779546998283,1,interior
0.26370722837910215,0.20153151449910484,1,interior
0.3063227179879154,0.09878564595962581,1,interior
0.31981820822871604,0.08487597976258693,1,interior
0.3613073794382397,0.037649740851108525,1,interior
0.2647155578983376,0.22603635413004716,1,interior
0.34381738037540693,0.06943552908453193,1,interior
0.3298669753973714,0.08354368104082605,1,interior
0.339195429759602,0.0768913776739895,1,interior
0.31664075244721457,0.08636787738819827,1,interior
0.3467099862600401,0.0680835998982119,1,interior
0.3183837030027838,0.08690867820230998,1,interior
0.26818133231879165,0.18741785226140034,1,interior
0.3600545979304242,0.04613640960928189,1,interior
0.32177656522903775,0.0842903568915303,1,interior
0.2756842735006471,0.16694900742037586,1,interior
0.26332563716161517,0.2222836543823514,1,interior
0.35548683808383136,0.06226588990204036,1,interior
0.3658800992046564,0.03773764139659387,1,interior
0.296991292688859,0.1178419478946682,1,interior
0.2654930244241329,0.1944263314650021,1,interior
0.2794043135946955,0.1757525567249345,1,interior
0.2791070856491083,0.1783463207168458,1,interior
0.31112545154083676,0.0876242080843006,1,interior
0.3098729210087386,0.08910210624017904,1,interior
0.3508677336524883,0.06429739513818784,1,interior
0.3551844100917397,0.04385261622789367,1,interior
0.35593263649753004,0.04226486102121958,1,interior
0.2626399552829569,0.25272036488321603,1,interior
0.2556087788713636,0.23220449761334316,1,interior
0.3094193546197305,0.08666835172850622,1,interior
0.35118591237738894,0.03703106730550295,1,interior
0.29924001396546185,0.08855577614985762,1,interior
0.3183540911804267,0.08418762003371613,1,interior
0.3335184867267337,0.08041546688990342,1,interior
0.3335151217005318,0.07834733837086363,1,interior
0.3048853781610917,0.10109275502937148,1,interior
0.34882396310613867,0.06008561724992588,1,interior
0.34874683405573453,0.05401017860037282,1,interior
0.3007026708735396,0.10751810343999126,1,interior
0.28711884994993286,0.14245481688420222,1,interior
0.27764758448622895,0.15328305666941192,1,interior
0.359021249161926,0.033749526903816204,1,interior
0.2644418464178517,0.19919263425380512,1,interior
0.26678098715306076,0.20775999398538333,1,interior
0.29087089226382706,0.13166148152248297,1,interior
0.3515555042484822,0.04323795933193425,1,interior
0.34884338098441164,0.056543504539637,1,interior
0.26653587762097825,0.22193639887504216,1,interior
0.2952926303259627,0.11685895089061947,1,interior
0.33849698257008015,0.07508411025737788,1,interior
0.2795634530092381,0.17333765831903447,1,interior
0.25692929938279474,0.24313302725008193,1,interior
0.2745440990653013,0.16298380047188282,1,interior
0.2840272348793972,0.1768510721279586,1,interior
0.30318692200616837,0.08488893382738534,1,interior
0.3067550651107216,0.10090066660932175,1,interior
0.270962433487283,0.18494019211571466,1,interior
0.31050048573254513,0.08401119560309793,1,interior
0.3055235806854884,0.08588398367847071,1,interior
0.2626112340818658,0.25454533823682507,1,boundary
0.27428602538460295,0.15518983385666288,1,interior
0.28940250470777845,0.14264286632424794,1,interior
0.3534206069002932,0.04389578395926793,1,interior
0.28991473952928987,0.1450267956365916,1,interior
0.2531253359290389,0.23611694234983588,1,interior
0.3496060985339531,0.03820590847348318,1,interior
0.3506519961077955,0.034584300770217125,1,interior
0.2639273308982837,0.20788617317680066,1,interior
0.3015766156862165,0.1061906966860847,1,interior
0.2658424199285367,0.19157530117660745,1,interior
0.2901046322760592,0.14058891637054896,1,interior
0.34943618158862066,0.03566941024909464,1,interior
0.296972814214962,0.11516576797467688,1,interior
0.2640868555140828,0.19599660290566473,1,interior
0.26671157134327644,0.1891653189604953,1,interior
0.2617193596111818,0.2079854477129369,1,interior
0.35321948614110504,0.048993486521858955,1,interior
0.26002289656866173,0.24191014611713277,1,interior
0.26266421882178154,0.1991245521297679,1,interior
0.3467495324468183,0.05534420032469376,1,interior
0.3528795853455425,0.055227356119834425,1,interior
0.2911694379439084,0.13731392934645292,1,interior
0.33644289700275454,0.07552655032477895,1,interior
0.26692916365477326,0.21276609301482516,1,interior
0.2987673358835937,0.11611481048086283,1,interior
0.25613439245639563,0.23411528568391302,1,interior
0.35675411959129133,0.06101033100794446,1,interior
0.3110645823677658,0.08558886821018565,1,interior
0.26564068098104554,0.1967708395920293,1,interior
0.34189186242342884,0.06882181123476795,1,interior
0.28770273565390003,0.1410480351007765,1,interior
0.35051549083251454,0.04791730382512677,1,interior
0.33580589941791616,0.07931604342913134,1,interior
0.3515207946499542,0.05664800762280958,1,interior
0.27715722615298444,0.1690475700682692,1,interior
0.29015997598796694,0.12793121672862356,1,interior
0.3161108079543929,0.0838300588904848,1,interior
0.3060795044183468,0.08839749207826599,1,interior
0.2650157428140535,0.22223772251602356,1,interior
0.349936915856527,0.06281099697309743,1,interior
0.35459131067515837,0.03910584612724419,1,interior
0.3316316710404225,0.08272088210644485,1,interior
0.35724143850487033,0.04117775663657175,1,interior
0.2839661124266258,0.14430490515166777,1,interior
0.29829812093064667,0.11328123085988291,1,interior
0.2640417729906378,0.2124246447735726,1,interior
0.2988076467415204,0.10904966512871937,1,interior
0.2628560408423609,0.1934304810383124,1,interior
0.2754515508472952,0.15353370571306676,1,interior
0.3052852788456409,0.10263713278438026,1,interior
0.2960023503938398,0.11961996841814054,1,interior
0.2691317942639502,0.18592882497749222,1,interior
0.33992682615437025,0.07162027537706617,1,interior
0.3027433847689537,0.08916810213394817,1,interior
0.33052956400716105,0.07993845225706045,1,interior
0.3090183982535447,0.0851006122285262,1,interior
0.3223276042868556,0.08282960886354049,1,interior
0.2654861331826193,0.20678003143945056,1,interior
0.27314430214222923,0.1844879196119612,1,interior
0.27522655814143804,0.1647196573129153,1,interior
0.29704844319205226,0.1208648697270939,1,interior
0.3350997217776324,0.0738069427924261,1,interior
0.26371970113196036,0.19760680319508434,1,interior
0.28906286577930446,0.13017882987859147,1,interior
0.30598172376972355,0.09442129637077135,1,interior
0.30733168240457787,0.09296907877992072,1,interior
0.26550294576618966,0.2117436445200782,1,interior
0.26158139657765156,0.19768370749651806,1,interior
0.31032786057681183,0.09990712760850406,1,interior
0.3500594532969572,0.05070744050013027,1,interior
0.275459475281122,0.16961580515971425,1,interior
0.28594664358020316,0.14851976079462836,1,interior
0.2684154700057667,0.18905674913004525,1,interior
0.34856980239614216,0.06397556985250666,1,interior
0.3045449934768329,0.09770226193416605,1,interior
0.27406216619699697,0.15272655385164038,1,interior
0.32482529701891766,0.08220146002313304,1,interior
0.351619000945557,0.04655356000144357,1,interior
0.26190619064861925,0.22090574596806756,1,interior
0.3201766239799714,0.08294953911944915,1,interior
0.3469654933123952,0.06313134941140008,1,interior
0.3520401556184893,0.04174147568902237,1,interior
0.2889741158012507,0.1387453819844013,1,interior
0.3065151245939197,0.08390256888933532,1,interior
0.2576648118933583,0.2458364111565309,1,interior
0.27939534297457536,0.15350729887237186,1,interior
0.2855737412630757,0.14225307598772205,1,interior
0.3602042415853567,0.03538549563135452,1,interior
0.2629841764054371,0.2190036864529784,1,interior
0.28835392085008554,0.13327284774363873,1,interior
0.26887102997484963,0.1911193885722853,1,interior
0.35176264813041797,0.06017193141388447,1,interior
0.30487560748915477,0.09945388522462181,1,interior
0.35136914809212655,0.049500889291366604,1,interior
0.3031468560451959,0.10178939959249808,1,interior
0.28042665382717236,0.16886283973610336,1,interior
0.25898054285089545,0.2500159143302439,1,interior
0.35026058379560054,0.0607256029699021,1,interior
0.3172410306079195,0.08217131100337156,1,interior
0.2638945775067628,0.20399975066932882,1,interior
0.27498753030500134,0.1612548435265828,1,interior
0.3485342138929343,0.06202217336496464,1,interior
0.3578186854767223,0.03497759872808462,1,interior
0.30312712829916805,0.09844038336696558,1,interior
0.33622793085332403,0.07778032530366816,1,interior
0.25747762495900095,0.24906872123660068,1,interior
0.3077649074262008,0.09530142346674282,1,interior
0.28631747847723676,0.16787085415011074,1,interior
0.28950285482711346,0.13534916524979904,1,interior
0.28745951628564276,0.13825569350843134,1,interior
0.27815202841243025,0.17199696326804623,1,interior
0.3338152649381449,0.07659201695519359,1,interior
0.2593380702788323,0.23008321874991705,1,interior
0.2963472091163877,0.12871678526885874,1,interior
0.270510002119818,0.18348027987996127,1,interior
0.311966657270884,0.08290770225919658,1,interior
0.3136447613755385,0.1037456079882743,1,interior
0.28896561314565417,0.13703243543078666,1,interior
0.2777934675475257,0.1671702340941003,1,interior
0.33905247836329044,0.06968175376231997,1,interior
0.2534165438931358,0.23127403871317598,1,interior
0.34377116566954957,0.06463718208182458,1,interior
0.2598265441672745,0.24873013942134217,1,interior
0.33128783955262026,0.07835799884481205,1,interior
0.3493063855658123,0.049372749588689716,1,interior
0.26071294247344984,0.22935464871382072,1,interior
0.29711953904956423,0.11017461211328149,1,interior
0.2963930807191876,0.11313184414647097,1,interior
0.29051317825668177,0.13871454462027405,1,interior
0.3083074609373435,0.08236285809146691,1,interior
0.29045204174585904,0.1232988816866847,1,interior
0.29636596919165387,0.11157615788544856,1,interior
0.35032256991790894,0.03962952493989255,1,interior
0.3073931362927607,0.08918820706182827,1,interior
0.2565174953481854,0.2514803647915069,1,interior
0.3006823000332243,0.0991954634503837,1,interior
0.288876543639754,0.12561145894949588,1,interior
0.33701661010383366,0.0726130346292744,1,interior
0.3046482608187878,0.09611921412343484,1,interior
0.2981540428712662,0.12214182131946272,1,interior
0.2728278033468602,0.1655212904090114,1,interior
0.25509739350486377,0.24836419757440212,1,interior
0.26164752217383097,0.2006022440666691,1,interior
0.3559826400860534,0.03278955696174392,1,interior
0.25113687415396513,0.2300726717355322,1,interior
0.25436288403305646,0.23001988608709853,1,interior
0.3235569553792095,0.08489669053828336,1,interior
0.3032128180183336,0.09105494968557393,1,interior
0.30601441035988425,0.09005372830027472,1,interior
0.35617002217115773,0.035069748617153895,1,interior
0.26121549716757725,0.25349731203363746,1,interior
0.3542094587058611,0.032886771303774216,1,interior
0.27439084944982256,0.1661529463413116,1,interior
0.3014232540834398,0.08566177388407357,1,interior
0.26309811968775293,0.21464519181393113,1,interior
0.2718906063519697,0.15467812660483582,1,interior
0.30027202695228083,0.1123136235314377,1,interior
0.30265887719836354,0.10425494431087562,1,interior
0.2663275759006097,0.18757270351973215,1,interior
0.32304795443603107,0.08037796583657751,1,interior
0.2593449072621786,0.25157435477545814,1,interior
0.26474577853680936,0.1928636997115116,1,interior
0.2620384535816268,0.2061221454432827,1,interior
0.25927342063329056,0.24024782875658102,1,interior
0.2603092527476403,0.22684349263730297,1,interior
0.29456576924026545,0.12126471959048624,1,interior
0.2612973943763793,0.2237955620137874,1,interior
0.27595929461588087,0.1505618203705219,1,interior
0.2610121275808524,0.2139446435802867,1,interior
0.2564806793244666,0.23787207354639867,1,interior
0.3057415072988449,0.0820619955312454,1,interior
0.30391541978710723,0.08144049164817052,1,interior
0.27328425267457973,0.15875611799856945,1,interior
0.2805423120723791,0.1523365623003302,1,interior
0.262979001553852,0.2174410338022437,1,interior
0.29345339137620235,0.11332608547408027,1,interior
0.2724650567398405,0.1676626705008206,1,interior
0.26232409402994405,0.22609550181223023,1,interior
0.26964349790592496,0.20992921402532433,1,interior
0.25169140309210847,0.23665485152770563,1,interior
0.25948895517710974,0.2328145321256384,1,interior
0.27281184314413576,0.17956486149266096,1,interior
0.27621117837295106,0.21475846034036336,1,interior
0.27904778573335143,0.18175785910404108,1,interior
0.24888143402839105,0.2291882166276814,1,interior
0.3385584496610666,0.07289250399444314,1,interior
0.25355994950485455,0.233486077161832,1,interior
0.25832898943151716,0.24194992825567205,1,interior
0.2594952538432834,0.2094769329707194,1,interior
0.29447519012744966,0.11940393457897869,1,interior
0.26232673311896004,0.21248703731718419,1,interior
0.256035188970192,0.2407573946437311,1,interior
0.2965866466503278,0.10861798162634086,1,interior
0.3283914321796232,0.07760941860009535,1,interior
0.2548889394175576,0.25053120003180646,1,interior
0.3474232448587207,0.05811311253727128,1,interior
0.2585388143548144,0.22497257997680623,1,interior
0.34012392162514454,0.0741864705560077,1,interior
0.2539711465636797,0.23921163404924642,1,interior
0.3404210345940176,0.07592273388066725,1,interior
0.262177975890025,0.19535640479354183,1,interior
0.28337691155862865,0.15165835799820962,1,interior
0.31003198216759914,0.08250463868206642,1,interior
0.3548775046266567,0.031171268708170875,1,boundary
0.3270278622127926,0.0815718699588159,1,interior
0.256832408033849,0.22494830529853266,1,interior
0.34138288302159947,0.0707204644809614,1,interior
0.2581034266128763,0.22865763047971854,1,interior
0.3134142379359895,0.08345454263551987,1,interior
0.27090265750109355,0.16429282595157352,1,interior
0.2509947849726188,0.23411582532044034,1,interior
0.3062545547674374,0.09677844753030078,1,interior
0.2636119754310034,0.20608237457975956,1,interior
0.26318683947360105,0.21030320691816795,1,interior
0.33721957372264205,0.0741772350541996,1,interior
0.27780037676947184,0.176291790504006,1,interior
0.3112750801367817,0.09438316369178622,1,interior
0.26455581855078547,0.19015424462857264,1,interior
0.2760582052929364,0.17848237321108304,1,interior
0.3080417628959159,0.08390104135335012,1,interior
0.2779226267727989,0.1514985816078274,1,interior
0.27205423008346635,0.15205144954256491,1,interior
0.34495545125155275,0.06228760748678974,1,interior
0.2657004796356416,0.22482896444196454,1,interior
0.2859631293356296,0.1405242727559407,1,interior
0.29918274609619344,0.10695960219348201,1,interior
0.26279452893148286,0.19153309557521495,1,interior
0.2524348129876669,0.23470675776718736,1,interior
0.3394990212668511,0.0673987533805177,1,interior
0.3040575969978073,0.08663497005698217,1,interior
0.3563668866976824,0.04670191620171393,1,interior
0.3008090273159176,0.08998378285496988,1,interior
0.34972924360765734,0.04247713885767856,1,interior
0.3479296695513856,0.03950811969325364,1,interior
0.32705798990897245,0.07942979358404348,1,interior
0.33069171677316933,0.07614443340785262,1,interior
0.25838842690504527,0.2269491954463683,1,interior
0.287537882412907,0.13056207410443116,1,interior
0.2754055573735109,0.17299759864777384,1,interior
0.25992132982954885,0.19527730797585888,1,interior
0.329109146590943,0.07611769486913955,1,interior
0.27081649985756995,0.1670306308310839,1,interior
0.26979873529990595,0.15581918770257122,1,interior
0.2784276355620212,0.15470393745730762,1,interior
0.34843052608287545,0.051366030698121574,1,interior
0.270102361223112,0.1686636444431543,1,interior
0.24986371326028176,0.23591456258492594,1,interior
0.28613085447366726,0.13192550002591402,1,interior
0.28739120671677343,0.13558655661398064,1,interior
0.270854346013316,0.1577571248548197,1,interior
0.352988078993483,0.045459554726666095,1,interior
0.3249244649121867,0.0792454575063036,1,interior
0.30171747324681025,0.0925191929848297,1,interior
0.27941009486390334,0.15033638636320512,1,interior
0.34747910634070245,0.04104585162314367,1,interior
0.25543911138123643,0.2264733589546963,1,interior
0.25580335616566185,0.2293462446714458,1,interior
0.3298247627575709,0.07374540521343101,1,interior
0.34667475709676654,0.0615168194507678,1,interior
0.332183890869298,0.07689822371002669,1,interior
0.3424405252579247,0.0669142263692868,1,interior
0.2878919875916635,0.12787819503373532,1,interior
0.34262980210669924,0.06292050941847178,1,interior
0.27591522835506593,0.14770345555791328,1,interior
0.2850319922111554,0.13369328324766241,1,interior
0.3448110290338389,0.056806480314297046,1,interior
0.34486801135971273,0.04213862901651708,1,interior
0.3548034240578114,0.045352642134524376,1,interior
0.2602911797229158,0.22508027218887056,1,interior
0.30307818897516625,0.0950466958216066,1,interior
0.25257011651379574,0.2522085692948437,1,boundary
0.25438184683752063,0.23718779010929075,1,interior
0.26790172942638474,0.18341941912386198,1,interior
0.3129428637872903,0.09832836713789615,1,interior
0.30971980691868467,0.08057154109228029,1,interior
0.2488874007433353,0.2272730289027883,1,interior
0.2692914066463715,0.1669053357177555,1,interior
0.3478037806055439,0.043800241473678565,1,interior
0.3692723473183734,0.038488233830309304,1,boundary
0.3614447179825786,0.03346440220055773,1,boundary
0.3296166757611652,0.08120529542733372,1,interior
0.298699532114097,0.09016783262057895,1,interior
0.29732715209458394,0.10704115613782314,1,interior
0.25650826271735344,0.22221715197280595,1,interior
0.3374036896721816,0.0791381017156362,1,interior
0.29518208147676256,0.11456299514982367,1,interior
0.32682063281964924,0.08448433328762618,1,interior
0.27581220200608786,0.17669248646220173,1,interior
0.32889391072241847,0.0792825932290399,1,interior
0.29935339813384876,0.08633643330562478,1,interior
0.347373099081267,0.049702605453540986,1,interior
0.2781849159013887,0.14847976608758814,1,interior
0.30481710995507333,0.10413106006226015,1,interior
0.28172127591933793,0.1513440865138047,1,interior
0.2596560305182432,0.2205644175508661,1,interior
0.25463159569468286,0.23532809845917174,1,interior
0.36135355113677864,0.042498248925547495,1,interior
0.34685385491391035,0.05260967381365767,1,interior
0.2744221387987061,0.17844251237295078,1,interior
0.3007769990301292,0.10120632259027729,1,interior
0.2723733131883225,0.16218491042284278,1,interior
0.28498981904013526,0.1369665497648878,1,interior
0.2500405050243243,0.23254229256275374,1,interior
0.3467104428080038,0.03748246984055274,1,interior
0.2917821255110509,0.12088135965920088,1,interior
0.2598480445750608,0.21278797247362766,1,interior
0.3040541303339338,0.09333718962733668,1,interior
0.28635158912245107,0.12933859299643782,1,interior
0.2806464267129283,0.14896118496186292,1,interior
0.2595711287038507,0.1932753792820247,1,interior
0.30128618420000153,0.10285809643866685,1,interior
0.273096875804224,0.16360536619025218,1,interior
0.3255293103163919,0.08070296417081603,1,interior
0.25566484520507493,0.2442682783945145,1,interior
0.3465846390314127,0.059649544592624885,1,interior
0.34159682318202506,0.06494953880881059,1,interior
0.2904920690121549,0.12965000026017817,1,interior
0.3383095254595326,0.08047785420716153,1,interior
0.3482470331381899,0.03713645891800319,1,interior
0.2673077320479172,0.18134800195338596,1,interior
0.27769165087425446,0.17376034540959157,1,interior
0.30649592676965476,0.10356232843308232,1,interior
0.25396462230855027,0.22195934786715873,1,interior
0.3374978482130943,0.06941172312753766,1,interior
0.3438984707135772,0.060352691810469095,1,interior
0.2979939995953812,0.10032033418837168,1,interior
0.2939287877340627,0.11147645511207414,1,interior
0.30228978591940375,0.11248151168566378,1,interior
0.25867525178541034,0.2534321674253089,1,boundary
0.2600581246475654,0.21809388584543915,1,interior
0.30069140422812124,0.09607504085752297,1,interior
0.2604116991377672,0.20612351220042233,1,interior
0.2570837647911919,0.2530498881887973,1,boundary
0.2827735508996558,0.14852420248448142,1,interior
0.34899925482083916,0.05819584171068044,1,interior
0.2822478808089702,0.13651727949789536,1,interior
0.31419463884410387,0.08211316782350417,1,interior
0.33659990057579536,0.07093303758616065,1,interior
0.2996180265112027,0.11066388336833799,1,interior
0.2801192542482335,0.14700551054639846,1,interior
0.3262455897057773,0.08293425612079293,1,interior
0.3213564212111768,0.08735562430067233,1,interior
0.30073413650482067,0.09377979597280078,1,interior
0.30267863230091774,0.10031603625862952,1,interior
0.3264327114814136,0.07587230962257409,1,interior
0.25868912169998076,0.21918245886748997,1,interior
0.292868172665426,0.10885361341984011,1,interior
0.2783569935715682,0.1703223367751181,1,interior
0.3344596554291019,0.0712761854872492,1,interior
0.25509453766435175,0.22376580278608044,1,interior
0.2563598330136801,0.22779116568767072,1,interior
0.29941200071396473,0.10288424040349725,1,interior
0.2589124606114932,0.2162899411615082,1,interior
0.34908246196533327,0.04093075464496617,1,interior
0.27617008408320415,0.17492593069699086,1,interior
0.3426134616341341,0.05935060344282337,1,interior
0.2954279932921965,0.11028050596419825,1,interior
0.3480945763239669,0.04735838027347701,1,interior
0.3001991866966619,0.10504148790423355,1,interior
0.30136401062523815,0.09771313844844329,1,interior
0.3262411226886637,0.07771715692042486,1,interior
0.27068199981799246,0.16180177292372347,1,interior
0.25268828360196544,0.22290799646464943,1,interior
0.33069102424419566,0.07201738896556205,1,interior
0.2972114374807982,0.10172074699199476,1,interior
0.2969817041962926,0.08542581737766379,1,interior
0.27144610355000803,0.18164766646984207,1,interior
0.27640718598320274,0.15218113787359303,1,interior
0.29546562748892,0.10733147482274176,1,interior
0.28392995396397036,0.14190741183566533,1,interior
0.2910160616096511,0.1081981227422221,1,interior
0.24772534735986826,0.23280380417897817,1,interior
0.35644947200506644,0.031188410497386725,1,boundary
0.3127946303004788,0.08060478448510304,1,interior
0.2773200711114393,0.14982219952783105,1,interior
0.26121956890290904,0.21928378406469612,1,interior
0.3076681830208683,0.09756819654863515,1,interior
0.273730532950086,0.17580086360379069,1,interior
0.3357481087701166,0.0685230917301405,1,interior
0.26737520028979883,0.16565083874982164,1,interior
0.2689643137859645,0.15845450488363905,1,interior
0.25934803296506004,0.22301341642428787,1,interior
0.26124872892784157,0.2104882844270878,1,interior
0.26711505960446874,0.18518555931291064,1,interior
0.28492099105603835,0.13007193979156512,1,interior
0.27932723894542816,0.1446350041394657,1,interior
0.27592510058098324,0.1810773237314113,1,interior
0.32385510652084615,0.07609521431258454,1,interior
0.27768027473576573,0.14553516695768998,1,interior
0.30288392199529246,0.09683535926280336,1,interior
0.3490904234183905,0.033478996321847074,1,interior
0.24598389683141414,0.23292948677249167,1,interior
0.3411351113519774,0.0632754573624207,1,interior
0.3471694961451466,0.03405042527474571,1,interior
0.28317396303824516,0.1388990535828942,1,interior
0.3330195197018565,0.0732419269462033,1,interior
0.2559220263251018,0.24596838659291273,1,interior
0.2698873258779344,0.17929607891267133,1,interior
0.357758018239464,0.03265616962735661,1,boundary
0.32229110311345793,0.07864299558672827,1,interior
0.2882010320365784,0.1234554063699072,1,interior
0.27530467333843817,0.18250871228468213,1,interior
0.3317129097165643,0.07077328790339116,1,interior
0.3282717130403885,0.07386319545754236,1,interior
0.2619931019343337,0.20232056585422475,1,interior
0.2600055515249446,0.20235615393640696,1,interior
0.2610657960474044,0.19153552179684072,1,interior
0.2745802837314778,0.1488523371745105,1,interior
0.25812465372748483,0.19458235463702583,1,interior
0.29532625386493444,0.10105731122150224,1,interior
0.28475812119540433,0.14743932620185043,1,interior
0.28614085571482045,0.12571034774452308,1,interior
0.25789344969622785,0.2134759437433765,1,interior
0.256644559004762,0.22020718611055343,1,interior
0.26841135993842663,0.15664462805572718,1,interior
0.2719350948196362,0.17788610458791532,1,interior
0.33072178608316494,0.06939113711381624,1,interior
0.2763474651805878,0.17133456782667153,1,interior
0.3338856151898065,0.07487766082426184,1,interior
0.27037458383637697,0.1531097975817581,1,interior
0.2733502848034795,0.14979252011811728,1,interior
0.2746982425898791,0.18003813259763757,1,interior
0.2852374276506804,0.12763477524401928,1,interior
0.2657515768932271,0.18243590151874065,1,interior
0.3380532026177767,0.06567102214465753,1,interior
0.3001342854742517,0.08466375924557364,1,interior
0.3512599977067461,0.03310203302732259,1,interior
0.3205317090840749,0.08140657852058122,1,interior
0.34985294065019573,0.04502953176349092,1,interior
0.3531756557779944,0.05092988621434327,1,interior
0.2688140663581204,0.16448740780063723,1,interior
0.25490916802114766,0.25287122301318593,1,boundary
0.26469324981602227,0.18856803927022914,1,interior
0.3003466658271892,0.10901581747064988,1,interior
0.2902165538826644,0.12167892671917754,1,interior
0.2985793853114023,0.09678240295356588,1,interior
0.25804243791418535,0.21091236388059903,1,interior
0.347292776028451,0.035579952834260076,1,interior
0.2715460567644102,0.16007547850181825,1,interior
0.29325612654205957,0.11630237660131078,1,interior
0.2990250702921809,0.09915619051120764,1,interior
0.2533123595867127,0.24636984171796297,1,interior
0.29598759457453505,0.09851984591814837,1,interior
0.26928123589129815,0.15435626335243377,1,interior
0.25464376350760726,0.2282024297702993,1,interior
0.277345351845494,0.14711066030010378,1,interior
0.3497707210011962,0.04658338207143581,1,interior
0.2696943766289356,0.1811258870034824,1,interior
0.29857021414744717,0.09168115167696787,1,interior
0.2530854657725975,0.24949223278382937,1,interior
0.3447341787692487,0.05870717915358125,1,interior
0.2527268782230018,0.22505672192583312,1,interior
0.2605306214908521,0.22198085511447904,1,interior
0.26689247147431816,0.16349908561788223,1,interior
0.26774340978786143,0.16738247991640823,1,interior
0.274518367681094,0.1468149488768442,1,interior
0.25595564230041457,0.2135719160674687,1,interior
0.3484626313787533,0.03181592425292724,1,interior
0.257857281458413,0.1924318046826644,1,interior
0.29587329169099197,0.10267552946179126,1,interior
0.2689115302279758,0.16988864061755168,1,interior
0.34578998220372087,0.038899303107440865,1,interior
0.2776509245559981,0.17782679929825457,1,interior
0.32441865502830547,0.07377235025970967,1,interior
0.2704764859570858,0.17128776276449995,1,interior
0.27779612793359076,0.14365577465907553,1,interior
0.325767234592501,0.07164919163484723,1,interior
0.2593650134292446,0.2079109669452993,1,interior
0.34557903636463316,0.035986842532691674,1,interior
0.3223941220344034,0.077012551579695,1,interior
0.3398630703303849,0.06548438638776313,1,interior
0.2749850755591535,0.14314490300946556,1,interior
0.29656735414622937,0.08319436964778408,1,interior
0.26285038758460094,0.18911940913915778,1,interior
0.25527254516989006,0.22117527125530329,1,interior
0.3411943654462226,0.06085062399109429,1,interior
0.251403674151276,0.24925607885292225,1,boundary
0.3386346286594196,0.06280284557916112,1,interior
0.34801166668362477,0.04559624760435771,1,interior
0.2710310497007894,0.15048978742331362,1,interior
0.31403331714164506,0.07954595816304047,1,interior
0.27656030917416285,0.14188116370626244,1,interior
0.2817141658025591,0.14741851873046946,1,interior
0.286483570690579,0.12340354387534634,1,interior
0.2615826075226764,0.1899800427067183,1,interior
0.26800219053092844,0.17860441294555665,1,interior
0.2577733357785613,0.20602800728096737,1,interior
0.28169848705276207,0.144538909431013,1,interior
0.3321873654971222,0.07451860342823173,1,interior
0.26087219313681365,0.20370210237286235,1,interior
0.2645230574849115,0.18667585332641556,1,interior
0.25251893843933865,0.22840832762165364,1,interior
0.2584521238151298,0.19026161931000626,1,interior
0.2740754068650458,0.14450803698488504,1,interior
0.32823688189019123,0.07191432280649347,1,interior
0.26308764302553656,0.18266646500280698,1,interior
0.3211462260196464,0.07507745332195478,1,interior
0.3041584316078313,0.08295254367207754,1,interior
0.3462458568940342,0.043335624650781515,1,interior
0.33342327403456523,0.07012388565948686,1,interior
0.2827178314457477,0.14339451067341533,1,interior
0.3539966739630133,0.07038452988612758,1,interior
0.3396344740196887,0.06122862064595032,1,interior
0.26959892135464836,0.1513939470077033,1,interior
0.25085973550824886,0.2386966483321371,1,interior
0.31284492729755603,0.10075358609595618,1,interior
0.3125755883403915,0.07769165836094857,1,interior
0.2975797287147107,0.08850215214146995,1,interior
0.34578669742498386,0.040500140677305174,1,interior
0.24837497004076067,0.2343175529039936,1,interior
0.25307986728675735,0.2445470962906853,1,interior
0.2767994977593781,0.16554866420177092,1,interior
0.298086643801007,0.08340075590646351,1,interior
0.25977126842554926,0.1969074270614666,1,interior
0.31278784116146735,0.10958754052736924,1,interior
0.3464172018288092,0.047739847806324,1,interior
0.29905148716708513,0.09373940725336644,1,interior
0.2678510458164928,0.15044372001656847,1,interior
0.30519858530707045,0.07994826645350618,1,interior
0.2938994009669409,0.1035634047503981,1,interior
0.3098352147711534,0.07773788104816029,1,interior
0.34558849315178747,0.06411480142266796,1,interior
0.26115049783156563,0.19392841470208275,1,interior
0.29760294495257394,0.10551240665898755,1,interior
0.2953368329233445,0.0890820046237697,1,interior
0.3080421719819138,0.07902589760558178,1,interior
0.257202296837286,0.21524737296097446,1,interior
0.2535756050097536,0.2128381314940676,1,interior
0.2567003630690707,0.19672655454154572,1,interior
0.32730139650578377,0.07008891086144495,1,interior
0.2711443610079665,0.14506925635776788,1,interior
0.25350721216012023,0.22703621152833475,1,interior
0.2571181980442343,0.21871428499648668,1,interior
0.34475389608772733,0.05459231867256433,1,interior
0.3431816347264049,0.03581161503918364,1,interior
0.29591868229276624,0.09584586253579232,1,interior
0.29652685252397953,0.08155111239129646,1,interior
0.3536974387855827,0.06631687453249686,1,interior
0.2980208344562808,0.09528219530419176,1,interior
0.2974014246074962,0.10367873228884165,1,interior
0.3262015825510759,0.07387798750261354,1,interior
0.251448350579373,0.2316590459931325,1,interior
0.25464087788126133,0.24237449141551656,1,interior
0.29389208395811023,0.10725079277513087,1,interior
0.25700123935734814,0.20899493212623543,1,interior
0.26711368159818955,0.1688156471958225,1,interior
0.2823600165969996,0.14183133642140405,1,interior
0.25086535867092125,0.2233308612407432,1,interior
0.33696664236087764,0.06679021346904229,1,interior
0.339527378439052,0.05932281739087528,1,interior
0.34588566615299904,0.05020521977507248,1,interior
0.25324593034447035,0.24118300790822128,1,interior
0.32380462624301004,0.07778657393884848,1,interior
0.29632887905167504,0.09368475623521506,1,interior
0.33549453476947183,0.06604991120575583,1,interior
0.2653954675750426,0.18002402644535637,1,interior
0.3440437281033144,0.04346728761311798,1,interior
0.2552689037732733,0.2106023716695088,1,interior
0.2592310551796187,0.19177722429967242,1,interior
0.3341925355836457,0.06875540174888228,1,interior
0.28241824249980835,0.13065196575458743,1,interior
0.3421110446357472,0.05732810887288879,1,interior
0.2908484242556515,0.11725160283583452,1,interior
0.27620605447475816,0.14421856890991985,1,interior
0.28070638894008143,0.1427934349391826,1,interior
0.3459996912607921,0.03275968677115615,1,interior
0.2509985146575693,0.2429022653200495,1,interior
0.32876222339333133,0.06849725654605843,1,interior
0.269863667725829,0.14908206559622703,1,interior
0.257374217034805,0.20422611376945773,1,interior
0.2489055799349855,0.23731019241595327,1,interior
0.3436551225175318,0.040414245156224014,1,interior
0.25925450229530733,0.20487801605931782,1,interior
0.2595885422005977,0.22828017840822837,1,interior
0.3416111865591988,0.036346433883724,1,interior
0.24733408390409675,0.22960647826779043,1,interior
0.2652701235516611,0.18512747685626132,1,interior
0.286821813868773,0.12066868648254267,1,interior
0.2513678308232705,0.22096769262749438,1,interior
0.30801036575941343,0.07694285166767836,1,interior
0.3080078585863595,0.080554230429732,1,interior
0.2514616934013881,0.22683020950747831,1,interior
0.27135711596475115,0.14762645100438596,1,interior
0.28477661483030303,0.1210870905540727,1,interior
0.3433686877057416,0.05616513321329577,1,interior
0.345170597180517,0.03421729839258905,1,interior
0.2965318335376918,0.09173378178935893,1,interior
0.2883294736464503,0.1210486282151325,1,interior
0.30482792127828806,0.0844364582117994,1,interior
0.27333146506517264,0.16896144833688534,1,interior
0.2735954402626844,0.17264135192310878,1,interior
0.2625272690228286,0.1864905764558614,1,interior
0.24869542257485172,0.23151316725516566,1,interior
0.33231604953009813,0.06780979841647489,1,interior
0.24633620631734285,0.22709646253082397,1,interior
0.2622936382409548,0.20442051678844966,1,interior
0.3439774124287196,0.04923408912076334,1,interior
0.25251409739189307,0.23865435280643452,1,interior
0.3160662594289668,0.080166658546484,1,interior
0.3180583518461266,0.07919423869286991,1,interior
0.29519402943230544,0.10487774602242651,1,interior
0.30198426964011643,0.08298286207880318,1,interior
0.2504442682884342,0.24056817574798986,1,interior
0.27317400738373154,0.14580070311164506,1,interior
0.34134175168859787,0.04108293108692396,1,interior
0.24862343501492218,0.238893619011403,1,interior
0.2552727261253148,0.21670343220567798,1,interior
0.24916834853098885,0.2255791922887956,1,interior
0.3149992644248593,0.07712868511408992,1,interior
0.255462950414167,0.2185359521301344,1,interior
0.3335164882078313,0.06646850531572723,1,interior
0.28579134555731417,0.13828746448723075,1,interior
0.25098824534915753,0.2283679205395628,1,interior
0.34045372076115354,0.05789928481889047,1,interior
0.24652345905704356,0.23621489932652806,1,interior
0.34251678575829336,0.05479466620726238,1,interior
0.2582108761986946,0.20261434924789942,1,interior
0.3441961316197921,0.03747534991880314,1,interior
0.2721552118179872,0.17081359199121315,1,interior
0.2514120196987374,0.24627298619864657,1,interior
0.25012253381990357,0.24463717143734282,1,interior
0.32371675059265637,0.07236472206606767,1,interior
0.2679213376415124,0.1479340657490733,1,interior
0.32036515663505044,0.07941784318349661,1,interior
0.2704569398035798,0.17672336629272495,1,interior
0.2930771287038135,0.08736809252567679,1,interior
0.2696252862224329,0.14618466790245335,1,interior
0.24735333770038065,0.22554058007628092,1,interior
0.3533546229247319,0.03134229624480178,1,boundary
0.2903757985226356,0.1198696995804114,1,interior
0.3402046269458588,0.03854694930534833,1,interior
0.26603463800207233,0.1456773501513569,1,interior
0.25951682808573945,0.21482687185814422,1,interior
0.2555234154737397,0.2063130491437111,1,interior
0.3294793300159706,0.07028315608408006,1,interior
0.2715445902533115,0.1733990179347194,1,interior
0.2627235590319114,0.1843761964258192,1,interior
0.34220019261827905,0.03860218062703386,1,interior
0.2684316717824743,0.162068033874207,1,interior
0.29248119495420044,0.10592673085789879,1,interior
0.2488469636895773,0.24109230398759843,1,interior
0.2843077033439847,0.1402006818458258,1,interior
0.24566733796160464,0.22961967816664844,1,interior
0.30198832674901827,0.08133210835448124,1,interior
0.2576261834612977,0.20759336697879394,1,interior
0.2967721603737955,0.09018754026816422,1,interior
0.25996641023301575,0.19007668648020726,1,interior
0.2579688208681445,0.22126288401845215,1,interior
0.2946472100829235,0.09079521461939197,1,interior
0.25321975501491073,0.22030250378616206,1,interior
0.2609226557562346,0.18786697629231447,1,interior
0.3503219811139128,0.030763446859639047,1,boundary
0.25540681540869026,0.20869302558698005,1,interior
0.2813838739646272,0.13865573880761634,1,interior
0.3441709994442543,0.0318603499171244,1,interior
0.27386208328272305,0.1706475135109777,1,interior
0.340940235232274,0.06661639135128436,1,interior
0.2816016992730922,0.14037893962408785,1,interior
0.26754856679156785,0.17714929882594851,1,interior
0.2437729825366888,0.23247437238994859,1,interior
0.2939553233576211,0.08491729538683664,1,interior
0.26594730543049094,0.16701122513024116,1,interior
0.27294154310052965,0.1481899783862101,1,interior
0.3149918981760827,0.08494855855433338,1,interior
0.2467783406140566,0.23856107102049526,1,interior
0.33596918337331566,0.06319585037305067,1,interior
0.3409388948263612,0.055555493410578034,1,interior
0.26995328067142377,0.17481128412603686,1,interior
0.2807979575632997,0.1315386928549844,1,interior
0.2544875695514611,0.24532742527696427,1,interior
0.3118940526318039,0.07920731936685804,1,interior
0.24413533583934635,0.23550522805685956,1,boundary
0.26912107278530534,0.1434490697844469,1,interior
0.31448567218268464,0.07463498762398439,1,interior
0.28011531862626193,0.14114081816446855,1,interior
0.265173582252569,0.17575120360199928,1,interior
0.2536007655103147,0.2479353659808527,1,interior
0.26072008498837246,0.18265986170102091,1,interior
0.29376779828054683,0.09437221749203509,1,interior
0.24930249447736744,0.24325326803740654,1,interior
0.25338044791033854,0.20949885020700992,1,interior
0.26467159739161206,0.18371340412027012,1,interior
0.24924250296869846,0.24622778537444848,1,boundary
0.2944020799664487,0.09280935493638326,1,interior
0.25976402265455734,0.19955899385688686,1,interior
0.33357881856031996,0.06494891223735336,1,interior
0.3279750374305449,0.06686016103406556,1,interior
0.25450169177132603,0.22519134318007303,1,interior
0.26497467709595357,0.16239427290088865,1,interior
0.35148689346979445,0.04503492160808048,1,interior
0.26566369705140125,0.1713264861089166,1,interior
0.24464890470027695,0.23750188762088792,1,boundary
0.3037234774640852,0.07868329874872415,1,interior
0.2535616644457411,0.20681269366977534,1,interior
0.2555081011485025,0.1919888190375486,1,interior
0.33678035572159465,0.06095291386041988,1,interior
0.33732177506479716,0.06422531879563737,1,interior
0.2694509200511457,0.17332607521868856,1,interior
0.2882345511823865,0.11802415310355553,1,interior
0.2708309714261337,0.143543610129931,1,interior
0.3437946905239362,0.052072447096481296,1,interior
0.27955367799050285,0.13008012954070397,1,interior
0.26566280123499936,0.1774265992581963,1,interior
0.28674916111195764,0.13372419036373245,1,interior
0.25962783307146814,0.21126491566973846,1,interior
0.27898426261808,0.1400108114068411,1,interior
0.25271601666172,0.21870284401716764,1,interior
0.29876660259244714,0.08201693942194326,1,interior
0.2722957582531232,0.17480213531324254,1,interior
0.3451744278472362,0.05309947540106038,1,interior
0.2586825790013814,0.19801745991080177,1,interior
0.2916560600202886,0.11448500586666822,1,interior
0.2683483884567518,0.17179953986046656,1,interior
0.26585626250931355,0.16979097555446848,1,interior
0.33484264545175035,0.060753904835784064,1,interior
0.33996061730128,0.04025295319923652,1,interior
0.26965253852290577,0.14174392526495982,1,interior
0.30644621904045544,0.07878686249037746,1,interior
0.3050464152840708,0.07759345448701344,1,interior
0.266227030843228,0.14346220095543263,1,interior
0.25799327501979213,0.20062664940412409,1,interior
0.27431450756421033,0.15097132979619723,1,interior
0.2557822122949893,0.18911815201356819,1,interior
0.33937736714052313,0.04191938137777727,1,interior
0.291471866823805,0.10402616731724965,1,interior
0.326638934375039,0.0678664739620162,1,interior
0.2660174068153394,0.15872328143107506,1,interior
0.2541909496323812,0.20391952857545817,1,interior
0.24567511583133142,0.2313976934826957,1,interior
0.27854761922975835,0.14174416318993668,1,interior
0.29489399794776955,0.08208331773381272,1,interior
0.3301698434305145,0.06714101748908283,1,interior
0.25646962220169367,0.20241430649318662,1,interior
0.2921484956419477,0.11931517542819485,1,interior
0.3210628704098701,0.0729736978421296,1,interior
0.2603490862735959,0.18546609565243222,1,interior
0.28159806172843743,0.12936272809916868,1,interior
0.3363892435259162,0.0591106974255684,1,interior
0.32457463837108824,0.06921123866652724,1,interior
0.2533208601347143,0.21698815715226627,1,interior
0.25036749969541516,0.2481309873926727,1,boundary
0.31230107292048453,0.07603129824469851,1,interior
0.31624895996161956,0.07852797288025298,1,interior
0.3353737017195711,0.05758798855956366,1,interior
0.27154509715203073,0.1415820385478109,1,interior
0.25223916732125584,0.20520135275686735,1,interior
0.3125915974602128,0.07306971082773311,1,interior
0.26347403433873934,0.17407138404499295,1,interior
0.2759220130835594,0.14574735251612375,1,interior
0.34208537725608107,0.04297521664059292,1,interior
0.2961373811492488,0.08737836852561238,1,interior
0.3395072899145461,0.03635750335773572,1,interior
0.3251247669296616,0.06634738300090048,1,interior
0.27973959678451304,0.13840785789275395,1,interior
0.2665494582519472,0.16182387007981613,1,interior
0.3451518293707205,0.04458424205461811,1,interior
0.29308293853683737,0.09843301458356966,1,interior
0.24689663123688724,0.2346926586480207,1,interior
0.32992029106083326,0.07752009130865588,1,interior
0.29460956225147106,0.08771589859781304,1,interior
0.2513304900670645,0.211511239769083,1,interior
0.24355172029229102,0.23007220330091388,1,interior
0.28244967081716166,0.12796360045254201,1,interior
0.26578377779828793,0.1477389720630526,1,interior
0.2653539315907392,0.16437834287490563,1,interior
0.25885167139589177,0.18450785551512716,1,interior
0.2756102927408191,0.14056539184466704,1,interior
0.3041692803368851,0.07488084284885825,1,interior
0.3412943792938924,0.03355055175416662,1,interior
0.24932086655200453,0.22218565447970004,1,interior
0.26744019943173186,0.14627205441502786,1,interior
0.29281604443015263,0.08941458763068356,1,interior
0.27793581277534835,0.13025884410977173,1,interior
0.28338789346816706,0.1254824156165915,1,interior
0.2590809334920958,0.18237706395942557,1,interior
0.34053699351200317,0.04322148312570835,1,interior
0.30125709703700987,0.07977162932746852,1,interior
0.25641187890090006,0.19427416976536097,1,interior
0.2553975794287991,0.1986587208088255,1,interior
0.29171886175663087,0.08498910588316813,1,interior
0.24896352700940175,0.22037426862640724,1,interior
0.279203058419154,0.13404090755648343,1,interior
0.30026364209219014,0.09179659950725758,1,interior
0.268084116277036,0.15264164234058708,1,interior
0.33199488034619357,0.06617680075540815,1,interior
0.2670163056722931,0.15416848566305316,1,interior
0.3157953369202629,0.07579016968800771,1,interior
0.3095748866804952,0.07587317078219305,1,interior
0.2792426605315821,0.13157979348189466,1,interior
0.3466128885939102,0.03045328909338911,1,boundary
0.2522576544136651,0.20361415931295035,1,interior
0.30025476780358523,0.08244757837169407,1,interior
0.24776090760963443,0.2428071927263772,1,boundary
0.2810081732164507,0.12696629357397637,1,interior
0.2514361881906489,0.2510889976016806,1,boundary
0.287304512601843,0.11601823192337432,1,interior
0.2918368986457635,0.09190025068175092,1,interior
0.3435495669381785,0.04494741377071659,1,interior
0.34280733346377634,0.033304365582855745,1,interior
0.2656285034026141,0.14943237881509835,1,interior
0.293605116094675,0.0967583191705685,1,interior
0.25556997254784986,0.204718204933971,1,interior
0.26836166193550853,0.17469528727202518,1,interior
0.33726293673940316,0.05756777189494033,1,interior
0.27180743090735693,0.16923980410098388,1,interior
0.27737466095983204,0.12844488837732607,1,interior
0.2999691774399831,0.0809547272476425,1,interior
0.3181776872513556,0.07446370678322672,1,interior
0.25682307772069823,0.19958075819713486,1,interior
0.3438196805365054,0.030257456745549596,1,boundary
0.2735025099926038,0.14219591189235178,1,interior
0.2538248722606834,0.19725950156326913,1,interior
0.2649362035501485,0.17301428221965537,1,interior
0.277681321349592,0.12601322121024064,1,interior
0.3376876488459708,0.05549290324713492,1,interior
0.3192942391819666,0.07748630014226006,1,interior
0.2546295947706527,0.21500720141455676,1,interior
0.2765674127492217,0.13171464545823736,1,interior
0.25706846356622265,0.18169883190708377,1,interior
0.2924555608884158,0.11780323171911172,1,interior
0.29153955202142734,0.11245844865340289,1,interior
0.3414578974927128,0.04464270423386347,1,interior
0.2504190898784887,0.21946424150420615,1,interior
0.3228837119134469,0.07396320065539838,1,interior
0.24273455162593455,0.22752775189965144,1,interior
0.3382296473023839,0.06014117192090549,1,interior
0.34427622816375564,0.04657635978456784,1,interior
0.27748791073763734,0.1375363781847456,1,interior
0.281140106903695,0.12435913724133597,1,interior
0.2794778578822635,0.12726219406861283,1,interior
0.3058109791470388,0.07261465703730065,1,interior
0.2897475337931565,0.10584625001441894,1,interior
0.2831580920314565,0.13482588522500277,1,interior
0.3232746563960848,0.07034877767704685,1,interior
0.2513164314192641,0.21355300129153318,1,interior
0.26861590867986285,0.14498870727077828,1,interior
0.28253867443450775,0.1332150610960956,1,interior
0.28975614880968453,0.11137898842622307,1,interior
0.33343495417589875,0.05923603440070711,1,interior
0.28585216912806266,0.11857545039800517,1,interior
0.25458658966460634,0.20211887405168424,1,interior
0.251676616972775,0.20880343935248477,1,interior
0.3331888290987228,0.062373996605231956,1,interior
0.2823235124265056,0.12279772079894698,1,interior
0.2590815883111495,0.18662805663988533,1,interior
0.27909053598144723,0.13699653523467448,1,interior
0.28051486380902224,0.13587166259933886,1,interior
0.2836027465490597,0.13201435028615577,1,interior
0.2810507853117515,0.13423384997068918,1,interior
0.261815700107428,0.18070950577074224,1,interior
0.34626215211639094,0.04563139057369687,1,interior
0.26952320990549133,0.1606171548722828,1,interior
0.25004839271639573,0.2099095521700026,1,interior
0.2919814931607579,0.1108602969412146,1,interior
0.2772717583985321,0.13958016188812172,1,interior
0.3426189214024139,0.046257276012527965,1,interior
0.25104310435895577,0.22534153491921502,1,interior
0.29745911913946543,0.09786285559042451,1,interior
0.2680594637632744,0.15992167378973923,1,interior
0.34175308822539036,0.031150082186309887,1,interior
0.31955762779672275,0.07562248489228299,1,interior
0.2894729661814328,0.1159136093448576,1,interior
0.242316227780346,0.23172104791054662,1,boundary
0.33591743465916496,0.05608495427495586,1,interior
0.2455755990969127,0.22509538410525753,1,interior
0.33927746311863904,0.03173030272511076,1,interior
0.29231110871655613,0.0832647663423447,1,interior
0.2907048417894296,0.08778069814263532,1,interior
0.2655614250367094,0.15350058045166762,1,interior
0.3192994807448361,0.07188277792318755,1,interior
0.24805675452383444,0.22371765129167787,1,interior
0.24719444346284203,0.22095436695089915,1,interior
0.2551826727732219,0.2003593328885362,1,interior
0.295138671487699,0.08390440288116942,1,interior
0.29309485913153943,0.08116461132065272,1,interior
0.3132313145160261,0.07072434607444728,1,interior
0.2740777265169074,0.14073012004295954,1,interior
0.3378028437094235,0.038293534517293365,1,interior
0.2571815934427855,0.21701068970181167,1,interior
0.3380243494483929,0.04358914385089872,1,interior
0.25169088078630947,0.21555298672178136,1,interior
0.3422708265869855,0.05245430106526636,1,interior
0.3401902202656684,0.030234640201487688,1,boundary
0.284367531209582,0.11749597993749135,1,interior
0.30730687564686265,0.07332924468978767,1,interior
0.2678594562021678,0.14225229068732542,1,interior
0.3382404740853801,0.045291996622695986,1,interior
0.2503514464882921,0.21782442592121207,1,interior
0.2569285672157996,0.21196116809502538,1,interior
0.24458209698695352,0.2265121269638728,1,interior
0.28752249594477786,0.11206559961903412,1,interior
0.2669213166783537,0.17298825385507416,1,interior
0.30641707558825565,0.07550122897185411,1,interior
0.25269376433594987,0.1996372197159859,1,interior
0.3170577609291376,0.07703193497392248,1,interior
0.2424925483659181,0.22575338446159313,1,interior
0.3403840617279313,0.05085062474439325,1,interior
0.33952291794505995,0.03480443827989501,1,interior
0.2953990281836956,0.08549863222981291,1,interior
0.2647565937273134,0.1577547329518371,1,interior
0.2853934147031393,0.13530321748829746,1,interior
0.26389702850104163,0.1473837086757264,1,interior
0.24642900896241815,0.24053299604394712,1,boundary
0.33924827771535054,0.05673140377554869,1,interior
0.26586801762014867,0.1557467051527041,1,interior
0.29353457021859336,0.10171862143646529,1,interior
0.27101414740880597,0.13887319151642197,1,interior
0.27236748542267064,0.14376306955444668,1,interior
0.25434717204369006,0.1904868339398287,1,interior
0.2892545519141692,0.10794629574784363,1,interior
0.3416807961601408,0.04788638459563095,1,interior
0.25278384365555373,0.21443577806061054,1,interior
0.2583058880891232,0.18852386340654056,1,interior
0.34008646416954497,0.04561896336429071,1,interior
0.24966592176068728,0.21583955917945014,1,interior
0.2698720790973646,0.1631381686010205,1,interior
0.2651218826176424,0.14240112611887357,1,interior
0.33730539005244176,0.05263020967923411,1,interior
0.337771639601527,0.03667521994175792,1,interior
0.33712862195367826,0.03135861569935868,1,interior
0.2561189686152115,0.18649850068781423,1,interior
0.2947920079495687,0.09953182739057774,1,interior
0.2889349586816678,0.11300701284684907,1,interior
0.3432224319221128,0.041928649776959266,1,interior
0.2551354066977809,0.19579923387837767,1,interior
0.2639230111285889,0.1713421051132749,1,interior
0.2577012577817906,0.18592914169012897,1,interior
0.26506411642248734,0.16055299475957135,1,interior
0.2864983821001556,0.11462826341168555,1,interior
0.2469003451554468,0.2190680020403293,1,interior
0.2524963479805719,0.20146087684257596,1,interior
0.245527442287859,0.22045444999428232,1,interior
0.2690606232081699,0.14027809888353987,1,interior
0.2634425922225381,0.15451999576579672,1,interior
0.2876884146139892,0.10801950236395252,1,interior
0.34170550687870055,0.049979605364846,1,interior
0.33827937565639166,0.033247509314821885,1,interior
0.33217000867919944,0.06434641383916888,1,interior
0.2841368657340499,0.12293888586014658,1,interior
0.253655560575135,0.19327788434308468,1,interior
0.27589463509885587,0.1364648409808004,1,interior
0.24975715881479396,0.21428205438073084,1,interior
0.25336219889448414,0.2110628418888657,1,interior
0.3188959043798654,0.0805986929428492,1,interior
0.33938289556271295,0.0523650622125141,1,interior
0.2667390533727715,0.1752552715843407,1,interior
0.2511260774758201,0.20252556642595781,1,interior
0.2949853574306038,0.07896207093042569,1,interior
0.2617806969319536,0.1791363532100069,1,interior
0.32077870769845723,0.06954026643472237,1,interior
0.2525874998996482,0.19185317797622312,1,interior
0.28992313267956965,0.10953187275897724,1,interior
0.27537814123081256,0.1388601753892721,1,interior
0.24973910652722814,0.20343751357791612,1,interior
0.2476088017419022,0.21297061444453372,1,interior
0.25147313347603295,0.1954380382784764,1,interior
0.25080470758917595,0.20599570346316867,1,interior
0.2634700597713462,0.15976642604401955,1,interior
0.262989017115632,0.15804240756896534,1,interior
0.2744951989255013,0.17442505208339884,1,interior
0.2568471134622123,0.1912367111945657,1,interior
0.34087442271205565,0.05347456084546437,1,interior
0.2751891423196323,0.13012462487339022,1,interior
0.24911176988338082,0.20515819593399368,1,interior
0.2620796049246421,0.16082259991729897,1,interior
0.33507417360702046,0.05399910060406667,1,interior
0.24331231478378224,0.23399096116006213,1,boundary
0.2633503217377042,0.16839736827382987,1,interior
0.27586989634442766,0.12810727856539122,1,interior
0.2637300827217809,0.14132976596610203,1,interior
0.26406650025533585,0.17760220502086563,1,interior
0.29072293378649017,0.08951715775670109,1,interior
0.24870820952484365,0.21858235684982066,1,interior
0.26217898738258144,0.17658971817137203,1,interior
0.3321525580363573,0.06069602817912771,1,interior
0.337482916578162,0.040493918569167946,1,interior
0.3328028599349419,0.05752189691034107,1,interior
0.26508173993262674,0.15150132726973617,1,interior
0.25376139398233943,0.18643724725822156,1,interior
0.2453552674127303,0.22222546520034978,1,interior
0.27472436815433326,0.12571410812463835,1,interior
0.3295068992478727,0.06459419100789521,1,interior
0.2491598208259906,0.21182451529344973,1,interior
0.2531906821703391,0.1948222668280199,1,interior
0.26860516218249736,0.13865935361739368,1,interior
0.2944078163288062,0.10906485879591209,1,interior
0.27633991491373433,0.13448369723980774,1,interior
0.2651614963511734,0.16842883514811932,1,interior
0.24782870499025633,0.21046317175540347,1,interior
0.2635453973146497,0.14299692727098223,1,interior
0.3208663557034723,0.07738923876071166,1,interior
0.2837309450101347,0.12712401931052647,1,interior
0.3105503486887952,0.07071834215243307,1,interior
0.26226714594267786,0.14184599992561023,1,interior
0.27268769166208695,0.140005870301835,1,interior
0.25592062464320703,0.1840912320426016,1,interior
0.2451210352430376,0.2342330151578693,1,interior
0.2888441324016803,0.090136083313398,1,interior
0.24854425007767603,0.2447353259001578,1,boundary
0.26325342967759446,0.15130533203528138,1,interior
0.3374513171149151,0.04206046677697338,1,interior
0.2623475139954966,0.1666319588215654,1,interior
0.24998920259093013,0.20823868932991824,1,interior
0.3188837384478824,0.08212629001944251,1,interior
0.33612343386411736,0.03879873860126178,1,interior
0.2734066887491555,0.12684426027240975,1,interior
0.27498621346272567,0.13214845904423947,1,interior
0.26211140246095,0.17317010446209014,1,interior
0.2631682588419814,0.14950034465247697,1,interior
0.333947163891632,0.055798328845452855,1,interior
0.3219474340492162,0.07112681797313299,1,interior
0.2517951640479488,0.19373150579361426,1,interior
0.2479841112427723,0.20664550850216062,1,interior
0.26662730601407103,0.15210429301791215,1,interior
0.26342705528261134,0.1619156746654689,1,interior
0.2875616981226758,0.10550987979647523,1,interior
0.2951032862809269,0.08049194020785466,1,interior
0.33700333038821406,0.04623750892304248,1,interior
0.28972562316682754,0.11837661489746071,1,interior
0.26434459175557734,0.16605950299819458,1,interior
0.29283363501493687,0.07923997144081696,1,interior
0.3351121432862862,0.04068752391735306,1,interior
0.26047383954954384,0.16277404869044687,1,interior
0.33099352530344905,0.05882495063470599,1,interior
0.26162187769757445,0.15012046516453387,1,interior
0.2916300422775357,0.10051844680828652,1,interior
0.266384161128127,0.14036705500648944,1,interior
0.2668837938236557,0.1574266606291253,1,interior
0.3002945922858694,0.07689443718552329,1,interior
0.3392413986473291,0.054783410799434065,1,interior
0.2466152951431197,0.21734384228863704,1,interior
0.26385224840073174,0.18081305721480043,1,interior
0.2612128877007323,0.15909293904496674,1,interior
0.24901153492470487,0.1938392723406969,1,interior
0.30351622570525816,0.0718829938919657,1,interior
0.28577992453829176,0.11642135380479231,1,interior
0.26056632774864763,0.17632407372369563,1,interior
0.3358996459837442,0.04443096469616197,1,interior
0.34015951926700244,0.04928801837145577,1,interior
0.2605647118763296,0.16545697262457734,1,interior
0.29020597005193277,0.0805683618232452,1,interior
0.3231311974189762,0.06741898733266262,1,interior
0.3387759356687181,0.04752781732764323,1,interior
0.28856453651216907,0.10381916575627347,1,interior
0.2612210749836454,0.17454543177196424,1,interior
0.30269981898768006,0.0743653214045099,1,interior
0.26326601426343293,0.13835633052384042,1,interior
0.26313347973430157,0.1562351804641781,1,interior
0.28861519733371116,0.11449674910387656,1,interior
0.277875354984887,0.13480439776204345,1,interior
0.2735232427648166,0.12442205824544242,1,interior
0.3402805800669316,0.04722225226323733,1,interior
0.31601386374232615,0.07405877700503379,1,interior
0.26235798445915604,0.1528117654932221,1,interior
0.2905062754134787,0.07903490199471976,1,interior
0.27582650447013635,0.12342911397007059,1,interior
0.2978535521947228,0.08061110987652746,1,interior
0.28338818497293206,0.11492942717603481,1,interior
0.2907690734901066,0.09400819082323729,1,interior
0.27336350468698634,0.1375645152422759,1,interior
0.25173294278393205,0.20725974359669877,1,interior
0.2867763345395104,0.10386635454310315,1,interior
0.3303691161500924,0.062088866875933166,1,interior
0.28501330791746227,0.10414405764119926,1,interior
0.2871323910722253,0.10981543412463496,1,interior
0.3329260079018391,0.05449160610619352,1,interior
0.28983977989507687,0.10268154041175293,1,interior
0.2500063870552983,0.2002094459215339,1,interior
0.2622987295024996,0.14769268064671873,1,interior
0.27455509328919525,0.13564961959429614,1,interior
0.24819463188606827,0.23592115006304828,1,interior
0.2613694345827461,0.17091749677851983,1,interior
0.26596778163901735,0.1382287113460373,1,interior
0.2729724491862153,0.13417462104229239,1,interior
0.2874455732530517,0.10225493581466799,1,interior
0.3297191641886701,0.06055130350646239,1,interior
0.2906278928897996,0.08341194983766523,1,interior
0.2593855630416244,0.1738299502717146,1,interior
0.29018870925110996,0.11394674467141798,1,interior
0.3107595116752957,0.06815476816687428,1,interior
0.3312372945790713,0.05625615254681135,1,interior
0.251926559440499,0.18576064215414706,1,interior
0.2822724904674942,0.12046813449005482,1,interior
0.29763440190361984,0.07882903433569063,1,interior
0.3371830728277621,0.05050613629600923,1,interior
0.2464660989055478,0.19298590275906896,1,interior
0.29147937351639197,0.09591530948042011,1,interior
0.24655945735172433,0.22321928426129461,1,interior
0.2604699639506423,0.16045388732961377,1,interior
0.24985975519259482,0.18427340214136886,1,interior
0.3274429505021454,0.06252718796718995,1,interior
0.25475951451105083,0.18775623993865906,1,interior
0.29954840623180856,0.07906489804659923,1,interior
0.33102778068511285,0.05414320848950201,1,interior
0.24835947061415067,0.20246587344685285,1,interior
0.25811961804565164,0.17524235512416822,1,interior
0.3091290544871652,0.07236224908532651,1,interior
0.30327141130895524,0.06928342857000838,1,interior
0.3359699077297642,0.05172151154672547,1,interior
0.3148026168576209,0.07299536651470545,1,interior
0.2640244918814725,0.14501070104068167,1,interior
0.28998652372481476,0.09645079051853425,1,interior
0.2875106127036071,0.08160439137340873,1,interior
0.25881623301565027,0.1572635989879218,1,interior
0.33543698058262966,0.04919062180151504,1,interior
0.2615410263266731,0.14553245306026577,1,interior
0.26278667321984017,0.16417852554005652,1,interior
0.3373533936840867,0.048541976081125385,1,interior
0.256408165836983,0.17276924520104478,1,interior
0.3292012474540908,0.05834907870140834,1,interior
0.2460481493318191,0.21037756856178583,1,interior
0.25807626242680914,0.16158774992725009,1,interior
0.2611837232889218,0.15717769259107367,1,interior
0.3365511713938376,0.03404163863105781,1,interior
0.28512674554516665,0.1108449896060407,1,interior
0.2937344212684145,0.07793308364188824,1,interior
0.26085414077487806,0.1426809358989072,1,interior
0.31173955767579914,0.07440094827815644,1,interior
0.2735984520396856,0.12978243813880921,1,interior
0.27637043766336206,0.12519859259526614,1,interior
0.27905876555824566,0.12449368375545167,1,interior
0.3345254082413142,0.036518246880962654,1,interior
0.2889680809401331,0.09179275011776439,1,interior
0.24688304838615888,0.20898106213054018,1,interior
0.2749231892041703,0.1338010155929063,1,interior
0.3103163447654556,0.07340525089318865,1,interior
0.24516946618537708,0.19428525890168385,1,interior
0.28672219600953786,0.0884557250881021,1,interior
0.24436370915619904,0.21786654993995344,1,interior
0.28727360815847175,0.08989544530627162,1,interior
0.2837630633564039,0.12879388997943603,1,interior
0.27158083479746126,0.1246246699135424,1,interior
0.2572947848028016,0.18326478146002026,1,interior
0.32821067404711224,0.06078210416849829,1,interior
0.30912175929313623,0.07011305698360747,1,interior
0.24723657841921093,0.20460399316617509,1,interior
0.30105146622544066,0.07347667391039027,1,interior
0.2922865894937213,0.09345238552627687,1,interior
0.2578741028845963,0.15892857507242,1,interior
0.2623482901696243,0.14423696081595067,1,interior
0.26173112895321193,0.16929370801596688,1,interior
0.24793080834327988,0.21621917953982125,1,interior
0.3024980583144409,0.07666246953497076,1,interior
0.2500876585836083,0.19857647604748835,1,interior
0.2861047868586362,0.07902198518099537,1,interior
0.3342350666680289,0.046807516464170584,1,interior
0.26037588503392994,0.1799077646377864,1,interior
0.3430267970765367,0.050744032288161656,1,interior
0.2851600425075496,0.10040053186421599,1,interior
0.24527488886362284,0.19631469832359175,1,interior
0.32752322782238075,0.06526693387079088,1,interior
0.26068845537481916,0.15286313616833075,1,interior
0.2571609031110915,0.18006661361686954,1,interior
0.2649646612088276,0.13971991415454607,1,interior
0.24098752320350594,0.2305375113510514,1,boundary
0.25139537185987115,0.1975415025777022,1,interior
0.33591147183991665,0.04742022037421703,1,interior
0.245706926402683,0.21537082446211578,1,interior
0.24363483389126206,0.21337475677187778,1,interior
0.31127484580027054,0.0721611886381093,1,interior
0.3360709230853674,0.0360976405852575,1,interior
0.27064556242514975,0.12960721372390654,1,interior
0.2733670910172656,0.13176153607300578,1,interior
0.24545263550278001,0.21338171072028236,1,interior
0.30158338133041257,0.07803800302528069,1,interior
0.28933104779832564,0.08210180946106492,1,interior
0.2964993756039082,0.07776406355572356,1,interior
0.31256324764746213,0.06663821037356567,1,interior
0.28451400040217606,0.12444517310098546,1,interior
0.2530983217147919,0.18937491087077848,1,interior
0.2889135935493376,0.0942859123766242,1,interior
0.26156722836447915,0.13987923718946466,1,interior
0.2613514029074673,0.13709090923621706,1,interior
0.2850489472130789,0.10726664363997962,1,interior
0.24508306551764528,0.22799446379421334,1,interior
0.2469028744238701,0.19570573873286654,1,interior
0.27719309665164577,0.12268454948650215,1,interior
0.26016335211877784,0.14113661115746823,1,interior
0.2882174723329116,0.0838187966821698,1,interior
0.2922543393619167,0.07717605545935305,1,interior
0.2586645607708918,0.17850047082325063,1,interior
0.25074164938020904,0.19232666421288508,1,interior
0.3163359486063364,0.07186797748561707,1,interior
0.2560355983611053,0.17576085708821748,1,interior
0.313521207178742,0.06517925156319823,1,interior
0.24356360760580703,0.22380314260546708,1,interior
0.2498690748221587,0.19670837999796253,1,interior
0.32598130152140126,0.06317524112353029,1,interior
0.2616869102749119,0.15513926329859526,1,interior
0.263191944937914,0.13532876181481557,1,interior
0.27417511336518013,0.12836461138879285,1,interior
0.25958014308532446,0.14637348700952615,1,interior
0.2606965230880299,0.1780495792006302,1,interior
0.3329512423003985,0.04438154481522697,1,interior
0.24288304723460075,0.21984880532998524,1,interior
0.2879622400402598,0.08009886281558923,1,interior
0.25951202039884746,0.1439765825012474,1,interior
0.2828931598898288,0.11890586250258502,1,interior
0.3049344274617793,0.07107128014096614,1,interior
0.3350274685386417,0.03328218251642514,1,interior
0.2829724782207975,0.1042151352550517,1,interior
0.2988860811192479,0.0774662934355469,1,interior
0.25986987401204603,0.1717809372228266,1,interior
0.290540953143165,0.0752596266787749,1,interior
0.30120637240183057,0.07531321660528151,1,interior
0.2872134500579629,0.08608361503779342,1,interior
0.2585799488802774,0.16395653637535879,1,interior
0.3371449135544597,0.029762200573903608,1,interior
0.25992361571473116,0.15620601251473903,1,interior
0.2548608146582962,0.18286178205427778,1,interior
0.2741890354046664,0.12273986203438293,1,interior
0.26723668082471214,0.17060138049652596,1,interior
0.33335950379736257,0.04068152288087315,1,interior
0.3042969353968399,0.07330567774230239,1,interior
0.2589846445037781,0.13869069309553272,1,interior
0.28859591767994397,0.08810946741308591,1,interior
0.30781085198381586,0.07104514036076026,1,interior
0.24707331534186172,0.21470462970977194,1,interior
0.24866005923232706,0.20919022999332554,1,interior
0.28491632866606004,0.11305831116858112,1,interior
0.24223823491776764,0.21718418233742448,1,interior
0.2508782618304837,0.19075701580547416,1,interior
0.24330069239707142,0.21146582897840954,1,interior
0.2834341829752441,0.10996249456366339,1,interior
0.2897074528824719,0.09966683827248833,1,interior
0.2603952740143283,0.14829217203849815,1,interior
0.28319444940288435,0.11289523319318781,1,interior
0.246419359001401,0.21189585415263576,1,interior
0.2819139392313657,0.11131675081346404,1,interior
0.3343511584400764,0.042639332419401654,1,interior
0.28040326370674684,0.11234458376976963,1,interior
0.29063396515879847,0.0736962203040309,1,interior
0.2717822297440513,0.13537221530998556,1,interior
0.29356082075580947,0.07536768065061875,1,interior
0.29857356096766796,0.12050500181143994,1,interior
0.3120839910645422,0.06923860536726971,1,interior
0.24326259799603686,0.21579971257906758,1,interior
0.2849131618491327,0.09812987729678915,1,interior
0.33590392227685173,0.0428965594684845,1,interior
0.24513613468047887,0.20592563978313885,1,interior
0.2438581038885397,0.2091692506433383,1,interior
0.25535572994750394,0.1743202950058877,1,interior
0.25129720175770326,0.18875548258322367,1,interior
0.25199178030469177,0.18409913297206937,1,interior
0.2581075199650479,0.17699896178970376,1,interior
0.27799534101397033,0.11327096454270187,1,interior
0.28719938812513285,0.09870075111434252,1,interior
0.25932043320432774,0.1360490954374054,1,interior
0.28609837475899574,0.09242472041040665,1,interior
0.25622434939250593,0.1609694682996113,1,interior
0.2600598634411644,0.16775641208570888,1,interior
0.2855156754098955,0.1023564036981329,1,interior
0.25609139414868504,0.16497019372705166,1,interior
0.2575877846095194,0.14859712239971462,1,interior
0.32465051364049535,0.06399358482800016,1,interior
0.27067315477546017,0.12649943653597082,1,interior
0.3388388039666843,0.05054528519125727,1,interior
0.24482819967568906,0.2078731647200028,1,interior
0.24206028873686739,0.22214858088895692,1,interior
0.2910219107390792,0.09855723766349449,1,interior
0.3157627879879696,0.07019320448851812,1,interior
0.2410984247160573,0.2148880499163145,1,interior
0.26147257039626476,0.13472020333004797,1,interior
0.333069311469499,0.03594784909807792,1,interior
0.28309297076473505,0.11658058050166703,1,interior
0.24137226624197944,0.21106929187310078,1,interior
0.28683247578667864,0.10060805630858344,1,interior
0.2544766683070421,0.18061157828965307,1,interior
0.2863269177105722,0.08454905289244645,1,interior
0.2815657811173921,0.11339149746475316,1,interior
0.2973733870419638,0.07646087149566298,1,interior
0.33082147050382793,0.043902219743639295,1,interior
0.2562135467004492,0.17745819732860185,1,interior
0.28840202023061506,0.0785109433400524,1,interior
0.2911519147793093,0.08178088164788946,1,interior
0.2584841901570178,0.15567191611130182,1,interior
0.2845220298387301,0.08976367154484317,1,interior
0.30588142762533205,0.06873188268915952,1,interior
0.3088330571014615,0.07387873915061355,1,interior
0.2587694719367007,0.16585032190561985,1,interior
0.24213170672748094,0.2089869607418609,1,interior
0.25797768570174967,0.1401157078496147,1,interior
0.2535266452048225,0.18363972748895407,1,interior
0.3333037538441002,0.05101346770223092,1,interior
0.24320451199455617,0.20689587263217418,1,interior
0.24849364996032933,0.19945577352717495,1,interior
0.2557103701197989,0.179493046202767,1,interior
0.3253399540772679,0.06032004769131819,1,interior
0.2634242649786709,0.17568936208343405,1,interior
0.2593040912740174,0.15176310640670512,1,interior
0.28087635231941527,0.11608437338496166,1,interior
0.2704674433190199,0.13710626869579168,1,interior
0.30177603875454534,0.07144748458323513,1,interior
0.28862382275965465,0.10119104589074036,1,interior
0.2722851801296864,0.12812878219509305,1,interior
0.24051728904499775,0.20685130693865506,1,interior
0.2836482094574191,0.0912375362591946,1,interior
0.33594116438711386,0.028320129200914222,1,boundary
0.3388362942646774,0.02928658670003317,1,boundary
0.2537028491895373,0.17682329232094463,1,interior
0.27988146240124556,0.12313512596939198,1,interior
0.24151846217516695,0.205643055983976,1,interior
0.2573556361800035,0.13579924559055281,1,interior
0.24120141682861582,0.22885985448799023,1,boundary
0.257850538960565,0.14384287065559645,1,interior
0.24785669678489902,0.1975435087608467,1,interior
0.252919336395484,0.18779833927407935,1,interior
0.291981057614149,0.10249118581137703,1,interior
0.24060245021733775,0.20862760528310828,1,interior
0.2596793389461023,0.15402609918132698,1,interior
0.25487195794847056,0.1715680748388972,1,interior
0.2713666503625986,0.12308463850432154,1,interior
0.2458290963077275,0.19823870557832557,1,interior
0.2484040368715855,0.19017723072243023,1,interior
0.2646670675033265,0.13448347243874914,1,interior
0.2877189816080284,0.07379374695721415,1,interior
0.23943079269103915,0.2126137504874417,1,interior
0.28410471989223146,0.10172332216100025,1,interior
0.32316923879217724,0.06462805769242357,1,interior
0.2563853235975265,0.15698115188491138,1,interior
0.24173688818213004,0.21293801094160456,1,interior
0.2588215106615124,0.16985730492585543,1,interior
0.28499872540830556,0.08090788435244664,1,interior
0.3332423628580906,0.03864318292409555,1,interior
0.31404783258066443,0.062344026896031586,1,interior
0.2885797753461245,0.09710502430814018,1,interior
0.2774972120572788,0.13295468070156072,1,interior
0.28654912189316584,0.07558229174299533,1,interior
0.25673356107002865,0.1634647881820081,1,interior
0.28128208219505674,0.08988902325587053,1,interior
0.2571078429044222,0.16921191617507136,1,interior
0.3005791489983238,0.07030022350003262,1,interior
0.3089557867396504,0.0685877339650687,1,interior
0.3160121308687977,0.06434929313274897,1,interior
0.3326186979835522,0.04219511182739938,1,interior
0.32915238027339216,0.053938699247026246,1,interior
0.27996024805499586,0.11087179691040035,1,interior
0.24614768098411782,0.20256670489147063,1,interior
0.29968067427200423,0.0726395219104058,1,interior
0.32616268902810985,0.06161124363914658,1,interior
0.2825185371543638,0.10840711586382924,1,interior
0.2835804531883181,0.09885838673464635,1,interior
0.2519692510027688,0.17909679031762765,1,interior
0.3316231581027113,0.0395025331450248,1,interior
0.2828369841328588,0.10030850693620756,1,interior
0.30211816687596615,0.06698029067976755,1,interior
0.24092428780628317,0.2208065889668194,1,interior
0.3146858492728731,0.06823935035789587,1,interior
0.2546855556539821,0.14923540727309445,1,interior
0.26926814953327344,0.12802718276396194,1,interior
0.33130606660200673,0.045577319150524945,1,interior
0.24945662228649407,0.1883153547788545,1,interior
0.2574803058466141,0.1376827419093731,1,interior
0.25638134790635914,0.13928009472857367,1,interior
0.33115099864403885,0.037813604700509665,1,interior
0.29536943270653565,0.07642723983966782,1,interior
0.24370350254946346,0.19863111277571832,1,interior
0.25580018511984104,0.15901171853473411,1,interior
0.24958398710622107,0.18634329460342422,1,interior
0.2874596646774749,0.09569176780158306,1,interior
0.2808561683681614,0.10866771574093607,1,interior
0.33446110047304417,0.03113217631057649,1,interior
0.2854153536642926,0.10910209393713811,1,interior
0.2854725962091138,0.07737436337223887,1,interior
0.2689472627729295,0.123527425173461,1,interior
0.2815918453480114,0.10118990648138053,1,interior
0.2822529531896386,0.09690137779265881,1,interior
0.2698098045105854,0.125015785275006,1,interior
0.24686619508765226,0.2004132917062184,1,interior
0.24399269261825057,0.20409477472425439,1,interior
0.32967624556999914,0.05598595274241646,1,interior
0.24646567618816437,0.20711651567363476,1,interior
0.3178853889461516,0.072686670502006,1,interior
0.2874523308409361,0.12494477100231842,1,interior
0.26861997955672834,0.1370486056479792,1,interior
0.2894619623775955,0.08650864624473154,1,interior
0.29248350006196455,0.07412344621536843,1,interior
0.23858592837689116,0.20713913889327648,1,interior
0.32166659960637783,0.06406759826232573,1,interior
0.23909198456276268,0.2055782218354569,1,interior
0.2562179203665905,0.14168646299882184,1,interior
0.2807554749643391,0.11957592325682229,1,interior
0.2553409099514015,0.13715906988252322,1,interior
0.333032347519606,0.05283177757117387,1,interior
0.257847429586701,0.1674465112778812,1,interior
0.25540553382729364,0.16771066852097657,1,interior
0.30392095520656726,0.06773148807582731,1,interior
0.32696374101660053,0.059402184298909935,1,interior
0.2982648028341726,0.06984045512166484,1,interior
0.2903495760793585,0.0772428518566571,1,interior
0.2895488210489349,0.08486814874427892,1,interior
0.24861040043033128,0.1921599559139555,1,interior
0.2683660397143334,0.1305055872185935,1,interior
0.27182337083031866,0.13112581351778504,1,interior
0.2846493348030785,0.09365255871166772,1,interior
0.24723870938970616,0.1862182096870435,1,interior
0.2694855582795766,0.1356610931302147,1,interior
0.23829883378243133,0.2029120862061203,1,interior
0.23956476834529777,0.21016504728369043,1,interior
0.31625649632615166,0.060785635125898914,1,interior
0.33202456960612836,0.03158148256517736,1,interior
0.2698225136286244,0.12228175006250105,1,interior
0.2716152578784111,0.13306295180886454,1,interior
0.33095284293705907,0.04155071088254589,1,interior
0.2403853279375677,0.22454149013643618,1,interior
0.2541885907896771,0.16403736375116887,1,interior
0.2810967892667644,0.12161456683632879,1,interior
0.3335367815728932,0.03383772938093853,1,interior
0.2877979632073411,0.07658265365562329,1,interior
0.2587799151968158,0.1421513059729113,1,interior
0.2532470720272854,0.18165726100336918,1,interior
0.28136907891216323,0.11812544898997342,1,interior
0.28429113746325707,0.1195798244782414,1,interior
0.2859320359334684,0.08232412855172497,1,interior
0.28596868420613514,0.1055299469322577,1,interior
0.2660686571979099,0.1311378335231973,1,interior
0.2833191298018903,0.09499820018234388,1,interior
0.24424862108769313,0.2003332949720275,1,interior
0.2706109775960125,0.14038110156887845,1,interior
0.33154463571418147,0.03566571875046754,1,interior
0.30102665426022396,0.06842841343250408,1,interior
0.2981723174401469,0.07346757427034749,1,interior
0.31831846923421714,0.06978986488207194,1,interior
0.2532592757788603,0.17361186869320921,1,interior
0.28463544117237133,0.07491234643700881,1,interior
0.2541012504335613,0.15966021095531882,1,interior
0.2670401833968571,0.12116431441165068,1,interior
0.2990751140019455,0.07538222727019286,1,interior
0.24868483139447045,0.19555822643403695,1,interior
0.2767643952546206,0.11479993386006898,1,interior
0.2540071534315076,0.17527461693744534,1,interior
0.33177059440162204,0.05197395260278216,1,interior
0.3347770798482763,0.029631663278621323,1,interior
0.3290106031653754,0.04486909787698093,1,interior
0.330482978626026,0.03368570018229967,1,interior
0.33178736825177985,0.05003640638688078,1,interior
0.24958388742239657,0.1818796477468724,1,interior
0.2983505218085475,0.06726415826312275,1,interior
0.308386066672816,0.06715193396710842,1,interior
0.23547484128206927,0.20230764602190313,1,interior
0.2802664484889285,0.10702681851167418,1,interior
0.284354212466138,0.08512454607928,1,interior
0.2382384030579748,0.20925666180934446,1,interior
0.29951306389145144,0.06623307352170052,1,interior
0.2405413047086485,0.20246880690017788,1,interior
0.29505926742962507,0.07453853097573918,1,interior
0.25724513234577484,0.14547673524559537,1,interior
0.256635311835833,0.15073406387677407,1,interior
0.3232099327747718,0.05840764469499303,1,interior
0.2701694120832877,0.1312238824201472,1,interior
0.24713215077616102,0.19143308978997522,1,interior
0.2368484703510279,0.21019757727298682,1,interior
0.2555991685257123,0.1624230187559771,1,interior
0.2819943481000971,0.08540062493606632,1,interior
0.2553678840437372,0.14597451682354073,1,interior
0.2509814331892151,0.18714896605217146,1,interior
0.32991610741890454,0.04678766973207972,1,interior
0.2773980876793619,0.11178001611972928,1,interior
0.2407040529886802,0.2266530459164122,1,interior
0.2568709220312503,0.18798534168844863,1,interior
0.2449854736479653,0.19187221567035095,1,interior
0.2798273225712118,0.09617772503277894,1,interior
0.2803819193042043,0.08518631835521405,1,interior
0.3241203521481886,0.06213302073910103,1,interior
0.2873677601708066,0.0936493952941682,1,interior
0.255183040609645,0.14309416363975555,1,interior
0.3107012257808828,0.06659969424110276,1,interior
0.31965863646599635,0.07398554779125752,1,interior
0.33002272536494415,0.05156353096606705,1,interior
0.3287222267539334,0.04216488062047995,1,interior
0.2753575418047044,0.1139553208615246,1,interior
0.24288496755214878,0.19440585607883404,1,interior
0.2792945128088768,0.1144358790472682,1,interior
0.31662706469919405,0.06886824869923887,1,interior
0.25148710427150534,0.17541377276933198,1,interior
0.25915898575751445,0.14960527063305287,1,interior
0.2844221902560054,0.08295405508397394,1,interior
0.30737279866274914,0.06843923438891132,1,interior
0.3202724200292988,0.06765494568629632,1,interior
0.3324907858306756,0.047297589071871496,1,interior
0.27710451375008643,0.11679496553068676,1,interior
0.27236619939657175,0.12143270500123071,1,interior
0.2837810437213495,0.07676516741870944,1,interior
0.25020430976409813,0.17750276083698308,1,interior
0.28271723098621143,0.09317392282982694,1,interior
0.3334934249137081,0.04907084864908746,1,interior
0.28067894487588213,0.09784787613980538,1,interior
0.27517448246185483,0.11587504943563168,1,interior
0.2663428780978628,0.12331129219865396,1,interior
0.2560986787836524,0.14757248545402601,1,interior
0.26799689008033695,0.12533082241291718,1,interior
0.2834042026180279,0.10661586984973224,1,interior
0.3217685933950417,0.06648617580187295,1,interior
0.27199812150719677,0.13689655965448536,1,interior
0.27341964018249637,0.11663204985841599,1,interior
0.2698643421188829,0.12071977548970608,1,interior
0.24042076858535272,0.2164169671398976,1,interior
0.29375189678987557,0.071758725624404,1,interior
0.3275621215397145,0.04429830154109675,1,interior
0.2575715044739502,0.15218541808689173,1,interior
0.26366212662992944,0.13321326707736983,1,interior
0.32777925202131375,0.05779807015550345,1,interior
0.3257315864410282,0.05664042176342546,1,interior
0.2545138181002533,0.18509511442516988,1,interior
0.32786773336174163,0.05566429640130052,1,interior
0.3034147165188746,0.06560754436439126,1,interior
0.2800372566791394,0.10095566499183845,1,interior
0.28382601810827945,0.08774030865341431,1,interior
0.25167025388217623,0.1821732863902487,1,interior
0.2415539546136488,0.19655875306012058,1,interior
0.3289088951266133,0.034894512256517206,1,interior
0.2422632046188993,0.19948587312142685,1,interior
0.25358725678654553,0.1691170462983314,1,interior
0.265128000462415,0.1210226992659508,1,interior
0.2562999468737239,0.17087446193783493,1,interior
0.3299134101517689,0.03692897656199868,1,interior
0.236127690045985,0.20586393502012834,1,interior
0.31158027805982785,0.06337443375933396,1,interior
0.267709797539497,0.12734175519401691,1,interior
0.2795619361125435,0.12146732383266637,1,interior
0.25270358090351264,0.1705571112016053,1,interior
0.27862172563112747,0.1190757515698296,1,interior
0.2794019635366206,0.10930693876688119,1,interior
0.2584856102116336,0.17247763263298085,1,interior
0.2532539638040718,0.1472217630294432,1,interior
0.2542916188702782,0.14170779700337316,1,interior
0.3237829473746203,0.060046321717807036,1,interior
0.24196285942689794,0.20367938267152902,1,interior
0.26450922229182955,0.13740663752207916,1,interior
0.32520108134986125,0.04464262463568707,1,interior
0.240382792002787,0.20442568642459027,1,interior
0.32147773769468807,0.06189419085864551,1,interior
0.29605184630751863,0.07253897394404277,1,interior
0.3187771082078663,0.06154108753348325,1,interior
0.27296676902631883,0.11341008652955262,1,interior
0.26698552677675824,0.13691084671236942,1,interior
0.28189050750204714,0.07790466093920229,1,interior
0.24731915235781737,0.18776512398496917,1,interior
0.28884623827997574,0.07519631699697162,1,interior
0.26977944146916893,0.13324503346405345,1,interior
0.2636690682816768,0.13120924043386784,1,interior
0.3173256519298373,0.0666051201008249,1,interior
0.2748421381504146,0.11832410029621135,1,interior
0.30746701403093407,0.06492406244322593,1,interior
0.29918769441478976,0.06856564006905796,1,interior
0.2580372587163628,0.1540110225880237,1,interior
0.3168413293632633,0.0586701926752095,1,interior
0.3092364915348684,0.06550977523181299,1,interior
0.27376280968586475,0.11489086658985756,1,interior
0.32180403054106305,0.06039597127691897,1,interior
0.2961356483691169,0.07029524555859452,1,interior
0.2714138376493946,0.11460795718348306,1,interior
0.23977574192830045,0.22814765615336866,1,boundary
0.3148247526622552,0.07139976689952013,1,interior
0.321880983778316,0.06836922956609236,1,interior
0.31935521465108846,0.0649488706265669,1,interior
0.2508104703636205,0.18044064870490695,1,interior
0.24904003135600097,0.17875322306822092,1,interior
0.2522899015034887,0.16327468890002889,1,interior
0.2893457235048864,0.07171214338174274,1,interior
0.23528600888451923,0.2097360845924559,1,interior
0.24686046666045683,0.18928541790796233,1,interior
0.24359335273414526,0.19576677090613293,1,interior
0.3253490394614438,0.058560613542789124,1,interior
0.26634167037556644,0.13547562125745585,1,interior
0.24202430520679655,0.2239791443083868,1,interior
0.25226309534457125,0.16041618112751263,1,interior
0.2821731445271692,0.08773406124606507,1,interior
0.2768611832818042,0.12106505461693863,1,interior
0.28267109979898186,0.0743832917638025,1,interior
0.2503893924034692,0.17361401254041195,1,interior
0.29391467744939936,0.0735187304588263,1,interior
0.32974852403964666,0.049904909102464895,1,interior
0.2537289860265451,0.16257913239231941,1,interior
0.2446318032592832,0.20236656674693018,1,interior
0.2660780627755077,0.1327411132414892,1,interior
0.2519348924421444,0.16920233410191593,1,interior
0.32114516491166634,0.05678194206730581,1,interior
0.3058460717816247,0.0664000087363328,1,interior
0.2816553360626128,0.09906730909068795,1,interior
0.2856870162074285,0.09663592603221782,1,interior
0.27956496538970843,0.1025553091563011,1,interior
0.28602653319191795,0.09452215922718615,1,interior
0.25303023802048513,0.14490737275075874,1,interior
0.2394832565378597,0.21845189796104322,1,interior
0.26582127574687164,0.126186686218861,1,interior
0.2429653310546727,0.20157674564248598,1,interior
0.2755524320438186,0.11222807396492399,1,interior
0.2786862543465291,0.1077244681554676,1,interior
0.2554761640397101,0.1694595236087619,1,interior
0.24387467538833002,0.22144383825566188,1,interior
0.2641769721753861,0.1258178610046375,1,interior
0.27742054825773693,0.10961200914057509,1,interior
0.28045885282104616,0.09459982289774158,1,interior
0.23675200253653492,0.204355243745458,1,interior
0.3276211723069499,0.046256240863564675,1,interior
0.24823068168428356,0.1809491857865509,1,interior
0.27762685206787857,0.09565904403287015,1,interior
0.23677739429403444,0.217175082818566,1,interior
0.2519686504056702,0.15805959025504984,1,interior
0.27928158472885084,0.09327744173022534,1,interior
0.3285098029656061,0.0478086848135677,1,interior
0.2544087042873582,0.15741422552138995,1,interior
0.28078790232973627,0.10546195763363173,1,interior
0.33460937314877537,0.052459360100625095,1,interior
0.2965918694644697,0.06854824370915387,1,interior
0.26085355752805695,0.1300772129578652,1,interior
0.2840860051932233,0.09650732552858203,1,interior
0.30805723736746415,0.062052999968934874,1,interior
0.23855381386046612,0.2147746070041403,1,interior
0.2860704109867262,0.07273603787686657,1,interior
0.3184869599590954,0.059621931045677534,1,interior
0.2899787712027649,0.06985784794163309,1,interior
0.2557937871119469,0.15299309455083782,1,interior
0.23759611689989674,0.21222691981071842,1,interior
0.2769191681002083,0.10804620909042435,1,interior
0.32944966779941237,0.03256717070252735,1,interior
0.27541741057647184,0.1204761082774947,1,interior
0.31811359692426366,0.06338192399222228,1,interior
0.25332723810643404,0.15404879733210444,1,interior
0.23555188810389285,0.20731779152470678,1,interior
0.33039077918630655,0.0483615188833363,1,interior
0.29826296633638766,0.07161513376718433,1,interior
0.24008828674127966,0.19456301114992772,1,interior
0.2787227297716677,0.11610225822044258,1,interior
0.32810125949578983,0.04961332688182408,1,interior
0.24403863908779094,0.19307424205104323,1,interior
0.31853600360285844,0.06801189998528719,1,interior
0.26828450959534006,0.13448905970980377,1,interior
0.3279985956302288,0.05168133268183093,1,interior
0.2759610045673619,0.11047352788214324,1,interior
0.2788136156374862,0.09817406021975976,1,interior
0.2502825354294232,0.16929372475213222,1,interior
0.2931024306845515,0.10011223224597382,1,interior
0.3124005172665173,0.06167683279706246,1,interior
0.2849965208965695,0.0866824984754091,1,interior
0.2410698792970848,0.19812918622716297,1,interior
0.3021248311717652,0.06468280114787828,1,interior
0.28859706829445625,0.11028212466464497,1,interior
0.23312459868920515,0.20743145873242935,1,interior
0.2751674887648279,0.1064948072754634,1,interior
0.2543881773165749,0.16600038250176893,1,interior
0.2635167339997976,0.12352967666110677,1,interior
0.23458217316835023,0.20494848545291938,1,interior
0.29731687527889356,0.07492233406557156,1,interior
0.241000399544973,0.21857962869961434,1,interior
0.28774274808242023,0.07135249181261392,1,interior
0.25623623427662,0.144287677971321,1,interior
0.27342951015294725,0.11962171325219119,1,interior
0.31018654749255914,0.06429921032090705,1,interior
0.26207133408072014,0.13304464793800194,1,interior
0.28318498027876815,0.0795039141255876,1,interior
0.3296606081036031,0.029996563615340605,1,interior
0.28001303160663976,0.10409490233680739,1,interior
0.28279527105185553,0.08927802528686601,1,interior
0.26829412249736273,0.1328077836045156,1,interior
0.3156726389261778,0.06707938873232408,1,interior
0.2669802058476348,0.12921674034429473,1,interior
0.2384506811157875,0.22140878872695566,1,interior
0.2508309003563031,0.17183064816511615,1,interior
0.2739804008989475,0.10399635014314067,1,interior
0.31750672409860764,0.06505609923132477,1,interior
0.2713895463865653,0.11828148942294801,1,interior
0.2739193296567753,0.11114887799250879,1,interior
0.2627225862011594,0.12999342086849278,1,interior
0.30533026384278805,0.06463059652746844,1,interior
0.259416298742036,0.15915182649214593,1,interior
0.24497310905300576,0.1893671648852603,1,interior
0.28453443209537166,0.07323132850653054,1,interior
0.27203410032822045,0.11201311073384985,1,interior
0.26170773161354743,0.1314073487958735,1,interior
0.27223983179045663,0.11029793883150757,1,interior
0.2764175711453623,0.11897802490243174,1,interior
0.32021530178673224,0.05932742717054437,1,interior
0.3280960715341694,0.030575280024545997,1,interior
0.2671833206693369,0.11954512992713226,1,interior
0.27166321838380053,0.11638163278509672,1,interior
0.2779256885350351,0.08529204833183628,1,interior
0.28737694545439374,0.06976193228769152,1,interior
0.27076670098402794,0.11305292364667661,1,interior
0.3236355102824009,0.056147507495239064,1,interior
0.25580561101828114,0.15528717285064006,1,interior
0.2489353794788667,0.17483616033567187,1,interior
0.3119726800007267,0.06511994850175629,1,interior
0.3053327125566981,0.06177590554018761,1,interior
0.2857338852655997,0.09072712421384355,1,interior
0.277763803484493,0.10563544010437712,1,interior
0.24552881628123363,0.18512117785686105,1,interior
0.2795515088745577,0.09035031930908222,1,interior
0.2540427254377643,0.17898030031843662,1,interior
0.3320526904189324,0.033165903683021955,1,interior
0.2427513078218312,0.18988531540887577,1,interior
0.2936335298278552,0.06897705825121855,1,interior
0.273419429848519,0.10912943400572366,1,interior
0.23873759901558017,0.21676421924259595,1,interior
0.3257826539231861,0.030279833659538874,1,interior
0.2763844591944068,0.0947634730309343,1,interior
0.31009313704427305,0.06189193288676247,1,interior
0.29932126867882597,0.06370588469465427,1,interior
0.28063229458354855,0.07335689363679984,1,interior
0.30372572312019047,0.06369386641062086,1,interior
0.24556389009918356,0.20429325900683273,1,interior
0.23343438861883853,0.2021432599204187,1,interior
0.3026858572314663,0.06256141312744729,1,interior
0.281874833312763,0.07605735778713958,1,interior
0.3283171042373589,0.037709377608584775,1,interior
0.23689426288713616,0.20176633034362637,1,interior
0.2526606318497207,0.15630854353650814,1,interior
0.33660321032771606,0.05406246113372503,1,interior
0.25443397916950633,0.13983379070465718,1,interior
0.27728699570714777,0.09751199687452845,1,interior
0.25448272418404305,0.15190163499486167,1,interior
0.3281491931248474,0.029032021396206316,1,interior
0.29119693418141246,0.0712568666313813,1,interior
0.2502882963090703,0.16006972775399617,1,interior
0.3245817067913996,0.0539225058392172,1,interior
0.2634816697690392,0.11852635899672145,1,interior
0.2519295115973884,0.1549506583844354,1,interior
0.24027957796468336,0.20047458533637633,1,interior
0.3272615119766386,0.04268266078434252,1,interior
0.2583290701522846,0.128987241826992,1,interior
0.3257645143519773,0.0275816514181184,1,interior
0.32697939756929634,0.054167528361148555,1,interior
0.2656145944414688,0.1282627959383454,1,interior
0.29891955414209315,0.06216165545526574,1,interior
0.23705087807765285,0.1998429290911135,1,interior
0.2548709629933811,0.13535071904019264,1,interior
0.28323916568294405,0.0723108450258243,1,interior
0.31935452252454577,0.05693058161612644,1,interior
0.28116188120296903,0.09157236860558367,1,interior
0.2449942662300502,0.1869951186149021,1,interior
0.32662304936878034,0.028911467408682688,1,interior
0.3266704649041628,0.048636234607529645,1,interior
0.2390741576170468,0.22362203377763318,1,interior
0.33769011475425037,0.0350559253965006,1,interior
0.2503566767584714,0.16168517147386197,1,interior
0.25825852186575465,0.13325559778155432,1,interior
0.2603383768666085,0.13320607206069274,1,interior
0.26385245260947493,0.1219212225067129,1,interior
0.2422561103191318,0.18815196818696078,1,interior
0.3062267256411654,0.05970340961876462,1,interior
0.2522368586615795,0.15092951391826698,1,interior
0.2757514187057318,0.09940096422617287,1,interior
0.32549220992976907,0.05196772438242725,1,interior
0.23904191004233585,0.20155088056365678,1,interior
0.31670722802127144,0.05602689254761492,1,interior
0.2763547074544198,0.08398833635135375,1,interior
0.2804936562418497,0.07501915957771038,1,interior
0.32227454799845295,0.055328187950155906,1,interior
0.23493190265471295,0.2167426713279731,1,interior
0.2590794361126247,0.13168436152237833,1,interior
0.2523762399723944,0.1526384182824547,1,interior
0.2517296602331728,0.17750820573164028,1,interior
0.24830273624714091,0.18403130040832721,1,interior
0.2570820992939946,0.1315546759429134,1,interior
0.2369525237509307,0.21378129571198368,1,interior
0.3146535023728763,0.0609039636794578,1,interior
0.26584404301699427,0.11844473748831855,1,interior
0.23608961217407967,0.21507887501181627,1,interior
0.2802991565642093,0.08785327437490975,1,interior
0.2336694701534678,0.1992134401216204,1,interior
0.2508305404759957,0.1521192826116791,1,interior
0.26259417820288056,0.1281625443506312,1,interior
0.29228871246318416,0.07239925526762667,1,interior
0.24672233240010807,0.18240921224925055,1,interior
0.2687240660607579,0.11325582434617397,1,interior
0.23712485923836304,0.21872194375305265,1,interior
0.27787853051786,0.0723964224395185,1,interior
0.2479320637445915,0.16000046738281648,1,interior
0.3270976194416176,0.03313232210133003,1,interior
0.26110764052627095,0.1275937694092086,1,interior
0.3165076310193767,0.0629048467941322,1,interior
0.28565383006389505,0.07085283463853632,1,interior
0.2965155533972128,0.0660818072883814,1,interior
0.29639029745833967,0.06065329037556506,1,interior
0.2340045497477145,0.20070779481096318,1,interior
0.32731927238436015,0.027369717714240405,1,interior
0.2551573686024941,0.1316432186499528,1,interior
0.3152322191037716,0.05715391045977075,1,interior
0.28303226549288124,0.07056646719891543,1,interior
0.27344913662180576,0.10701324993580763,1,interior
0.27856879128925566,0.10022162450925476,1,interior
0.28185693651211446,0.07164367588317644,1,interior
0.2982511649784775,0.06078976287909605,1,interior
0.2815282488942362,0.10359973190397777,1,interior
0.2925015204290897,0.0701157770516769,1,interior
0.28876533560258205,0.06862113885355954,1,interior
0.2796729797365625,0.07673619683096629,1,interior
0.2967151841100863,0.05896017000770816,1,interior
0.33288428934119507,0.029633406632545024,1,interior
0.25618577194988446,0.13361997787410382,1,interior
0.3240401734851747,0.03070526454432712,1,interior
0.3292957752882465,0.03970600637155315,1,interior
0.25061828402707087,0.15732274162653867,1,interior
0.2646807728955077,0.12986646960335443,1,interior
0.29675499634254254,0.05694436001986427,1,interior
0.32778028010776483,0.039870507199010134,1,interior
0.32340255419180264,0.043663901083019624,1,interior
0.3259630819824887,0.046838663598759725,1,interior
0.23848399622989933,0.19660411313540707,1,interior
0.29109310841692493,0.06771166403267004,1,interior
0.24935688122935137,0.15046830862833924,1,interior
0.24763687611383545,0.1795312227661289,1,interior
0.26155306460861966,0.12372581474707275,1,interior
0.2773535102351535,0.10359073938148558,1,interior
0.2901396248614203,0.06627267241278798,1,interior
0.2716963708683119,0.1083313062669,1,interior
0.3338780102106546,0.027053498706260205,1,interior
0.3235179758406846,0.04654619458230641,1,interior
0.23913914977801148,0.19876479690066812,1,interior
0.283353017123183,0.08145747810789013,1,interior
0.25247571540768526,0.16481427006361798,1,interior
0.26077068214691734,0.12599169001123006,1,interior
0.2475893843899623,0.14934766223757132,1,interior
0.2320104963217846,0.20478356795585068,1,interior
0.2758132387665633,0.09641762668064395,1,interior
0.27468063728319714,0.09753140906771783,1,interior
0.270616679478365,0.10940554409999603,1,interior
0.24025899861769923,0.2222817121467457,1,interior
0.2779733103947354,0.07583751688625522,1,interior
0.2697388674386344,0.11834238758471226,1,interior
0.27398966484952825,0.09609225055380274,1,interior
0.3296396270150352,0.027269375694384996,1,interior
0.2788209311566991,0.07451360036572093,1,interior
0.28266400498673433,0.10244083722410562,1,interior
0.29966999537902833,0.05851704591832746,1,interior
0.2849972613423958,0.1149187966009013,1,interior
0.30091467736854527,0.06052297988378069,1,interior
0.2767110403707959,0.09292990223099341,1,interior
0.23678407629972867,0.22118350826509095,1,interior
0.27275208170893384,0.09418140451869317,1,interior
0.23506960386118675,0.2191115147590777,1,interior
0.24528240321696623,0.17936583166508807,1,interior
0.32279965382840853,0.053311392837885864,1,interior
0.32286418427201,0.051225699478053416,1,interior
0.3207061043629717,0.049949314635758066,1,interior
0.3235635770653087,0.04842939271066337,1,interior
0.24557947397021448,0.15899622488177453,1,interior
0.2509655798961111,0.1645170634310727,1,interior
0.2500270563223243,0.1548195341416648,1,interior
0.3037751483364401,0.06137190202253948,1,interior
0.2811796708321394,0.06947296327837475,1,interior
0.27482779538643576,0.09425943719963631,1,interior
0.3138808745557494,0.058461848457504836,1,interior
0.2421054462135376,0.19202086688891223,1,interior
0.27509324846524325,0.09256518297826832,1,interior
0.32723595348963497,0.03573967032158068,1,interior
0.2792355606793374,0.08649884192697603,1,interior
0.24947513326275658,0.1679873786099873,1,interior
0.2682849172749419,0.12213429773265866,1,interior
0.2756884893438289,0.10350416626699163,1,interior
0.254385076305504,0.13345928583779082,1,interior
0.2490367368275024,0.1713822653660853,1,interior
0.29487695766693794,0.05974512321881506,1,interior
0.2647909883149898,0.11730425422211185,1,interior
0.26940979914689156,0.11659461656523824,1,interior
0.2674673884387656,0.11652666438565433,1,interior
0.23390874045298377,0.22159072496604593,1,interior
0.3209012016701916,0.053938130870375925,1,interior
0.24557854281468391,0.18120682682683031,1,interior
0.2857231874165949,0.06878875729427708,1,interior
0.31939498255098436,0.05494699642088115,1,interior
0.2931345190453637,0.06058733452221977,1,interior
0.2803470152789199,0.07836616462318151,1,interior
0.2531873166577166,0.13520353778661023,1,interior
0.2982236050298594,0.06494448831716525,1,interior
0.24452826581083636,0.18243545839959258,1,interior
0.3177444833076797,0.054226983530816314,1,interior
0.24303962886852107,0.186436857198239,1,interior
0.25340421986886924,0.13789381150578917,1,interior
0.24886851526181455,0.16621490073002934,1,interior
0.2780792086495934,0.10215621144179036,1,interior
0.2702465610929403,0.11139377406670314,1,interior
0.2466116447265902,0.16867563816034584,1,interior
0.25458587457722065,0.1611099483352473,1,interior
0.2433683497641483,0.1795985492035376,1,interior
0.26903574825578025,0.10703164988803449,1,interior
0.2291376238164808,0.2054833539373212,1,interior
0.2674193082198409,0.11135079076339267,1,interior
0.2525283425271868,0.13314974357784312,1,interior
0.32653799830684604,0.038659404615976195,1,interior
0.298638242293997,0.0569838170101788,1,interior
0.296494827601752,0.06308973114969009,1,interior
0.2767749693040297,0.08637176220290584,1,interior
0.23562078115005589,0.22341268937166212,1,interior
0.27280026281384717,0.09849023167426384,1,interior
0.24059596782873124,0.18611930685991815,1,interior
0.24761814759912004,0.17269738509699675,1,interior
0.27505419435073303,0.07203285853778509,1,interior
0.2504002447228981,0.16667385076584654,1,interior
0.24527777322541247,0.17024172861242756,1,interior
0.24299842031306843,0.19722567730865642,1,interior
0.2481645686652252,0.1765287274710988,1,interior
0.2766816575167474,0.10103475548017546,1,interior
0.277882763649268,0.09162860082221587,1,interior
0.2527340537757814,0.16652217285724,1,interior
0.23369691023561837,0.21442289699726633,1,interior
0.23187167214315196,0.20311264683867317,1,interior
0.27760366790628493,0.08857122910510802,1,interior
0.24680511413433184,0.1753165068155142,1,interior
0.2935974092151267,0.06687194632810071,1,interior
0.2867707790847819,0.06645130147460909,1,interior
0.31521444901057294,0.059298237353831926,1,interior
0.2528834951468233,0.14945014820649635,1,interior
0.27508096614148214,0.10178142282844163,1,interior
0.2339662470356809,0.22316251119132618,1,interior
0.279995709712023,0.09928803225495883,1,interior
0.29294496170033957,0.06489053784579155,1,interior
0.3006258726023986,0.0649746353280645,1,interior
0.26250463096489396,0.12551496375700005,1,interior
0.2761775304183214,0.07445266079648422,1,interior
0.2659579215097927,0.11575555313549918,1,interior
0.27303129428050854,0.09228031718185563,1,interior
0.27552545709831594,0.10882568587175678,1,interior
0.23318447697483843,0.21990471966580166,1,interior
0.23735478393629886,0.2240498868990388,1,interior
0.25650086270531575,0.12908509117830244,1,interior
0.2622406447907716,0.12083157444830293,1,interior
0.2670536857439484,0.10665009622818104,1,interior
0.3115959894924976,0.059726565977263335,1,interior
0.2516446516064362,0.14826248058680663,1,interior
0.2892549351691202,0.0641142329618359,1,interior
0.2385255515851846,0.2252258796781136,1,boundary
0.22828139402076722,0.20758492458573158,1,interior
0.2722318367030807,0.09650000762250399,1,interior
0.250909927932749,0.13460868399942344,1,interior
0.3265212714181053,0.024698862906835106,1,interior
0.24997500718115756,0.14898594950013544,1,interior
0.3183408579337978,0.05241413630894143,1,interior
0.32450477910515774,0.028993940767847483,1,interior
0.2527045799532367,0.14340154716897027,1,interior
0.2695550640178716,0.09705442901323459,1,interior
0.3268084101333917,0.041212016435739726,1,interior
0.26808711641182953,0.0981450723557495,1,interior
0.2600036822794986,0.12456722070219951,1,interior
0.2870531768292786,0.06283687084238147,1,interior
0.27362697201735936,0.10122489163468969,1,interior
0.28433688479009467,0.06943390919496079,1,interior
0.25959050443501364,0.11998146102302792,1,interior
0.23111482986340057,0.20754581786610307,1,interior
0.22814649539449292,0.20345370349264688,1,interior
0.2346011696713561,0.19795378888938853,1,interior
0.24292462045484053,0.1823447324584604,1,interior
0.2795952531769395,0.0709016124233858,1,interior
0.23936028960164604,0.22017178267867638,1,interior
0.2487803765669399,0.1574034663919108,1,interior
0.3166186248130164,0.05196725337210088,1,interior
0.2749199157513372,0.08812268031475598,1,interior
0.32574611640663687,0.03458844103066063,1,interior
0.2507280090825728,0.1462735804318481,1,interior
0.3005767338092603,0.05705092383880638,1,interior
0.29457385536977565,0.061497891642985206,1,interior
0.32011099746794774,0.04795119644355481,1,interior
0.23520003436844222,0.1964344247956988,1,interior
0.24892672728837706,0.16401152706385336,1,interior
0.32608859200256635,0.03183272183153103,1,interior
0.24866365561922105,0.1618425586462117,1,interior
0.2318141785820368,0.22105567952278168,1,interior
0.3236594139045492,0.026906762776978645,1,interior
0.2600173517893179,0.12255411851040039,1,interior
0.237526435801066,0.19799445849675312,1,interior
0.2525711949047651,0.13151903314746183,1,interior
0.3212130112103966,0.05188328071360422,1,interior
0.27409915812201513,0.07456861577241398,1,interior
0.3262747329800632,0.0371051054053548,1,interior
0.2691942872453989,0.10883484914866443,1,interior
0.313940165414877,0.05634185592834003,1,interior
0.23326678068113327,0.21164105816343548,1,interior
0.24884455124474072,0.1525121751080891,1,interior
0.22607157144257928,0.20555537296181225,1,interior
0.24688709325570066,0.17735071148085374,1,interior
0.33086311620314574,0.02884616333571902,1,interior
0.2944451288480667,0.056969909873833276,1,interior
0.2651627525208226,0.12437703184754673,1,interior
0.24406510082141605,0.18453804027286666,1,interior
0.33093299000411713,0.025885689260834163,1,interior
0.2786973825264832,0.06814731447608148,1,interior
0.2778368083957031,0.06943504392388956,1,interior
0.23963457216515158,0.19161689028744763,1,interior
0.3018628524987417,0.05838748844010657,1,interior
0.32166098686918915,0.04795521153146851,1,interior
0.2673545931162028,0.105153890941867,1,interior
0.32943985884704413,0.02506703341332054,1,interior
0.29277160654283074,0.06320133242200342,1,interior
0.3152734943142092,0.05371993472322043,1,interior
0.26301980077494846,0.11671897729996536,1,interior
0.25097760836792554,0.14300598548326587,1,interior
0.23039955341529567,0.20386663857649043,1,interior
0.26847812552614836,0.10404808415233223,1,interior
0.24839587308854089,0.16912195200937918,1,interior
0.2709867756258272,0.10622685158454999,1,interior
0.23510165357952195,0.21198614053931808,1,interior
0.312342065622535,0.057378252662886695,1,interior
0.24142982572764707,0.1828386867552206,1,interior
0.31313012517148636,0.06021666713289728,1,interior
0.22620688874734296,0.20837290663689603,1,interior
0.33492699903990314,0.03489235937923579,1,interior
0.24247260392391032,0.18464074825077895,1,interior
0.23195856887508542,0.22296118266518816,1,interior
0.24923509513212003,0.14449932646743055,1,interior
0.27244465196789375,0.10548670808050092,1,interior
0.24179440209003306,0.18092066095314743,1,interior
0.3097608932657684,0.057600074182921734,1,interior
0.23798126519929735,0.19467832443262117,1,interior
0.31992504660530346,0.06331753457099586,1,interior
0.31113477308219956,0.05618526766932634,1,interior
0.30101992083928175,0.06267754503163507,1,interior
0.2826726000602191,0.06847312277412278,1,interior
0.32523463959679205,0.03994211948919591,1,interior
0.3087300470663198,0.055875266503144234,1,interior
0.2742298371682571,0.09965915755680137,1,interior
0.31973537472440056,0.051330805667384835,1,interior
0.32270539210375754,0.02907702765347913,1,interior
0.3207685475214507,0.04616896425598285,1,interior
0.29561299137057045,0.05473496863235997,1,interior
0.23843814670323582,0.18906228969256117,1,interior
0.28862157862535937,0.06689424030302711,1,interior
0.27974438482766695,0.07988729855046411,1,interior
0.3243198284080806,0.033441336787317026,1,interior
0.274849464928967,0.08419321586113197,1,interior
0.27913426019878657,0.0834562335776588,1,interior
0.32513920369036853,0.050114457907409024,1,interior
0.29860640542748135,0.05484737252854206,1,interior
0.23344968362683152,0.20978522355666002,1,interior
0.24878081263007856,0.14753281918351274,1,interior
0.2355345900629525,0.18839297019556753,1,interior
0.2764022888886319,0.10493519178718003,1,interior
0.271555244156593,0.10110440296199519,1,interior
0.25898550984203694,0.12595303853932996,1,interior
0.2528116669062945,0.14056816798959698,1,interior
0.26893774312206853,0.11508657650175975,1,interior
0.30244208322135924,0.060451040624626876,1,interior
0.268973032506152,0.09961530966209851,1,interior
0.2377401369064607,0.19143545170644455,1,interior
0.2476036693662677,0.1555628835397136,1,interior
0.23040694945232426,0.20929620681988495,1,interior
0.27247743236900274,0.08375034432322845,1,interior
0.24867822817074794,0.15403707951590995,1,interior
0.2717757748519666,0.1199067410669312,1,interior
0.2734767574873764,0.09052459806479762,1,interior
0.31789805710209346,0.048536662359820654,1,interior
0.25125394827129943,0.13638718627768268,1,interior
0.3188672407526819,0.049845481400995824,1,interior
0.24551638146313864,0.15539288857613834,1,interior
0.2313555153762851,0.21090498695808615,1,interior
0.29173703049318067,0.06605705034506114,1,interior
0.277653774533175,0.07812975304317557,1,interior
0.3061773955609931,0.0571294037828547,1,interior
0.2767365339082737,0.07115222184209984,1,interior
0.23138537484534966,0.212855987252285,1,interior
0.2666460818974548,0.10927388140841468,1,interior
0.27679276397892993,0.08252892423372744,1,interior
0.30008457826028034,0.05559755310409332,1,interior
0.3037352407182065,0.057226450638656834,1,interior
0.2820012165264991,0.08343116656549301,1,interior
0.270126902580053,0.10438389805631273,1,interior
0.32668707303396555,0.05081311197990766,1,interior
0.29309557000202946,0.05867723691728722,1,interior
0.23209200567655452,0.2088200594041312,1,interior
0.24686456191006365,0.1477178954575155,1,interior
0.2312201418045047,0.20095671876207197,1,interior
0.2587117261944957,0.12372123668023184,1,interior
0.24707807202336202,0.16456667660167681,1,interior
0.22572034716385908,0.2101079336486352,1,interior
0.24785819338909032,0.14567352782926568,1,interior
0.29101995759424615,0.06335241049942503,1,interior
0.22943620911343035,0.22071527431777518,1,interior
0.26744030740736624,0.11472623586151559,1,interior
0.27472246013754015,0.07649261550676101,1,interior
0.2500678064868686,0.14119622130966936,1,interior
0.2401220412536577,0.18182146252244938,1,interior
0.24055147389164291,0.18778887132393665,1,interior
0.2711200034376687,0.09464498642928962,1,interior
0.2573837832856207,0.1258521231134771,1,interior
0.3141192339595879,0.06659342489863546,1,interior
0.23554717348910678,0.2006478533833025,1,interior
0.3184973512606515,0.044614475134004065,1,interior
0.26889955233956225,0.10167870500506844,1,interior
0.2565937730876982,0.12445817784082283,1,interior
0.2539652822941977,0.12995903431196557,1,interior
0.22746317235193564,0.20159178857411092,1,interior
0.23104826666948214,0.21524596510760777,1,interior
0.24083209429562613,0.1844987599383468,1,interior
0.2455501270397359,0.15735160198732404,1,interior
0.22888838284709898,0.21155202756899663,1,interior
0.27649364221018324,0.07664529826591149,1,interior
0.3180846339781638,0.04692364495852393,1,interior
0.25161199286182145,0.1388555636043952,1,interior
0.2715354429566038,0.09939176966862995,1,interior
0.23327449967314065,0.1970304456227815,1,interior
0.3190898652364205,0.042167648511287396,1,interior
0.31771335501696035,0.05718786193382525,1,interior
0.2443886304528909,0.17693218082448767,1,interior
0.24764510723007,0.15130892401814428,1,interior
0.24666742682432544,0.1622800192602334,1,interior
0.32343195964646404,0.03583164455025719,1,interior
0.2945098964890396,0.0644595747946956,1,interior
0.28645752423596443,0.06087195111507622,1,interior
0.3205884564142512,0.040831533851922695,1,interior
0.32005014264529824,0.04340721408507405,1,interior
0.32226648341140895,0.02756886435492697,1,interior
0.2452697008060037,0.16107540109033394,1,interior
0.27419008626671115,0.07043903644138272,1,interior
0.28434476788432766,0.06749193261118938,1,interior
0.3017939508863098,0.05536484986113347,1,interior
0.2799430896942596,0.08157185713711657,1,interior
0.2411919636581825,0.17940184018964533,1,interior
0.3160014871482472,0.04637225268662583,1,interior
0.272355546431374,0.07751102114958869,1,interior
0.30351400865845835,0.05923634106190109,1,interior
0.285649827891626,0.06494204146106941,1,interior
0.304579583918828,0.05455040357016839,1,interior
0.2788779253629155,0.06532753406659053,1,interior
0.24516520506974043,0.166362461499603,1,interior
0.2571179643360204,0.11914568380884374,1,interior
0.28395045953947085,0.06517387847400531,1,interior
0.23153486477119903,0.19905240826109147,1,interior
0.3231186550666095,0.040493895654106146,1,interior
0.25758701592118755,0.12764622250742094,1,interior
0.25647140550802183,0.16661545718114784,1,interior
0.32268864679004755,0.025563419992926713,1,interior
0.27126344458382057,0.10274845119483692,1,interior
0.2584686012225059,0.18084256987620292,1,interior
0.3317666365816655,0.027468182154914946,1,interior
0.2367587132133572,0.19612284737956526,1,interior
0.2644404879003181,0.10463681992101956,1,interior
0.27152571302601325,0.0915191426142821,1,interior
0.22329177890419014,0.20899867458952445,1,interior
0.3017941786908498,0.05344397194801052,1,interior
0.2759607799573849,0.0679879391185877,1,interior
0.3345134342632227,0.04513359936077255,1,interior
0.24901557360956397,0.1423340425153353,1,interior
0.23509686050473483,0.21357917748206004,1,interior
0.30476350492639387,0.06018211711141006,1,interior
0.3247706070435926,0.03772836177313774,1,interior
0.24516271740703433,0.14787788504638083,1,interior
0.3243664799573939,0.02354889908257894,1,interior
0.24171344379777818,0.17754739797312882,1,interior
0.31642757569781305,0.04797558616585044,1,interior
0.24525103363799267,0.17286222736509843,1,interior
0.2687700511170235,0.11058149229852625,1,interior
0.3070274927288035,0.05387610669109173,1,interior
0.23475905939843716,0.19485956115017777,1,interior
0.30803566361830553,0.05959543327239962,1,interior
0.3336905701684088,0.025504601426170746,1,boundary
0.3097063090852083,0.06028305930156842,1,interior
0.2520684420789454,0.12782548222285256,1,interior
0.3066005535695365,0.0633326317372626,1,interior
0.3136905053170233,0.0522632270956501,1,interior
0.2694900351364599,0.0899362007993155,1,interior
0.23092712170106505,0.21939298119585215,1,interior
0.31587201693223055,0.05005431380764345,1,interior
0.274943450271568,0.06532061138882642,1,interior
0.321703926143427,0.04372811514394968,1,interior
0.28892218984603524,0.06249996072838929,1,interior
0.2629449558661443,0.11509622679020454,1,interior
0.2436786276768193,0.1731636259298587,1,interior
0.3307998314409319,0.023728605376604855,1,boundary
0.24672201706992522,0.17142086315949734,1,interior
0.2641802164405507,0.11317021435669973,1,interior
0.30034923451437995,0.05132949899748613,1,interior
0.24962039097672886,0.13751362968183642,1,interior
0.22801971110836494,0.21284322899897365,1,interior
0.24598561787896192,0.1535796201640113,1,interior
0.2586418637376913,0.12173327374619214,1,interior
0.32135044873468593,0.02365978132876856,1,interior
0.26825169141778776,0.0958483067900787,1,interior
0.26634055261975165,0.0958727557356409,1,interior
0.23339620544518197,0.2162400479328073,1,interior
0.24072609125961378,0.19313885821074536,1,interior
0.2774626736078164,0.08065409072406864,1,interior
0.23174711790292907,0.19559029745899387,1,interior
0.27530573011288256,0.08573385237232604,1,interior
0.235598725728751,0.19911753657013156,1,interior
0.2908493763557681,0.061299842876966895,1,interior
0.2483967479390569,0.1395089985387008,1,interior
0.26962055360506015,0.09411132808078515,1,interior
0.24548455570342542,0.15026526730850315,1,interior
0.31287364125803324,0.05432989524646656,1,interior
0.2784773480769209,0.08198598382325666,1,interior
0.280864987048373,0.06700440858023345,1,interior
0.22960966495785737,0.21366024274936857,1,interior
0.23323258851795217,0.1924347769025206,1,interior
0.31463896489366366,0.04748794413001564,1,interior
0.2819731983839934,0.06553438537173203,1,interior
0.3049662084935251,0.05861108419858513,1,interior
0.32102993857289924,0.026489896295990384,1,interior
0.22785056451666172,0.20983741958879124,1,interior
0.2953203672754574,0.06704400492726637,1,interior
0.2501834024733137,0.13189648136749832,1,interior
0.306986712359515,0.05576722999481407,1,interior
0.3251232325182998,0.02597557687022827,1,interior
0.3245534020188756,0.04150644567406115,1,interior
0.24077468701623414,0.18983757987228725,1,interior
0.2757162904668223,0.06991469455851505,1,interior
0.24280099426316826,0.15130475156239737,1,interior
0.24958624978416089,0.13386181129441235,1,interior
0.23928351161002073,0.17995698601625174,1,interior
0.2802183212734608,0.06458081488328218,1,interior
0.3077808616111844,0.058026309835462524,1,interior
0.3145563952174695,0.049155189102249405,1,interior
0.28792678423879925,0.06520872048631057,1,interior
0.28090661144770357,0.06286529712731646,1,interior
0.23651910243874708,0.19304841010125418,1,interior
0.2332918276984081,0.20591967001975509,1,interior
0.32027285613767104,0.030404047580023713,1,interior
0.2673507278832904,0.09449771663901824,1,interior
0.27651680461305006,0.08981000928172024,1,interior
0.2615552963902888,0.11713021960964401,1,interior
0.26597432917824576,0.11289519411185457,1,interior
0.24713460080675925,0.14382783959567746,1,interior
0.32191537312675317,0.04198428574761718,1,interior
0.3216533905272393,0.05830020880718567,1,interior
0.2771388635246306,0.06698259154272075,1,interior
0.32008156534920024,0.02522740608030033,1,interior
0.28812873056096916,0.0596434044704574,1,interior
0.24721280684873373,0.16656269511781785,1,interior
0.23781177683697158,0.18724322919913575,1,interior
0.320174401324294,0.028485260914464527,1,interior
0.2516361523389942,0.12976496547578045,1,interior
0.28151756663125593,0.07941965436343801,1,interior
0.3172431357964989,0.0428445785681083,1,interior
0.3085379670292223,0.054258115763865564,1,interior
0.24436385674773983,0.15638588131884407,1,interior
0.27710786530804354,0.06490624256150833,1,interior
0.2570851002231976,0.12261809022115314,1,interior
0.24239710925798735,0.1759403790272322,1,interior
0.24608099021740126,0.14601961807151517,1,interior
0.25089173559395644,0.14475381269211984,1,interior
0.25507986663529897,0.12104490594068391,1,interior
0.32890280279723977,0.02233794504815717,1,boundary
0.27585922751690084,0.07833170421036138,1,interior
0.28167675074010046,0.0810148660715478,1,interior
0.23357255824347004,0.21814513045211434,1,interior
0.26063213069766467,0.12112330370034426,1,interior
0.3324204111641023,0.024564257992055687,1,boundary
0.2402160646514739,0.17813018332638264,1,interior
0.22767556093216582,0.2149064222400733,1,interior
0.32571863533435336,0.04315490645613479,1,interior
0.22642464885310695,0.21168713871608996,1,interior
0.322877304345215,0.06304618666371214,1,interior
0.28968640628050235,0.058998764571968745,1,interior
0.2485886685681927,0.1363507584798809,1,interior
0.2897338549131101,0.056334208761539675,1,interior
0.3221459573083074,0.03146723887434669,1,interior
0.2748311038393055,0.08231595619283896,1,interior
0.25316392110601943,0.1720193653741097,1,interior
0.2380882524410616,0.1818552085016647,1,interior
0.29409723167369983,0.05458303108032824,1,interior
0.23933050407652712,0.1762658649428223,1,interior
0.24554229722384166,0.16388982464131394,1,interior
0.2291021260292615,0.1993460047729168,1,interior
0.2539449407011041,0.1276174929634381,1,interior
0.31246474570679084,0.04768987241632362,1,interior
0.2911999460141039,0.05918417322692779,1,interior
0.318813152917151,0.04004311637925859,1,interior
0.26796495504357265,0.0930092315795774,1,interior
0.2235413151645204,0.2122167792552657,1,interior
0.265002892162785,0.11159000302242797,1,interior
0.2647728999041251,0.10935004999064372,1,interior
0.30856910757098116,0.06378656291707928,1,interior
0.3143368884883842,0.050877620810190746,1,interior
0.24530151046698664,0.17451888294842025,1,interior
0.2389244133951763,0.1933696534510866,1,interior
0.30007709491056295,0.053318482608151654,1,interior
0.31731625831986493,0.05061065088048542,1,interior
0.244456029234337,0.15158985409981549,1,interior
0.31844726299953946,0.03252087760107269,1,interior
0.25558658025006087,0.12713260380543032,1,interior
0.26119260916571896,0.11476963736229223,1,interior
0.2656761346814836,0.09264093100958003,1,interior
0.26515333030256283,0.09439818806646481,1,interior
0.27311641609568216,0.08556146564828054,1,interior
0.26172557209885366,0.11878772719093823,1,interior
0.225970695464244,0.2028425194595537,1,interior
0.2428297795161498,0.1490391580034146,1,interior
0.25946084147005644,0.11809686919376143,1,interior
0.25938317205712713,0.1275585158544433,1,interior
0.23506017608916596,0.19125766912165695,1,interior
0.2631717025693678,0.1108114455749927,1,interior
0.2729106280643508,0.0655864848370567,1,interior
0.23805627677485228,0.18545117512286222,1,interior
0.22937218745892227,0.20216642309933225,1,interior
0.3022530810214759,0.05196884768744388,1,interior
0.2433984053852316,0.15915893768480946,1,interior
0.2605016517927857,0.1109800629227462,1,interior
0.22922016529562173,0.2154615363184203,1,interior
0.3037391758966199,0.052833630582435245,1,interior
0.2626379343900731,0.09347081657182994,1,interior
0.2719111321761666,0.08780049745317015,1,interior
0.27386671726064304,0.08023086449272061,1,interior
0.3187765094645985,0.02684642151323469,1,interior
0.2757938616987938,0.08109758327891971,1,interior
0.24257298670658176,0.17183225243897018,1,interior
0.2642188533268688,0.1273361859413313,1,interior
0.28459233829347536,0.058767134333360206,1,interior
0.2702404431242412,0.09847129162892722,1,interior
0.22087463436612673,0.20766587246188667,1,interior
0.2275397759734355,0.2049156198366071,1,interior
0.28533415785804594,0.06255321298828491,1,interior
0.22523859766053417,0.21486172471640239,1,interior
0.32271105366660574,0.03879516351841946,1,interior
0.24566199903783975,0.14430265226678873,1,interior
0.2697618701596917,0.0915987356549741,1,interior
0.22517843991652753,0.20421290338787396,1,interior
0.2727295788149547,0.07188257765298554,1,interior
0.2836929458932702,0.06356332052212359,1,interior
0.28736856386024606,0.058277351567882926,1,interior
0.24422123141843713,0.17167366624601793,1,interior
0.22957792653637643,0.19725684785887626,1,interior
0.2980637968831,0.05305690219393411,1,interior
0.2263719918333773,0.21598941521666049,1,interior
0.2242456040416616,0.2106352441482883,1,interior
0.24788262652183976,0.1413231270373473,1,interior
0.2726392487683583,0.07562671741272606,1,interior
0.27406159660150037,0.07862060467232485,1,interior
0.268038488058663,0.11816551999672333,1,interior
0.2411851815293595,0.17326186967519808,1,interior
0.2584759667342024,0.11267388335805158,1,interior
0.23096030641181423,0.19289565673204018,1,interior
0.22402237761507326,0.21676610280758415,1,interior
0.22547233283133783,0.2130802368582817,1,interior
0.24481431613551924,0.16785764281043697,1,interior
0.2827607468189042,0.06166486044563111,1,interior
0.22270720941411365,0.21494076675868215,1,interior
0.32807789236018664,0.026043130666858684,1,interior
0.23719531765019766,0.20795751302818083,1,interior
0.24326736488065032,0.14663959847089328,1,interior
0.28276059627262345,0.05735476566739513,1,interior
0.2288264009642368,0.2173372554768105,1,interior
0.24375157436679765,0.1621582950204226,1,interior
0.3010435941257371,0.04995334113141133,1,interior
0.2644390967899713,0.1157574732109029,1,interior
0.2212601320807105,0.21166706592357618,1,interior
0.22989357261687132,0.22237759826029455,1,interior
0.24251857606507918,0.16981789998888677,1,interior
0.24397451092840022,0.16917629465803607,1,interior
0.22446290213994677,0.21836808147532322,1,interior
0.3222876081721029,0.04516497867747424,1,interior
0.2247632640297831,0.2073711926745575,1,interior
0.250091427131243,0.13944263705359275,1,interior
0.28159760975215453,0.05978628464759561,1,interior
0.2661370788874968,0.09771399208190118,1,interior
0.26118799679312393,0.10855615807459511,1,interior
0.23210305245131116,0.19393271918594066,1,interior
0.24361074625468643,0.1534392343357038,1,interior
0.23202806154807754,0.21792163331835124,1,interior
0.25402174451007425,0.12588714218137292,1,interior
0.31851210515054457,0.024526015474793657,1,interior
0.26366075515161036,0.12016249028545017,1,interior
0.22998407416518493,0.22402477451229588,1,boundary
0.3209582683508742,0.03898406544962579,1,interior
0.22252723013381379,0.21765804291883878,1,interior
0.23387973680522026,0.18764795735983153,1,interior
0.24089686220560597,0.17544981314286048,1,interior
0.2272432200193932,0.21791030586138976,1,interior
0.31105716480486073,0.05235397954049943,1,interior
0.24638750456030492,0.14083832216312359,1,interior
0.2406679460404817,0.15158595124166502,1,interior
0.22151581754941846,0.21344780264198251,1,interior
0.2576373191057322,0.11648349495818239,1,interior
0.2285220308708855,0.2191771492642457,1,interior
0.23682912119618943,0.1831050521710416,1,interior
0.2719221768396763,0.07339644658081172,1,interior
0.31531103687654294,0.04413816332146067,1,interior
0.29136412099822445,0.05766934912353218,1,interior
0.28283199477696713,0.05434930476427062,1,interior
0.3208564149047557,0.037125540859341305,1,interior
0.322618098880948,0.03332472360444662,1,interior
0.2521725995966895,0.12610614441988513,1,interior
0.24553086962683335,0.14256475004083988,1,interior
0.32210439528400164,0.03478094037817867,1,interior
0.23620058176098596,0.1900479076217182,1,interior
0.2917802054797098,0.05577192309264713,1,interior
0.2238107194521189,0.21377744946548508,1,interior
0.23027851769991384,0.21685618458096906,1,interior
0.223336566515035,0.20284914749988422,1,interior
0.31912662588621626,0.038391527138717116,1,interior
0.2713000388177402,0.093088887353063,1,interior
0.27846237966914367,0.0634931172819383,1,interior
0.2971239415844035,0.05433448477383394,1,interior
0.3118517516647459,0.05024600570709853,1,interior
0.2953833408333216,0.05822109024820229,1,interior
0.2710448772267352,0.08959460610512589,1,interior
0.28487401180667615,0.06042778406519899,1,interior
0.2386244263345203,0.18364848000926778,1,interior
0.2268591025155436,0.22081021338551887,1,interior
0.30563151139447037,0.05207096511394439,1,interior
0.24321475498236725,0.16721551844614832,1,interior
0.24316846663682007,0.14417355859308692,1,interior
0.24666224140140797,0.1379431685274269,1,interior
0.22914040813803324,0.19407599963930403,1,interior
0.2392372799896285,0.17109597818741348,1,interior
0.2226336703052082,0.21078086636709925,1,interior
0.3173225707172931,0.026292600449890496,1,interior
0.3038319796390074,0.05060485317936619,1,interior
0.26602104378085784,0.10198874303412421,1,interior
0.23644995422867707,0.1854646072037566,1,interior
0.26909836618942257,0.08740529610208687,1,interior
0.2241973305971509,0.2058155664717859,1,interior
0.3059215640060383,0.048873038605080334,1,interior
0.21880656799830245,0.209224811354177,1,interior
0.31041421736056213,0.05463333814927603,1,interior
0.2638952373626664,0.0912181945774252,1,interior
0.22819743635782055,0.22324641655593888,1,boundary
0.24564899837876347,0.13939939281580505,1,interior
0.2812205439799707,0.052627312713539376,1,interior
0.24294866925987615,0.16548429439425913,1,interior
0.22053098545638572,0.20924464166524143,1,interior
0.24478397816679526,0.13762999757993036,1,interior
0.3103308475916925,0.049091077289554474,1,interior
0.2852987650690794,0.056118312009074245,1,interior
0.2725665586121271,0.07032846101471937,1,interior
0.22505849760688182,0.2015080030620433,1,interior
0.24283845643509233,0.1547466761277547,1,interior
0.32751641024207684,0.023462566721632386,1,interior
0.27980596980855105,0.05946713584735243,1,interior
0.2502892419046097,0.12852109445254944,1,interior
0.24095337519329868,0.16819149880198644,1,interior
0.2618633950721213,0.10415333334997641,1,interior
0.24731455306662875,0.15821986657233655,1,interior
0.2618243195152499,0.112453893316904,1,interior
0.24058372928804406,0.17002847355253747,1,interior
0.2670116274033014,0.10060132436703956,1,interior
0.23851923301198144,0.17816169371367455,1,interior
0.27309732043384616,0.06782467000352574,1,interior
0.22134026171951224,0.21635228037909637,1,interior
0.3181772087524866,0.029502824363455325,1,interior
0.2754168861313345,0.09102014822635365,1,interior
0.24260244272944367,0.1573885766051598,1,interior
0.21794313765392823,0.2074415801335795,1,interior
0.23257829647097072,0.1896602457957826,1,interior
0.3164891720511486,0.028348554860490083,1,interior
0.2505610505926344,0.12543934763316814,1,interior
0.2802196385817047,0.05583739708196704,1,interior
0.313144513640997,0.045952195327929136,1,interior
0.3228507246618891,0.0233274625690274,1,interior
0.2218239184719912,0.2191497067233795,1,interior
0.3276758489187535,0.020993449026528894,1,boundary
0.2418166573182392,0.15260950624596692,1,interior
0.2891715807186046,0.05443609743405119,1,interior
0.2372979794067868,0.1803804905502568,1,interior
0.23535703842442632,0.18146460307301526,1,interior
0.2542189807023975,0.12359543437744028,1,interior
0.32642406484815445,0.022145634496542173,1,boundary
0.2730237628060031,0.08890052767976261,1,interior
0.3192257809152945,0.02292734739500271,1,boundary
0.2590244769294095,0.10987873524101001,1,interior
0.24400332785910114,0.13934448231069102,1,interior
0.27072680983930103,0.08665253066820527,1,interior
0.26817150133130657,0.08517523276727826,1,interior
0.2480492355056537,0.12543939355812767,1,interior
0.31687967558238833,0.024807752373493402,1,interior
0.2876292277485294,0.05592089957116698,1,interior
0.27140042526253083,0.0795475186769528,1,interior
0.21721582951196072,0.21080096229367676,1,interior
0.23853114235186257,0.1748762555060936,1,interior
0.2698158875175922,0.08434286955045263,1,interior
0.272450519035033,0.08120627987515605,1,interior
0.23400357636465544,0.18255460694647763,1,interior
0.2702894771319856,0.07556523300332582,1,interior
0.24795547134651902,0.13226208355440672,1,interior
0.2743368274385468,0.06887993633852994,1,interior
0.30959479446248106,0.051868601933459844,1,interior
0.28793689609774425,0.0612714446381709,1,interior
0.2603312866796098,0.09419980018824473,1,interior
0.2361946854562972,0.17922156998736288,1,interior
0.3191277935263845,0.034632522991554955,1,interior
0.27816922993421705,0.054606002886831415,1,interior
0.21888886275771163,0.21200887842203991,1,interior
0.23415748670764305,0.18409219366880192,1,interior
0.2164792981085558,0.20809079799897953,1,interior
0.28611194982244115,0.05918053889282233,1,interior
0.2908665746361102,0.05353891412805391,1,interior
0.24415765879019588,0.13565419385110122,1,interior
0.27864088613379506,0.060548879937226685,1,interior
0.25801800357340265,0.14692253277125975,1,interior
0.2418413883574528,0.1450043815898412,1,interior
0.24050602933327417,0.1547228141335511,1,interior
0.21520543534730224,0.2070155538344519,1,interior
0.2674687798980498,0.09096950677888381,1,interior
0.27606778622397454,0.063547913206825,1,interior
0.2863478866989941,0.05432024396580996,1,interior
0.2746892597221026,0.062480270135751706,1,interior
0.2958124444341483,0.05235815914324368,1,interior
0.26334184951059747,0.10831917101049286,1,interior
0.2520676882418823,0.12450531671031419,1,interior
0.2464840229830005,0.13598459722832792,1,interior
0.25193753049793954,0.12197097082953692,1,interior
0.30380759711534094,0.0478905122301613,1,interior
0.2642845302624219,0.1007587503088218,1,interior
0.32026791885653316,0.03254725608016217,1,interior
0.31463291719357517,0.042750992117598634,1,interior
0.29497786414558524,0.06300235380941495,1,interior
0.28897163227442346,0.057652209376385995,1,interior
0.2573663020826515,0.12077359508643831,1,interior
0.2438108482921859,0.17526272618938885,1,interior
0.24923408296644922,0.12717862039618533,1,interior
0.2395527458438263,0.17372120777790256,1,interior
0.27461456266548867,0.06716794625346247,1,interior
0.32037048974075694,0.03562054433968703,1,interior
0.22227521979140755,0.2217035049353543,1,boundary
0.2318581413664116,0.1828697375635647,1,interior
0.24151573966604317,0.14798573237603008,1,interior
0.2534338790114091,0.11934183112732795,1,interior
0.23997505868007935,0.1532362071668716,1,interior
0.23497728120150946,0.19295030980574743,1,interior
0.23829817906662779,0.15255992044909056,1,interior
0.3144794852101809,0.025233444857426228,1,interior
0.24129679366201373,0.14224647072566637,1,interior
0.2635852432548739,0.08897557467065406,1,interior
0.3081723650221273,0.05121936596749112,1,interior
0.24886066435110726,0.12414936421648963,1,interior
0.23325595948072267,0.18042312135354582,1,interior
0.27355099809509514,0.08735462643339935,1,interior
0.23706761788322817,0.1727388015950736,1,interior
0.3153320935189238,0.030116702477147806,1,interior
0.22239290462218045,0.20499614282392478,1,interior
0.2378196182955367,0.17026849619133688,1,interior
0.24598882080491752,0.1341658399597501,1,interior
0.24962618648701376,0.13046110019325216,1,interior
0.2205117657212288,0.21487213389914261,1,interior
0.2145887522547941,0.21145782594935092,1,interior
0.24720171103053803,0.13047671874638228,1,interior
0.2346814655282481,0.1897565007659636,1,interior
0.3073841865678641,0.049775519938000064,1,interior
0.2475105260582265,0.13399746699474782,1,interior
0.2643026997225071,0.09605305564855687,1,interior
0.2214384658707884,0.2025306250129922,1,interior
0.30285360213702983,0.04933029864363263,1,interior
0.24752762028410424,0.12718390578754513,1,interior
0.22814364124964637,0.19187716104157806,1,interior
0.2680943269374796,0.08896662357106742,1,interior
0.24235436759626916,0.13721411038378897,1,interior
0.25944145794661183,0.11553896198783768,1,interior
0.2696781377932092,0.08116825479416113,1,interior
0.2653893771755958,0.08762948796960912,1,interior
0.29870868230990233,0.04921515191873726,1,interior
0.24154959413722624,0.14997972598369438,1,interior
0.2635291953578386,0.09827150336965154,1,interior
0.2157233840149545,0.2098678172424614,1,interior
0.3164305184355662,0.03125919175072735,1,interior
0.2831217957271196,0.059541425225556964,1,interior
0.23140624513585806,0.19115470708326737,1,interior
0.2928354177140807,0.052523201032563416,1,interior
0.26673835619551295,0.08587066631693613,1,interior
0.31629444848556165,0.03311959537041801,1,interior
0.24827366044342525,0.12873066927048482,1,interior
0.259257747790274,0.10782876142031841,1,interior
0.24238553608173924,0.13948900001937678,1,interior
0.21865996135014598,0.21414506001034528,1,interior
0.22035540672727078,0.21764963611145643,1,interior
0.26890932462383355,0.0744047833210541,1,interior
0.27650582870734375,0.06171601819986671,1,interior
0.24027623601700915,0.1440148587480295,1,interior
0.2592902744532427,0.11397907416137873,1,interior
0.3151306515920182,0.026873856898719975,1,interior
0.2440279322854348,0.1417539697134736,1,interior
0.2698455016585449,0.07241747534168973,1,interior
0.2916606632034909,0.05061105200858266,1,interior
0.23711027347198366,0.15368355680580703,1,interior
0.27015686667294325,0.07848893642772295,1,interior
0.2600834443595436,0.11260416876565033,1,interior
0.2564426093278207,0.11028309853193022,1,interior
0.24094038014720018,0.15617964819316738,1,interior
0.24438269521038053,0.13161942200733787,1,interior
0.2187910984335908,0.21765094407802207,1,interior
0.2290791306397092,0.19043510566455812,1,interior
0.3225314577319206,0.03707683426875269,1,interior
0.21882949605055957,0.21996586106731816,1,interior
0.31839947630390536,0.03654811094319813,1,interior
0.2350515727150628,0.17652179930566383,1,interior
0.2981575444004609,0.051045967295089235,1,interior
0.226235464519562,0.21924395621115805,1,interior
0.23987180500746416,0.14881946143851518,1,interior
0.2417698323064608,0.16069370866909313,1,interior
0.23652355039720832,0.1771430032800365,1,interior
0.2653343218456428,0.09962677577629979,1,interior
0.2366839836081017,0.150153587472944,1,interior
0.29255683808365945,0.054036763061627295,1,interior
0.24974763923172244,0.12255264437034513,1,interior
0.2807848151533821,0.061142057754038186,1,interior
0.2845381641932362,0.05453236916477056,1,interior
0.21586306253304138,0.2133294209929405,1,interior
0.28858725153909465,0.05253028583192685,1,interior
0.3155631323003551,0.02396410895699165,1,boundary
0.2598182254147187,0.10424162728243701,1,interior
0.25926102652168437,0.09193151149279633,1,interior
0.3151259267037913,0.03434571399534558,1,interior
0.26803275620540007,0.08325612475291314,1,interior
0.22308146715808932,0.22017935637690583,1,interior
0.26505863315191636,0.10749747242960947,1,interior
0.2373510601068048,0.14873294332787237,1,interior
0.3015301261095703,0.04746653300613281,1,interior
0.3153417412851369,0.036008794966185954,1,interior
0.26182946712057675,0.10674124633814205,1,interior
0.3033888512749041,0.05573811715670637,1,interior
0.3158870123085697,0.040622535960278844,1,interior
0.26767251387085583,0.08151513289697002,1,interior
0.3172126059857988,0.034702717528540906,1,interior
0.26640529224281917,0.10377501876259711,1,interior
0.22518256517254404,0.2209428201263819,1,interior
0.23826514901288637,0.15602552728763722,1,interior
0.28557823068212185,0.05229617103631895,1,interior
0.29593983938745805,0.049118479075592504,1,interior
0.273728712287424,0.06377872231304789,1,interior
0.24435285135473053,0.13343871887628314,1,interior
0.24375533482102102,0.13015199319640913,1,interior
0.23916213213636636,0.1690790244536897,1,interior
0.24185418491915311,0.16351167582690054,1,interior
0.2190110384557912,0.20625979700453695,1,interior
0.22941581319361054,0.18886698504520652,1,interior
0.3172531875901104,0.039587766014811086,1,interior
0.26829531008515506,0.07644760682796665,1,interior
0.22782060576849245,0.19810509824855183,1,interior
0.240298162404783,0.16673624518191443,1,interior
0.3167043640136084,0.036879109504193326,1,interior
0.23683341190345336,0.1755410915718359,1,interior
0.279674245855418,0.05382561797898567,1,interior
0.26524978689519013,0.08999863005827106,1,interior
0.24072188649311177,0.1401230962002796,1,interior
0.31283060031492116,0.028199301473094938,1,interior
0.26227345252549417,0.09104913262148992,1,interior
0.2257048572787964,0.2224731032007594,1,boundary
0.25113805831301816,0.11752800634287575,1,interior
0.25735843608194736,0.10744264392844462,1,interior
0.28590862678536383,0.057652108009249504,1,interior
0.2711624523912352,0.06642636958011969,1,interior
0.22040190990884634,0.22120920964776805,1,interior
0.27026309317468517,0.07065147723604825,1,interior
0.3083950331115711,0.04826104506000603,1,interior
0.31435443496894494,0.038878164259794554,1,interior
0.2209856839096576,0.20419255745979795,1,interior
0.26458024649825346,0.10256000199046632,1,interior
0.28245782059041574,0.05043066865316454,1,interior
0.23175337833013873,0.18799630760365227,1,interior
0.23233021583637253,0.18572066165496084,1,interior
0.23853726625708072,0.15091535461810146,1,interior
0.2350563145730995,0.17498294208145618,1,interior
0.24365948096830306,0.16389866814656714,1,interior
0.24218219468222454,0.13527117318623086,1,interior
0.2580083369575331,0.09431931250836004,1,interior
0.23679456651653677,0.16867252881090333,1,interior
0.2237407157050852,0.22300002629838733,1,boundary
0.226658465979257,0.18908298333609866,1,interior
0.2897523791734106,0.051482656741176504,1,interior
0.25954559852936204,0.10609459789537264,1,interior
0.2543696058313877,0.1118194875210928,1,interior
0.26365055364149564,0.1059585098582649,1,interior
0.280543784737156,0.0579094792395444,1,interior
0.2569882399495466,0.09596525011868706,1,interior
0.28183034515345357,0.05610118195678114,1,interior
0.22701969378673947,0.19061967484858677,1,interior
0.29385146037205484,0.05131838406766483,1,interior
0.30697253021147297,0.046870731216817244,1,interior
0.22294896656780652,0.20737420840652113,1,interior
0.2357452515391963,0.14795939409274345,1,interior
0.3096459009008606,0.04690860386245378,1,interior
0.257954695666147,0.11107835922715881,1,interior
0.29412653474124734,0.049162901118752066,1,interior
0.31263528983719796,0.043905323097473525,1,interior
0.29209119412728385,0.04902491229780256,1,interior
0.2795440398325387,0.06216707126742421,1,interior
0.310867486617501,0.029534790667858524,1,interior
0.2428981028788688,0.13258502356861646,1,interior
0.2347943869100791,0.18585146153797122,1,interior
0.26645605881709755,0.0834437462222403,1,interior
0.27826788780989187,0.058691663484305226,1,interior
0.21716852830299935,0.21733780068859757,1,interior
0.25672797248183865,0.11198354779193241,1,interior
0.21745617030220277,0.22085995139981893,1,interior
0.2724819108119488,0.06117267237930621,1,interior
0.23419649504515413,0.1785468158060674,1,interior
0.2222639102131378,0.20092908681508653,1,interior
0.25696532041283454,0.11392017878656036,1,interior
0.21990000450546415,0.21324348507576307,1,interior
0.2405411293447255,0.14616565755292224,1,interior
0.23994588439643738,0.16228162160574708,1,interior
0.28965422186305284,0.049433509984136106,1,interior
0.2758269833208212,0.05989946150263282,1,interior
0.25539935106499595,0.11905873531553751,1,interior
0.2763259863821329,0.0550426217936513,1,interior
0.23757275247008422,0.14679737627220166,1,interior
0.2723139454771889,0.05920124341934525,1,interior
0.2785830591251591,0.05705156540166636,1,interior
0.26830527747569005,0.0707211084417099,1,interior
0.27659531984327934,0.056706099941752595,1,interior
0.23895923327032714,0.1575673677098157,1,interior
0.264827318111947,0.08426919687863112,1,interior
0.26365755436978294,0.08610214813139232,1,interior
0.23888683965678154,0.15437529233198363,1,interior
0.2326613682597266,0.17629343010163515,1,interior
0.3132045418303339,0.030781839126475693,1,interior
0.26569667274162456,0.08173092914578776,1,interior
0.26609904455325634,0.06987992536638278,1,interior
0.22644761729382984,0.20002330196831836,1,interior
0.23930608651371688,0.14732700989717,1,interior
0.2555683384790928,0.10817216882563586,1,interior
0.29089599858968573,0.04678971703584034,1,interior
0.23548786378532066,0.17346141812348984,1,interior
0.21676371437423636,0.21544749946659628,1,interior
0.28709376670584463,0.05294163575612487,1,interior
0.3148308137786584,0.032634282588183725,1,interior
0.27090148701349115,0.0828850232888508,1,interior
0.24118200923054417,0.13837718294763834,1,interior
0.3160840456684172,0.038488958622482146,1,interior
0.2877209877479684,0.05108886256826316,1,interior
0.2894275233491198,0.04727568258913612,1,interior
0.24089025210971374,0.15847711117867552,1,interior
0.26124639159737695,0.09220348606751638,1,interior
0.26647158188342607,0.08899641460487091,1,interior
0.24529385510929344,0.13025886120869265,1,interior
0.2872152334738912,0.04928753638290576,1,interior
0.262412015797513,0.09935420984512085,1,interior
0.3023784368292698,0.045512714439646586,1,interior
0.2656830700552235,0.1056028552022262,1,interior
0.2543206647686325,0.11704161680597766,1,interior
0.27143423579200177,0.06818370589618893,1,interior
0.21483802373375027,0.21979850765703293,1,interior
0.2569397842261803,0.10525679440020856,1,interior
0.29289805221130893,0.04717738432184573,1,interior
0.26069378286349054,0.08897335917386752,1,interior
0.21744691503527258,0.21922205735357214,1,interior
0.2744290252919505,0.05651341369287262,1,interior
0.21665228203597886,0.20610803768122476,1,interior
0.26676027092224197,0.07836339002012442,1,interior
0.2634566061066096,0.08201125543361382,1,interior
0.26210537832943087,0.10130003373733677,1,interior
0.21680392331405826,0.22246744150107142,1,interior
0.2592249399059976,0.10054763804529737,1,interior
0.23966055467232233,0.16043886587328607,1,interior
0.2554722593344676,0.12256820274317583,1,interior
0.2353177338596608,0.1699498071511255,1,interior
0.21977596184991205,0.2162281446396067,1,interior
0.31288511955059395,0.042334070178200754,1,interior
0.2775370141645961,0.0532212853691067,1,interior
0.2355763558335739,0.16653234748828066,1,interior
0.2605308871359973,0.10140929083649611,1,interior
0.3103429363708131,0.043024792299478844,1,interior
0.23401515766579883,0.16864517398237608,1,interior
0.28784813699158873,0.04764614491504304,1,interior
0.24040217509885137,0.13202975542298392,1,interior
0.27230295803823434,0.05570387517423449,1,interior
0.25253928889503247,0.11531851936675458,1,interior
0.31402923000993777,0.04098513950071477,1,interior
0.2699857103592183,0.06899664038398937,1,interior
0.29994983860795227,0.04756437560187726,1,interior
0.31443227979886756,0.02885824574854306,1,interior
0.25614781145087057,0.11576886156688422,1,interior
0.27450018964948497,0.058382552240168265,1,interior
0.2547962183186259,0.11447546445287533,1,interior
0.24207577146411408,0.128606538972427,1,interior
0.30511959440319,0.04708006806722805,1,interior
0.3080839252413316,0.04112852186721354,1,interior
0.2749369168756569,0.0532928047917034,1,interior
0.23875570160632034,0.14181537398480284,1,interior
0.312324245103114,0.0262827049003363,1,interior
0.27408833858234233,0.06095013493681966,1,interior
0.2651372324645829,0.07784011289963354,1,interior
0.25027628584172834,0.11924041749969334,1,interior
0.28593989514899787,0.04648115500203236,1,interior
0.2467490194828098,0.12457940567690963,1,interior
0.2328241043899201,0.1478837001292298,1,interior
0.2460739488008153,0.13177423570363075,1,interior
0.3133299363332053,0.032382580966234954,1,interior
0.266741171597323,0.07669996999969753,1,interior
0.23647449792120065,0.1555684254677563,1,interior
0.2279637666331777,0.18824304966209018,1,interior
0.22460539080952452,0.18954306186384337,1,interior
0.23832877963159058,0.13757174987084095,1,interior
0.2860527725827688,0.050355491749053176,1,interior
0.31048787717857457,0.044747327347589384,1,interior
0.22417972700224037,0.1990329535292388,1,interior
0.23709120887080024,0.16693776037362792,1,interior
0.25464742400578744,0.1102521464584315,1,interior
0.21767530172936309,0.22431320372270075,1,boundary
0.24458853855389917,0.1456898658623319,1,interior
0.21851915822914983,0.22279622907638172,1,boundary
0.2469756882137628,0.12244394542807642,1,interior
0.23711048484746702,0.16123955506527174,1,interior
0.2311988213298491,0.18074581428006622,1,interior
0.23753235352784172,0.14484347148431007,1,interior
0.24238282193421687,0.17427657755060746,1,interior
0.23598199324038407,0.15257436812474037,1,interior
0.3146835676734676,0.04554568092351446,1,interior
0.2709094856716812,0.0770480826265472,1,interior
0.3095501349697396,0.0287765108363092,1,interior
0.21542201825696455,0.22394978970452303,1,interior
0.2812191971018198,0.05446490553739784,1,interior
0.2181609250989333,0.21608131506915698,1,interior
0.23919603625132904,0.13981403410199808,1,interior
0.262019652722835,0.08758409291428765,1,interior
0.23443787903880778,0.15498093917600594,1,interior
0.21811232933894859,0.20473213856330197,1,interior
0.21508318687861674,0.21754588863997426,1,interior
0.3114635498297751,0.046088175994764974,1,interior
0.235764101932076,0.14638505917266229,1,interior
0.23456785392558693,0.17127139096814384,1,interior
0.2532774173637284,0.11380092813257078,1,interior
0.29626671338748517,0.05079212860011684,1,interior
0.3049261921686157,0.0453036319407914,1,interior
0.24829126016986655,0.12146960516023732,1,interior
0.25827275724922094,0.10253825304922176,1,interior
0.2317501219034244,0.15492234059379695,1,interior
0.22072421174717063,0.20579087470287896,1,interior
0.2669989808402289,0.0741274358433303,1,interior
0.2138835836700398,0.20554712007712408,1,interior
0.2365128730315097,0.17124388150430536,1,interior
0.29289243664396003,0.05702762057577837,1,interior
0.23128243736946383,0.19731843990696782,1,interior
0.2573569126182161,0.10122739580811731,1,interior
0.22722533331276953,0.19331835196931388,1,interior
0.25254924555706915,0.1169496211272433,1,interior
0.2967962082251317,0.04718014499122213,1,interior
0.23401644010394337,0.1727509932393088,1,interior
0.26016891228429384,0.09877448014326518,1,interior
0.2718189541685906,0.057482940603284044,1,interior
0.24016532066660123,0.1366601867009283,1,interior
0.2544424096778777,0.105871600452972,1,interior
0.23387849802886979,0.14615737982083568,1,interior
0.22422810603323087,0.1877345790004115,1,interior
0.2378516397656719,0.16551723704834917,1,interior
0.2842532997540615,0.050985356540565505,1,interior
0.23241174057710012,0.17207407695683793,1,interior
0.30767295333553035,0.04430718482432024,1,interior
0.25359792792954305,0.12183310363031001,1,interior
0.24147806628569535,0.13063916496876696,1,interior
0.26898185881673764,0.06632596769476928,1,interior
0.27135793849211326,0.06362234164760026,1,interior
0.2497933677736701,0.1157042646115896,1,interior
0.2681163419030081,0.06817824802188058,1,interior
0.22613830579251662,0.19572834139074002,1,interior
0.26470775521184703,0.06800815364202756,1,interior
0.23341337977740573,0.1742345731306225,1,interior
0.2684076867633828,0.08002236099025045,1,interior
0.2297307297187631,0.1955344018712699,1,interior
0.2997195136205825,0.044072317688818585,1,interior
0.2582910814077256,0.09843075566814223,1,interior
0.3059288609801618,0.04278212426537631,1,interior
0.31380952203949436,0.03597283536008349,1,interior
0.2314685208450939,0.1571624444032982,1,interior
0.2690065318253038,0.06454865911166012,1,interior
0.28380637262037284,0.048762308834864126,1,interior
0.22452895617391963,0.19115345693558358,1,interior
0.24077988342012263,0.13392391337597243,1,interior
0.2425748799157769,0.1411085479750223,1,interior
0.2574090695033203,0.09968192548738145,1,interior
0.2629866700506487,0.10273787668240177,1,interior
0.26835668547715175,0.07835415340021402,1,interior
0.24434309953456676,0.1285129386397608,1,interior
0.21514094362030886,0.21589848688064525,1,interior
0.2565011695348991,0.11760142344166136,1,interior
0.2987050165624551,0.045891366610889724,1,interior
0.24538217045809943,0.12550614071022767,1,interior
0.30977437048324963,0.027082416325963376,1,boundary
0.2813658492107153,0.04891702281744971,1,interior
0.2710219522114743,0.060358192496097376,1,interior
0.2663958072579228,0.06661044058660166,1,interior
0.2412735750118497,0.16542511350673167,1,interior
0.24480247493110688,0.12273625981158463,1,interior
0.28279954087111797,0.052208626029367516,1,interior
0.23867673060720862,0.14369067517877476,1,interior
0.29529554363599675,0.04761566420060985,1,interior
0.27901416939125556,0.052181227207291306,1,interior
0.2694642807593676,0.05955429928442374,1,interior
0.22715799223724753,0.18648508891130192,1,interior
0.30894668328891284,0.0499082848581498,1,interior
0.2248105629369811,0.18511788006405516,1,interior
0.229584381694708,0.187161470317522,1,interior
0.308210299853991,0.04275660188875912,1,interior
0.3109299834440259,0.041206495296602315,1,interior
0.23603406089273962,0.1383303609464573,1,interior
0.2520332229372189,0.12001289546586083,1,interior
0.2516631587198755,0.11056077519288937,1,interior
0.2308600183360061,0.18966971632658275,1,interior
0.25743811241281583,0.10907855294708425,1,interior
0.2562904073424902,0.10324280189388406,1,interior
0.23474069720921625,0.15675512857432353,1,interior
0.3089077515429372,0.04519416946124037,1,interior
0.31272476361791024,0.04007370369721513,1,interior
0.26047414629887383,0.08178579254590146,1,interior
0.2459989655084849,0.12847076327620202,1,interior
0.22803994813946482,0.19636837532206314,1,interior
0.2706279674989818,0.05524217362894606,1,interior
0.21542222777123465,0.20414900058727997,1,interior
0.2258706769209587,0.1981564231672775,1,interior
0.2244445178705133,0.19744291765540936,1,interior
0.2215032663768327,0.19770778947723713,1,interior
0.26405765599508485,0.07468234115251203,1,interior
0.23335731966372975,0.1573838833925925,1,interior
0.2678806764203457,0.07249502196608028,1,interior
0.31136814874588037,0.02765638013279907,1,interior
0.21404767232615643,0.21458929298914461,1,interior
0.2804746598210615,0.05033692469248566,1,interior
0.23254706335760175,0.16982894016317812,1,interior
0.32398241228067937,0.021936233744380213,1,boundary
0.2525475358844901,0.11228685133634816,1,interior
0.21363644827666994,0.2031082770088798,1,interior
0.2317682785907777,0.1594894684985066,1,interior
0.2943280145343378,0.04598374754252486,1,interior
0.3080657628438356,0.029278748119752014,1,interior
0.23663098276061198,0.1643540202139121,1,interior
0.2655758456632555,0.07955662677754508,1,interior
0.24416050532800865,0.12666430167562265,1,interior
0.22936806394275863,0.18562851496909075,1,interior
0.23980439744579882,0.12926805072800457,1,interior
0.2858123104343064,0.04855120368392261,1,interior
0.21356729502248503,0.21848426144751054,1,interior
0.26489047465423027,0.07610870903285982,1,interior
0.23885196289633778,0.16749363938605089,1,interior
0.3128023558066295,0.03446799675236894,1,interior
0.2965493325167362,0.04510690678725834,1,interior
0.24073759534479236,0.12778703862905144,1,interior
0.23732583700459725,0.15796023020629554,1,interior
0.30652837095930513,0.028746644466489932,1,interior
0.2620968743196377,0.09653485130584295,1,interior
0.22805295217108706,0.183816049977884,1,interior
0.2573310083180739,0.09215763212182106,1,interior
0.23779776523984542,0.16312315742423347,1,interior
0.2347483499868915,0.1595321555603462,1,interior
0.23895283378883747,0.1644408876935075,1,interior
0.3059317275674724,0.040871798385405556,1,interior
0.23069104687816513,0.17742933465574562,1,interior
0.22996884057839098,0.18351921668242704,1,interior
0.24110834729591876,0.12548724378738954,1,interior
0.244553870052947,0.12103351699620064,1,interior
0.23755572706189682,0.13553584183384387,1,interior
0.2601404131962214,0.09592138586251259,1,interior
0.23712014305486934,0.14318454249625273,1,interior
0.2713016288818207,0.08516682686286091,1,interior
0.2885203321973468,0.04498956306184249,1,interior
0.21277050467775335,0.21561023764401513,1,interior
0.2321738939330263,0.1778542887773084,1,interior
0.23104291312736297,0.17331409957886657,1,interior
0.24609096543207096,0.1201807344086934,1,interior
0.21397626270641798,0.200397512349567,1,interior
0.23555826411182063,0.1627012978884183,1,interior
0.23893700655487574,0.1308885988509623,1,interior
0.24255016756156353,0.12256347853736234,1,interior
0.23182959846053142,0.1746399073922479,1,interior
0.21219859167504745,0.2067197353395937,1,interior
0.248724408590997,0.11006899520184753,1,interior
0.21961606376470688,0.2022281969352495,1,interior
0.24810212068361792,0.11839776683768438,1,interior
0.2609051161342247,0.08614299385421881,1,interior
0.21591629391903963,0.19813821487971983,1,interior
0.2641707994057269,0.06505843233552776,1,interior
0.2728195913501835,0.053054915183744424,1,interior
0.22570514052841378,0.18724702069347635,1,interior
0.23144377628248947,0.1680872154120104,1,interior
0.25840029655872077,0.08263491379927301,1,interior
0.2593767013306341,0.08705190897962485,1,interior
0.25390384181766257,0.10880939785943952,1,interior
0.270170174542263,0.053633448608573185,1,interior
0.25157007847332097,0.11394657908889573,1,interior
0.27583206776450225,0.05101900978046737,1,interior
0.29942588221097577,0.04227651319234031,1,interior
0.3111521875507185,0.033868997156951935,1,interior
0.2389510543264383,0.12444739814330713,1,interior
0.23592013926515507,0.13629769347097953,1,interior
0.21698067192363754,0.22600786906281464,1,boundary
0.23035177366627912,0.15590127288734365,1,interior
0.297382525303784,0.04346779561505676,1,interior
0.2583627218658014,0.08996324027426403,1,interior
0.31773735619958143,0.04113440818942299,1,interior
0.25112646124776955,0.10898509343941735,1,interior
0.27405333476981875,0.05496499669816432,1,interior
0.23710660001050887,0.13975763740824104,1,interior
0.30754720789267825,0.03157008369671065,1,interior
0.2426773982004312,0.12468106205028695,1,interior
0.29260680732000055,0.04470002151755641,1,interior
0.22031190726518593,0.21962835022754856,1,interior
0.23941953269677194,0.12593693715949308,1,interior
0.2619598163247599,0.08114937644502404,1,interior
0.22371990292779653,0.1840582683442444,1,interior
0.2293237987730808,0.17942258155566218,1,interior
0.2648392615531942,0.07074653769148254,1,interior
0.3072976645488022,0.03844333506520459,1,interior
0.2221071019068975,0.18605785713687684,1,interior
0.2179229870085358,0.20267244715597746,1,interior
0.31022287175042673,0.039086721973437655,1,interior
0.24217200490373483,0.11984883925043313,1,interior
0.26356996714870745,0.07771916124450978,1,interior
0.2685897967549292,0.053820742700496055,1,interior
0.23306694084912463,0.16653015556352735,1,interior
0.23813342735635468,0.12850282019499681,1,interior
0.2423796905364709,0.1265476197733904,1,interior
0.21258993066693288,0.21715304274251856,1,interior
0.23713957563895752,0.1317664483543962,1,interior
0.23089439980338863,0.17909968102700732,1,interior
0.2553616245119337,0.11297536447416232,1,interior
0.24848200939084364,0.10776603297103655,1,interior
0.233402506968528,0.13958928053653663,1,interior
0.2343413379669392,0.1532788874743055,1,interior
0.29218607495903137,0.04251809152876446,1,interior
0.23648893444073313,0.1594926400117219,1,interior
0.2345234868756396,0.1504590314685788,1,interior
0.24581376486460305,0.11827699098519859,1,interior
0.23472344312949914,0.14457146811602345,1,interior
0.2619706746994977,0.084700400257103,1,interior
0.3100798749392991,0.03669997561183073,1,interior
0.29745544726678474,0.04175416162721813,1,interior
0.30883344817130215,0.032708689854304814,1,interior
0.23973364597830008,0.1223931928112527,1,interior
0.2312550195569579,0.18462786148993973,1,interior
0.250825475824455,0.11235186806651314,1,interior
0.2638573335012487,0.07967072174968744,1,interior
0.26551122950530753,0.07368668128452416,1,interior
0.21343124745448966,0.21026098413115976,1,interior
0.2956834162818604,0.042682290991746294,1,interior
0.23786120569175076,0.1224934407820556,1,interior
0.25412611620319675,0.1026407772272399,1,interior
0.22751477623228064,0.18129778067511296,1,interior
0.30484016364966976,0.02820678086323493,1,boundary
0.23448581961139492,0.16463368900421144,1,interior
0.25675155023390195,0.08712188081100869,1,interior
0.2680245948465142,0.060560780312685566,1,interior
0.23681659087499687,0.12736976060618938,1,interior
0.21558581532967003,0.22143638033125362,1,interior
0.3018733092201408,0.041919621494316765,1,interior
0.24884031574417864,0.11294540828910367,1,interior
0.31088088831588473,0.03209334553517973,1,interior
0.21341458998436824,0.22214230506735375,1,interior
0.2409593190291404,0.12348931822633985,1,interior
0.3168374640426736,0.044378712335891496,1,interior
0.2681537393679792,0.055440541578240125,1,interior
0.258045605044327,0.08521652669684857,1,interior
0.26223002478324153,0.07890628421682382,1,interior
0.28151410422208745,0.046208549753836724,1,interior
0.25212930065626454,0.10550600780678332,1,interior
0.25596857402720496,0.09835931267991413,1,interior
0.21367823372623723,0.20875316282253809,1,interior
0.2657218064208849,0.06261563763776384,1,interior
0.23287542677545428,0.16173940478646287,1,interior
0.2136654617980276,0.1978895300364409,1,interior
0.2565077727445476,0.08205956480917206,1,interior
0.26957591018384763,0.06149445684987015,1,interior
0.24760496013168473,0.12001978275328483,1,interior
0.283594680916873,0.04678534300291712,1,interior
0.2550579428324559,0.08600916953852883,1,interior
0.25565336663878757,0.08350068512091645,1,interior
0.2442708867271501,0.12436532523999996,1,interior
0.237365481581428,0.12991729764110596,1,interior
0.2619986011514236,0.0772718854177557,1,interior
0.2605175547163513,0.0766944886513147,1,interior
0.21295681590046375,0.22045090376592963,1,interior
0.22977396175041775,0.18143704570944305,1,interior
0.3097822683137198,0.03092783065381962,1,interior
0.2480925127147227,0.11561971301549984,1,interior
0.22547618325843893,0.18218272937252378,1,interior
0.21540969527721948,0.22694193107825925,1,boundary
0.25334550007043294,0.10723397189331026,1,interior
0.21936421167160075,0.20380549522981814,1,interior
0.2540114697149868,0.09768391062718003,1,interior
0.2566224183193892,0.08998502250786632,1,interior
0.2677053491717031,0.06287335626807489,1,interior
0.2104081677387231,0.21437967141455955,1,interior
0.25053299776461696,0.12387476269390983,1,interior
0.25037507148433996,0.12084337077823684,1,interior
0.2552774405421852,0.09477615230384343,1,interior
0.21191618612923124,0.21889465144829992,1,interior
0.24768147359347964,0.10643127563171241,1,interior
0.22245555686117197,0.18315961584682458,1,interior
0.24598968077032443,0.10508806573501783,1,interior
0.24930578706217368,0.10542775556651938,1,interior
0.21121894139124175,0.22262808745402946,1,interior
0.2688467756476472,0.05222779263711583,1,interior
0.28022008145817556,0.04506836262477918,1,interior
0.21280534972589202,0.21178370079939404,1,interior
0.24780237089082624,0.10308430069644947,1,interior
0.2462004669980485,0.1094066399437165,1,interior
0.31130319078787555,0.03790729177424237,1,interior
0.2110136370585714,0.2047697961398698,1,interior
0.23791786480889004,0.12559157569514595,1,interior
0.24679684259617268,0.11123899141150566,1,interior
0.25507923324657344,0.09078508755679027,1,interior
0.26981792230306106,0.06319195577536853,1,interior
0.3118379965657685,0.03609299602509556,1,interior
0.2789943346918884,0.04843806660913614,1,interior
0.22494130184395716,0.19413205666039102,1,interior
0.25116144565754145,0.10731456428687208,1,interior
0.2691667915230322,0.05676046843470826,1,interior
0.2540356408428491,0.08220659136897412,1,interior
0.2551194411248226,0.10020308457589645,1,interior
0.2323356395641812,0.16467090543163626,1,interior
0.2682489597957052,0.05072395106487081,1,interior
0.21161437982777276,0.2106741462645505,1,interior
0.3082070344695037,0.02731570879187992,1,boundary
0.22642181069206527,0.1846850265556013,1,interior
0.3129943439977044,0.037799454598048364,1,interior
0.21063098741901132,0.20273911937528427,1,interior
0.2783547365704765,0.04620878001709824,1,interior
0.2775279266081349,0.0516687046587263,1,interior
0.20831279365655134,0.20452779236921054,1,interior
0.27752724504307447,0.05011612868754422,1,interior
0.23634608030224563,0.1344104909943206,1,interior
0.2836812168115722,0.0558091428279955,1,interior
0.26642920554655747,0.0605331671405343,1,interior
0.23602656754905899,0.12490864155127854,1,interior
0.26227668709182117,0.07548344611465373,1,interior
0.2804762721266354,0.047326679256349084,1,interior
0.3052189606379953,0.029869161330282952,1,interior
0.2580779673199699,0.08812057824165384,1,interior
0.21036345053045952,0.21839671740665742,1,interior
0.23616191471494496,0.1232510363270048,1,interior
0.2224561818203219,0.19219079303278078,1,interior
0.2898057192891929,0.04399184777820127,1,interior
0.24408699523941166,0.11861669698967624,1,interior
0.2278284087677378,0.15644658642115683,1,interior
0.2460364464616569,0.11369948546471405,1,interior
0.25606942763806323,0.08851040330259083,1,interior
0.23572713825024033,0.1410452560935841,1,interior
0.27385816000056296,0.0509543975327076,1,interior
0.26738011337100615,0.06470690904253647,1,interior
0.25642712432662257,0.0937251576465066,1,interior
0.25963970299912603,0.08486318927965837,1,interior
0.29375367815443404,0.04234240479815467,1,interior
0.23523654110491382,0.12926557095567848,1,interior
0.2544400086531655,0.0924783464532285,1,interior
0.30733698797060877,0.03641272429059507,1,interior
0.2302615330742008,0.1757210087131904,1,interior
0.25453330141801983,0.08826164394751368,1,interior
0.27057134079155803,0.058490531329589486,1,interior
0.21007050609621652,0.21249687937717918,1,interior
0.26573579331472763,0.06489765607365093,1,interior
0.3040778748091187,0.04123186375679977,1,interior
0.23933151334902547,0.13454429191108577,1,interior
0.25314552225502374,0.09399746983895625,1,interior
0.23506690367252317,0.12125493632354653,1,interior
0.23402934092533217,0.11877180157112993,1,interior
0.23457587640736066,0.16137743742888622,1,interior
0.22168285295876317,0.1813592912310888,1,interior
0.23007664395003957,0.1472138446708585,1,interior
0.27516231172548955,0.04961420972719804,1,interior
0.25971163569983335,0.07832445932144518,1,interior
0.22561453159374198,0.19265557528241167,1,interior
0.25806337826636233,0.08101422411832976,1,interior
0.2550119245553712,0.10420572958530393,1,interior
0.23363314652670722,0.12411586482165905,1,interior
0.23345994161409966,0.122031719916322,1,interior
0.309001057868151,0.03424006019069239,1,interior
0.2303056569310299,0.1715251861657556,1,interior
0.24074529096709027,0.11837418610216931,1,interior
0.2292398495140252,0.15894510890102417,1,interior
0.2274184939092892,0.17863997231930023,1,interior
0.2505402896446518,0.10335586512781497,1,interior
0.3036452886620658,0.03977412201936892,1,interior
0.23812022645855316,0.1332321267442742,1,interior
0.3087858105905235,0.03811212921198082,1,interior
0.21135539685556073,0.20078622161012122,1,interior
0.3030607130425878,0.030601956963713622,1,interior
0.22814878669349367,0.17693790952137592,1,interior
0.24983817366136457,0.1140930001044102,1,interior
0.27035842271990507,0.05058229739706406,1,interior
0.2641464166393442,0.07278292363822793,1,interior
0.21295574877749332,0.21346955576636178,1,interior
0.2558573513353034,0.10645257723775761,1,interior
0.2680316615883917,0.058005620469163806,1,interior
0.2662452986701758,0.05207983029414942,1,interior
0.24957135640709743,0.11758702798416464,1,interior
0.30106639596010804,0.043260380342116815,1,interior
0.26080217375416376,0.07986776829845187,1,interior
0.22964131591314327,0.17394906460274123,1,interior
0.20958974331309743,0.2062844206329331,1,interior
0.2238722685571714,0.18244283649699838,1,interior
0.2670378992920331,0.04854777469355451,1,interior
0.28441069480958125,0.044921794992071565,1,interior
0.23470416440282027,0.14289577247780008,1,interior
0.2955428234162626,0.041093980741180494,1,interior
0.21898436904463667,0.18172141864342237,1,interior
0.2946788095771237,0.04418585228499734,1,interior
0.25346755887268174,0.10411198049880369,1,interior
0.2106621381775129,0.21635990461709806,1,interior
0.3060323531388103,0.03727390795594236,1,interior
0.23083032627027206,0.1612428337395171,1,interior
0.21577426934318908,0.20214644612404395,1,interior
0.2662827852804452,0.05656986478992507,1,interior
0.25355841713453076,0.08021577865723885,1,interior
0.2637259178200234,0.06295878533842729,1,interior
0.23274254784094997,0.14954035289393877,1,interior
0.3035345508139268,0.04375818133617341,1,interior
0.2309719227353434,0.1657089976587623,1,interior
0.22864749241003643,0.16059958232421095,1,interior
0.2082709376881498,0.21225380489569065,1,interior
0.27864972332156057,0.04411079452776954,1,interior
0.2318097312062716,0.1213661686009531,1,interior
0.263087496173787,0.095005084837574,1,interior
0.23116506864533307,0.15153301324807508,1,interior
0.25335806411478135,0.08715881813271131,1,interior
0.2328889317487151,0.15126965077349228,1,interior
0.2082765458345872,0.21557333446062593,1,interior
0.2311110379845122,0.14894990154070784,1,interior
0.24772262026291408,0.11407038397385304,1,interior
0.25528009672723506,0.08113406717963281,1,interior
0.2717136212050819,0.05143973085125663,1,interior
0.2291791203642528,0.1513160926697814,1,interior
0.24977362339449471,0.11123323423127525,1,interior
0.22887600427046095,0.14939274893454754,1,interior
0.262466787244006,0.06800090580946253,1,interior
0.24700485649484877,0.11729101746534878,1,interior
0.2759103925678165,0.04785128010483453,1,interior
0.2586232747053826,0.07668066271467511,1,interior
0.296808267305441,0.03975223813119459,1,interior
0.21321931636757185,0.22601973718352633,1,interior
0.27319421859776166,0.04840642877587038,1,interior
0.2234541474095925,0.19471738519155948,1,interior
0.20894477203699616,0.20144734247832416,1,interior
0.2579889050929412,0.07834430464844533,1,interior
0.2147962930304351,0.22549521976875547,1,interior
0.24468999765143612,0.10818794558260762,1,interior
0.22451338490807865,0.17952930026601008,1,interior
0.26088626006257654,0.07397299656105792,1,interior
0.2081089097777876,0.2174199677078665,1,interior
0.26464041845427577,0.054057019434677,1,interior
0.254247623626927,0.08418964165916405,1,interior
0.21456900886763727,0.19601631517911353,1,interior
0.2661607811394243,0.054253985061516775,1,interior
0.24134347165792072,0.1212141766775152,1,interior
0.2999700446435031,0.03930448952041976,1,interior
0.2095737408523312,0.21979618613723498,1,interior
0.2317015986565815,0.1386481126527807,1,interior
0.21930211142946776,0.19926772304278756,1,interior
0.251741408232201,0.1015201402102171,1,interior
0.21388794264782862,0.22804742496578054,1,interior
0.30524113045845314,0.039216347986961365,1,interior
0.2649542363379261,0.0609934333457029,1,interior
0.23236696552924033,0.1530664125600398,1,interior
0.27744588722941826,0.04280776946251614,1,interior
0.23327631835120358,0.13709709113221025,1,interior
0.22688824581419123,0.15837232505992327,1,interior
0.3068296140190884,0.03410142693128038,1,interior
0.22660718647362538,0.16228286524372515,1,interior
0.2276998126538521,0.1948140391249543,1,interior
0.26114668259463536,0.08331063717106377,1,interior
0.27085357113350805,0.04858352131516827,1,interior
0.25206180468056105,0.0918887099198251,1,interior
0.30486279047834797,0.033829941941422435,1,interior
0.24556278547412977,0.11541937657325958,1,interior
0.23148402329648538,0.11930096518513818,1,interior
0.287983726587573,0.041845263630767016,1,interior
0.24378450656231754,0.11678990587828521,1,interior
0.2999925604900945,0.03758177657512364,1,interior
0.22818842749990148,0.1539164077583967,1,interior
0.2558472862743002,0.07674199436321152,1,interior
0.2519421657656195,0.0837753326108903,1,interior
0.23496576295478033,0.12609147584919286,1,interior
0.23144469056388972,0.13702963040932506,1,interior
0.26249266358712164,0.07216253370766802,1,interior
0.23199184219646152,0.14231142209468237,1,interior
0.2458212751350947,0.10712720825928468,1,interior
0.22725956019774585,0.16465751457097774,1,interior
0.23101901572106684,0.16300525123764523,1,interior
0.22064081500980032,0.18507118808944817,1,interior
0.2598116851318505,0.09045464194203169,1,interior
0.3044953581035905,0.03753845992397955,1,interior
0.23542488941025336,0.1320516281797347,1,interior
0.2085747365220653,0.19882655239567393,1,interior
0.2597663421811286,0.07530108158019373,1,interior
0.2650732786858898,0.05883018374320489,1,interior
0.2589440221394145,0.09692936608255474,1,interior
0.24406729345290754,0.10554435652763355,1,interior
0.21271422392907732,0.23022258345763083,1,interior
0.21063207983280302,0.20803177769564238,1,interior
0.2559212799508774,0.0749349769605907,1,interior
0.25407274636476895,0.07770510580211709,1,interior
0.2239559979488637,0.16164545056635438,1,interior
0.22313777506431412,0.1905227686500236,1,interior
0.2393439477243772,0.11904899795886377,1,interior
0.25812347111032374,0.10406814324581828,1,interior
0.28266587370501756,0.043929938265387054,1,interior
0.2523217836475939,0.08197132026966096,1,interior
0.21240783046229506,0.20413154708452488,1,interior
0.20758256420291102,0.22163125343428072,1,interior
0.22847176116715734,0.16262382085251081,1,interior
0.2122208435189799,0.20203453618205963,1,interior
0.20795577938011722,0.219055370410667,1,interior
0.22936536375858207,0.1651237917356203,1,interior
0.2662125124360008,0.07216627248927382,1,interior
0.23902963960256887,0.14567522063780572,1,interior
0.24954943915893474,0.08134344785426874,1,interior
0.2293928889548109,0.1529535692452256,1,interior
0.23399647003558746,0.1628615807709564,1,interior
0.21117358707194062,0.2209258039722772,1,interior
0.21122733229536436,0.22560568277552484,1,interior
0.2934422516842529,0.040198507646460144,1,interior
0.25214083678583304,0.09945746667619736,1,interior
0.26166593738463295,0.06444719211121883,1,interior
0.22604292070666987,0.176865506800524,1,interior
0.2082403601047914,0.19658944073038537,1,interior
0.2924007615860158,0.039078345957738715,1,interior
0.2121830343089745,0.20844460012592625,1,interior
0.2115603512829699,0.22850940257507693,1,interior
0.23124263568710127,0.11741914517341731,1,interior
0.22612634428129724,0.18008781956678035,1,interior
0.3053731850866667,0.0318758694755052,1,interior
0.2208633493942548,0.19966615631744258,1,interior
0.2864597840999448,0.04449604194651199,1,interior
0.21739852659098083,0.2008290310839495,1,interior
0.20933214803773373,0.21064587014758704,1,interior
0.22405157567768058,0.1774040457139732,1,interior
0.22040614481587967,0.18242279799208255,1,interior
0.2704954192379367,0.06497825522304006,1,interior
0.2555153294445156,0.07944368638874401,1,interior
0.23310319755478182,0.11692924998753697,1,interior
0.21331997746177755,0.22400683137358854,1,interior
0.23370328959630587,0.13256340185996768,1,interior
0.23362510889755103,0.12036060814834951,1,interior
0.2643118656459533,0.052361322000986074,1,interior
0.2226940423944448,0.18814386914777156,1,interior
0.2219976889756448,0.19383642360097647,1,interior
0.28956157447162617,0.04216775283023157,1,interior
0.29017452457761833,0.03806424091406861,1,interior
0.22659475443048796,0.16054068538153562,1,interior
0.2084605405133194,0.2140462060021561,1,interior
0.24483090181681907,0.11242584407657061,1,interior
0.26668415076483265,0.05888393009675329,1,interior
0.22191583250990152,0.1788452501166023,1,interior
0.2648867858126021,0.0556902846756487,1,interior
0.2512173355604177,0.0974549357914956,1,interior
0.20894583342339376,0.20299091977566183,1,interior
0.2204069816715424,0.1875834957513645,1,interior
0.26287259160913656,0.05582456556641968,1,interior
0.206451722803146,0.21405769744863862,1,interior
0.25257064952956526,0.08539867405081741,1,interior
0.26438386304588263,0.05740985385930682,1,interior
0.25346866580863714,0.09604670891860159,1,interior
0.2634330462864922,0.06096560902427722,1,interior
0.2392417163896947,0.12058477425879917,1,interior
0.2739953683770929,0.04602323169452129,1,interior
0.21148795217889274,0.2130533248426241,1,interior
0.22347191284057497,0.18071933902851997,1,interior
0.21141639437188714,0.23280026477852822,1,interior
0.25890306080750325,0.07315740661395795,1,interior
0.20815746942801375,0.20806632292684754,1,interior
0.27163708703785455,0.04519693681627568,1,interior
0.2672778678584264,0.0874961958730047,1,interior
0.22310098097866535,0.19658501370926493,1,interior
0.23127655621328397,0.11535242124872044,1,interior
0.22569613771609287,0.16395249007043292,1,interior
0.23188677594556198,0.1232205077991215,1,interior
0.24205067188974413,0.11655118906236563,1,interior
0.30333410620620943,0.027981334558877836,1,boundary
0.30247873005644027,0.037655041951734906,1,interior
0.26908880860921086,0.0463661306864238,1,interior
0.24456319139337834,0.10321957383663387,1,interior
0.25186173496846215,0.089776996505535,1,interior
0.25169391829849,0.07881071103006544,1,interior
0.22752860468602143,0.17472226539676217,1,interior
0.23332351038217278,0.13432827503503067,1,interior
0.2226153556940202,0.1988306168830216,1,interior
0.2615857685538555,0.06636579743240544,1,interior
0.21179728127645603,0.19688737057901223,1,interior
0.2045297774608794,0.21565446980551845,1,interior
0.2552481043491672,0.09663934069023919,1,interior
0.26248127944995314,0.057301559565458654,1,interior
0.23132672858854397,0.14598036537788134,1,interior
0.24950928029454367,0.09869543551738906,1,interior
0.27609261713516575,0.04563686758306339,1,interior
0.25370164171098314,0.08976109547099594,1,interior
0.2720559810860539,0.04699385923763847,1,interior
0.3087017467889757,0.03963872790728992,1,interior
0.2124882744933385,0.2343385875918262,1,boundary
0.2183920317391816,0.19805065757866114,1,interior
0.23414344197646864,0.11502508174351397,1,interior
0.2100167974554496,0.22402030723369173,1,interior
0.24996723788197625,0.10079812807325993,1,interior
0.22101383674117855,0.19600254036386033,1,interior
0.2518435014230615,0.09515776102564452,1,interior
0.24766473493366908,0.10465334966558756,1,interior
0.24899433789805028,0.08386116547382509,1,interior
0.2623394621671667,0.05406118249174745,1,interior
0.2058256981098001,0.21755070190745746,1,interior
0.30363919670355133,0.035453566110313424,1,interior
0.22886221720077068,0.11416610248884267,1,interior
0.2802095015024766,0.04283880719784169,1,interior
0.2204438677836699,0.189486691329097,1,interior
0.25331320124998713,0.10065685834107505,1,interior
0.25089433143396395,0.08559093049935833,1,interior
0.22942434669951153,0.17016430176842287,1,interior
0.2062957818010318,0.21601437496402665,1,interior
0.264133645426668,0.05022314271354518,1,interior
0.23866086371307452,0.159268093965879,1,interior
0.21945769117888475,0.1836276103705249,1,interior
0.25435634272135893,0.07372799170343482,1,interior
0.2182094932084283,0.19626195651630796,1,interior
0.2294757569348789,0.1573647847179239,1,interior
0.26265628694903687,0.07380608465395992,1,interior
0.20709067903211467,0.20343034389987863,1,interior
0.21909119859979576,0.19427430967699244,1,interior
0.2465715579675399,0.10151251451528538,1,interior
0.2643158103118101,0.04869154414169731,1,interior
0.3017207845950427,0.02837696505685445,1,interior
0.22966669680523571,0.14168380072471554,1,interior
0.23159892676878352,0.12475710214728268,1,interior
0.2660082491187814,0.05013433748250346,1,interior
0.24393907787801875,0.11405225533185322,1,interior
0.2382973293115259,0.11794197519745167,1,interior
0.3004158146779142,0.045896072128082,1,interior
0.25749892728449064,0.07516858198846264,1,interior
0.24234124354011943,0.11336499194523832,1,interior
0.2064088334640442,0.20987040145701102,1,interior
0.2663763294410009,0.06828521751304993,1,interior
0.22557813599548932,0.1592684327870502,1,interior
0.20750994726352348,0.2065688068735336,1,interior
0.2070056024743327,0.1948813967520026,1,interior
0.2629345572272819,0.06995495569331005,1,interior
0.26338555874393615,0.05938175733685492,1,interior
0.20662942060814551,0.22344128067750418,1,interior
0.23502138488917004,0.11694265453091833,1,interior
0.242710198059903,0.10955490143493757,1,interior
0.24246389200939858,0.10676810222245943,1,interior
0.2203728228145004,0.19109436250146267,1,interior
0.23026797119809073,0.15428609552412384,1,interior
0.23567304932322405,0.11546624700390708,1,interior
0.2508272607144413,0.07618342485043682,1,interior
0.2294791002614366,0.11996067083707199,1,interior
0.20914519400018292,0.22569239180523595,1,interior
0.2508889131402695,0.08839433060023734,1,interior
0.20769787761061678,0.22743476601984783,1,interior
0.24885259105534627,0.101937824751036,1,interior
0.23511724310412452,0.139540780147533,1,interior
0.2507681760161742,0.0825573057236176,1,interior
0.23398134384306252,0.1357134412155936,1,interior
0.2298242579791458,0.1918023847801328,1,interior
0.24763781916190972,0.08559160046941972,1,interior
0.23406718059397594,0.11349201031541714,1,interior
0.21987190915298177,0.19756055278236628,1,interior
0.260890176920729,0.06194133651503395,1,interior
0.23687345190753029,0.11665791989762357,1,interior
0.303674413874459,0.03238773170111612,1,interior
0.2691045454992197,0.04935798387578383,1,interior
0.30537797197042216,0.035659520199854,1,interior
0.30111120704197786,0.03208706830966307,1,interior
0.2237140489460568,0.19313897358394305,1,interior
0.23574177614599456,0.11392831217009675,1,interior
0.20561188473014383,0.2191310040267738,1,interior
0.23233174632666498,0.11268565269298007,1,interior
0.23261963521628404,0.12603690090513078,1,interior
0.24841194811208744,0.0756439173045771,1,interior
0.2120439349062337,0.1988348625709248,1,interior
0.216608750901495,0.1966392824857553,1,interior
0.2779865451646921,0.04115198022454504,1,interior
0.2320847518199091,0.13554734810588845,1,interior
0.20996871188397462,0.19673263784402814,1,interior
0.23208796800884718,0.1443668343739109,1,interior
0.2755886685122366,0.0429191691623406,1,interior
0.23258554150014638,0.13106131131585227,1,interior
0.2537299063635699,0.099194151910871,1,interior
0.22509465317705243,0.15764421485182778,1,interior
0.2618713612656129,0.050872663114128025,1,interior
0.261193490289233,0.06899977286244384,1,interior
0.20395956512870309,0.21799824631914982,1,interior
0.23576001705418884,0.11125533661219926,1,interior
0.2600939611872784,0.05748396808216723,1,interior
0.24768922818421316,0.08217567772993362,1,interior
0.24223893377730732,0.11501879050372824,1,interior
0.22773853374239858,0.14571758554996397,1,interior
0.21240902785107824,0.1953286023651877,1,interior
0.261505432871639,0.07096438485421025,1,interior
0.3025563809558202,0.03349525773559454,1,interior
0.23639851277194887,0.11824925744109019,1,interior
0.2510959631441087,0.0742586810038272,1,interior
0.2053723827647217,0.21205833208614353,1,interior
0.22056951614049766,0.17989644235599303,1,interior
0.22591777971711388,0.1662281232188643,1,interior
0.2761706629044276,0.04074743395189324,1,interior
0.22656994545853112,0.17260138081414428,1,interior
0.2535480859906539,0.07594922520626164,1,interior
0.2608367256309192,0.04967225550186085,1,interior
0.22823763039166017,0.1675708486797921,1,interior
0.24641083384785628,0.0830545365368696,1,interior
0.20708220805573405,0.19853419917209153,1,interior
0.23938021115403127,0.11622410284489168,1,interior
0.21051786542961407,0.23432177056434772,1,interior
0.20598756976412472,0.22108494812384397,1,interior
0.2179631196392113,0.18011263299880703,1,interior
0.22914959162020887,0.11725387082781953,1,interior
0.24945776851583285,0.08726334187694422,1,interior
0.29096017058540896,0.04106080130446348,1,interior
0.30158447691555573,0.030244062209309024,1,interior
0.22569692937045963,0.15520282543503117,1,interior
0.22664622612926055,0.15184810272855526,1,interior
0.2877126374115255,0.04033518698068179,1,interior
0.3007322144480096,0.03563221792896102,1,interior
0.2270992126619482,0.14999280590524983,1,interior
0.22730697314768292,0.11818424755362056,1,interior
0.299295231430548,0.03185458882713458,1,interior
0.27366708453080396,0.041852272544287604,1,interior
0.2862204052602524,0.04158183927606375,1,interior
0.205017608331307,0.2055769773097833,1,interior
0.20407865424599778,0.21952631648935833,1,interior
0.21527667384753957,0.22915443120741436,1,boundary
0.21904675292014364,0.20081107908717688,1,interior
0.203737703667773,0.2100014276477547,1,interior
0.25469254858381835,0.07156466767573795,1,interior
0.24932990487114257,0.0722965756915026,1,interior
0.27800864554066274,0.039259027768242284,1,interior
0.22966779009841504,0.11563084575998198,1,interior
0.2999230219037015,0.029071653150264002,1,interior
0.2021979994315528,0.21769049923466588,1,interior
0.2023865290215959,0.2153630450344057,1,interior
0.2238001610213609,0.164334630701664,1,interior
0.2623768380247227,0.04916872836306504,1,interior
0.2410480314111097,0.10919794708431309,1,interior
0.3012515315605659,0.026681048649947504,1,boundary
0.22711158534664982,0.11264771948297092,1,interior
0.21520280834297917,0.1808162377087332,1,interior
0.2158649857719101,0.1782731707394829,1,interior
0.26128491047099045,0.05254285161172366,1,interior
0.21284285164352007,0.23205740106059924,1,boundary
0.21439593978504332,0.23068709456288475,1,boundary
0.25891758269038617,0.05605573085339421,1,interior
0.24371222653849517,0.10047956921002245,1,interior
0.20520637167850497,0.20840465851651568,1,interior
0.2355664730183757,0.11975624834004744,1,interior
0.25978704756948123,0.06666265916174548,1,interior
0.22587319092445632,0.14907733034821297,1,interior
0.20571918953137452,0.19986621753115572,1,interior
0.30182477837885635,0.04009559502268607,1,interior
0.21001240384783798,0.23026175645393834,1,interior
0.24526934831246625,0.09990011365665456,1,interior
0.23766736872994093,0.12079398832514998,1,interior
0.22737609783995352,0.14734185970237468,1,interior
0.2308868167097219,0.11079569190783156,1,interior
0.24103542354151575,0.10603339668891563,1,interior
0.25609900811618214,0.07272669882832565,1,interior
0.2266884130338282,0.11510147654331486,1,interior
0.21708374958593354,0.21242653372122425,1,interior
0.24294965467433075,0.09821968599108155,1,interior
0.20421443152913768,0.21336607935046503,1,interior
0.2064869203729056,0.20495556299121453,1,interior
0.25878075001677264,0.06548365342860489,1,interior
0.24922827989036198,0.09178208273065462,1,interior
0.22882757031547646,0.14450912044489184,1,interior
0.2377471862441448,0.11515695780773284,1,interior
0.2231180242925664,0.15937508142486587,1,interior
0.20598635680049168,0.2249845585183953,1,interior
0.2240841223900033,0.15148110133341933,1,interior
0.22600586431611713,0.1682465203392934,1,interior
0.26336927352420564,0.06644508437277553,1,interior
0.24797049319009537,0.10049801694242709,1,interior
0.23744388637760178,0.1131041220613369,1,interior
0.2422825655745063,0.1038885786500997,1,interior
0.2635260266941163,0.045963963404865193,1,interior
0.20723991223501367,0.20176121045532708,1,interior
0.22997961097775682,0.16853359296341072,1,interior
0.26120795655245166,0.058913918032978775,1,interior
0.2589994785027442,0.07979385985653181,1,interior
0.2983111210974512,0.03303024002804167,1,interior
0.22491278078244886,0.14594823973561694,1,interior
0.2294666579943293,0.13871784372968124,1,interior
0.2740787190628441,0.043511821377329965,1,interior
0.2606964790060454,0.055591384606674114,1,interior
0.23972507830889855,0.10691888174535298,1,interior
0.21073205827674976,0.22715202633689116,1,interior
0.2988183201081586,0.0405590374027806,1,interior
0.24464450587851444,0.11007938934543389,1,interior
0.20298157691519408,0.20035667910532712,1,interior
0.2389239843912524,0.10402017774952477,1,interior
0.24253386797226786,0.11127744269928479,1,interior
0.2223021283125078,0.1573636639071021,1,interior
0.23739476904731882,0.102758552265032,1,interior
0.2795287999317241,0.04094785618817489,1,interior
0.23432583469835405,0.13068654086445256,1,interior
0.24497848019568166,0.08488236075554609,1,interior
0.2318416275775354,0.13331369325395143,1,interior
0.21996884568742567,0.15834761034952602,1,interior
0.20955741181543755,0.22136133330327298,1,interior
0.23149310842227294,0.14017386591057915,1,interior
0.25948434307021884,0.07012662597652417,1,interior
0.24680915514900292,0.07535547546715728,1,interior
0.2462854242406298,0.10315906161255553,1,interior
0.24766198291822566,0.09268972487044705,1,interior
0.2482414163465136,0.09724921454358858,1,interior
0.21013295733298323,0.19889404123172985,1,interior
0.2570433509535179,0.071379523387567,1,interior
0.27132359517816645,0.04311183111370754,1,interior
0.2209762071413672,0.1774890962438087,1,interior
0.25572138076082557,0.07040722375008035,1,interior
0.2180891666258274,0.18569397808496546,1,interior
0.23719397904755646,0.1414635513192967,1,interior
0.2588258916156287,0.06842505030533241,1,interior
0.2305712868577,0.14295293376235899,1,interior
0.27450709774942256,0.03907450495395627,1,interior
0.21292252777957174,0.1937685886544385,1,interior
0.23325994873581443,0.1285916041864785,1,interior
0.21929542585075476,0.17805627793031084,1,interior
0.24783338717564357,0.07266036679172935,1,interior
0.2076743869426407,0.2107691431467429,1,interior
0.21416231043762554,0.1828550320146192,1,interior
0.260075622324572,0.06450411016429977,1,interior
0.25991102993159837,0.05336173910642084,1,interior
0.21115388992149378,0.19307567389547256,1,interior
0.2245015245427489,0.15318421095949494,1,interior
0.2981549079847473,0.03653138263984176,1,interior
0.2404765668837693,0.11419371480914903,1,interior
0.26021441217210595,0.07178667568942605,1,interior
0.2226555304325292,0.17621364999036254,1,interior
0.25927314190227263,0.050436964034306433,1,interior
0.2663033909960434,0.04532018485666345,1,interior
0.26946188494265366,0.044441050719634514,1,interior
0.21675689455497119,0.18301206586486835,1,interior
0.24540076021727283,0.07106456070622846,1,interior
0.20468531499477416,0.2228450851587657,1,interior
0.21303940746154734,0.18522762192895298,1,interior
0.21799448694714188,0.17722042210085148,1,interior
0.2870857844294131,0.0387115236173623,1,interior
0.2154316817240876,0.1945193226619448,1,interior
0.22766697973957023,0.12147865887337113,1,interior
0.20833762673830017,0.22370641290923146,1,interior
0.27750087047808153,0.04785259473834183,1,interior
0.24249716315082498,0.10169870949616759,1,interior
0.24920331548980162,0.09017303509794619,1,interior
0.28471675739074037,0.04275506311001978,1,interior
0.25262283471050906,0.07191031979483023,1,interior
0.20427747321003267,0.2030388481471105,1,interior
0.214473298651,0.1845362117105646,1,interior
0.2503641439579733,0.09339907326550312,1,interior
0.27200923065938015,0.04095568240660131,1,interior
0.2975975590593482,0.038294203490825816,1,interior
0.2250785710488027,0.11454694384698286,1,interior
0.22939965029347065,0.11169190355070893,1,interior
0.27653826011532967,0.044109776039710495,1,interior
0.22851830517047697,0.17290909688384992,1,interior
0.2332419148944816,0.14331051012544394,1,interior
0.2295203848457135,0.13668766514033884,1,interior
0.2937381639089935,0.03785367492295438,1,interior
0.2591068103307767,0.04787727237727391,1,interior
0.2236361409829326,0.1550270773576937,1,interior
0.29987214660404665,0.033875444578722075,1,interior
0.2894361452274684,0.03949231028368329,1,interior
0.2055755415494781,0.20183355681830428,1,interior
0.2590468387773891,0.06337705327408212,1,interior
0.24012532400049974,0.11177283093578134,1,interior
0.2962712037518265,0.03515370261442143,1,interior
0.2092168744717542,0.22889161441221856,1,interior
0.29302094261896744,0.03618135782635411,1,interior
0.22436109276157518,0.16772469746134613,1,interior
0.28289697769443295,0.04174462293880864,1,interior
0.2295386640171716,0.1217900013791485,1,interior
0.24544048504900315,0.08735622753252718,1,interior
0.22032106428430095,0.1932411674439573,1,interior
0.216462572233453,0.1845401662705224,1,interior
0.22592778031250826,0.17525717109194755,1,interior
0.20956291856278192,0.1945880220664412,1,interior
0.24852369350708406,0.07938452122429272,1,interior
0.250103586415598,0.09504281115026655,1,interior
0.27188062884107184,0.049912040296633854,1,interior
0.2511849363707488,0.07259295992201562,1,interior
0.28319313058805695,0.040191589449058575,1,interior
0.2813930218130188,0.04066828252847466,1,interior
0.295308638858317,0.03693823091533344,1,interior
0.2336187906046884,0.11129881764507399,1,interior
0.21875562811586166,0.18898079601535694,1,interior
0.26015741749656235,0.06055247604694979,1,interior
0.21717313514200512,0.19398474972224858,1,interior
0.2190269689893411,0.17532736913428437,1,interior
0.20352514519238277,0.2075337008687734,1,interior
0.25082612711200986,0.08008201286654203,1,interior
0.23030028655652976,0.1259262942279494,1,interior
0.22802820035018703,0.13751303107754373,1,interior
0.20842050985337948,0.19302146171496815,1,interior
0.21746556168579456,0.19246682814159588,1,interior
0.2800897351126522,0.039325670229349616,1,interior
0.2954443924318519,0.039024427453215466,1,interior
0.24588992146479502,0.08054623048235113,1,interior
0.24743706457365536,0.09903173390307947,1,interior
0.20359419524049155,0.22104516340022914,1,interior
0.22083096964139612,0.1607532079197908,1,interior
0.2475472640376081,0.08738077626524163,1,interior
0.24688472650809448,0.06883314034628449,1,interior
0.2410882264038058,0.10074313593936213,1,interior
0.24091289020339854,0.10303561207692516,1,interior
0.21087169629164132,0.19537709681845228,1,interior
0.245097096151002,0.0981508013098165,1,interior
0.21219013574078752,0.18119130352440146,1,interior
0.20563378521795306,0.22815599269553205,1,interior
0.21642448871083772,0.17988186621397234,1,interior
0.23847332252287728,0.10575913224737497,1,interior
0.23072540341374903,0.11388654692523628,1,interior
0.25856191726134464,0.054194422774803276,1,interior
0.20564485420664183,0.19732546157751002,1,interior
0.21193136430794027,0.18403588197339807,1,interior
0.22721544592335316,0.1703223269533204,1,interior
0.2030914322376121,0.20481535548490576,1,interior
0.28473618202328754,0.040019912469805304,1,interior
0.2102845836529722,0.18403859542813542,1,interior
0.22647586541918546,0.1443611233572197,1,interior
0.23912412459765628,0.10913149873651888,1,interior
0.2208126689108174,0.17577286452172083,1,interior
0.22982109963347538,0.13504584244550663,1,interior
0.22812029679214987,0.16908760748074816,1,interior
0.2224407297588855,0.16117593717175333,1,interior
0.2493955810779756,0.07748407410192994,1,interior
0.22243996574737304,0.15383739137087396,1,interior
0.2485994815070536,0.0940562126233596,1,interior
0.26730629206494544,0.04664602220617804,1,interior
0.24382446616676146,0.0961752790765393,1,interior
0.23263831861137835,0.11459274570846567,1,interior
0.20178624796091896,0.2096510354447054,1,interior
0.24666577798843428,0.09608349915134448,1,interior
0.21639445256107998,0.18741315119640098,1,interior
0.25246044460220574,0.07735140456492696,1,interior
0.21582181357533647,0.2005426748021086,1,interior
0.2886307824468055,0.037508289950764606,1,interior
0.2618493210629439,0.060330462905726995,1,interior
0.230356826405554,0.1447021826167434,1,interior
0.2487780219942415,0.0740663846642323,1,interior
0.2901001594553118,0.036065732974213394,1,interior
0.24780313992067773,0.07771678303556462,1,interior
0.20269174718654018,0.21279859888073932,1,interior
0.21830899076672755,0.15820923121817712,1,interior
0.2016765269089059,0.21995262048964495,1,interior
0.23903013405275012,0.1130574761008251,1,interior
0.2581790243841953,0.06095127608506565,1,interior
0.2243944877970349,0.14355020084230663,1,interior
0.23472868179198578,0.10972876705154974,1,interior
0.2237972243315537,0.16591097386211495,1,interior
0.22615179231431068,0.15368571169715173,1,interior
0.2221457682462096,0.15156748023348057,1,interior
0.20753147074861272,0.22579515631879646,1,interior
0.25747196780190434,0.05820068994741742,1,interior
0.24622502797358514,0.0773405050042433,1,interior
0.23007573877866977,0.12433859668153674,1,interior
0.2015479852830623,0.20251884023275749,1,interior
0.22728160144109422,0.13614261348879916,1,interior
0.2284325922101775,0.13436478589865444,1,interior
0.25743940033256385,0.05643808535870238,1,interior
0.22413099574540787,0.14768210916203867,1,interior
0.230842453600825,0.12969997557664795,1,interior
0.2420687879471295,0.09378615577702114,1,interior
0.2742285410223316,0.03739061054033598,1,boundary
0.24987002208658488,0.09659290343529857,1,interior
0.2566065750027801,0.06254276653682903,1,interior
0.22320734017631247,0.17465110195866976,1,interior
0.23758900002472144,0.11112850372148762,1,interior
0.2653391349363055,0.04746575561495008,1,interior
0.24366998901393316,0.0717020750631858,1,interior
0.25586755557319757,0.05941455789079149,1,interior
0.21718197037532772,0.19920618717416355,1,interior
0.22784277922497695,0.14305407178062582,1,interior
0.24224127703836199,0.0997224496860331,1,interior
0.20538345729513977,0.22640138394300133,1,interior
0.2589279077818752,0.0588152378244892,1,interior
0.29814693809544013,0.03465433493178815,1,interior
0.2571636187592191,0.0680187666552655,1,interior
0.22529477824029695,0.11207059778020563,1,interior
0.25629393007607554,0.08493546661577396,1,interior
0.21246104856050735,0.19119453644222362,1,interior
0.26287036407466763,0.04756111529642717,1,interior
0.21871792649142596,0.19134719852353074,1,interior
0.2686597956403334,0.04783915537398436,1,interior
0.20843254612269574,0.18172141294691177,1,interior
0.2877223624580876,0.03622340400463345,1,interior
0.19987466997011094,0.2201049329257001,1,interior
0.25632548147610656,0.06462509560052075,1,interior
0.22461615029329163,0.17392452354140275,1,interior
0.22915022826218076,0.13128162827150128,1,interior
0.22409222662231693,0.17051876187016132,1,interior
0.25281958735921917,0.07453909053095042,1,interior
0.23888360728841906,0.10208505480677216,1,interior
0.21696317468847595,0.18132847301131733,1,interior
0.23608063618981606,0.10648638631130515,1,interior
0.20257211245024975,0.22370302152453733,1,interior
0.2622574058916901,0.04371362006954434,1,boundary
0.2229642690689217,0.11360429185399067,1,interior
0.22241237362133645,0.17215273678792906,1,interior
0.2226628544505618,0.1452041282582178,1,interior
0.2967083930673454,0.032189491493015865,1,interior
0.2609284325757507,0.04723922736752796,1,interior
0.22568997697026374,0.1706661648994948,1,interior
0.22028920901549323,0.1567465414815309,1,interior
0.2946716804945915,0.03473960805782289,1,interior
0.2151304535912372,0.18597003564024056,1,interior
0.2222983510223444,0.16843051812311194,1,interior
0.220101529103115,0.1504232683434735,1,interior
0.21381053113124596,0.17878182991543246,1,interior
0.2530919205489615,0.06991295434924852,1,interior
0.22192484438016338,0.14938028318477273,1,interior
0.24534394164348242,0.08926446350728433,1,interior
0.23374735347329306,0.14155814471610034,1,interior
0.1979564136175096,0.21951047204530713,1,interior
0.22001779584091025,0.1538883504436698,1,interior
0.2280140780600756,0.16602650182528964,1,interior
0.24599429371082424,0.09319525500063851,1,interior
0.2153071390015749,0.18909569420744554,1,interior
0.20042892297961776,0.22331564344444438,1,interior
0.2001809160465957,0.21601307202131342,1,interior
0.2294341039997875,0.13310753698589897,1,interior
0.2285990611154877,0.10944641708213161,1,interior
0.22146180272985386,0.1667465999048876,1,interior
0.22181063831667702,0.1628309300835878,1,interior
0.2990275361647825,0.026994178759897142,1,boundary
0.2469131453400335,0.08994658542674208,1,interior
0.23650696728805817,0.10806195220259854,1,interior
0.24389760735362753,0.07943812306078334,1,interior
0.21814674903436573,0.16008464101268752,1,interior
0.28574826050684876,0.03723880711988955,1,interior
0.24818242554263112,0.09565305787394714,1,interior
0.20399120106258564,0.19852906948430174,1,interior
0.2413919288822838,0.096140702746763,1,interior
0.28769200060567607,0.043343529949020076,1,interior
0.2767249114065255,0.038151082354110154,1,interior
0.22580651476003408,0.11022278293805837,1,interior
0.2590182336726221,0.05193790516181209,1,interior
0.22445595390775605,0.17565659108278153,1,interior
0.2727230535436279,0.03759174911817958,1,boundary
0.2222182746576887,0.14685836324627485,1,interior
0.26830693410705964,0.04315921842944287,1,interior
0.25579176617578386,0.0687829270465838,1,interior
0.22315806540299624,0.11022003565191413,1,interior
0.2988748330728008,0.030346138581167977,1,interior
0.201801745023894,0.19793720760596034,1,interior
0.20501267749938343,0.19588816046520233,1,interior
0.23759146692151797,0.10022428638510979,1,interior
0.29159953042858655,0.035514792559533284,1,interior
0.21591134710083257,0.19089296012879864,1,interior
0.25714107594907815,0.052729060294945077,1,interior
0.22156351142476813,0.14408971696817963,1,interior
0.22551417463062734,0.1418398176046298,1,interior
0.22239010325149575,0.17047571160616268,1,interior
0.20720289606103823,0.2002119333842488,1,interior
0.23195313806445628,0.12749763138687517,1,interior
0.2373934837861805,0.1046706810960957,1,interior
0.25589127409945894,0.06100815092605481,1,interior
0.19969673660286788,0.2142749627804467,1,interior
0.22644321543091192,0.1381672106134492,1,interior
0.2170990271141507,0.1891858039730155,1,interior
0.20638788730651025,0.22967463715807065,1,interior
0.22712687643184234,0.14065478587492136,1,interior
0.2213127271198025,0.16440416611666803,1,interior
0.24586102328718834,0.07405463918217048,1,interior
0.2840194544877091,0.038554376399750755,1,interior
0.24471688444974446,0.06916404747746492,1,interior
0.22611705668613818,0.13435552148922578,1,interior
0.2081593232421011,0.23002190394505387,1,interior
0.24851141610120225,0.07018286432430555,1,interior
0.2188313470107878,0.16214648649504745,1,interior
0.226943093237572,0.13274439646509892,1,interior
0.2269014942185059,0.10827951572174009,1,interior
0.21487780032127346,0.17674352542631522,1,interior
0.2888731176606229,0.03437761953174159,1,interior
0.27286353024374727,0.039170145996404344,1,interior
0.20273093683965437,0.22633611341785945,1,interior
0.22394990836059891,0.14988296680126797,1,interior
0.2338748939254086,0.10749237239300452,1,interior
0.22443066913003676,0.13683360987941606,1,interior
0.21332361614588705,0.18684235472357635,1,interior
0.2007901085658317,0.22151368350985493,1,interior
0.22138452757780347,0.15913284576921685,1,interior
0.24448993392232285,0.08201312395054684,1,interior
0.21954598655229768,0.1666347847801463,1,interior
0.2491983733240778,0.08543374921025189,1,interior
0.1999853695680138,0.21805633935970395,1,interior
0.22548801834309418,0.11773858383522835,1,interior
0.2011022284044568,0.20093149668842625,1,interior
0.23034874797270075,0.1277308754979695,1,interior
0.2508496440733762,0.06958181780684373,1,interior
0.24041628563942724,0.09848937200669096,1,interior
0.290962466363954,0.03401108130464017,1,interior
0.24570555625345555,0.09137018714104371,1,interior
0.2571460902070956,0.06975275786533629,1,interior
0.23096807061704963,0.13136622142995513,1,interior
0.2377231886698435,0.10711209679139322,1,interior
0.20119371764397775,0.21201614853548723,1,interior
0.21191478010830042,0.17786124860031938,1,interior
0.19898579941326072,0.22177882694969533,1,interior
0.21985244773559368,0.16329337834612045,1,interior
0.2102821758549623,0.18186844805834346,1,interior
0.2077188708243998,0.233335390701065,1,interior
0.22314278524503037,0.14162323404905158,1,interior
0.22119802979845676,0.14124495791150773,1,interior
0.2100046432834789,0.19180973896072928,1,interior
0.2035394298559297,0.1966177875121139,1,interior
0.20045027200374604,0.20830459912100552,1,interior
0.2570144310797664,0.04831866074357798,1,interior
0.270520831238806,0.041733418435392314,1,interior
0.25099294993772064,0.06790965027369313,1,interior
0.22580759667892428,0.13986040722269494,1,interior
0.24990798160594604,0.07084258606350631,1,interior
0.2469300803716963,0.07049487221659818,1,interior
0.2200153687495764,0.1431687122968563,1,interior
0.24735070540492607,0.06587569138613726,1,interior
0.3004766480485677,0.041175207167254,1,interior
0.2286347826961414,0.14017354628669648,1,interior
0.24856175127703486,0.06788569278489792,1,interior
0.2554681841098741,0.10186528582741586,1,interior
0.25483436979442925,0.05798879495432448,1,interior
0.20682767922389378,0.23166307510176956,1,interior
0.2172600769605505,0.14974098603253774,1,interior
0.22146077557616053,0.17406944789505727,1,interior
0.2201714766284577,0.17035580028146882,1,interior
0.2126696042548898,0.18856091338445924,1,interior
0.25536159123628077,0.06667319659052881,1,interior
0.22068676561755038,0.14606167846255336,1,interior
0.21485283548886216,0.19226922583052677,1,interior
0.2441362758135546,0.09160588083467729,1,interior
0.24521261693306504,0.0726088437204055,1,interior
0.2053838598098067,0.23100956171777015,1,interior
0.19686320917168382,0.22332241376910647,1,interior
0.24534278897383247,0.09500732529232425,1,interior
0.21383350475402735,0.18988911034268977,1,interior
0.2919774353016611,0.037309017397449525,1,interior
0.19515218880792404,0.21851152447826955,1,interior
0.24396218444880727,0.07504706504379575,1,interior
0.23905164056328587,0.0996068581081688,1,interior
0.25711823217094937,0.06648239369270693,1,interior
0.24464321179888313,0.07688812353521585,1,interior
0.22769591765540256,0.12414709488803352,1,interior
0.22127704886775487,0.15494908310547545,1,interior
0.25062641804775376,0.09086058204677876,1,interior
0.22794799296258816,0.1260180480761595,1,interior
0.24650926888934582,0.07883216025348869,1,interior
0.2540448902562988,0.068236382962663,1,interior
0.21587097036948882,0.17545222166140217,1,interior
0.20696450728497287,0.19118512767909374,1,interior
0.22387577424667762,0.1328526620542129,1,interior
0.2645390677368509,0.04454122334702223,1,interior
0.2769181807284138,0.036400389745239126,1,boundary
0.20453461630325462,0.19278471064822597,1,interior
0.22598466462369537,0.12627327234304306,1,interior
0.21873731403141186,0.18711970394355035,1,interior
0.23260434511873074,0.10901176870616563,1,interior
0.2216190884075265,0.13573215302590097,1,interior
0.20424940801283037,0.23275927863289922,1,interior
0.20353609289386196,0.2115091254549163,1,interior
0.21138617997894882,0.18971463547132975,1,interior
0.2281759666127219,0.12990259139908375,1,interior
0.2516860363401105,0.08705350480906177,1,interior
0.2569164402671795,0.05461339012945587,1,interior
0.21140336124313783,0.2310344757577633,1,interior
0.1988194747463663,0.2241252378235798,1,interior
0.20414023909503498,0.22903463551578634,1,interior
0.2546888500228786,0.06328947259592306,1,interior
0.2937291681110285,0.03333531782265877,1,interior
0.1978275777719585,0.21675717122957847,1,interior
0.22435421428545715,0.12538732616952122,1,interior
0.2432225619107459,0.07332613160593678,1,interior
0.20431443005582808,0.22504172490412233,1,interior
0.2193457659941425,0.17326338782977527,1,interior
0.2084828950003441,0.1904965200694336,1,interior
0.25692642613535727,0.05022871062191181,1,interior
0.21729620715567746,0.15156352723997496,1,interior
0.22333803776079708,0.13480128817472475,1,interior
0.20785501327919256,0.23528644437153134,1,interior
0.21442876673018532,0.17450542043224634,1,interior
0.2856172050228293,0.034381041199070275,1,interior
0.25257242141403585,0.06786599642479724,1,interior
0.22039826972490043,0.13413362477487367,1,interior
0.20813703528941435,0.18022319665897818,1,interior
0.19917801404722993,0.22575374221555142,1,interior
0.24482454261620415,0.06750555855584839,1,interior
0.20595056521444247,0.1790819534783212,1,interior
0.1969295938133173,0.21468205759348638,1,interior
0.22561972481326284,0.12265956385665487,1,interior
0.21995064937091371,0.16832861782685668,1,interior
0.29237811419891174,0.032329746311048686,1,interior
0.2708265427784435,0.03786375001525986,1,boundary
0.19700718232233086,0.2212773437067538,1,interior
0.23042307447134305,0.10825642355655825,1,interior
0.21941311244091616,0.15184634277137643,1,interior
0.2964652569360902,0.03044045738865714,1,interior
0.2616012619508992,0.045617132962170834,1,interior
0.24387682136856947,0.09403968352744246,1,interior
0.21156522544031567,0.18630109239860668,1,interior
0.22515832456869592,0.1308754420951572,1,interior
0.270630901935941,0.03969003142181297,1,interior
0.22125947225329748,0.11363309074122592,1,interior
0.20104319712907376,0.22616088509875718,1,interior
0.22236562703773854,0.1398378517246874,1,interior
0.21922365083775108,0.1478581887696338,1,interior
0.2170651826369887,0.17260793159177243,1,interior
0.2785605929435798,0.037266685154280554,1,interior
0.22913356634305523,0.1068746780232778,1,interior
0.23521640595253243,0.1045127244751619,1,interior
0.20785971117944305,0.18399339294189823,1,interior
0.19388923877401648,0.22013778015233393,1,interior
0.2239739189488408,0.10887837165492947,1,interior
0.26592411327445614,0.04293691061541937,1,interior
0.2347889704748173,0.13738217606316702,1,interior
0.2347023305805981,0.1278415491700561,1,interior
0.2547934552077646,0.04983418500434417,1,interior
0.2639111497847284,0.04218533117007264,1,boundary
0.23625718284586464,0.10123589746534703,1,interior
0.2974178229730615,0.027477455726679666,1,boundary
0.19358994578515715,0.21694036704215,1,interior
0.24570756457605125,0.06620219113757364,1,interior
0.29490869360758826,0.028578478698428663,1,boundary
0.25537822766609214,0.05176261764319168,1,interior
0.19869821657582823,0.21542147139167056,1,interior
0.2704808513741184,0.047070007383090674,1,interior
0.22889199888391665,0.15529523919436478,1,interior
0.22894451367066088,0.12857678983456797,1,interior
0.22230044042047525,0.13240945564165338,1,interior
0.21924462858053295,0.15550275218498819,1,interior
0.22093774314088976,0.17257108133884988,1,interior
0.20998740168609603,0.18613805952264217,1,interior
0.2273956013639705,0.12751227382196148,1,interior
0.22423270903870543,0.13985132502734715,1,interior
0.2148786546038187,0.18753341560607775,1,interior
0.21836505650784638,0.15333460154449763,1,interior
0.2551467848293909,0.04793902083591489,1,boundary
0.19559863326483706,0.22198282578332307,1,interior
0.22360093708490006,0.12378487584918992,1,interior
0.1923783997181513,0.22075340331925217,1,interior
0.19591657629965087,0.21714121489074953,1,interior
0.2214461718729085,0.1117316907627307,1,interior
0.2106023115163908,0.18834120638169471,1,interior
0.20864668856199967,0.18870764735423076,1,interior
0.2795211497181314,0.035592729041586654,1,boundary
0.242731121675822,0.0770745803519677,1,interior
0.19824151367990597,0.2115676099752103,1,interior
0.21054314795567347,0.17951220642823906,1,interior
0.22101607741953574,0.10824380537980406,1,interior
0.21824846388682576,0.16576962471326165,1,interior
0.2950317584784195,0.031966527411563375,1,interior
0.22766297242292596,0.11087464878161823,1,interior
0.21309555158000826,0.17653332493115273,1,interior
0.2227867860431709,0.13029354139009072,1,interior
0.2417518002200667,0.07203229764306432,1,interior
0.23039818180563118,0.10545611022624572,1,interior
0.21597164402518818,0.15854380294383008,1,interior
0.25984823301044835,0.045482386826565746,1,boundary
0.2183735808711253,0.1712910474798688,1,interior
0.2190094931596096,0.11467327740284214,1,interior
0.2314160171108939,0.10702236587886486,1,interior
0.24860088906611258,0.08876935982424905,1,interior
0.25859839120964034,0.0716381694331429,1,interior
0.22068633232568857,0.1383301718741402,1,interior
0.22605382209980857,0.12864644993041524,1,interior
0.23423975792493917,0.10572599105197625,1,interior
0.22453362137339627,0.1290812915249772,1,interior
0.2082303195361292,0.18593234833882183,1,interior
0.22744001764709723,0.1062503802223496,1,interior
0.2014864823573861,0.21377103936873876,1,interior
0.19192393084175327,0.21828740234687438,1,interior
0.23421039309788824,0.10248437774421018,1,interior
0.2680182436966708,0.03960978982542463,1,boundary
0.21867634205411265,0.1456737450168441,1,interior
0.19404062228846788,0.22420702610969956,1,interior
0.24350577773731077,0.0838558535259593,1,interior
0.21550133375269678,0.15250297754079645,1,interior
0.25188978510759696,0.05778665319868167,1,interior
0.24126897090615987,0.0852646681015354,1,interior
0.23624740029285277,0.0989075499277774,1,interior
0.239079273946007,0.09763690905362142,1,interior
0.24248350532560853,0.07885762527110016,1,interior
0.2204090793712052,0.1284416131498745,1,interior
0.21834494995089496,0.1685251456260526,1,interior
0.29655031907702567,0.028901712513760038,1,interior
0.2418232227463029,0.07541020391043587,1,interior
0.19594830856736317,0.22577230184387714,1,interior
0.2003767027469451,0.20492106585506142,1,interior
0.22379957841483938,0.15663112434988058,1,interior
0.19980990829734954,0.2126615694935629,1,interior
0.2202881740635282,0.11623474387870537,1,interior
0.22542142805268736,0.13244207804374566,1,interior
0.20581796934091398,0.18712055167232533,1,interior
0.2531498907303167,0.050860381195016804,1,interior
0.23261214665348354,0.1050647868654493,1,interior
0.20193682373235922,0.22875291156417393,1,interior
0.20006766504949147,0.22790893229984316,1,interior
0.24069080436333717,0.0768856745719116,1,interior
0.22557859063491711,0.15061133569512652,1,interior
0.2827468981755991,0.036914059829374055,1,interior
0.20619389418942402,0.19349174875623903,1,interior
0.2326341450974191,0.10297132134414205,1,interior
0.2521363774610306,0.10314738818541092,1,interior
0.22355999742911378,0.1278884542867412,1,interior
0.29356669447479533,0.03133086142546995,1,interior
0.21813964962073104,0.13945766678803406,1,interior
0.19570150726569982,0.22002701687047888,1,interior
0.2056135764881657,0.18514749307305944,1,interior
0.24354062348022373,0.08658673277570009,1,interior
0.2549600906672316,0.053453452146752144,1,interior
0.22732649629326052,0.11656397088197733,1,interior
0.22610774640282605,0.1192193013099163,1,interior
0.25106472551485837,0.06590026947471642,1,interior
0.20237634569893637,0.194451930142457,1,interior
0.22574502588559278,0.1784986683271992,1,interior
0.20906023688595757,0.2321112410935505,1,interior
0.29190168514204734,0.03021038295218531,1,interior
0.28459488342992323,0.036173250146294446,1,interior
0.2478055316728835,0.06402893905629167,1,interior
0.2316950379684882,0.10155575631749984,1,interior
0.24966399485468418,0.06427177777553349,1,interior
0.20133666672650508,0.19598134528824832,1,interior
0.2399419305251036,0.09430062076161712,1,interior
0.2160694009995461,0.1714599215832338,1,interior
0.2059842497274218,0.2334552339150825,1,interior
0.252612502762933,0.05277031991355994,1,interior
0.20406803892973174,0.19438542110522264,1,interior
0.22265771809657472,0.13771843340914033,1,interior
0.25403878841484195,0.06106334753192365,1,interior
0.20249507933703773,0.23071275637191227,1,interior
0.22601777979385737,0.12443900513340708,1,interior
0.2215952987653677,0.11002139742702632,1,interior
0.2054193329429382,0.18902004000980843,1,interior
0.2681074799007109,0.041186288483809314,1,interior
0.20901060060189505,0.1784338937153278,1,interior
0.21241754780992556,0.1796615712342904,1,interior
0.21672576977628036,0.16959106675895386,1,interior
0.28130158139047556,0.03351563622251848,1,boundary
0.25140375498480305,0.0607206690417707,1,interior
0.2216559956797924,0.12447039218924033,1,interior
0.22151820195531094,0.12705576640780086,1,interior
0.24158097047200736,0.07372862001267595,1,interior
0.24470281576884936,0.06460121188561993,1,interior
0.19869572257976784,0.20001337788243362,1,interior
0.21755679129684785,0.14248879889907012,1,interior
0.21756996853780558,0.15541800690947288,1,interior
0.2535806963899794,0.06487105952662399,1,interior
0.19842484798577442,0.22732112537608476,1,interior
0.2038976128184141,0.23508632047490263,1,interior
0.2306085071852105,0.10381005268752451,1,interior
0.19377406992506013,0.21424529168009354,1,interior
0.22251005305767332,0.1078896464459618,1,interior
0.24155111161940643,0.09199829438629321,1,interior
0.2540499944623384,0.05934732918599717,1,interior
0.24885452289097293,0.06629126500773266,1,interior
0.28173017987430743,0.03836115951426516,1,interior
0.21806979466175336,0.13381257588982112,1,interior
0.28101980143892374,0.03684916850842061,1,interior
0.2456738587972325,0.06246939423221261,1,interior
0.29055043188046353,0.03162602174658987,1,interior
0.2428272954725949,0.06994857404834139,1,interior
0.2389484855316226,0.07550934988300889,1,interior
0.2960406283490309,0.033561955419331865,1,interior
0.22020037540255807,0.13633283065781487,1,interior
0.25259214354483234,0.054711885059337384,1,interior
0.2274163104695616,0.10421702677391413,1,interior
0.25345863054539847,0.048919462525349705,1,boundary
0.22965453517357054,0.09979383161277658,1,interior
0.21722691454690884,0.1372221716358699,1,interior
0.21744248727636478,0.1309454145061404,1,interior
0.1968282566398236,0.21283094925845925,1,interior
0.21978555264754068,0.10972757076093463,1,interior
0.26074715261614667,0.04425687425357262,1,boundary
0.2559623638211703,0.056905029078003176,1,interior
0.202537735195523,0.19255370784591594,1,interior
0.22091690421055796,0.14776103462211848,1,interior
0.1996392894391064,0.2302948145794883,1,interior
0.2432960519180751,0.06547235374166532,1,interior
0.25096508555696534,0.05053517433879505,1,boundary
0.20700958973804406,0.1777835113733556,1,interior
0.2285223335743792,0.1031123797908557,1,interior
0.2232944788753902,0.12222724710832202,1,interior
0.22427492536084576,0.1720952628549152,1,interior
0.2339732763277278,0.09960988436606152,1,interior
0.2157678025155289,0.14032608817565217,1,interior
0.19930837699559517,0.20971920189866777,1,interior
0.22079662040506734,0.13030486106334574,1,interior
0.2425943307604162,0.06771172734172207,1,interior
0.2207631807581921,0.13256104978234565,1,interior
0.250760758755648,0.06254571091015722,1,interior
0.21502966875596508,0.13874502357870624,1,interior
0.24978841467324284,0.05774830235789948,1,interior
0.25031414012197856,0.05585109234361359,1,interior
0.2405789350570972,0.06873643341080529,1,interior
0.24365534954639922,0.08958298098877866,1,interior
0.19459268377447037,0.21572921281306257,1,interior
0.1992261596316008,0.2023671239940048,1,interior
0.22125533037526293,0.12150414397773568,1,interior
0.23992118764332226,0.0788950797142705,1,interior
0.20887678836522422,0.17600799110292775,1,interior
0.24975066262515397,0.06139890765962178,1,interior
0.29287470497194623,0.034620039309965836,1,interior
0.201968255851252,0.2070622983505644,1,interior
0.2037734566492491,0.19109178165589544,1,interior
0.21935145160713904,0.11298794985473722,1,interior
0.19776953782679968,0.20122571131751127,1,interior
0.2067723295946439,0.1811890473001714,1,interior
0.22983468187059297,0.10197112065190728,1,interior
0.21622802832676108,0.16794722108236382,1,interior
0.21398487564083898,0.1687581990153946,1,interior
0.21736235584428693,0.1441986860561297,1,interior
0.22345483774415964,0.11195040249741435,1,interior
0.20701425368580972,0.18860071982233848,1,interior
0.21207773519863515,0.17513658213262573,1,interior
0.2546012062196952,0.055625078376678995,1,interior
0.25301209778041317,0.06327067050920383,1,interior
0.28299515727523045,0.035156012788896025,1,interior
0.28867685517367964,0.031249008395237674,1,interior
0.20617606946967418,0.23576595518763147,1,interior
0.2896668391417017,0.03287199662273075,1,interior
0.19854605170003015,0.1968152972723059,1,interior
0.2153817845838542,0.13252097429516504,1,interior
0.22706166581776227,0.1312150367422781,1,interior
0.19866675472720394,0.20609938734342434,1,interior
0.21996636073391804,0.1258118230428763,1,interior
0.2044164502133577,0.17640890672094808,1,interior
0.1953252406939299,0.21332165088290353,1,interior
0.2389268572224445,0.07145961277170065,1,interior
0.20049355049292067,0.20650614803570366,1,interior
0.2484885878930266,0.0519508130917279,1,interior
0.2184400140878637,0.12575089380402799,1,interior
0.19444451218537173,0.21121704689683254,1,interior
0.19659614497217154,0.2098886730689487,1,interior
0.2224179536778553,0.12049696063272494,1,interior
0.23227092187296217,0.10013219462133859,1,interior
0.2813074222967933,0.0351700987856001,1,interior
0.21368445333350533,0.18065778389525589,1,interior
0.21721917045649994,0.1160834596149434,1,interior
0.21455131561396962,0.1511678566777969,1,interior
0.2168999742326945,0.13522232618247684,1,interior
0.250519179316538,0.05935552989493542,1,interior
0.29024862368525384,0.0301166590753682,1,boundary
0.2211904388399666,0.10642252278722589,1,interior
0.23962212502856073,0.08589425475994847,1,interior
0.25324620919426244,0.05670378050091992,1,interior
0.2856871604727528,0.03254868454405008,1,interior
0.21689819749609207,0.15400560988414508,1,interior
0.2187526709457992,0.1494427448662884,1,interior
0.21734761000844138,0.12686092880148098,1,interior
0.2933522574028269,0.02920278482936277,1,boundary
0.25831014830084187,0.045979320116382845,1,boundary
0.21886405346929183,0.1238585685346004,1,interior
0.23586902249185512,0.10284910552175994,1,interior
0.24016740505116893,0.0662820530294683,1,interior
0.20237357736493614,0.1761519300098505,1,interior
0.19184581842473858,0.2145696276643416,1,interior
0.2236211258811228,0.11699246133798737,1,interior
0.23824936993706322,0.09516284741403375,1,interior
0.21612406638348192,0.1486227744930677,1,interior
0.22184585358958256,0.11524462845908032,1,interior
0.2171693569689341,0.17465850641747183,1,interior
0.22544400296795594,0.12091953613771403,1,interior
0.20741917892920866,0.1748333642235673,1,interior
0.21804462166725383,0.11007254378024468,1,interior
0.24144387501588663,0.08095736444995834,1,interior
0.19740511396509233,0.2044416801657771,1,interior
0.20551164148137008,0.19074017863099835,1,interior
0.241205596887633,0.08260074439270346,1,interior
0.2001014898990996,0.1987989505162758,1,interior
0.23845345313205482,0.0773579056045868,1,interior
0.21899049348610608,0.14104730774072208,1,interior
0.2244084934589246,0.11961887019374236,1,interior
0.20617920152148322,0.1762995439581461,1,interior
0.2830374480979064,0.03334666063250185,1,boundary
0.21700927913590512,0.16244377699067206,1,interior
0.1966412233365882,0.2026355322906992,1,interior
0.20019463277589053,0.19720901219628933,1,interior
0.23867758439948014,0.06567342076151708,1,interior
0.21654726601587607,0.1659574146578319,1,interior
0.26784393481097646,0.04492051911649418,1,interior
0.23922296316527522,0.06994865129253588,1,interior
0.24826509562546117,0.062428505607970405,1,interior
0.20413419385607792,0.18744090726198892,1,interior
0.21059686551382464,0.17685977432556077,1,interior
0.22250403611509645,0.11848994634785713,1,interior
0.1909815761378699,0.21706316182915547,1,interior
0.2519405231469096,0.06436597512292598,1,interior
0.1962917977558588,0.20072883216069504,1,interior
0.21494379802280383,0.16679621288468832,1,interior
0.2982199460213834,0.02883817154074105,1,interior
0.20008259608037793,0.19120092852222947,1,interior
0.24015058119878332,0.0728628646244937,1,interior
0.22504323436279988,0.10749575797546274,1,interior
0.1895642526661913,0.21645463705433748,1,interior
0.23915867026485402,0.08276758763118434,1,interior
0.21231628674634825,0.1731040097597656,1,interior
0.2180767234802526,0.16383858315683722,1,interior
0.2187689793380047,0.13522131924327202,1,interior
0.2193984123967351,0.1315452000965159,1,interior
0.19159380394741168,0.22471484864306002,1,interior
0.18956954946045484,0.21866316703420716,1,interior
0.20296370614207634,0.1890695490372617,1,interior
0.22085476240804608,0.11818767950495083,1,interior
0.23776306482161677,0.06768975025459652,1,interior
0.19841440812426386,0.22926688116356284,1,interior
0.2397854876644657,0.09188348080751704,1,interior
0.19022604649507238,0.21488830301815567,1,interior
0.2146928711939646,0.17038624576792266,1,interior
0.21618566161580527,0.16401256808895967,1,interior
0.24164459270217567,0.09009343947435404,1,interior
0.21924379225616822,0.13756091349666102,1,interior
0.2524887795960784,0.059621699152390746,1,interior
0.24094076984922846,0.07021588040066014,1,interior
0.21588243515431563,0.1610489593154433,1,interior
0.19435727777056075,0.20228092531301842,1,interior
0.21388476645073293,0.14082325226822923,1,interior
0.19585242377324466,0.19923483663370742,1,interior
0.243582594059379,0.06242915151321441,1,interior
0.2059987966978324,0.18363187515192692,1,interior
0.21402653693463775,0.15381253381291987,1,interior
0.2412200846349649,0.06350804957926545,1,interior
0.25101315570646593,0.054027882233072505,1,interior
0.22111070367491623,0.15278224898455553,1,interior
0.21667227229995573,0.15705997342163025,1,interior
0.1981442520066794,0.23178887794937025,1,interior
0.2155398723758801,0.15553772483274278,1,interior
0.24649759495901172,0.06046055833415367,1,interior
0.19780644650795748,0.19839296874560866,1,interior
0.23740185032474578,0.0813074141014666,1,interior
0.21906672299320185,0.12993782363876805,1,interior
0.23633870227195747,0.08388478248736514,1,interior
0.21514987082758288,0.12593114224541585,1,interior
0.2028822310698453,0.17400590064352903,1,interior
0.23994461526895774,0.06471758753833781,1,interior
0.24184601088972252,0.08698112248202644,1,interior
0.24038619591642643,0.07478380010371853,1,interior
0.23761189944305464,0.07069552570326648,1,interior
0.2563503524233543,0.046603859293161215,1,boundary
0.20039230851897719,0.23304338441863212,1,interior
0.2373659129585879,0.10935022447463671,1,interior
0.23960555647616494,0.08973327990270842,1,interior
0.23598912517773177,0.0725403783148556,1,interior
0.236169021866506,0.06997120868208209,1,interior
0.21944088768774048,0.12034210647261756,1,interior
0.21396428300478762,0.15711595646230905,1,interior
0.23810133984935036,0.07945816574215384,1,interior
0.2429586923651708,0.08817992330235142,1,interior
0.2434373366282134,0.0605178787198531,1,interior
0.21788830771325973,0.1212188266758761,1,interior
0.2415153383330284,0.05930162837025662,1,interior
0.26655540428684943,0.04093258150004275,1,boundary
0.2370536063753911,0.0961422437006962,1,interior
0.24525470546971911,0.05897602534455123,1,interior
0.21665239440834294,0.13887578058545394,1,interior
0.2152322183884467,0.14425395875455457,1,interior
0.19935250685253936,0.1938017644740832,1,interior
0.2164672680756777,0.14614425085665259,1,interior
0.20597725557656466,0.20696237540080326,1,interior
0.2415834678108398,0.0654533951325388,1,interior
0.19839320976518118,0.2084480675432955,1,interior
0.21390539556260635,0.16539145249119003,1,interior
0.24408398211613244,0.05779177550195442,1,interior
0.21286030805715106,0.13338061346536406,1,interior
0.21586363486230964,0.12410802615557116,1,interior
0.22182030371664857,0.11680074474736106,1,interior
0.2364968350974384,0.09359048833596101,1,interior
0.2127118716132155,0.16692797729240347,1,interior
0.2255659946285392,0.10399841071095002,1,interior
0.23373463405225584,0.09725315250699196,1,interior
0.1962499212692637,0.2332582861131804,1,interior
0.1985447868701921,0.23471032371610523,1,interior
0.19434516823594689,0.20037787432345378,1,interior
0.2179412497364293,0.18407050260113542,1,interior
0.21729750010928392,0.1475058845855014,1,interior
0.19478947058715734,0.20857240084801973,1,interior
0.23112392178699856,0.09898772284820335,1,interior
0.22466776705048952,0.1057861297958104,1,interior
0.19711358536864831,0.19593330277480037,1,interior
0.2337635396277561,0.07325129151537034,1,interior
0.1900499471066764,0.2216522533498518,1,interior
0.20029310680258458,0.1896491982184356,1,interior
0.24197721749324522,0.06098269594891736,1,interior
0.19381825496630686,0.20657545805538732,1,interior
0.20273295832879853,0.17793040937989352,1,interior
0.23937554400519462,0.08058955897759647,1,interior
0.24885579461739374,0.05979354557564868,1,interior
0.19620518767526232,0.20779975282697496,1,interior
0.22718816317845658,0.10155499998278071,1,interior
0.24028288968671657,0.06134750102170537,1,interior
0.23881124347769603,0.059106425505641255,1,interior
0.21605447381356535,0.14289080769150594,1,interior
0.23602471866063357,0.07744320444756929,1,interior
0.191468395523541,0.2061169217433793,1,interior
0.2505478850173642,0.048815549183776126,1,boundary
0.19347491545883114,0.21243298687300394,1,interior
0.19566012169709585,0.19677526236374954,1,interior
0.2127601231177368,0.1423580800407136,1,interior
0.19442960629195336,0.2045643738326738,1,interior
0.19646847453792904,0.23555773525216772,1,interior
0.22097558811627432,0.11994814591693438,1,interior
0.2292538942762316,0.09753139411972672,1,interior
0.20951249185025597,0.23626592246338765,1,interior
0.19049118633421167,0.20401655754567932,1,interior
0.2146660334783074,0.146352687235563,1,interior
0.2170684585510209,0.13257789127370415,1,interior
0.19575523526090666,0.2287115429620022,1,interior
0.21337303161719567,0.14380699760925586,1,interior
0.19299364650060752,0.20840271583699035,1,interior
0.2035116795598558,0.18053029259929512,1,interior
0.19146765833372717,0.2077422249294481,1,interior
0.24916060800226747,0.05049090875060626,1,interior
0.2023092965857588,0.23762538960778512,1,interior
0.2111865262373331,0.16712393242599352,1,interior
0.23890432665431016,0.06200803790649155,1,interior
0.21639633360548088,0.10898653333526462,1,interior
0.23825179209992228,0.06398331950683286,1,interior
0.20206030377676307,0.23444761904151687,1,interior
0.23678530941794593,0.09136267521747136,1,interior
0.21449527765344298,0.13706949059146092,1,interior
0.2471556399363558,0.05774825809555159,1,interior
0.21209444626899845,0.14965041559099782,1,interior
0.23756795246676762,0.08537193479097299,1,interior
0.20048542626079704,0.23522403872375872,1,interior
0.22039861946273173,0.12341829937275682,1,interior
0.23668678007495814,0.07592427507211613,1,interior
0.21255396560737252,0.15277489814391856,1,interior
0.24816660588462686,0.05610381720462785,1,interior
0.2191398053052585,0.11872988994795969,1,interior
0.21417458615543142,0.1343687582122503,1,interior
0.23826405460046085,0.09084627141848509,1,interior
0.21774446575193174,0.12918056790377963,1,interior
0.28389012185729023,0.031928225479154214,1,boundary
0.22200865826696328,0.12855348002753086,1,interior
0.21806236701340884,0.11216739869027254,1,interior
0.28794624266905544,0.03260535662079168,1,interior
0.19780092287220347,0.1937982755976105,1,interior
0.21562868629557463,0.130128985136957,1,interior
0.2197349447152739,0.10712279651769072,1,interior
0.18735581815275926,0.221754480759673,1,interior
0.2121334820177481,0.147416280776486,1,interior
0.21543749368192258,0.13578069751113378,1,interior
0.21883773422400837,0.12736444901178465,1,interior
0.21222534541718568,0.13510576037223818,1,interior
0.2068220339994465,0.23779210857436392,1,interior
0.20362099946104933,0.18450188712078266,1,interior
0.23836679073600145,0.0932019557269803,1,interior
0.22547137621029936,0.10231812224147278,1,interior
0.22527663702840425,0.09967262801779425,1,interior
0.21678361501719026,0.11778186527311924,1,interior
0.19750134168652408,0.22522853065977996,1,interior
0.21053909252142036,0.13351995520182186,1,interior
0.21961005869143482,0.11125431498979506,1,interior
0.20036807131579798,0.1783278677835471,1,interior
0.21209621222972405,0.13669152768338563,1,interior
0.19695388640009204,0.2299724048729055,1,interior
0.2126676986383415,0.15570231287481567,1,interior
0.1986346822602668,0.23656764355189472,1,interior
0.20105856029372365,0.19297542546366614,1,interior
0.21273810628624829,0.16381024178574927,1,interior
0.1994011267805982,0.17575761705252393,1,interior
0.1913202380630674,0.22293506989902634,1,interior
0.2504040326263777,0.04608201690436943,1,boundary
0.2287322359118919,0.10516249708898964,1,interior
0.24926606942251728,0.054288796975049194,1,interior
0.21328897387879175,0.138617488874353,1,interior
0.1874121833773675,0.21883223730983384,1,interior
0.2358084598246497,0.0672970907133506,1,interior
0.23716572691173904,0.07397588813373719,1,interior
0.21476237582520163,0.16298862243298715,1,interior
0.20069379092974673,0.1877313138043675,1,interior
0.2327965026467441,0.09864906529312945,1,interior
0.21398447156192468,0.14951471856251225,1,interior
0.1983572565248821,0.1918352989154784,1,interior
0.2155650289315258,0.12146235990356778,1,interior
0.19612642170781522,0.2055793334779272,1,interior
0.21115416684069954,0.23570355739119708,1,interior
0.24752183396534436,0.05455908113807207,1,interior
0.24866083064841116,0.04752562321608909,1,interior
0.21008221309863856,0.1547149365844054,1,interior
0.2135895100413926,0.16198387800288977,1,interior
0.21649346404403746,0.11968219524444466,1,interior
0.25272976641995815,0.06624914864282987,1,interior
0.19349135182005306,0.23016861022853005,1,interior
0.20057931688201364,0.23732328819025708,1,interior
0.23557194685719546,0.09544301499409247,1,interior
0.21207098232988458,0.15128067914164384,1,interior
0.21163087120006407,0.13134925659637087,1,interior
0.19731273599928364,0.17694914973705103,1,interior
0.21012122119154975,0.14858877876863064,1,interior
0.21519686144257705,0.12757525672266198,1,interior
0.18929354170482368,0.20638706284207786,1,interior
0.21019162452777235,0.17373780361768362,1,interior
0.21843200799950505,0.10830318182955133,1,interior
0.19655486459340302,0.18965690141488198,1,interior
0.2115594764168665,0.16975088662583182,1,interior
0.2377324402848834,0.086995098416036,1,interior
0.24491112452479463,0.06105527258728695,1,interior
0.19919970226071532,0.23803796472922814,1,interior
0.21913739635187537,0.12209605268052948,1,interior
0.21053893468581591,0.20959163162512345,1,interior
0.2111291682299801,0.15337165946502831,1,interior
0.18862945393450178,0.21485293306019998,1,interior
0.18943469432323606,0.2233367715672056,1,interior
0.23146744225068777,0.09722662094601552,1,interior
0.20463235303532606,0.1739694656992205,1,interior
0.21396039760094268,0.13093243359004125,1,interior
0.20396840748438477,0.1723129656220146,1,interior
0.2158434061459246,0.13403456100404026,1,interior
0.21150924188952078,0.16527277947302305,1,interior
0.21132620191666346,0.14035845731044194,1,interior
0.1938156439559223,0.22166251262768374,1,interior
0.19323716405804103,0.19842841673298564,1,interior
0.1910022521392896,0.2200248112169703,1,interior
0.23912214865792794,0.08820073487076514,1,interior
0.19324713219599235,0.21003252282493126,1,interior
0.21705415974845912,0.12273654978041885,1,interior
0.2153770900660241,0.17281513362925913,1,interior
0.18894707247293643,0.21268979026326149,1,interior
0.2139085926722172,0.10977090106586727,1,interior
0.22372732116146796,0.1153298176418272,1,interior
0.23774720788994003,0.09850097225605027,1,interior
0.1952680446175702,0.19514973652042458,1,interior
0.19602538544230313,0.21133303488666924,1,interior
0.24655502969581364,0.05594776696359589,1,interior
0.21129713759650673,0.1626010037859065,1,interior
0.19517521388409617,0.227159539847608,1,interior
0.2855651871785637,0.03095261659435947,1,boundary
0.1985319184044492,0.18711139743643634,1,interior
0.19627578795145814,0.19144308430977783,1,interior
0.24833106526666776,0.04905345633195145,1,interior
0.20103405138296454,0.23917915780821428,1,interior
0.25008395906792974,0.05191892413930032,1,interior
0.20850089724462825,0.17320613770512588,1,interior
0.21309589990966168,0.17088605041823718,1,interior
0.19942935228128558,0.17406109870472947,1,interior
0.20987359070627057,0.172066744547587,1,interior
0.1926720990058582,0.2024928901898482,1,interior
0.23447302667516304,0.09128506852508195,1,interior
0.1908233181678481,0.2100138408663428,1,interior
0.21442873132645576,0.1422712737166252,1,interior
0.22307819676533483,0.10524859436820795,1,interior
0.21394815259857822,0.11904177698670936,1,interior
0.20172081286803661,0.17918150871649985,1,interior
0.20618348280446455,0.17260415261635975,1,interior
0.21066095106352564,0.2381159855192624,1,interior
0.2040082317396871,0.23807134635202815,1,interior
0.19312497884158,0.19530735866745244,1,interior
0.23947253069248478,0.0960666419057029,1,interior
0.21052587804934678,0.15115934397682435,1,interior
0.20529908086495738,0.2371133946827772,1,interior
0.2465744209706185,0.0497405991113206,1,interior
0.236964235947012,0.06504889478550895,1,interior
0.2400086457814342,0.084305470767941,1,interior
0.2360218678245295,0.09734558993612084,1,interior
0.20198180947385458,0.23266247440649684,1,interior
0.28739172238730876,0.03403618594381385,1,interior
0.19139855884249912,0.2310083514487581,1,interior
0.2346498293843398,0.07162221117199993,1,interior
0.20666552600909752,0.23972230402380398,1,interior
0.19398847372656564,0.19675138066935388,1,interior
0.21919209905171166,0.10562698684878391,1,interior
0.2352420126813719,0.06314304328516403,1,interior
0.2393889430558199,0.06770790243383354,1,interior
0.19893024254246133,0.20431007387875375,1,interior
0.20914547930129193,0.164576045310672,1,interior
0.20847490948144537,0.14070765795793008,1,interior
0.18853813497684815,0.22051391779561844,1,interior
0.21310286622109156,0.125164517257702,1,interior
0.21197636716944296,0.12926313973007095,1,interior
0.2102766599300149,0.17528688303751297,1,interior
0.20064375727110956,0.2314363200166787,1,interior
0.24699106224131928,0.05260298584904344,1,interior
0.1917457762323414,0.21272666088971903,1,interior
0.21808152122597022,0.10668858337064935,1,interior
0.24692147243007873,0.04811726643295096,1,interior
0.2136233833557916,0.172323031373443,1,interior
0.21029501318632549,0.1386625776577316,1,interior
0.20190332369783176,0.17180883334418265,1,interior
0.20916541462282967,0.2388340851395719,1,interior
0.1909612476878115,0.19804054998391707,1,interior
0.2133742612310826,0.2390596385517532,1,boundary
0.1904158553829245,0.22575344235838818,1,interior
0.21272536569292846,0.23654834422149745,1,boundary
0.2373999515287411,0.08892831190334194,1,interior
0.20831729199498494,0.15309175051707302,1,interior
0.1891423752414821,0.2079524799471789,1,interior
0.24065123200418118,0.08846468764679337,1,interior
0.23367144522901323,0.07502061716790095,1,interior
0.21664168699174288,0.11344857664117243,1,interior
0.21241413951057636,0.14498937348840107,1,interior
0.18919402559341847,0.20969458955108156,1,interior
0.18779648659939127,0.22354820435992837,1,interior
0.19234555152408483,0.22660506045896067,1,interior
0.20980407480909927,0.15261194014754415,1,interior
0.20233924262627992,0.18333100539941333,1,interior
0.2061198292882459,0.15182885370712262,1,interior
0.21186123961315398,0.23935187950288403,1,interior
0.23576288276859286,0.0870158052981399,1,interior
0.19521149369527158,0.23128787120539057,1,interior
0.21240088735322624,0.160910571166607,1,interior
0.19432088640129713,0.23391348878643545,1,interior
0.2377387109534329,0.05663383494923467,1,interior
0.2345707796831301,0.08555542222239577,1,interior
0.18899942549756915,0.23109781917398875,1,interior
0.190588158619112,0.20199842285825442,1,interior
0.21096097147947263,0.15714216406362536,1,interior
0.21855706994567706,0.11727725283488677,1,interior
0.23537101062494298,0.08195355590875376,1,interior
0.21124612107020585,0.17126265224545015,1,interior
0.2870754024930129,0.030629998800492463,1,boundary
0.19043236750441261,0.19975331874565927,1,interior
0.21109884821455935,0.14383185352286856,1,interior
0.21001950984559364,0.14609686159313567,1,interior
0.20769647137654276,0.1467460214952559,1,interior
0.20646496448374782,0.1427940477674186,1,interior
0.19380218740044716,0.23199188110380295,1,interior
0.19014646916389866,0.21164235578475352,1,interior
0.21612809176998596,0.10719493207150034,1,interior
0.20173670665821,0.19055574406015072,1,interior
0.20839484374491843,0.1549346399619794,1,interior
0.20208931083842227,0.18617281783783898,1,interior
0.23763104436418542,0.08298599092403822,1,interior
0.2153659700651955,0.1114631007221204,1,interior
0.19206749128606496,0.20014413047801816,1,interior
0.23568921719973804,0.08899665268366917,1,interior
0.1914676521712917,0.1951394693702673,1,interior
0.24271337190135786,0.055646625992173036,1,interior
0.20925538050408168,0.16689945900605827,1,interior
0.24332038009260998,0.08096608888345054,1,interior
0.19374285164467953,0.19304375339065966,1,interior
0.24312397498585708,0.058977754601898004,1,interior
0.23779011588027218,0.06052871286395853,1,interior
0.18903290557070274,0.19844601105234777,1,interior
0.23511367218560256,0.07436292613668305,1,interior
0.18587110501088455,0.21952616781477904,1,interior
0.19523086719303936,0.19343473085936466,1,interior
0.21677602242542168,0.12543556493575,1,interior
0.18733501285764753,0.21128288793030192,1,interior
0.19669423198506403,0.22749161168382215,1,interior
0.20434182723435548,0.178674314324332,1,interior
0.23396136678058307,0.08367109026390715,1,interior
0.18757856774088189,0.21656418739843591,1,interior
0.1919675393526297,0.2335478666672427,1,interior
0.1899514211668431,0.19634452645313702,1,interior
0.18967697778893466,0.22965820018014446,1,interior
0.2081261911676676,0.14487125956433264,1,interior
0.23275283478809286,0.09596613597492366,1,interior
0.23464967554614607,0.07672532527633305,1,interior
0.21442843676504675,0.12315425173595113,1,interior
0.2386717441438471,0.07336304875860115,1,interior
0.22372909278527797,0.10238762388853065,1,interior
0.192151832772312,0.19696771466460705,1,interior
0.2027102831831096,0.24044394386727402,1,interior
0.20951115940161155,0.14338261914201422,1,interior
0.19289857697050897,0.20443431695715175,1,interior
0.2454483617626584,0.05231535416613709,1,interior
0.2084612098763552,0.24042740387595246,1,interior
0.2454657259542354,0.05398051085392901,1,interior
0.23266980035567555,0.06968986439259373,1,interior
0.20060770233046454,0.18259293384915087,1,interior
0.20096200363118955,0.17673742058922762,1,interior
0.195626277227129,0.17443483594453915,1,interior
0.2277476034349448,0.09493931702174774,1,interior
0.19188079862450985,0.19315162728742302,1,interior
0.2142541088470095,0.10720098961008603,1,interior
0.22113456027541073,0.10451740688232389,1,interior
0.19978946458569946,0.19560801689591184,1,interior
0.20335412797186667,0.17004716781306645,1,interior
0.23411231776404992,0.09464911786224144,1,interior
0.21109002064848623,0.14231241979388498,1,interior
0.18547056689467376,0.21666691465964713,1,interior
0.19453469286354874,0.19104384705746996,1,interior
0.20381181579074023,0.1827759786116676,1,interior
0.21517938881969814,0.1152829990240363,1,interior
0.19007863459923577,0.23391161962138032,1,interior
0.1858818052105578,0.22571871250113984,1,interior
0.23295723072453997,0.07882966804626318,1,interior
0.2082247348343815,0.14830708478792082,1,interior
0.21377559551484815,0.1283287383337522,1,interior
0.23273618668371923,0.09340869493727687,1,interior
0.23118604330134954,0.09569253834083521,1,interior
0.1900587207146672,0.1925653870900384,1,interior
0.21067156453998667,0.15891546442229218,1,interior
0.20871895864834372,0.13301560576299987,1,interior
0.2457296889547799,0.04616680868978319,1,interior
0.18377372264106387,0.22059064647184884,1,interior
0.19408012101193015,0.18957209741294292,1,interior
0.21351003346393782,0.11687490445434363,1,interior
0.21247583462720385,0.1109436807636768,1,interior
0.21035191302932446,0.16841548849541482,1,interior
0.19357485096618438,0.22786519206890363,1,interior
0.185396262485594,0.22111849302481434,1,interior
0.18764133306228423,0.2136002750161734,1,interior
0.1868195473091482,0.20924115152448589,1,interior
0.19296331267271313,0.22297508852631745,1,interior
0.2076943928604001,0.16411696430745715,1,interior
0.18588844505065757,0.22269741315443894,1,interior
0.20803584817046616,0.15111129142306387,1,interior
0.23548464597472352,0.07929028758855199,1,interior
0.23200734515062366,0.07240442611787538,1,interior
0.2131768369429962,0.1588380045799908,1,interior
0.20894474501561328,0.16303256747552503,1,interior
0.23140365215141065,0.09418869154747475,1,interior
0.19810611437954162,0.19014955213859172,1,interior
0.2488951451501323,0.045056038175338584,1,interior
0.2053176651298034,0.18214423827911147,1,interior
0.2100772231046028,0.1604875457292646,1,interior
0.20887542822903704,0.16990230053466124,1,interior
0.21051638180182142,0.13608936215199405,1,interior
0.22648225411016498,0.09720663219819235,1,interior
0.2325102678764021,0.07681218133645648,1,interior
0.2134376957641403,0.11391224939453762,1,interior
0.20909131380659962,0.15727104649263582,1,interior
0.20969128869110187,0.13078360829412386,1,interior
0.19645930041258575,0.1727353406732933,1,interior
0.18355351586000979,0.2243566560701174,1,interior
0.23347264105123267,0.08824286431800336,1,interior
0.2413364126533593,0.057487402631381385,1,interior
0.18748160186900625,0.1992441711934637,1,interior
0.20652757882867734,0.15709623781628757,1,interior
0.2322279650023239,0.08048393341857478,1,interior
0.18894455464249527,0.20406424842586368,1,interior
0.18791106621298664,0.1912445081018363,1,interior
0.19231564614973762,0.2360761748806819,1,interior
0.20737194681793722,0.16020601738830725,1,interior
0.20606476912944385,0.15507262227600646,1,interior
0.18889156096505877,0.19470845587385044,1,interior
0.24387316935651052,0.05099856771713361,1,interior
0.1941910823055758,0.2259131731518004,1,interior
0.2064541817754448,0.15883930605240998,1,interior
0.23949026623047784,0.05635318332699402,1,interior
0.19882395047002233,0.18157310695103346,1,interior
0.2083859401386093,0.16156307652642052,1,interior
0.2226206782049888,0.10374684690551053,1,interior
0.24451809843451827,0.055578269523343334,1,interior
0.19115761079122276,0.22803186029178615,1,interior
0.22378995236182234,0.09815850597284063,1,interior
0.20900736407160303,0.13549087115865457,1,interior
0.2510805798293515,0.044472669511940725,1,boundary
0.23435628541968234,0.06949820134481552,1,interior
0.2325595813726349,0.08233573822095605,1,interior
0.18617602584520224,0.21519795455568938,1,interior
0.20187054575025326,0.1812817133537615,1,interior
0.18331171829930998,0.22270722118007774,1,interior
0.18752275716278569,0.1967962226162699,1,interior
0.18877156888116553,0.20016200283953137,1,interior
0.2044400982326528,0.1420128601464365,1,interior
0.2406705126403676,0.055311954714796954,1,interior
0.18729493254489563,0.194891523012685,1,interior
0.20839764748462758,0.13688192668264193,1,interior
0.19177092269267204,0.22943215300038985,1,interior
0.20504665987414258,0.1806385879415997,1,interior
0.18716369769364358,0.20676065523149903,1,interior
0.23326683808278692,0.06663060586349531,1,interior
0.20501793019410833,0.14703422009885755,1,interior
0.21388242985812303,0.16039224122475812,1,interior
0.23652277083244808,0.05802866736229379,1,interior
0.20828452486816817,0.16832621088454092,1,interior
0.23233275613678003,0.06351189980178437,1,interior
0.2080573094646796,0.1714157503217538,1,interior
0.2345043431012234,0.0928737347889337,1,interior
0.20496516447308905,0.14035529499452706,1,interior
0.21047290719432057,0.24150978463951345,1,interior
0.18935386942724394,0.22777018567759807,1,interior
0.217143209623401,0.1049211147828441,1,interior
0.24380759531232382,0.05356494655226815,1,interior
0.20117863103715228,0.17465477781097158,1,interior
0.19662381972179704,0.1823111121279151,1,interior
0.21151585865967737,0.11770305909251289,1,interior
0.22294766804583843,0.12617833505047535,1,interior
0.19973252159158103,0.17994571184343705,1,interior
0.23491710376550606,0.058319006082709506,1,interior
0.2371224960159164,0.0628813056151349,1,interior
0.20286378115033438,0.13958482225411833,1,interior
0.18247424806915832,0.2260245729244072,1,interior
0.19192034894082285,0.19114383663938184,1,interior
0.21244545901355077,0.12753956726372687,1,interior
0.19506685523991774,0.1758531836968134,1,interior
0.21875078329080674,0.10386940974423473,1,interior
0.20581174329420285,0.14956192273894675,1,interior
0.2269048988757017,0.0998096505463673,1,interior
0.23887632065746733,0.05346378623510904,1,interior
0.19809928396322896,0.18379437832138198,1,interior
0.1875454309682733,0.2294032019239502,1,interior
0.20351011905227065,0.14864612413937942,1,interior
0.19447789959311038,0.1881024335580036,1,interior
0.23184924158888143,0.07433820183949838,1,interior
0.18488267537452244,0.2140833592335392,1,interior
0.2115030606417321,0.11604995481508773,1,interior
0.19962670236842,0.1844359204343364,1,interior
0.18171833906353205,0.22457927214740947,1,interior
0.18831241722501665,0.23260694887609296,1,interior
0.24752820711990725,0.04599345439076187,1,interior
0.23055019752332243,0.0881126009961612,1,interior
0.19223283962726415,0.2112496832047725,1,interior
0.23631657771651596,0.05986757428714214,1,interior
0.20142046284222506,0.17034228180221833,1,interior
0.21063217038888,0.11901578667972118,1,interior
0.23127380200468056,0.0672841054763393,1,interior
0.19732197271867913,0.18829573625652848,1,interior
0.20654173628222067,0.13624703237312505,1,interior
0.18764128545973693,0.2051350145151641,1,interior
0.20640376426764132,0.14483442442207592,1,interior
0.24064869172033443,0.05297371345284986,1,interior
0.23217495180747907,0.06522686558817992,1,interior
0.1829800486738985,0.2138346558788191,1,interior
0.22864325234809652,0.10102248757524605,1,interior
0.18115280423504623,0.22231742559925952,1,interior
0.19647725039817934,0.1704008867305858,1,interior
0.2332771580156682,0.06826835680983787,1,interior
0.2296297957566626,0.09247671414536948,1,interior
0.23222777644196507,0.09103549923320779,1,interior
0.2419596105177753,0.054169978638261715,1,interior
0.196599768389828,0.18599709930410818,1,interior
0.23541937151088274,0.0647876752093205,1,interior
0.22165443927809764,0.1023636483466302,1,interior
0.2059405164507158,0.16713208574358954,1,interior
0.1907982071805978,0.18942867378875056,1,interior
0.23399783528081552,0.06084921313699706,1,interior
0.19688397990867024,0.23707185805702496,1,interior
0.23636445854954483,0.054264875245408704,1,interior
0.24600146896653563,0.04423506116145162,1,interior
0.1924931319009097,0.1878382295099649,1,interior
0.20693488112480266,0.14069358381998814,1,interior
0.20932866848406037,0.15004589092732223,1,interior
0.20132667049472044,0.13737734270080354,1,interior
0.21357330583902168,0.12104843295642367,1,interior
0.19686244288197988,0.23911598209853213,1,interior
0.20660882085409127,0.1479797687352629,1,interior
0.2113156585591657,0.1085192887149249,1,interior
0.2120678670191582,0.11463565615357019,1,interior
0.20801814934214768,0.1430491467398896,1,interior
0.2094131316087683,0.12780906100504533,1,interior
0.20226597364983173,0.14706309618217217,1,interior
0.19906557991435236,0.1716916520002178,1,interior
0.19527580102970074,0.2383171535205358,1,interior
0.22009564783406568,0.10190661909614714,1,interior
0.21353716300370557,0.11217272014467612,1,interior
0.19466627014389307,0.23679013489001774,1,interior
0.20881661972115653,0.15898140957584,1,interior
0.19322304969779822,0.17414373185570176,1,interior
0.19509523092316938,0.1719777348369517,1,interior
0.23040888818881153,0.07235719921877368,1,interior
0.20489553009016373,0.16126113627048447,1,interior
0.20058005832215892,0.1464860092435561,1,interior
0.20061982769008638,0.17273063148571785,1,interior
0.20631517755697185,0.13458957043052164,1,interior
0.19917596845954139,0.18860321959227094,1,interior
0.2277238065933733,0.09830185198793152,1,interior
0.24830197334179277,0.0434971887715727,1,interior
0.19814572863709684,0.1785391127826593,1,interior
0.23705269955457225,0.05184946640059049,1,interior
0.23418791514397905,0.05224518636172787,1,interior
0.23586811161119553,0.05656348563059886,1,interior
0.1867645880793975,0.18933561304791185,1,interior
0.18792174375782608,0.19280009569048584,1,interior
0.19617125954700118,0.17950934456659703,1,interior
0.23822724280662397,0.05500815200248644,1,interior
0.24506402422599022,0.04753227339775703,1,interior
0.19258847074691965,0.23888392559236,1,interior
0.205005708562646,0.13575353070906282,1,interior
0.2232842956164098,0.10070516614381252,1,interior
0.20643730916557076,0.1326559655388319,1,interior
0.20404294683630878,0.14434686514281359,1,interior
0.23137350078399635,0.0706893959456798,1,interior
0.21155678076664475,0.12613351061736805,1,interior
0.2062370844125634,0.16266571711846892,1,interior
0.23368135667953618,0.05490725103204861,1,interior
0.23373584513184528,0.08073986005473267,1,interior
0.1843273465582201,0.21900471563645005,1,interior
0.20544648745250688,0.17092528982477148,1,interior
0.20866528458930506,0.13912388204931792,1,interior
0.2111644640023664,0.11199821989038668,1,interior
0.18616667816048002,0.21306419339297422,1,interior
0.20667560421007428,0.1690823831448141,1,interior
0.23148723280071384,0.08660723011187081,1,interior
0.18817219501121335,0.20176978328844403,1,interior
0.1854251914148178,0.22423966083182303,1,interior
0.2151264699212547,0.11297653407307676,1,interior
0.19625101440528384,0.24109915248572902,1,interior
0.18222042691020057,0.22112148873595794,1,interior
0.18441294532599042,0.22631514146951603,1,interior
0.22795019838315547,0.1197985320393399,1,interior
0.17976207053185264,0.2272281844437887,1,interior
0.20493174287582352,0.15866230134992354,1,interior
0.20354246331983677,0.15106636258574627,1,interior
0.2068947065968081,0.13827528048322632,1,interior
0.20213348433158235,0.16107861083682046,1,interior
0.19449502723217046,0.16998904480748678,1,interior
0.18587741466310317,0.2108242543847657,1,interior
0.18275743192720825,0.2284571987340301,1,interior
0.21119941824311583,0.12076844094153819,1,interior
0.1898115713694097,0.19089158135565829,1,interior
0.18634914570140837,0.22725195237277435,1,interior
0.18435240445213702,0.2110357533178218,1,interior
0.20809120535894912,0.16582196107012964,1,interior
0.23380257589309816,0.04991051129533947,1,interior
0.21219628331866436,0.2410560984721225,1,interior
0.2066278801946977,0.1283170657435582,1,interior
0.2315415354291896,0.08483414563882846,1,interior
0.2000172811758951,0.18602128401930543,1,interior
0.2501830459932141,0.04282073342446697,1,interior
0.22728005346987973,0.09330158136913594,1,interior
0.23055371264088245,0.0779870101760501,1,interior
0.2295739469699099,0.06942993725003162,1,interior
0.22896230254222774,0.06797800255377007,1,interior
0.19465111430358745,0.18608854035296793,1,interior
0.18843076949319135,0.225538662143577,1,interior
0.18251626057830075,0.21936639734856186,1,interior
0.19740892779514552,0.18059203736628016,1,interior
0.1923003356490292,0.21605200076975722,1,interior
0.21059737778888224,0.11350659494042624,1,interior
0.20471549936294872,0.1373467626697872,1,interior
0.1909018354929651,0.18658569404489223,1,interior
0.21031782012591882,0.12400262432328053,1,interior
0.20463967386941798,0.24130372469005565,1,interior
0.19518087227479136,0.18434964837499068,1,interior
0.20993808175984696,0.14124605649193273,1,interior
0.20572034512658494,0.1648310128686566,1,interior
0.1794589608022401,0.22513932226914873,1,interior
0.19722141314238636,0.1747981280316131,1,interior
0.23311479486396375,0.07129799175827058,1,interior
0.20390616870377742,0.16367548490505515,1,interior
0.20502511456397252,0.12579635904361017,1,interior
0.20304390711680356,0.13622060793731572,1,interior
0.180522741618982,0.21975885502542977,1,interior
0.1857231656672873,0.20788041140337027,1,interior
0.19182618956445513,0.24068634769410974,1,interior
0.2103579776929632,0.23993519868950683,1,interior
0.19249553277043172,0.1894037272048433,1,interior
0.17733175296542164,0.2248549259363804,1,interior
0.20306550735380535,0.14276082897884787,1,interior
0.20793418006123157,0.13088778737842363,1,interior
0.19336590971142573,0.17576446929482434,1,interior
0.2174106114535852,0.14096622981533236,1,interior
0.19727663607722595,0.24362331010964522,1,interior
0.24251859050404695,0.052375980250852626,1,interior
0.18590135855997839,0.20514886004465333,1,interior
0.2024478037195341,0.23610700061232937,1,interior
0.21532329678530002,0.10445359759375382,1,interior
0.2290338803303006,0.07449007072954637,1,interior
0.22034609674050115,0.09998538537907484,1,interior
0.19962370446446503,0.2401734070186382,1,interior
0.19452531873498738,0.24035954293248588,1,interior
0.1753415320556887,0.22496455431713303,1,interior
0.1927101367311483,0.17257610306507762,1,interior
0.18324591384476324,0.212226501129764,1,interior
0.19469630896787696,0.17877588524441537,1,interior
0.20190777170320678,0.16842450750866475,1,interior
0.19479440273683415,0.18107559884246038,1,interior
0.23575969119098364,0.06150179436574727,1,interior
0.2168474370082502,0.10264472504944852,1,interior
0.20055423475304343,0.1395711022273225,1,interior
0.20247303936188285,0.14450195891702258,1,interior
0.22933235876074906,0.09570732573319857,1,interior
0.22377678703059584,0.09637838670920416,1,interior
0.24403831126438305,0.04406870333852153,1,interior
0.2304747630159952,0.07540769962009247,1,interior
0.23919276060507086,0.0507410927827908,1,interior
0.20249964283993507,0.15960265733963486,1,interior
0.20117207485393251,0.18464448912524425,1,interior
0.20371465057604368,0.13475327868669787,1,interior
0.18676618058255645,0.23275409580616094,1,interior
0.20917408961460815,0.12561343331942065,1,interior
0.21480771086135256,0.11768419701458996,1,interior
0.20202887039364603,0.1494710630661711,1,interior
0.20280681962112335,0.24312277649677436,1,interior
0.1892987455588214,0.18818294498543117,1,interior
0.20887747091252384,0.11639294520907198,1,interior
0.20551258713021534,0.24354617664079578,1,interior
0.2009566304927083,0.1353068145678909,1,interior
0.20069493621273624,0.24434399211860083,1,interior
0.23109408147236335,0.06890178302339581,1,interior
0.2035515756375348,0.24509299700400025,1,interior
0.2255425656503831,0.11618968760177523,1,interior
0.20848627398543637,0.12322143540753751,1,interior
0.20288557130627982,0.13775651883278478,1,interior
0.20391602065577888,0.1459588367316461,1,interior
0.1856308722904959,0.1933417669256618,1,interior
0.23074167863890313,0.08014875463474398,1,interior
0.20392905325517377,0.16736024475555403,1,interior
0.23336430871523287,0.0898121612945749,1,interior
0.20427430145600936,0.1567852493803781,1,interior
0.22004055327726132,0.09793219367342025,1,interior
0.19011777233377417,0.23781697767491958,1,interior
0.24324745451606178,0.048090275878247025,1,interior
0.20376263587433138,0.16558325134319551,1,interior
0.22740869326933347,0.07651791773767991,1,interior
0.20236321685184422,0.15784043917072924,1,interior
0.23252069427058522,0.05296115705271823,1,interior
0.21420245033001564,0.1478483888138075,1,interior
0.20560320953740346,0.13113126259686417,1,interior
0.1796707099968504,0.21820696343131987,1,interior
0.2119434161222548,0.1225523616815243,1,interior
0.23551576636361168,0.051252145217892064,1,interior
0.2408784101516988,0.05114133471879602,1,interior
0.2329632786351729,0.08554329270996436,1,interior
0.2318384102365946,0.08914309147027522,1,interior
0.18538293847892728,0.19047391148169082,1,interior
0.20157119478608607,0.14094993173232181,1,interior
0.20087711527851349,0.14436488071870915,1,interior
0.20636830660392444,0.2415860069994312,1,interior
0.20923818756386614,0.12181379764947921,1,interior
0.18819331932725533,0.23525643140301758,1,interior
0.18607274641592073,0.2003091058208598,1,interior
0.18348069511951126,0.2162740791815394,1,interior
0.22208568732374387,0.09858642599976038,1,interior
0.19805683216922235,0.1691106778957085,1,interior
0.1987796759631528,0.1354964023999374,1,interior
0.22858038530978042,0.07189288794597955,1,interior
0.19268842209931336,0.17829688889538797,1,interior
0.2309317591637842,0.0824081318198193,1,interior
0.194421466243649,0.18300521854264348,1,interior
0.19125759007342796,0.17691926587738657,1,interior
0.19884988910063153,0.13784351125414698,1,interior
0.2069722493350182,0.12292341434538218,1,interior
0.20450288221173812,0.13331115477046737,1,interior
0.20369925972384056,0.1297589742010197,1,interior
0.20857100206217988,0.2427066444855446,1,interior
0.1934635587402421,0.1802411225130621,1,interior
0.1917872210749202,0.17000170389461094,1,interior
0.21237082545101924,0.24307790586775568,1,interior
0.20135713937390215,0.24581325238187088,1,interior
0.23144605266940765,0.05576167606165159,1,interior
0.21750010785815505,0.10062214276386502,1,interior
0.22924987677819034,0.06513813691234378,1,interior
0.18150385561177915,0.23070831901716027,1,interior
0.19012457110961523,0.24052999121858137,1,interior
0.1896744755487112,0.23564913497414713,1,interior
0.1865775744269143,0.20281192026332456,1,interior
0.18659205661359585,0.18667482200048238,1,interior
0.20295327485534903,0.13137609283355156,1,interior
0.20179078195381212,0.16350757136605593,1,interior
0.23063095291568209,0.090483942041351,1,interior
0.22911353555546898,0.08940121524854422,1,interior
0.17875720493707772,0.2158827425018736,1,interior
0.1928795177689535,0.24286344146275626,1,interior
0.19338602619322992,0.17110133299493094,1,interior
0.1993880865820971,0.1664208485311087,1,interior
0.19989511902825066,0.1607419346861165,1,interior
0.18981803705621095,0.24262473078785624,1,interior
0.2276505259920122,0.07318322262019229,1,interior
0.1992019302299706,0.24211127942029176,1,interior
0.18375640418820421,0.20771140293533974,1,interior
0.1842173436826667,0.2093241827180233,1,interior
0.19323333090182315,0.16913377148819828,1,interior
0.19280578724736108,0.18498915861477488,1,interior
0.19518478462755748,0.1669005845580862,1,interior
0.20666610413468667,0.1267047197669566,1,interior
0.2355705292572224,0.048770939958541155,1,interior
0.19946001818979822,0.16847679089595344,1,interior
0.2285339400257041,0.07774387184943775,1,interior
0.19068670468679738,0.17324552963216686,1,interior
0.1898409271735616,0.17586013042830037,1,interior
0.2043738292159725,0.2396541769589958,1,interior
0.24354074314349966,0.046468026084060594,1,interior
0.22884810786253587,0.08374463927669842,1,interior
0.19974652878394494,0.16999943996247543,1,interior
0.22860481817173267,0.0802633037702921,1,interior
0.21331800035821916,0.10243350959881717,1,interior
0.1905865460685746,0.17881968778213342,1,interior
0.20084440032180753,0.24222260183357142,1,interior
0.2089062878007261,0.11856612056084986,1,interior
0.22688877636707142,0.07451499409316915,1,interior
0.19064921386405484,0.17154089178108373,1,interior
0.20899789080279496,0.11225014687069705,1,interior
0.18516379425528923,0.23408615000540534,1,interior
0.19630420678652077,0.13755209382774872,1,interior
0.20855886482079708,0.12029942632532217,1,interior
0.18449801353817183,0.20616666293511748,1,interior
0.22801967497210796,0.09088936218132597,1,interior
0.19913394722009872,0.2436844627254724,1,interior
0.1914837221858681,0.17491441199614416,1,interior
0.1786009573871871,0.22352359073883768,1,interior
0.22932774012727167,0.08225356572205145,1,interior
0.23286846089264174,0.05699384678426555,1,interior
0.19496419600805395,0.24275888047938682,1,interior
0.24086770087501047,0.04955869310550128,1,interior
0.22997489121099685,0.08643692689026952,1,interior
0.1926762700783022,0.18265376611471337,1,interior
0.183184144165933,0.2300052271890563,1,interior
0.2253632195960429,0.09464038951111087,1,interior
0.1834445003196741,0.19487411787410022,1,interior
0.19569834444563583,0.17756507684090847,1,interior
0.20823633470304045,0.2372027376654032,1,interior
0.22964786785919886,0.05645991991134751,1,interior
0.2107112369947559,0.11044698890466148,1,interior
0.19964085582791927,0.13361458377731864,1,interior
0.20710829806389508,0.12447581269067877,1,interior
0.2305925363010364,0.06297783197146643,1,interior
0.24635953594027432,0.04200813117974463,1,interior
0.22717722241196905,0.0792945708160508,1,interior
0.18268819605374256,0.2106370547937653,1,interior
0.24825235144176447,0.04110269307113038,1,interior
0.21048996408357448,0.1289493575162921,1,interior
0.204422854013129,0.12407124180187355,1,interior
0.2247880632348145,0.07997645365463961,1,interior
0.21891951190389428,0.09906951087474064,1,interior
0.2323866229857384,0.06075113220619089,1,interior
0.1809146801188463,0.2117602805377639,1,interior
0.22853638403330756,0.054675840419764525,1,interior
0.1900465800824459,0.18180998194624534,1,interior
0.2037353216700553,0.12243597580355411,1,interior
0.2252115282599254,0.09198998931029287,1,interior
0.18890622718767994,0.17400923854195902,1,interior
0.1973599786551093,0.16640541252050572,1,interior
0.24444871440942756,0.04912032172318659,1,interior
0.20489466956225427,0.12881656795272328,1,interior
0.18475847592191488,0.22903194930888446,1,interior
0.18382548561021061,0.1878207213870272,1,interior
0.1823550283108454,0.23388794346450092,1,interior
0.18472190678295644,0.202735492517473,1,interior
0.22910895602392758,0.0941992480648252,1,interior
0.18493631960604123,0.2312001853498443,1,interior
0.25073322625848987,0.040546187592855686,1,boundary
0.22207493590775318,0.09665910594311443,1,interior
0.21342213322771258,0.10520464913674125,1,interior
0.18780970413499712,0.22776763057593086,1,interior
0.21222903349891709,0.10056967958615526,1,interior
0.1909387802004492,0.23915466117331333,1,interior
0.19508713661192212,0.16854602195709523,1,interior
0.19327896059195288,0.16695477146489454,1,interior
0.1776683084383082,0.2187686004543577,1,interior
0.2006254053450397,0.15904990059717192,1,interior
0.18892570493094443,0.18019122502803633,1,interior
0.2101580340024466,0.09952044399199857,1,interior
0.2390346386386721,0.048629468298457955,1,interior
0.20303756683176097,0.12800406354776264,1,interior
0.18832500798475174,0.1896382006279996,1,interior
0.24539340896739745,0.040043695163266335,1,interior
0.19957698769227217,0.15769298594043796,1,interior
0.20082594940654672,0.1291273120624837,1,interior
0.2080741988434542,0.1288324139058538,1,interior
0.2268993220046765,0.0816763531771638,1,interior
0.17881486660896442,0.22064545144516537,1,interior
0.21404540719268905,0.24195939556438986,1,boundary
0.18151222894038227,0.21505539644564084,1,interior
0.1967875279561689,0.1681178699094074,1,interior
0.18146956466942363,0.22730170424884708,1,interior
0.23219822047748936,0.05024183920386464,1,interior
0.18344119312097465,0.23155707381868898,1,interior
0.18044178987513726,0.22887493921922267,1,interior
0.18156565326219146,0.19382406032538685,1,interior
0.20714803242939409,0.12093789339387648,1,interior
0.18425392636714372,0.2356345548928086,1,interior
0.1993758832620246,0.1643791860894051,1,interior
0.2329790676128641,0.048525648912468924,1,interior
0.176624811964632,0.22666653358876573,1,interior
0.18457855875873005,0.19858981851631455,1,interior
0.20180578281266726,0.12555496105334057,1,interior
0.22661003920526746,0.08957879591734917,1,interior
0.24260019562166354,0.049586891461394764,1,interior
0.18724043600808213,0.23123016659561452,1,interior
0.18156983569906154,0.2166037833284729,1,interior
0.1913469724397378,0.2452597049318513,1,interior
0.23435869465553208,0.04775795335272788,1,interior
0.23220790559392732,0.05861398426882538,1,interior
0.2157764385627774,0.10015967361321468,1,interior
0.19933840157854343,0.14742064754423334,1,interior
0.1868792431611823,0.23437525137059342,1,interior
0.1869258229328806,0.17996908891017066,1,interior
0.1981562060097533,0.24520852078730598,1,interior
0.18583235379462967,0.23683370636996248,1,interior
0.20376337385442053,0.15287270116357918,1,interior
0.17706683744782561,0.22143281934943534,1,interior
0.18244540989777638,0.2068656583782132,1,interior
0.18510145617297416,0.1863578452512623,1,interior
0.2278658977811172,0.06386178565004907,1,interior
0.18066817167027563,0.21329537927551476,1,interior
0.23027699189038867,0.05906882183720333,1,interior
0.1800513850500334,0.21039531823362598,1,interior
0.19782190816194856,0.24088867160495375,1,interior
0.2204297699725483,0.09568194043027231,1,interior
0.2119594319672238,0.10612362733454193,1,interior
0.22701015525199938,0.06526357028343863,1,interior
0.18403236628578687,0.19151278970266178,1,interior
0.1874348255349055,0.23702966937289213,1,interior
0.20436002288707283,0.12719733477224396,1,interior
0.22513188310819127,0.06387847232594517,1,interior
0.20210913783308207,0.16527378546721272,1,interior
0.18254192865094876,0.2028974107047545,1,interior
0.2278708261950627,0.06030807423539647,1,interior
0.20245439528634207,0.1333814127777398,1,interior
0.20459553083871396,0.24783208581305186,1,interior
0.2123993979605998,0.11952991574907972,1,interior
0.23144185398596992,0.04880054745933751,1,interior
0.20673575830365884,0.15335634591654349,1,interior
0.20433165516868956,0.13890879060292757,1,interior
0.22891950395545077,0.06268824771000882,1,interior
0.22350762405705873,0.07894691442972925,1,interior
0.18260843925050294,0.19024111486989226,1,interior
0.2276094154557827,0.06683570903330864,1,interior
0.1882475710453604,0.18283642472167022,1,interior
0.20877711010513506,0.10867072272447137,1,interior
0.22266695900501327,0.081449231993548,1,interior
0.21313660938236578,0.10825667182428542,1,interior
0.19030539699633023,0.23215296801121926,1,interior
0.18261540090848874,0.19620595816957284,1,interior
0.20100772250094442,0.13254687414101818,1,interior
0.1782865270313319,0.2292347319132342,1,interior
0.19135791901348032,0.18096865140445662,1,interior
0.21691466799161685,0.09809545070904448,1,interior
0.18442482161111218,0.20071657284300776,1,interior
0.22745335287633767,0.07058000942527079,1,interior
0.1807992197662956,0.23211283547494838,1,interior
0.20722358050411285,0.11868259399348857,1,interior
0.2222821351122026,0.09233071028578614,1,interior
0.18854911304184419,0.17109186292870684,1,interior
0.2049444551415833,0.1694804157174609,1,interior
0.17921819364909095,0.23043563542015885,1,interior
0.18631445166220134,0.182883504114902,1,interior
0.19814017846895846,0.15922545700434348,1,interior
0.19130995114782434,0.1837478991418827,1,interior
0.18820586283791055,0.186328642298403,1,interior
0.19745721416233347,0.15683535097033158,1,interior
0.18547321956090412,0.19524822729788527,1,interior
0.18541246117992882,0.18847900453675667,1,interior
0.19896091511513503,0.14465958347858557,1,interior
0.1881376645134292,0.1773048529516867,1,interior
0.20100847225732027,0.16677635425486148,1,interior
0.19804792268163032,0.24697240782526972,1,interior
0.19751059687107825,0.134313146530715,1,interior
0.19489547707597782,0.16420050066260825,1,interior
0.2002045752455821,0.14271520187508224,1,interior
0.24662068932786366,0.039050623701614835,1,interior
0.202878559870204,0.24688232931753937,1,interior
0.17727097198012906,0.21465800208588892,1,interior
0.19800973346832196,0.14202140714830414,1,interior
0.19959148275386057,0.24639001149632506,1,interior
0.20119317332432385,0.24786927754588356,1,interior
0.2083974660112715,0.11085208912446513,1,interior
0.17891633551145014,0.2130993958671812,1,interior
0.230786950408611,0.06052500288226893,1,interior
0.2375606756138204,0.049657353749930834,1,interior
0.1932593316345958,0.1631373130461796,1,interior
0.18306578821665045,0.20525949958799325,1,interior
0.2152442431572181,0.10159963458089713,1,interior
0.17872453520143664,0.2114897479016681,1,interior
0.17683430263331834,0.2230899185489529,1,interior
0.18774942109456436,0.18139945066778096,1,interior
0.2274096812455555,0.06191932229087038,1,interior
0.1814912442792679,0.20842890306804765,1,interior
0.20381869788382898,0.15521569941339722,1,interior
0.17808924707765222,0.20918540743041408,1,interior
0.19144951315515765,0.16496255981882554,1,interior
0.25014274414275167,0.03911580055721043,1,interior
0.1977678848334569,0.16472153393519748,1,interior
0.24113208427070432,0.04719995046004964,1,interior
0.2296163232143311,0.05144830111536641,1,interior
0.2261185967091898,0.07316379891691945,1,interior
0.19902125273031848,0.13181411897413572,1,interior
0.20516556136662445,0.1537821596003698,1,interior
0.2219297588916728,0.0939567751494381,1,interior
0.17631506564238744,0.21660584085349283,1,interior
0.2054347224129018,0.11935867378805488,1,interior
0.21055556697915667,0.2435954021796533,1,interior
0.18048270533672112,0.2057256357425042,1,interior
0.21240076520397835,0.24528767468861062,1,interior
0.1873310418197268,0.172222242927139,1,interior
0.18076330506097135,0.20335825532319066,1,interior
0.20557446329848947,0.24636423714951042,1,interior
0.19694488292550605,0.1440368165795858,1,interior
0.223434253997829,0.07396651284786784,1,interior
0.24459525388311346,0.041757796647910614,1,interior
0.23328502032753795,0.04638906441642615,1,interior
0.2516747924352736,0.03885781856527859,1,boundary
0.19915823735212176,0.14073540606470733,1,interior
0.20265648868435887,0.12360319905962054,1,interior
0.2250090790159602,0.07709148716803599,1,interior
0.1936014626428291,0.1369652659114362,1,interior
0.2491649254041621,0.03725339859653093,1,boundary
0.2096344762450509,0.10622040169949755,1,interior
0.1822647431215694,0.18766623777489294,1,interior
0.21183067558188656,0.1028278492593016,1,interior
0.19318601295328502,0.23743891380042303,1,interior
0.200808142774243,0.15625498289495238,1,interior
0.1897821986362797,0.17743071957409326,1,interior
0.17802839784378366,0.20362266095556739,1,interior
0.2203044605171812,0.09347585105813118,1,interior
0.1828180181102112,0.23632384269561837,1,interior
0.19328052546425742,0.24128999229578504,1,interior
0.21012419351199382,0.1151416289547057,1,interior
0.20669803930127195,0.1117343133472512,1,interior
0.2269920900537324,0.08413773542509924,1,interior
0.17666517896476627,0.21024177400099855,1,interior
0.23373121970453456,0.0642051086589508,1,interior
0.19185607624104242,0.1682602948883893,1,interior
0.1995820729750261,0.130192844100487,1,interior
0.1811278586344683,0.19065039324828828,1,interior
0.17583772823747637,0.20892707920806455,1,interior
0.22298001939878503,0.07641784772660021,1,interior
0.19598491128998566,0.16240885245145342,1,interior
0.17864479280132176,0.19375411327689868,1,interior
0.1961406392272758,0.1357493573531112,1,interior
0.19845027074435115,0.1630923200393158,1,interior
0.20994269799320497,0.10103831270884327,1,interior
0.18756912044244903,0.17562516079978763,1,interior
0.2316102448156123,0.051669626025594405,1,interior
0.1803141010323634,0.18933771352387946,1,interior
0.18683168753766594,0.17404317481422474,1,interior
0.19319006486252494,0.1615895204333576,1,interior
0.19797696335046036,0.16131942348254683,1,interior
0.22577236553853208,0.06767296767572868,1,interior
0.2184656656503587,0.10192838666387058,1,interior
0.20698340595286566,0.24306117544226863,1,interior
0.2485897269519425,0.03912103745233464,1,interior
0.1798113062627156,0.18681563531322914,1,interior
0.225542156611255,0.07540114620283353,1,interior
0.23697118009479723,0.04803896276242158,1,interior
0.18390425401890828,0.1852305971797044,1,interior
0.2203550450811162,0.07673167102296415,1,interior
0.20539630760973898,0.12193840730706844,1,interior
0.1820744727439505,0.19217904593899418,1,interior
0.19416453555104107,0.1771624572851257,1,interior
0.22489126801609938,0.07058195885720006,1,interior
0.18620391663794794,0.19181863619115608,1,interior
0.17398975397518415,0.2178434419911451,1,interior
0.18827463966710076,0.23985169986740523,1,interior
0.1862373097201419,0.1847900554845859,1,interior
0.18987429541577,0.1854522307225925,1,interior
0.20154860099373773,0.15429666260612518,1,interior
0.18511691189127547,0.17715894794797563,1,interior
0.2330921001618702,0.06212722611539228,1,interior
0.2274041056954879,0.08749991992391762,1,interior
0.203721193177488,0.12064510871109367,1,interior
0.1778267239326672,0.2311984334338622,1,interior
0.18132835697932398,0.19799186944084343,1,interior
0.22846456409075316,0.0860181772482733,1,interior
0.2337167742447246,0.059299026138989124,1,interior
0.17466182679747577,0.22162347064198032,1,interior
0.17674590872523532,0.21204200546242397,1,interior
0.19759711414733586,0.13891142435931667,1,interior
0.20080281412074824,0.15065259051541743,1,interior
0.21101808100643835,0.10414192404115855,1,interior
0.18847422309536147,0.23823185323700943,1,interior
0.20313180562891864,0.24922227229627933,1,interior
0.2190854501362308,0.09640345649637028,1,interior
0.21942549593148486,0.0921424615283602,1,interior
0.18396230837838642,0.23799655408187717,1,interior
0.19947983817381323,0.14958389442056672,1,interior
0.17970867260248186,0.20811039169739823,1,interior
0.24722805792110808,0.03661451606081077,1,interior
0.20636022693269981,0.11332342994416894,1,interior
0.20732894849598807,0.24487695863530964,1,interior
0.1732847735840894,0.22377488928516995,1,interior
0.22758941790293333,0.05000009437667454,1,interior
0.18707808398349762,0.2414144389348885,1,interior
0.23059003477744672,0.054273231212270866,1,interior
0.23584703401079,0.04610359078324168,1,interior
0.24556712069045145,0.037566173588513586,1,interior
0.19896584578364718,0.15552097230467793,1,interior
0.21406865588180174,0.09957897036484313,1,interior
0.2461201653094523,0.03521167275890709,1,boundary
0.24433794998753344,0.03654329321357015,1,interior
0.18393539506387588,0.19303348820397193,1,interior
0.22792274689178765,0.05869500795735769,1,interior
0.21461389778199988,0.24413673514175424,1,boundary
0.19868612318870793,0.24835921600884844,1,interior
0.201473121386133,0.15228074935468972,1,interior
0.20687843811240839,0.24743537241915065,1,interior
0.22546388843128354,0.08400721732380122,1,interior
0.1987998231672368,0.15293323106430595,1,interior
0.20051544262340057,0.16220529373402995,1,interior
0.2007067147016562,0.12387494117654585,1,interior
0.1878012673358115,0.1878213520990532,1,interior
0.18979372426730448,0.1834092989274818,1,interior
0.1752270515815872,0.2233046851816788,1,interior
0.1991361820160127,0.12498975964960155,1,interior
0.1750070747133062,0.21131628378776912,1,interior
0.181375006955735,0.23789147100450997,1,interior
0.1726241402325121,0.22623986813676247,1,interior
0.20584672400312046,0.2494253565927687,1,interior
0.17962465998660737,0.21446228226206837,1,interior
0.21781241008893945,0.0954618646076302,1,interior
0.20866523895774422,0.09806433245635872,1,interior
0.1877802189423857,0.184742120748869,1,interior
0.17660928254841124,0.2290614244108688,1,interior
0.1753380343013372,0.2149652576625278,1,interior
0.22191049897531182,0.09022372705663781,1,interior
0.19845657572244688,0.15138208924073368,1,interior
0.2409559151316185,0.045413745905642386,1,interior
0.19593735849570257,0.13398723778779803,1,interior
0.21228628684585826,0.09834922868205621,1,interior
0.19597537728206743,0.1560117170553664,1,interior
0.17964235848986262,0.2387903151699309,1,interior
0.20225029296765132,0.1557055278495553,1,interior
0.23064544623849415,0.04747440223247144,1,interior
0.17702188207437677,0.20746844371499448,1,interior
0.18492651611308936,0.1814636452546222,1,interior
0.22461096154232296,0.07271969570948045,1,interior
0.2020228092401685,0.1214183946689603,1,interior
0.22913688047517977,0.047850025329878795,1,interior
0.2281295128525843,0.0570571161321856,1,interior
0.22211057408560797,0.07785041043267323,1,interior
0.19322928148889298,0.1649377675493455,1,interior
0.18061421282430531,0.23371408528438709,1,interior
0.1984539251087887,0.2507729433609077,1,interior
0.20797765301805635,0.09966096072513737,1,interior
0.17856751620448433,0.1859410579346632,1,interior
0.2264411190997273,0.08589122614887439,1,interior
0.19661414317942363,0.13155761168713323,1,interior
0.17538841635910957,0.21300723180408485,1,interior
0.199943179742411,0.15418438598401976,1,interior
0.19686445231928404,0.1506819737552722,1,interior
0.20056195116162376,0.14848086715509284,1,interior
0.20734601623337193,0.1076002700682468,1,interior
0.21993792960134365,0.08220858978192051,1,interior
0.17891602997335676,0.20630657126506383,1,interior
0.19618096216032982,0.15265968401458338,1,interior
0.19541644813685113,0.13890125306438436,1,interior
0.19648381730370992,0.14044140036577876,1,interior
0.21022712813380595,0.10272197917260893,1,interior
0.22395714494112223,0.08650482641416338,1,interior
0.20447912639110305,0.11050530129797394,1,interior
0.1860869250919535,0.2300278146818432,1,interior
0.18479088583138795,0.1753838270525252,1,interior
0.208509407324667,0.1039584767685705,1,interior
0.17914794614199075,0.19139921895693382,1,interior
0.2420751040611335,0.04026911708227368,1,interior
0.2250231569619887,0.06230378918044256,1,interior
0.17860042089227335,0.1898464686807203,1,interior
0.17641642075633557,0.18618687647085264,1,interior
0.22619445209369138,0.05967279920520387,1,interior
0.23299665262508343,0.044754007665136,1,interior
0.22634624658687505,0.06927699119432755,1,interior
0.22290126652900236,0.06227352980809197,1,interior
0.2427799261105832,0.04172315129590155,1,interior
0.18600375150076429,0.19668562615324622,1,interior
0.186478151147953,0.23841375301891596,1,interior
0.17611360287355715,0.21853594256971998,1,interior
0.1856857958824385,0.17866848396333954,1,interior
0.17795137094139388,0.1842175221583118,1,interior
0.20327785767349624,0.16217530720956155,1,interior
0.2261220134578805,0.0716263596137198,1,interior
0.17500844163266852,0.2286030541625463,1,interior
0.18316813464934065,0.1980245536172974,1,interior
0.20845673884912624,0.11372189374956825,1,interior
0.22086859312539228,0.07454831159716323,1,interior
0.22942637058950882,0.049665645559212025,1,interior
0.20806873334243156,0.10146876951402993,1,interior
0.1733895417608736,0.21336056442841916,1,interior
0.17676924009683365,0.1895346744411926,1,interior
0.2300065742728413,0.08485055207678602,1,interior
0.1811291662223557,0.1843576150879151,1,interior
0.2011245833643406,0.1308998609655566,1,interior
0.2422554728790974,0.04387154053631284,1,interior
0.24287647350023728,0.03722230240276613,1,interior
0.23841176402736566,0.046942570519258146,1,interior
0.22898782640676976,0.08764464081288412,1,interior
0.20645629748919975,0.10906826219600492,1,interior
0.19724230061226736,0.15466443424529538,1,interior
0.21529615130345806,0.09819196116295098,1,interior
0.17714174405792207,0.2054253519657809,1,interior
0.19776466230970494,0.14898357577235466,1,interior
0.1955866154851611,0.24520586767682187,1,interior
0.2257834279706183,0.07849513551481527,1,interior
0.2406581906642953,0.041436718631147944,1,interior
0.18536420303378026,0.17132076340347854,1,interior
0.1775526220435837,0.18802447514283213,1,interior
0.20968068543541454,0.09674796324111232,1,interior
0.17574684342107577,0.2311850180866979,1,interior
0.19786152150781344,0.13049944114044118,1,interior
0.20669746348860393,0.25114431689023436,1,interior
0.231757739289271,0.04603311836589042,1,interior
0.1802092107597014,0.24039484283356455,1,interior
0.22469302915065653,0.058349797991790714,1,interior
0.22595382554931104,0.05695703060997643,1,interior
0.20438222222988991,0.1120344461998045,1,interior
0.18385211342028118,0.23986794886727403,1,interior
0.19387882467696516,0.24438975919721623,1,interior
0.22551554849958977,0.0876788570727127,1,interior
0.1861505597798115,0.24378236410233947,1,interior
0.18195525441493623,0.18145634705266542,1,interior
0.2217913908232746,0.0827847857648189,1,interior
0.1971588662250989,0.14582905047359612,1,interior
0.17484929074194458,0.22700583315758435,1,interior
0.24351039977911618,0.03463026019921296,1,interior
0.20650322774930768,0.11537674450106662,1,interior
0.17258778440844885,0.2111444492278724,1,interior
0.18937856045610735,0.24715744867047945,1,interior
0.18808929077299977,0.2449319924219845,1,interior
0.24481093504738416,0.03350669890923657,1,boundary
0.22343258796931412,0.06076216609727708,1,interior
0.1720252820926719,0.21879713802624556,1,interior
0.21357391389963562,0.24666485665628385,1,interior
0.17603836725301852,0.19348878381738502,1,interior
0.19547783889233022,0.14656506179509746,1,interior
0.2041281098513555,0.1142161390091377,1,interior
0.20799081036339856,0.1057199530679021,1,interior
0.21117062270170667,0.09704577047897373,1,interior
0.19142095866710576,0.1376406990696425,1,interior
0.19501382844286147,0.15924533028638765,1,interior
0.17821102901227318,0.2274095592981144,1,interior
0.2055016781050726,0.11656170362154165,1,interior
0.1854506736525268,0.23988054860929633,1,interior
0.22341982823414153,0.0644806043422456,1,interior
0.21000301373613414,0.2464144556924317,1,interior
0.17525616135284963,0.18900530850156233,1,interior
0.19826792038738017,0.12297423353410264,1,interior
0.193567588457611,0.24712019920512554,1,interior
0.1854686544192949,0.24228852653316527,1,interior
0.20820140063687326,0.249019376112899,1,interior
0.1945862586955126,0.14074369944840703,1,interior
0.23883771960142794,0.04162554080108265,1,interior
0.19016248311321005,0.1697053383339189,1,interior
0.19518028017389563,0.14241806185955513,1,interior
0.24064096893525475,0.043601438610973875,1,interior
0.1802124996005788,0.23602517294850245,1,interior
0.22369520759837652,0.08853787601248041,1,interior
0.22502160272450228,0.08164805172833649,1,interior
0.17870604050627137,0.23691805371042488,1,interior
0.17917665346252157,0.188227903741111,1,interior
0.2279215674141136,0.052115950296905134,1,interior
0.17455680316759228,0.21975225752575372,1,interior
0.173173269793831,0.2158027951644302,1,interior
0.18683820943346882,0.17043052793973798,1,interior
0.22323466432441777,0.08364665783631861,1,interior
0.18367179946260953,0.2422272229766304,1,interior
0.17724949060160583,0.19172547749300084,1,interior
0.2247261878755651,0.06638527390963886,1,interior
0.22130700245985413,0.06384751854167874,1,interior
0.19357530403220935,0.13508977977550882,1,interior
0.22172460673812455,0.10080613997770407,1,interior
0.21864693154831416,0.0629291187422233,1,interior
0.20066767496718285,0.25027737662307736,1,interior
0.1725502494297014,0.2221689825517358,1,interior
0.22266408835918824,0.07163271401157152,1,interior
0.18438282706612358,0.24366634663051115,1,interior
0.18456594927587958,0.18368486448156107,1,interior
0.1797652878221275,0.18169759885537182,1,interior
0.21190846430025415,0.09427647755355646,1,interior
0.21180166855785335,0.2467795756580486,1,interior
0.21410577783579537,0.09655160326053841,1,interior
0.17137057682176138,0.22395655486906202,1,interior
0.24077119635169575,0.03850672967207929,1,interior
0.20936510953211515,0.2478937284064187,1,interior
0.2197285799531367,0.07089176801354592,1,interior
0.20643203024330647,0.09957586666755862,1,interior
0.2425157366653502,0.03318860548679189,1,boundary
0.18140832935208892,0.24394863189324664,1,interior
0.23920779555391752,0.04493696057278715,1,interior
0.2024228348884236,0.1195404301722094,1,interior
0.1995980445249845,0.12186220356829074,1,interior
0.2115119940914913,0.24886136542241752,1,interior
0.20533995875213865,0.1009834720535961,1,interior
0.2177803033610183,0.06980343119980578,1,interior
0.18491576500043605,0.17330210469657903,1,interior
0.2314102725460694,0.04360916997810027,1,interior
0.2102622635355239,0.09277263954520731,1,interior
0.17946651564941818,0.20170146619877588,1,interior
0.19473508678378168,0.16132228966199547,1,interior
0.24373491826341717,0.03934937429807165,1,interior
0.18238166919236268,0.20079081718157324,1,interior
0.19552449023941293,0.24692381148388418,1,interior
0.17060508731449103,0.2128949529723926,1,interior
0.17385174551151825,0.1846049455631261,1,interior
0.18247477051350866,0.18363813478651403,1,interior
0.1831064611620767,0.1794338113945124,1,interior
0.172184853978623,0.18396700180615158,1,interior
0.17945778797751064,0.18329665371673612,1,interior
0.1749793278116136,0.186974153910568,1,interior
0.2225042213132302,0.06589435320893455,1,interior
0.20847750314360713,0.09246808303222705,1,interior
0.21568699932733676,0.07150889691804715,1,interior
0.22241377284761796,0.05796473412936467,1,interior
0.1725442714494212,0.2284000815401162,1,interior
0.19397970875493634,0.13288035922732438,1,interior
0.18225778728499065,0.18567402455322435,1,interior
0.19480486084885884,0.14948463346781468,1,interior
0.19985266316440226,0.13663610629187498,1,interior
0.20291847923926132,0.11808441135347068,1,interior
0.2221533051101003,0.08806455856010745,1,interior
0.17290319204631316,0.22054282346632456,1,interior
0.23824359345046153,0.04308787628078728,1,interior
0.22146183000122124,0.0728968946916616,1,interior
0.21923940340104708,0.07332435516554149,1,interior
0.20246774812464766,0.251349235436957,1,interior
0.17524106152538377,0.20707585848565677,1,interior
0.21759950551888546,0.07683321160593622,1,interior
0.22047613394974522,0.08837681506023048,1,interior
0.17552410924598294,0.18363949738589352,1,interior
0.20950305786283088,0.25028981889565216,1,interior
0.21797917958779206,0.06432774472112,1,interior
0.19649518205691888,0.16085290868126081,1,interior
0.19430908347905232,0.15637332017557595,1,interior
0.1984626646103967,0.12890226530145127,1,interior
0.2003792253635375,0.11801728546933474,1,interior
0.22325201123375238,0.07001038730343892,1,interior
0.22059971731855135,0.08036804292101656,1,interior
0.2257073453384095,0.04888919486481182,1,interior
0.20344154344091436,0.12559013537196279,1,interior
0.22427133666927146,0.06830072383553255,1,interior
0.19167691086385097,0.13338155147284023,1,interior
0.1742253341561888,0.20858578977534428,1,interior
0.22357283792110066,0.09392242953578396,1,interior
0.20016061182798628,0.12771899080701232,1,interior
0.21840575856095565,0.08117082052761476,1,interior
0.20065681035379968,0.12062912687395687,1,interior
0.21248417446299753,0.25010865398027027,1,interior
0.2071777035497373,0.10274773822616783,1,interior
0.1728585029884513,0.1879549276475187,1,interior
0.2388364845307769,0.03686938703128292,1,interior
0.21514622196560265,0.09535693388168937,1,interior
0.18229118965439903,0.23970382983797345,1,interior
0.1969778124445914,0.24973980655298925,1,interior
0.21821610627808968,0.07859077038769972,1,interior
0.18868583385840274,0.24149714046203183,1,interior
0.1836156265837421,0.1724339006020042,1,interior
0.23566627193806222,0.04293754011824962,1,interior
0.2296000220482462,0.04483353374390958,1,interior
0.22102163841739442,0.06132695577178867,1,interior
0.17083269292453,0.2149642087844883,1,interior
0.22268174672546484,0.08508157213477122,1,interior
0.19257058341064057,0.14807505041917401,1,interior
0.19199530532693787,0.1391376953210881,1,interior
0.22080433693236542,0.07884161600183046,1,interior
0.19321525490924144,0.24888643292649473,1,interior
0.18780067548279544,0.16871936683446198,1,interior
0.18307275816547977,0.17732529535904823,1,interior
0.2338696323815282,0.040820173748650435,1,interior
0.18422062932696098,0.19651463478211426,1,interior
0.21627839823640546,0.08062746111604258,1,interior
0.1928363514911499,0.14170628851805897,1,interior
0.21295973152571798,0.25268915052418917,1,interior
0.17459324148420888,0.2164325839724053,1,interior
0.1698927064315765,0.1873350514581686,1,interior
0.17576887949470832,0.2047196968729859,1,interior
0.1709779334709508,0.21737524034995107,1,interior
0.22385760221914344,0.09038194552929171,1,interior
0.18180986741562766,0.24243318918848938,1,interior
0.1826979875589755,0.1757925623034604,1,interior
0.19601408358181985,0.165284756334531,1,interior
0.1816434391889269,0.21812210646162364,1,interior
0.218661673942631,0.06130452565178729,1,interior
0.1949071876155482,0.1305144287219561,1,interior
0.21955946241702676,0.05958339815501866,1,interior
0.22613290731521354,0.05121128073994485,1,interior
0.2273868113580933,0.04821696714527628,1,interior
0.2185161864593296,0.08370370087364909,1,interior
0.22053278526857087,0.08462245976023378,1,interior
0.2360466070963809,0.040317536091672934,1,interior
0.21399834268951645,0.24829743646668218,1,interior
0.23652387291459365,0.044348824465607554,1,interior
0.21700641913834126,0.08271258909110159,1,interior
0.2032506792874014,0.1093457840907363,1,interior
0.18313909579241644,0.17051662307807455,1,interior
0.1904893535403886,0.13206598797267435,1,interior
0.24109233680979372,0.03420570734505585,1,interior
0.1904588250051613,0.13010687887447117,1,interior
0.23351143177915415,0.042607542828082094,1,interior
0.22408433352041618,0.05632377746827952,1,interior
0.1919084054607439,0.2475598115218899,1,interior
0.2074714263324267,0.11712635348826078,1,interior
0.2259603964660827,0.05348611537703109,1,interior
0.18820434284839307,0.1664038969523803,1,interior
0.19566705628082795,0.14820101284065734,1,interior
0.1930430655045209,0.1287875205272814,1,interior
0.17330840123286617,0.18276194684625377,1,interior
0.21135748218312791,0.2526791508272807,1,interior
0.20436465118191185,0.2503040115878009,1,interior
0.17089250911554157,0.22782482142255908,1,interior
0.18983055430522616,0.16605344302190692,1,interior
0.2198224882480071,0.06529147264844781,1,interior
0.208829756934629,0.24450562344865784,1,interior
0.2291152481063507,0.04165921164542628,1,interior
0.22467890227905452,0.04684453125084096,1,interior
0.1937272475530836,0.13910335557299075,1,interior
0.17949186459806918,0.20454669293981698,1,interior
0.22020418047068926,0.09042969767902545,1,interior
0.2168705271661035,0.06259375545219491,1,interior
0.21882643640015353,0.08662496550622226,1,interior
0.17418085680895465,0.20567430350865118,1,interior
0.19310705954087506,0.1310635971770415,1,interior
0.23546717699864528,0.03846261599913246,1,interior
0.22729078257217433,0.0464703559541723,1,interior
0.19463582059005766,0.14386036021070867,1,interior
0.19768509732804057,0.1366884338452749,1,interior
0.17372829018349575,0.19195303539552222,1,interior
0.20564168189320395,0.10336454750318888,1,interior
0.2307248959815216,0.04180046698708468,1,interior
0.23793611947933785,0.039120045894275736,1,interior
0.19852637777265789,0.11729794675192803,1,interior
0.17685784623646295,0.2359664447913113,1,interior
0.1964072064747393,0.15840163782485786,1,interior
0.19781785143566152,0.11497186349499883,1,interior
0.20831658077703039,0.24620798665368104,1,interior
0.2211079642347751,0.08612331306505558,1,interior
0.1939084702478825,0.14694526070353026,1,interior
0.23155749738559944,0.038999197237677426,1,interior
0.19133582018981293,0.24349685108258284,1,interior
0.1726748678747268,0.18642165198209887,1,interior
0.17123024614720034,0.22123092618187973,1,interior
0.17727492203474315,0.20118189664597913,1,interior
0.20881973587368657,0.09518704565488098,1,interior
0.2174733945825056,0.0938919232074487,1,interior
0.21215214162419327,0.09577605797464857,1,interior
0.23732984799288093,0.041856103346448494,1,interior
0.22097058740901365,0.066491610310337,1,interior
0.18963628840725658,0.24475622672786904,1,interior
0.20209456438134998,0.11085884483728267,1,interior
0.21298172644086152,0.09200918828140019,1,interior
0.18092327806785755,0.17659220769178335,1,interior
0.17049867358583612,0.2095634035802741,1,interior
0.1698647976656704,0.22314239111159062,1,interior
0.19426509917865498,0.15264754489976168,1,interior
0.21532218716180232,0.24998997603063117,1,boundary
0.20353561212101154,0.10525328613435855,1,interior
0.20712674083058313,0.09143591301076699,1,interior
0.18747834592377677,0.24296982834767591,1,interior
0.19739345075056416,0.25284621160396287,1,interior
0.23113671672404518,0.09213332383150462,1,interior
0.20154395408022002,0.11272201141093265,1,interior
0.22016738017446003,0.06842541928798378,1,interior
0.16847813294951375,0.2146356066572927,1,interior
0.17567017250752484,0.19094922717012816,1,interior
0.18929911016989007,0.1676308213498195,1,interior
0.1699087124673195,0.22629778372539783,1,interior
0.2145829761808095,0.08435817478208711,1,interior
0.1753115385699435,0.19502519867577978,1,interior
0.2020681790569913,0.1161586326382968,1,interior
0.1786988953421759,0.23266668082902198,1,interior
0.23422889716381592,0.03574548594407133,1,interior
0.17417167223093416,0.23028350623357743,1,interior
0.2064051998664699,0.10504703127082175,1,interior
0.22159456000030303,0.05610982631949492,1,interior
0.1945228535671184,0.15437390838510345,1,interior
0.227184620307614,0.04143098517923375,1,interior
0.23676589162700154,0.0376512328740863,1,interior
0.1696619252535882,0.21993900709866177,1,interior
0.22168694732287383,0.05943630825390242,1,interior
0.2066320192025863,0.09562312082215176,1,interior
0.1931635800859005,0.14434192923043856,1,interior
0.17914919315380434,0.24339335536036624,1,interior
0.23231218496942352,0.04145585589604163,1,interior
0.19080057112858728,0.13465408326607928,1,interior
0.2072225637813788,0.09743469337009168,1,interior
0.1677988058095522,0.21238277354557156,1,interior
0.19629608885115707,0.1287951846964475,1,interior
0.1714868020051662,0.18136282811840307,1,interior
0.1946153365619158,0.12801991375551391,1,interior
0.22155617749124404,0.054315867774683044,1,interior
0.22129768320701101,0.06945293777182097,1,interior
0.18172746974360943,0.17384819893737843,1,interior
0.1809799400984917,0.17938925629511387,1,interior
0.17750209564502978,0.18243640611343848,1,interior
0.17163762713122283,0.1898068143016858,1,interior
0.17521089351295038,0.18152471769400727,1,interior
0.23468542617066432,0.044566343508690855,1,interior
0.18009328799880514,0.20001052401510808,1,interior
0.18662029615759962,0.24582808595727113,1,interior
0.17131171436736897,0.18787946699472374,1,interior
0.17459442828944463,0.2000386420702002,1,interior
0.187901914696962,0.16408805540203236,1,interior
0.21437111648031856,0.06376089521084824,1,interior
0.21558507075385602,0.24680461754669802,1,boundary
0.17851887496754804,0.24516108938364678,1,interior
0.1978739738515984,0.13282201593629228,1,interior
0.17863302467143125,0.23528613356859324,1,interior
0.1789393599167743,0.17619027065772006,1,interior
0.23000616727585962,0.04008797680320967,1,interior
0.19918262502490042,0.11027286659363095,1,interior
0.1767197731978651,0.23871008067543376,1,interior
0.19082251026164979,0.14618693251773066,1,interior
0.24027600553005157,0.03183065963074076,1,boundary
0.177936919095102,0.23976710943910243,1,interior
0.19365508030466777,0.15837384316221245,1,interior
0.21822715846620802,0.05802481272109552,1,interior
0.1905393236916949,0.16350134538088743,1,interior
0.18723069920944788,0.24768428467899406,1,interior
0.17940047507340448,0.19515452375969145,1,interior
0.24196898437335487,0.03549431571052397,1,interior
0.1726548882175311,0.20877719966303177,1,interior
0.22374660653568368,0.054366580141054374,1,interior
0.2155405047849147,0.2483781319238974,1,boundary
0.16932407780722997,0.22484904847106557,1,interior
0.19238369239731273,0.14584418132307858,1,interior
0.19856425296914343,0.12734504900858334,1,interior
0.19742962116721327,0.12622052903629014,1,interior
0.22705601562159342,0.055424508448590676,1,interior
0.21742403932320534,0.07191649849325929,1,interior
0.2078688707650432,0.25311219079977815,1,interior
0.19880976692063632,0.11904113978284044,1,interior
0.20391222812827073,0.25225985331341344,1,interior
0.17383542085082207,0.22527907239542594,1,interior
0.1811058864883259,0.19646635959238257,1,interior
0.20472803216326127,0.09386937576297097,1,interior
0.19559107599841966,0.12622279239685566,1,interior
0.24039268981305678,0.035797711833497184,1,interior
0.2183699446301841,0.09060352880977218,1,interior
0.2371341689345461,0.035639956911067104,1,interior
0.20557585391957278,0.09242973843307536,1,interior
0.21109294974769285,0.2508213260107852,1,interior
0.17388658859498915,0.19018328589428543,1,interior
0.1749331089855961,0.23682345636840418,1,interior
0.2008916392588863,0.2519703102835839,1,interior
0.1852425899347596,0.1690267087029101,1,interior
0.20488076435682095,0.10699880915834394,1,interior
0.22585844736323987,0.044414162574569295,1,interior
0.2152986444209268,0.07917051267027496,1,interior
0.21732649653625633,0.09187687998204644,1,interior
0.1707729582395794,0.1915803669045363,1,interior
0.1996423835497734,0.112164986019733,1,interior
0.21292737097889525,0.07753446345910579,1,interior
0.2334247032469787,0.037999675871116675,1,interior
0.21607743815006908,0.06953784980408256,1,interior
0.19513822697513158,0.15113585926286557,1,interior
0.19273252885123435,0.16008643972190992,1,interior
0.17600207724325026,0.23382225246192062,1,interior
0.19564044496885682,0.24891632987169662,1,interior
0.20977681617879362,0.25300088708190266,1,interior
0.19292655702665565,0.14987973673761779,1,interior
0.23282415463258083,0.03481681521412206,1,interior
0.2178484167896372,0.07504228426965298,1,interior
0.20743336454744857,0.0935925785887274,1,interior
0.1953747117061594,0.25169925152138806,1,interior
0.178450892161711,0.19756741486494306,1,interior
0.1787031385459477,0.1993741763041526,1,interior
0.21792567795898643,0.059898952836498515,1,interior
0.21493903501367856,0.07487274515107209,1,interior
0.22021223566589312,0.0579761770262978,1,interior
0.18659118740669267,0.1674483280050364,1,interior
0.20300338892229436,0.10733265140835434,1,interior
0.2002297161947095,0.11585863525901172,1,interior
0.2224536659464879,0.06768593647556252,1,interior
0.1706909508486019,0.1849440043930227,1,interior
0.19162541922530918,0.16128000892747935,1,interior
0.20148160404414917,0.25414585250502303,1,interior
0.21988412352153497,0.05623025548448697,1,interior
0.1775387719089163,0.23411473224894827,1,interior
0.17627793742783326,0.2201303232906208,1,interior
0.1939955862850667,0.25081494163504786,1,interior
0.17891079159478343,0.24761971335798086,1,interior
0.23830411821056852,0.03400309341946464,1,interior
0.1722711115138277,0.20688188760021414,1,interior
0.16876521879326878,0.21053044250377992,1,interior
0.23091249846052492,0.05759392011140846,1,interior
0.19102029528762424,0.14830107031036896,1,interior
0.1781646883132943,0.1793494178303682,1,interior
0.19149538465621635,0.12786941102453692,1,interior
0.196791018043673,0.11957579620140117,1,interior
0.1694261097082786,0.1889416610999496,1,interior
0.17362876138275776,0.2382574564472036,1,interior
0.19161995108712082,0.1664869431014721,1,interior
0.19366287872610988,0.1263515853415156,1,interior
0.167241550638154,0.22187702530629216,1,interior
0.20260533633892153,0.2530736406075814,1,interior
0.18950515696760512,0.14077015147061409,1,interior
0.21579302011159737,0.07317158012624922,1,interior
0.18316391712929972,0.16755095090897612,1,interior
0.16688975594601763,0.21510053736960869,1,interior
0.20472638307153804,0.09575671607612003,1,interior
0.17246571563879504,0.23089450436238582,1,interior
0.19130945747428957,0.14432437293222708,1,interior
0.1724235106678189,0.20520783470422743,1,interior
0.17289327185358994,0.18011498521349328,1,interior
0.17422456903863134,0.2342524291911936,1,interior
0.18413400668237287,0.2456193060853499,1,interior
0.19241851844889304,0.15220742709102236,1,interior
0.2277234829252638,0.0445185531701218,1,interior
0.17536346128264213,0.20301520419966607,1,interior
0.1740669616835423,0.23252187869449065,1,interior
0.19690981241422179,0.12370374121916233,1,interior
0.20299133218721427,0.09314913206184149,1,interior
0.17031166641443515,0.23023679575965125,1,interior
0.1948510736470709,0.25417186181089685,1,interior
0.18930584442714843,0.12665007846705725,1,interior
0.20168817158405486,0.12709393813693706,1,interior
0.19511264164894254,0.12467824801147759,1,interior
0.23433657358175894,0.03257102395443402,1,interior
0.19282176894400357,0.24577269852957953,1,interior
0.20122583737861977,0.10783217481054061,1,interior
0.17321242274602655,0.19483991284073154,1,interior
0.2146863346900141,0.25238084231891605,1,interior
0.19931341548480144,0.11398575130846178,1,interior
0.2172647472424119,0.08506397502418092,1,interior
0.19376314150525148,0.25614096562351063,1,interior
0.18846248001249782,0.14566737531983856,1,interior
0.21873137291417136,0.0666270051515948,1,interior
0.18423281730773025,0.248072261275032,1,interior
0.21401656654456577,0.07317229731544382,1,interior
0.2255709443226763,0.04247532338194128,1,interior
0.18924011918524805,0.1423860241022218,1,interior
0.21828533153132773,0.08859209502319389,1,interior
0.19244490607542394,0.12456716204957771,1,interior
0.19593793257933306,0.12245916685917713,1,interior
0.20279316474692835,0.10236365079240317,1,interior
0.17055405010679203,0.18314318587718847,1,interior
0.21521383584986917,0.08602871684386638,1,interior
0.1886448790037198,0.2502387439889454,1,interior
0.2257205320719223,0.04079064828226853,1,interior
0.23842565249242595,0.031135591860075695,1,boundary
0.2159596048042407,0.06128981734757172,1,interior
0.20164033044658503,0.11462498701447307,1,interior
0.16796733093639474,0.1837371123511102,1,interior
0.21017944608842376,0.09119585405901814,1,interior
0.16973025725265461,0.1818131603557776,1,interior
0.1772178745331162,0.19604529835829435,1,interior
0.20668192915686362,0.12984768572205838,1,interior
0.20418788758960746,0.11577131158665752,1,interior
0.18895684120822576,0.162803996345191,1,interior
0.197558640193916,0.2544075915879833,1,interior
0.175602387040088,0.19848905396765865,1,interior
0.23213608121152057,0.03630552862737457,1,interior
0.20122940012348378,0.09536295452493848,1,interior
0.168822730092261,0.22954086937038018,1,interior
0.19116329214405337,0.12543519801912273,1,interior
0.1742245362297159,0.19668922209808107,1,interior
0.1663106826325076,0.21033728006442068,1,interior
0.2046564537525927,0.09746927852509663,1,interior
0.21566407057111467,0.07637321864339734,1,interior
0.197288557036949,0.11280115442617475,1,interior
0.18533563907865955,0.16606874233951488,1,interior
0.16807208186135875,0.22584888507753653,1,interior
0.19635259044039852,0.1091936307996309,1,interior
0.18161548638448974,0.23530773678739156,1,interior
0.18979005659293144,0.12409429156066717,1,interior
0.16822650219389823,0.20866720354264603,1,interior
0.18915672373978218,0.13367523303659234,1,interior
0.18886936233526755,0.12866653547372697,1,interior
0.1788053337741223,0.24109122083868104,1,interior
0.1708830779583419,0.21116603110323232,1,interior
0.18146097723544316,0.1681460922159781,1,interior
0.1696178960143867,0.21830813785625117,1,interior
0.16951483931425054,0.22162561371837802,1,interior
0.2246367676581482,0.05019517271240977,1,interior
0.16979997585731707,0.2316855532907728,1,interior
0.16652676254730744,0.20852916098642638,1,interior
0.2130759483478151,0.07561509401146801,1,interior
0.17674234374392342,0.18023343009282983,1,interior
0.21930868215504642,0.054301311520125455,1,interior
0.17045313560871558,0.20682352709161025,1,interior
0.23640942259727477,0.03430294989052674,1,interior
0.21453174465660427,0.0805025493832611,1,interior
0.18934584106993874,0.16040280303647278,1,interior
0.18602417536478907,0.16421156011539156,1,interior
0.21829872475400483,0.05586324504843022,1,interior
0.1915472475815929,0.15642224659435636,1,interior
0.21209914589137366,0.09066413091326571,1,interior
0.16829554064147545,0.21722658757874955,1,interior
0.18963050357630204,0.14928951385131645,1,interior
0.18449181464698536,0.16474300954463778,1,interior
0.16641250498928575,0.18915021950210148,1,interior
0.2395530494420014,0.03946278343591025,1,interior
0.17683684380093695,0.1995457916222143,1,interior
0.21384547259047598,0.09025053715246871,1,interior
0.19526149019613756,0.11799246983816503,1,interior
0.21619105338671865,0.059229071885417386,1,interior
0.16936902695872202,0.20449060885138526,1,interior
0.18826288282483156,0.13087682830852124,1,interior
0.19771750820497147,0.12127323824352856,1,interior
0.21280392404247478,0.07977719332873155,1,interior
0.17258201292122022,0.2028363897647312,1,interior
0.21016605313401723,0.09445660786279862,1,interior
0.2190091249354648,0.09431478663638612,1,interior
0.18404560336509637,0.18947174196018834,1,interior
0.17700372789326432,0.23249709568697147,1,interior
0.17451619722596942,0.17829116053302962,1,interior
0.22279540498338027,0.05269657072763696,1,interior
0.16857879926427935,0.1851870113731444,1,interior
0.17737195516319343,0.1765954474825034,1,interior
0.23098940121571795,0.034773028921223206,1,interior
0.1798138421958049,0.17822189213220802,1,interior
0.16820328281172373,0.20647779333798758,1,interior
0.1757568825268381,0.19674146327798747,1,interior
0.18179599903627186,0.24580358963375828,1,interior
0.19238861984437033,0.15412589537317495,1,interior
0.21449996788936362,0.06943919573415432,1,interior
0.2359306147229443,0.03218837046404451,1,interior
0.19084979071666164,0.15181388874986607,1,interior
0.1869276534836943,0.16145063119766723,1,interior
0.19435797279830036,0.12001836998117052,1,interior
0.20826332702530534,0.09005274732066075,1,interior
0.21511928843421213,0.09351099498111078,1,interior
0.2157999583691083,0.09047891078618636,1,interior
0.16771654006727743,0.18805096258032708,1,interior
0.1894172700578079,0.13625178466700882,1,interior
0.22158188673049994,0.051458126444404,1,interior
0.1918744551271251,0.15805239240687532,1,interior
0.21997794765641912,0.051845837779395575,1,interior
0.21194028527656264,0.2544922355718033,1,interior
0.21710992258491424,0.06815651442666555,1,interior
0.16576162600654265,0.21277350128939576,1,interior
0.2042469464371067,0.0912827373312396,1,interior
0.19074356561035033,0.15969504554436456,1,interior
0.2024131879033295,0.0903182863792858,1,interior
0.20551282414250935,0.0892635747185817,1,interior
0.18770877782375026,0.1353660859266292,1,interior
0.18618357624103135,0.13268009699435923,1,interior
0.17781364712972542,0.24236034906894985,1,interior
0.17390174132685998,0.24054274937556186,1,interior
0.22887819289080136,0.035222711515518514,1,interior
0.20269716553428999,0.1039160386139175,1,interior
0.20314123994415587,0.09542247061598062,1,interior
0.17433417929646636,0.201824943831325,1,interior
0.21453376024104379,0.09164453013838887,1,interior
0.1849043632034071,0.16000545112635892,1,interior
0.19937337424456233,0.10773584424791322,1,interior
0.16846448888369694,0.17939606066576885,1,interior
0.21556159844465844,0.06695011578519594,1,interior
0.21593600218497508,0.05575795765016064,1,interior
0.22412518600033055,0.05165257678489195,1,interior
0.23581142509946937,0.0364050680694002,1,interior
0.1800571016341378,0.17489535471286521,1,interior
0.21564384432168296,0.06527751823054483,1,interior
0.16391922496368527,0.212199700161479,1,interior
0.23043369472187483,0.0328307913388847,1,interior
0.2149246223385213,0.088165077948965,1,interior
0.20192737277222808,0.25651991582098177,1,interior
0.2165913034570606,0.08676730041849659,1,interior
0.20389600992083415,0.08964696456170025,1,interior
0.18239315674337522,0.24728949653684215,1,interior
0.16737412788718614,0.23010178592703118,1,interior
0.1791321410823452,0.1733503836962053,1,interior
0.20099776316100343,0.09106544019104008,1,interior
0.18888983625939035,0.14756958327994665,1,interior
0.1762526000953683,0.1778741634131453,1,interior
0.175609157660367,0.24097935671727633,1,interior
0.19024246674440937,0.13869988992689483,1,interior
0.213258977661469,0.07082997272770848,1,interior
0.17168903269296623,0.23324291831333197,1,interior
0.1806436483109606,0.2474522915689941,1,interior
0.17428419534903397,0.19374617935513627,1,interior
0.20297908945382173,0.097581480581354,1,interior
0.21308994157741096,0.08816551589430414,1,interior
0.20676310637230153,0.08823358482656145,1,interior
0.16657846295667156,0.18622773978315868,1,interior
0.2254157043919559,0.05551750391585027,1,interior
0.18197438018823078,0.24880771907454277,1,interior
0.16816653151835775,0.1818723476192621,1,interior
0.20106632371178562,0.09331152604741326,1,interior
0.19025731151005681,0.2499789821980454,1,interior
0.2144179054580489,0.057444607720240064,1,interior
0.2126162125049333,0.08628838467083351,1,interior
0.21636128343216593,0.08890090917844862,1,interior
0.17684181340774915,0.17478160054171468,1,interior
0.18235824595515862,0.25173531647277014,1,interior
0.21522693959084882,0.08233313313687436,1,interior
0.19137195644682467,0.2513701130917173,1,interior
0.16934102942306423,0.2281076501773048,1,interior
0.22839892671183076,0.043096340480348334,1,interior
0.22275294761214437,0.050369950817022745,1,interior
0.16609194312843598,0.20571168876221205,1,interior
0.17447376485511942,0.17982112543841286,1,interior
0.17329641386035216,0.1987375167471766,1,interior
0.17382310513454832,0.20398003525978445,1,interior
0.19304083318801069,0.12122368331809195,1,interior
0.20925995100095116,0.08885905711231414,1,interior
0.1907590134979119,0.12231985196547697,1,interior
0.1963962548614269,0.1075457370015987,1,interior
0.1663148044163145,0.22607393922530597,1,interior
0.20122704387393395,0.09724337012081744,1,interior
0.19088659103202696,0.15026187380767236,1,interior
0.23260092971829804,0.03136093970157391,1,interior
0.20147621482390288,0.1051657030070497,1,interior
0.1807301964252659,0.17000294159284648,1,interior
0.20415866343932207,0.09892979536780026,1,interior
0.2138490818828541,0.05460214343821509,1,interior
0.1890409313259896,0.1508104608654533,1,interior
0.1868342681225236,0.12929510425097138,1,interior
0.2137781178594389,0.2510862534940313,1,interior
0.21388019895828464,0.09442196326990807,1,interior
0.20467815291033964,0.10865685367809454,1,interior
0.23046864616960197,0.03705396432593098,1,interior
0.19598798955267663,0.11607076262559107,1,interior
0.1648397839796101,0.23097156040969877,1,interior
0.17217332731804538,0.2357381400606593,1,interior
0.20054318338630409,0.10636507039734101,1,interior
0.16807380193223717,0.23230185262473435,1,interior
0.20226602849128403,0.09980050702751254,1,interior
0.17945192959258324,0.24948823810849688,1,interior
0.21387523595214206,0.06793726124453514,1,interior
0.16561795057701936,0.18193064243801388,1,interior
0.2136716701941217,0.2545590038575402,1,interior
0.21401808135532496,0.05986186315733607,1,interior
0.18768466890004656,0.1385287009353181,1,interior
0.17270997767035884,0.17750865912739117,1,interior
0.19700054865341377,0.1174885198530083,1,interior
0.17069253926996913,0.17713006069826662,1,interior
0.19416742651627517,0.12300473081113812,1,interior
0.20102972699091903,0.10320351260626232,1,interior
0.17599778842425376,0.24398716139362164,1,interior
0.18793579608152067,0.14975025030655253,1,interior
0.17130117994788543,0.17905291015302496,1,interior
0.18415639764576133,0.25006821833383425,1,interior
0.18900327033696065,0.15879725038636333,1,interior
0.18992504931260293,0.15637380362393283,1,interior
0.20078915036820563,0.10051628619092247,1,interior
0.21180112936145815,0.05879400513749214,1,interior
0.22777824613014047,0.038947470960377095,1,interior
0.21300163162143224,0.08240497284688825,1,interior
0.21952600594710855,0.07536364107979765,1,interior
0.20769504513986115,0.08657999918602785,1,interior
0.16357667603438114,0.2145492477949745,1,interior
0.21113373027942633,0.08934758257293011,1,interior
0.23359614762676303,0.030186546185003257,1,boundary
0.19430432143316453,0.11623216646084594,1,interior
0.21641281494601064,0.2512355526142839,1,boundary
0.1818018100905533,0.16578137674893953,1,interior
0.20997911837083802,0.255458977911067,1,interior
0.18589131588351862,0.1308523035173354,1,interior
0.1707290267797909,0.2034114945036548,1,interior
0.18477145858046798,0.17988553119659176,1,interior
0.21181216895413074,0.07022316399712283,1,interior
0.16516658611088553,0.18413633265994284,1,interior
0.2171604007284948,0.056908098456411836,1,interior
0.2128831361231458,0.08426828324239839,1,interior
0.1640390912186636,0.1885594864626459,1,interior
0.1865713450391459,0.14907437347289965,1,interior
0.2321265130331194,0.032963160311793686,1,interior
0.16965400630259744,0.21596821971852287,1,interior
0.16689172809847194,0.179511541228932,1,interior
0.17768516078053984,0.24959114280556696,1,interior
0.16496182313872182,0.2275598109519591,1,interior
0.16814646646849238,0.22024148014906816,1,interior
0.17188548485208474,0.2007459722994757,1,interior
0.17531959972352365,0.17600941787919108,1,interior
0.2201612687618617,0.04882641556603446,1,interior
0.16484876030252513,0.21083591539307223,1,interior
0.22342511510701404,0.04815366043984133,1,interior
0.1987197841186533,0.10234228181133058,1,interior
0.17807503811569048,0.18098575910798026,1,interior
0.22347695652471133,0.04491382845329086,1,interior
0.1898931571980808,0.15351312847652873,1,interior
0.18010155603768527,0.24518272847147002,1,interior
0.21629853343468766,0.07794485209898568,1,interior
0.21523100002289164,0.25639914750001347,1,interior
0.16833553642823437,0.22301513808243104,1,interior
0.20015316758990215,0.2585207844343491,1,interior
0.21699603623363464,0.06621872914067252,1,interior
0.21189021274881917,0.08132864452818551,1,interior
0.19996277746699204,0.09898402580250225,1,interior
0.16577988093993004,0.1919342014474174,1,interior
0.20045107503943466,0.10924276238158732,1,interior
0.16766819002604222,0.20449914947529257,1,interior
0.1659936957150402,0.22443632245184805,1,interior
0.2233061713026844,0.05923176036788621,1,interior
0.16890612562199614,0.17736837315456247,1,interior
0.16609649991683526,0.21833764271271153,1,interior
0.18948570814798185,0.12120889115682255,1,interior
0.16754062715044096,0.22793077331091788,1,interior
0.1828792398384788,0.1628712028876667,1,interior
0.18278823665572044,0.16031370738858366,1,interior
0.1812619091741657,0.25057851604429643,1,interior
0.16485466214147151,0.18671691550816447,1,interior
0.20436283243054718,0.1022848996328954,1,interior
0.1924444072353662,0.25277117027905227,1,interior
0.19234062358761944,0.12266080633488312,1,interior
0.17588008966923113,0.25020856883614345,1,interior
0.18718087464092645,0.15130937979683687,1,interior
0.2294089557879057,0.038532875668641116,1,interior
0.1993406153795536,0.255766954332472,1,interior
0.19846117913315703,0.09217669429143074,1,interior
0.2117974966085478,0.06398650218697115,1,interior
0.19679062926879798,0.2563465226947099,1,interior
0.20841663072033859,0.25139496365814734,1,interior
0.21694823113264752,0.054332364108243526,1,interior
0.213678967056816,0.06586033134548379,1,interior
0.21575370460197632,0.2539741607970045,1,interior
0.1662540084187678,0.21663503621174995,1,interior
0.1817997123097518,0.16424470708423403,1,interior
0.19037194216359302,0.24836746682659944,1,interior
0.19185521354670337,0.13588392072252764,1,interior
0.1954520642528607,0.11374371595147408,1,interior
0.18567800515096197,0.15107337378799157,1,interior
0.19828469030093024,0.09380507266475892,1,interior
0.16517795555581957,0.22091006775304164,1,interior
0.19748843017568504,0.11121153251069342,1,interior
0.22214380492773309,0.0798795043247152,1,interior
0.18536052093703625,0.13445062382726952,1,interior
0.1876648077346266,0.1423529578757797,1,interior
0.17503642535803737,0.23931909262136536,1,interior
0.18026392894427815,0.16424226848064163,1,interior
0.188080667721692,0.12330566646130868,1,interior
0.18829481264952078,0.1324106584847281,1,interior
0.1997083180887293,0.25335309585577265,1,interior
0.18971378874617176,0.11833298210800527,1,interior
0.16377029438224758,0.21833259550874054,1,interior
0.22437996664090742,0.04359816766761556,1,interior
0.19753564670355542,0.2579824213220366,1,interior
0.19269902844650424,0.11774398500326566,1,interior
0.17993701077988344,0.16793856859072337,1,interior
0.21698674655368388,0.25643517816662414,1,boundary
0.17905176631974817,0.251077379161773,1,interior
0.19111389456099723,0.14249999545037,1,interior
0.19789030830044463,0.10888258836182028,1,interior
0.18435110848293887,0.1522743355268834,1,interior
0.21465612923963667,0.062231946414956274,1,interior
0.18697110076545767,0.24949592122682743,1,interior
0.18342136168987125,0.1660048086730881,1,interior
0.21132324586397644,0.0792611885900287,1,interior
0.17427751488247945,0.24217803653122985,1,interior
0.22255772815846367,0.0423057547612771,1,interior
0.16716749685975787,0.1757167167755034,1,interior
0.1992616495273521,0.10397924179350729,1,interior
0.19199023413861874,0.1200710652750943,1,interior
0.1878539774185847,0.25258211280065235,1,interior
0.22117623784736737,0.046628209159490674,1,interior
0.2144968739948858,0.0774875311256515,1,interior
0.2117317642887141,0.07275795524053096,1,interior
0.16671521374672715,0.20317403277184634,1,interior
0.18769874332115655,0.1266378465333146,1,interior
0.18069562722324964,0.1619677669587421,1,interior
0.19840311563524782,0.10540933607521086,1,interior
0.1904342898839135,0.25343494238621783,1,interior
0.17340474936889344,0.17456215078595072,1,interior
0.22199603584895128,0.048679424741270697,1,interior
0.21105378128366983,0.08671685022110352,1,interior
0.21303135434930442,0.06242527222606152,1,interior
0.23527949174679,0.03044939301907078,1,boundary
0.161472422652633,0.2169513683145057,1,interior
0.1944541409872503,0.2582387157344783,1,interior
0.2161489270289529,0.25791919070896707,1,interior
0.17865357340655763,0.1689939416349871,1,interior
0.16952390331598693,0.17574494308386868,1,interior
0.1622222551013649,0.1868959286888073,1,interior
0.18312137726895167,0.1306053734556273,1,interior
0.18292791515079854,0.2442742414122963,1,interior
0.23460121521953028,0.03416248578077651,1,interior
0.18489849553503815,0.16231481939146103,1,interior
0.16542196568109976,0.2146708269222092,1,interior
0.19274679412949253,0.2583744837505671,1,interior
0.16436720714716566,0.19115926116512708,1,interior
0.1908492736120446,0.2549231877165984,1,interior
0.1628715519965101,0.23272535992669485,1,interior
0.1881643472812338,0.15606907319643962,1,interior
0.20351512788179585,0.25513426333049805,1,interior
0.2121730075676121,0.06030063775419299,1,interior
0.1700710161572828,0.17995463254940364,1,interior
0.21198212022651888,0.06844947099838294,1,interior
0.18588491806818158,0.14112729099637825,1,interior
0.21310193958903711,0.05655331101185241,1,interior
0.1661217746150073,0.2290798084903528,1,interior
0.19888839858481688,0.09548632106036593,1,interior
0.19853589804011154,0.09989203779210215,1,interior
0.16120731018808168,0.21389171674310584,1,interior
0.17089005133989404,0.24041734338015391,1,interior
0.20862216692099816,0.25460234859812286,1,interior
0.1836702673358336,0.13599350256952772,1,interior
0.1687502747542434,0.23392747011373607,1,interior
0.2108432040523287,0.08327413338858257,1,interior
0.19684326341079197,0.10497569706314211,1,interior
0.1975969328861328,0.10365022641542701,1,interior
0.20599166675670738,0.25372290835446804,1,interior
0.23018446412282814,0.03116851086385151,1,interior
0.1607221670161199,0.18714494338213722,1,interior
0.1664725456664917,0.18328190189131208,1,interior
0.19463653239669326,0.12151437562903214,1,interior
0.2285815542088846,0.03155186307674173,1,interior
0.16770805919157228,0.21873008413277006,1,interior
0.18728719886090697,0.1591451727418295,1,interior
0.19574843284155313,0.11063286034540018,1,interior
0.16935485686508797,0.1927101157947495,1,interior
0.18543002607676856,0.2471319459962284,1,interior
0.17749105405098126,0.25157101679068006,1,interior
0.15957226323897417,0.1896414834357123,1,interior
0.22133170460988452,0.04329535669144443,1,interior
0.19955021750228855,0.09726111352428245,1,interior
0.17359481266594762,0.24500116592379856,1,interior
0.21731978172230143,0.2590027833211623,1,boundary
0.18870629759130855,0.25398014070567454,1,interior
0.17769162828746968,0.24656226172130744,1,interior
0.16825728492143552,0.20252319032715907,1,interior
0.23751590605278958,0.03259471732106339,1,interior
0.18626233272809087,0.15726216261209577,1,interior
0.2108265613529259,0.07433625029914631,1,interior
0.17055179570210122,0.19896860086016582,1,interior
0.21203703110252117,0.0663074617326336,1,interior
0.16872773585409725,0.19046481245973912,1,interior
0.18791167036092557,0.14404866345255904,1,interior
0.16421373808597453,0.22439197084429252,1,interior
0.18083639995630096,0.2523867784848002,1,interior
0.20289247712576666,0.258914706865481,1,interior
0.1872873271337507,0.12108233028681584,1,interior
0.22902066089269518,0.04627806025207644,1,interior
0.19094296943451675,0.11738038450982273,1,interior
0.16314925857697846,0.2214108938736782,1,interior
0.17831860081177983,0.25395474768342613,1,interior
0.1709265146960243,0.23823578033502046,1,interior
0.16849074978473774,0.1967758533566371,1,interior
0.1843253223300273,0.128607644361129,1,interior
0.18011641693720098,0.15890877499163808,1,interior
0.2200384636630998,0.045514924005234506,1,interior
0.21962812075373905,0.047280309196426035,1,interior
0.17034927221805835,0.2017506444909064,1,interior
0.18749447304984315,0.11792950069791482,1,interior
0.21077489282763154,0.07648018834487899,1,interior
0.1958344377296965,0.1030441139015916,1,interior
0.18325362651999427,0.1742571904783198,1,interior
0.1721058436228654,0.2393966617475419,1,interior
0.17332645898093252,0.176105325678002,1,interior
0.187910559110106,0.12503387283421757,1,interior
0.18851744679802987,0.1200269514457929,1,interior
0.16453020412792416,0.22273763683652778,1,interior
0.18336949579172485,0.15857534243804927,1,interior
0.2149212291679606,0.2588675031651127,1,interior
0.16357671215470657,0.1799643202214159,1,interior
0.16666804723665724,0.23413885745641091,1,interior
0.22763140936499893,0.03712440588720298,1,interior
0.20234422119750448,0.08738168533998014,1,interior
0.18588173952528325,0.1555141481713322,1,interior
0.21544512209105066,0.05354933820244228,1,interior
0.1636123093691236,0.21662591740591855,1,interior
0.16899419552469092,0.19958180572000647,1,interior
0.2090059489440278,0.08514496661371233,1,interior
0.16480247965206193,0.2047758487102096,1,interior
0.21063141256048937,0.0675903299325556,1,interior
0.17026482926803063,0.2362710952286948,1,interior
0.1695754000527535,0.17420857575064785,1,interior
0.18003839633596203,0.16590425279786478,1,interior
0.16727257288380717,0.19115678196809183,1,interior
0.18712030489312675,0.25108919983676825,1,interior
0.22946890298316192,0.02911177356216399,1,boundary
0.18271260901386852,0.2532972239274826,1,interior
0.19745397347195706,0.09740310349384465,1,interior
0.18503918696724664,0.14302635364272775,1,interior
0.16006868009034572,0.21882443137629537,1,interior
0.17218288958545835,0.19363160250836292,1,interior
0.16439944413298777,0.20280979897969675,1,interior
0.17135635749532271,0.1755525075626464,1,interior
0.19647508190686092,0.26002215702707193,1,interior
0.18159750090553536,0.17175816159084153,1,interior
0.17094297797779143,0.1948787973933191,1,interior
0.1708432998306069,0.20503987057386322,1,interior
0.21369203514384383,0.2567169074344151,1,interior
0.1918696387049077,0.25976435160949796,1,interior
0.1631537632815533,0.1782525561947571,1,interior
0.2101790327851165,0.2580410176952581,1,interior
0.17192003153571,0.1971753842138779,1,interior
0.18080494745273187,0.25395610382505657,1,interior
0.18607795345602315,0.14430357492536858,1,interior
0.2193916018372048,0.050223707508139676,1,interior
0.17552279151005717,0.2517255694670688,1,interior
0.1912658207487598,0.256794214159564,1,interior
0.16575267720651668,0.20101131225535407,1,interior
0.21013912217522854,0.06505119297245561,1,interior
0.1856567580017797,0.12113715703535334,1,interior
0.22745015486624884,0.029754339388742734,1,interior
0.16238533137335315,0.20218396165211697,1,interior
0.19135891051724557,0.1146866543349837,1,interior
0.17218808515676556,0.2432034609182397,1,interior
0.178394975984213,0.1712830772813348,1,interior
0.22550414918547457,0.03836543364412353,1,interior
0.18365709065608427,0.1570315502869116,1,interior
0.21187831288335995,0.2566184627286452,1,interior
0.23150211161807843,0.03010910063017972,1,boundary
0.16154638381287328,0.18535010921819117,1,interior
0.1717957183422627,0.17326486723852316,1,interior
0.20316067572855614,0.11300224234675801,1,interior
0.19424162887671867,0.1112100190051521,1,interior
0.2097467717779416,0.05834346440989406,1,interior
0.22668413840324123,0.03497086401889123,1,interior
0.1758430487050785,0.24799059064057533,1,interior
0.22410915574841073,0.04081653742956488,1,interior
0.16768316692399138,0.1931851339705079,1,interior
0.15875452918049943,0.22079245962495506,1,interior
0.16173259692349842,0.2200273654976131,1,interior
0.189821822112246,0.25606118578668935,1,interior
0.2281350979571696,0.03332033551581744,1,interior
0.20335372672249852,0.2573214359343117,1,interior
0.18114417300535293,0.2558601667086733,1,interior
0.18935565345727873,0.25787668014659176,1,interior
0.18318760613189194,0.12673358899111858,1,interior
0.18540996723311826,0.11746122408615961,1,interior
0.21067969995852281,0.07157362407984698,1,interior
0.21445465153628565,0.05164404249283192,1,interior
0.18616459121592918,0.12435204131320317,1,interior
0.21729955325751574,0.04577381176467734,1,interior
0.20462284473401174,0.08783167503601853,1,interior
0.19041875952170834,0.11978883448099782,1,interior
0.20539551339108844,0.25609222742137033,1,interior
0.18505466143656832,0.1226006001265423,1,interior
0.15933075890108334,0.1863981805349664,1,interior
0.16202365140456018,0.22413702797966295,1,interior
0.2176793739813943,0.0437225263269054,1,interior
0.16185153072034844,0.22247074848980922,1,interior
0.17371418893644394,0.2520384023565499,1,interior
0.16377278038983234,0.22940874395436628,1,interior
0.1769598983372012,0.17288751867623295,1,interior
0.1890343364810723,0.11668561684843953,1,interior
0.16922609026733404,0.17217367241061354,1,interior
0.22109454907534865,0.04132027259870417,1,interior
0.17245503866297512,0.24690635790753115,1,interior
0.18565880769131293,0.12739840330848903,1,interior
0.1881178115847155,0.25539163843126017,1,interior
0.16903033808940698,0.242032264353717,1,interior
0.20954943904976994,0.07840051386167116,1,interior
0.1923932749240421,0.25523460710171947,1,interior
0.16219258502728554,0.22836800437601046,1,interior
0.21792759772670886,0.05298691682048634,1,interior
0.15981574680989313,0.21655534602631182,1,interior
0.22275814131310542,0.039903340935108625,1,interior
0.20929317701443803,0.08150872805680828,1,interior
0.17991052252166453,0.1716728772811253,1,interior
0.15916517108731237,0.2151322753702238,1,interior
0.1781208045523716,0.16477085188378288,1,interior
0.1864571293143691,0.14601297182470008,1,interior
0.18727054773552815,0.1338727700284383,1,interior
0.16750684199184432,0.17422459722196224,1,interior
0.17430697326882597,0.17173243601392832,1,interior
0.18410103251031942,0.13292047986675878,1,interior
0.20806786567523966,0.0837281144289852,1,interior
0.16738309061965378,0.2001289515850144,1,interior
0.2105052841921899,0.060229587843872466,1,interior
0.17118262783627555,0.17050001933854858,1,interior
0.2036039090539754,0.10083770691164964,1,interior
0.1695409881493565,0.19554880080725273,1,interior
0.16559828881809976,0.1991261701402478,1,interior
0.20836657879736042,0.25762421910715827,1,interior
0.1892242510975458,0.25969415437499843,1,interior
0.20803369542001654,0.07667596906357996,1,interior
0.20440654551828658,0.253699678461883,1,interior
0.217162397229484,0.05100169039442568,1,interior
0.16453741603334704,0.17457096956178947,1,interior
0.16919975545128207,0.2377138926251542,1,interior
0.17326280437019484,0.25446591706637356,1,interior
0.20533216699627815,0.08457180221286602,1,interior
0.1617823995249934,0.18140840083803403,1,interior
0.16194147018959726,0.2153089165902925,1,interior
0.2197813589794475,0.042438505502965955,1,interior
0.17462113562323126,0.1687598443245835,1,interior
0.19348356457209367,0.10936187967186826,1,interior
0.19667851863724795,0.0905110277697319,1,interior
0.22439843787740874,0.03600613074473174,1,interior
0.19268371883684804,0.11220597503994115,1,interior
0.18493625785406076,0.14933141710777342,1,interior
0.21923686491298597,0.03902033393394334,1,interior
0.18281713076352463,0.12826397786681312,1,interior
0.163714662917623,0.20048227590641687,1,interior
0.17094608526413602,0.2419906932068827,1,interior
0.18543970682825117,0.2516999780984758,1,interior
0.18817304892853925,0.15271570824188835,1,interior
0.17231336962842067,0.24129362462024037,1,interior
0.16387417070533342,0.20930479440678543,1,interior
0.18743944571726037,0.2573043031374248,1,interior
0.20896859434993406,0.07438446428474835,1,interior
0.17119029044035702,0.2443930743720566,1,interior
0.16838596719244636,0.2398771158518021,1,interior
0.17662205725361318,0.1633500318682554,1,interior
0.16633638935250547,0.17240280057211732,1,interior
0.18466381809603705,0.14530275924372138,1,interior
0.18977321055481697,0.14427811257424172,1,interior
0.21327151671522285,0.25871567620544994,1,interior
0.2061342993792208,0.25766044896456664,1,interior
0.18581404459839157,0.13743636347554508,1,interior
0.18338964078802458,0.14980253819751285,1,interior
0.18958438415023293,0.2517445480300085,1,interior
0.22185846989765082,0.04489400783378719,1,interior
0.16199340550763686,0.1730753270249082,1,interior
0.16161205847570828,0.18838519274327403,1,interior
0.1743921506239667,0.24983497209146938,1,interior
0.19090449809160387,0.25856130124450266,1,interior
0.21763449922648168,0.048715394501776164,1,interior
0.2027682357752719,0.261388859467779,1,interior
0.1852280987626124,0.12573632060402057,1,interior
0.18166822178356468,0.1293978607614099,1,interior
0.17513911596448312,0.24634537436370485,1,interior
0.2115489995373076,0.08510575230545897,1,interior
0.16376179377121314,0.18480734813120817,1,interior
0.17825735359721237,0.16318885986327455,1,interior
0.18707751352459387,0.11944072112793823,1,interior
0.17038713601594754,0.24691623602372578,1,interior
0.1662934166502837,0.17725506745314557,1,interior
0.1897591276552965,0.11481316294845474,1,interior
0.1641716156933829,0.18287568292631828,1,interior
0.17966851385216667,0.2550940167419859,1,interior
0.22463975743634126,0.03003024300662243,1,interior
0.18987164739875892,0.2614087215816577,1,interior
0.19977743200008324,0.09014062275777225,1,interior
0.1920943595693733,0.24998297865819738,1,interior
0.207237577040588,0.25598860765707704,1,interior
0.16644994548849512,0.2374830433803098,1,interior
0.1761726412393549,0.2536633766492535,1,interior
0.20023011012317865,0.08832757893785886,1,interior
0.21949789118333907,0.040685014371695374,1,interior
0.18538459296644014,0.14775486777085986,1,interior
0.18753764072833007,0.1368817429759397,1,interior
0.19848043562763135,0.08903858939074016,1,interior
0.1630481076437296,0.2267673817623977,1,interior
0.16388137581485318,0.17670920831192855,1,interior
0.21241445245940094,0.05398895704600333,1,interior
0.16042571445466064,0.22452687796507853,1,interior
0.20904915552661013,0.06973039507934765,1,interior
0.16025638912356477,0.22180007399002952,1,interior
0.22652692671375105,0.03311000964391809,1,interior
0.17650564336908425,0.17071695807321763,1,interior
0.18661425254246358,0.254009336076049,1,interior
0.17632170117300042,0.1658044521059805,1,interior
0.2156921458744071,0.2606518937806282,1,interior
0.18702214253899455,0.14745962224747738,1,interior
0.16664904652572649,0.23163650290324275,1,interior
0.173573661070361,0.24821846298448513,1,interior
0.20721903497656033,0.085027509252867,1,interior
0.17827235171617678,0.16630348384347432,1,interior
0.18090156301232396,0.16032049415018093,1,interior
0.17696356703890903,0.16754001638612911,1,interior
0.16281856267771333,0.1894792677108261,1,interior
0.20594087672862266,0.08638238888289897,1,interior
0.1869337767530032,0.2616462958595485,1,interior
0.16013130305885556,0.22637526120680518,1,interior
0.1921771186462699,0.2612626362515849,1,interior
0.16702094816617635,0.1979472463044399,1,interior
0.2064664024100965,0.08324538920153621,1,interior
0.17129589917738494,0.2493750158733234,1,interior
0.1623777068355442,0.18296512606693485,1,interior
0.2115224855016086,0.056544871536412536,1,interior
0.21359855602394487,0.04920964070471252,1,interior
0.18693240070063574,0.11542140824421744,1,interior
0.1840554733229827,0.13860416776756354,1,interior
0.18507871919747973,0.13976875963013694,1,interior
0.16744942833002405,0.19555170529073693,1,interior
0.18019988362263498,0.12733191606414354,1,interior
0.21224395881598598,0.052383574139543074,1,interior
0.1962199845255451,0.09420187360392487,1,interior
0.2068878535104605,0.08112854871662305,1,interior
0.1669765065398677,0.24240095206440057,1,interior
0.17439113018629063,0.1652361739704336,1,interior
0.2081117602029002,0.06335812377093847,1,interior
0.2101724133377413,0.06331308921815001,1,interior
0.15816104210562887,0.22776321055131488,1,interior
0.1753487900961627,0.17319832512292607,1,interior
0.20766080842745738,0.25991431608098725,1,interior
0.17972931456284494,0.12561667638916207,1,interior
0.20085933717123292,0.08593375783564317,1,interior
0.18153794181877786,0.15740301681258165,1,interior
0.20466564348384791,0.08094765445680634,1,interior
0.17157439396043714,0.1662687030357791,1,interior
0.20789783072551718,0.07275531665796593,1,interior
0.16229132990419273,0.2122166560360269,1,interior
0.1612125517837778,0.17902622345086558,1,interior
0.2114134874313159,0.061782790241940305,1,interior
0.1659553068747339,0.17402036527381606,1,interior
0.20625074648444103,0.07470309335614793,1,interior
0.17225159477308064,0.25111636015780975,1,interior
0.21633825129836365,0.04789364796230359,1,interior
0.19123544754452151,0.1409516855073362,1,interior
0.16525303457182833,0.17841889716537343,1,interior
0.16515016975059793,0.2415139329823565,1,interior
0.16262186846105595,0.2043624026148001,1,interior
0.1558246980640802,0.22115419484655682,1,interior
0.18661951686603184,0.12267971731495489,1,interior
0.18220037614750384,0.15199589320761486,1,interior
0.21755604255079597,0.07345621920902001,1,interior
0.16538608964460627,0.20741608046006899,1,interior
0.17509298039122712,0.16303721627706008,1,interior
0.1576179495856313,0.21831804166957725,1,interior
0.2239504600643627,0.03880904055823793,1,interior
0.20764361992959224,0.057509103009769226,1,interior
0.1704033979609421,0.19680104315746244,1,interior
0.20946896238506998,0.07263272677835181,1,interior
0.18364329893439016,0.14703219308532717,1,interior
0.18168752392617607,0.12585669446769865,1,interior
0.16226104021350235,0.2311062105802482,1,interior
0.21392008707498883,0.05306750186414074,1,interior
0.16539994969674945,0.19572052070581136,1,interior
0.17916551133244357,0.2571444579792905,1,interior
0.18288734592485958,0.13417279021000586,1,interior
0.18235214487295773,0.14565939135745987,1,interior
0.2093973550297968,0.26014431887291656,1,interior
0.21182602487596208,0.2601070289182709,1,interior
0.22459517383542987,0.03357568960236144,1,interior
0.1942466979038669,0.26070041351001655,1,interior
0.1643113150508065,0.23395284381910203,1,interior
0.20349635634108176,0.08221952549412205,1,interior
0.15740032004673324,0.22161215530774295,1,interior
0.1604650567234325,0.23259046656735358,1,interior
0.18115060202206912,0.13814776327765937,1,interior
0.16279599171343845,0.20785456407124048,1,interior
0.2154413860290316,0.04946529026451664,1,interior
0.1692156414266296,0.24410213220199553,1,interior
0.18620557901874105,0.1525331059458231,1,interior
0.17617595767291444,0.1691608195082277,1,interior
0.16395632808202984,0.20686290294893772,1,interior
0.18069498419742042,0.14721431092279047,1,interior
0.20465653647519086,0.25961177351337705,1,interior
0.1815331444454485,0.1310209377570033,1,interior
0.20755513943293522,0.07915288253474705,1,interior
0.1833559219114132,0.13997031190148743,1,interior
0.1817885268658136,0.15908367572700358,1,interior
0.1730711891408573,0.1680475145189508,1,interior
0.18390655835698005,0.2559172969774185,1,interior
0.16163122984694317,0.21072459550241093,1,interior
0.17549508865971214,0.16708687052454238,1,interior
0.19594725891430992,0.2577573460391837,1,interior
0.18205586408706614,0.13254122436608354,1,interior
0.22616303110810052,0.03089201475177808,1,interior
0.1990701309692529,0.08728564414125517,1,interior
0.18259087023858936,0.2582467682519886,1,interior
0.20537327403822006,0.07658078579362568,1,interior
0.18128730771953117,0.12367844815119758,1,interior
0.1927930389888986,0.11552009232880699,1,interior
0.22259149445600884,0.03785584826783205,1,interior
0.19459404039382316,0.10723992145838612,1,interior
0.15727489652794274,0.22611400114797334,1,interior
0.18410947612238054,0.11999007835608037,1,interior
0.21866959146663598,0.03671815887573718,1,interior
0.183378351566218,0.1554361308051103,1,interior
0.18388754200418486,0.1240667729487618,1,interior
0.19388245706615173,0.1058543662670635,1,interior
0.22703574319044956,0.028185000300832465,1,boundary
0.1775803823271994,0.12882814213390675,1,interior
0.16742289522139353,0.24423179671808312,1,interior
0.16152102482376882,0.20594685266932444,1,interior
0.16817746988847107,0.24676985147715486,1,interior
0.21083694435792172,0.0541845676631067,1,interior
0.18262398369966865,0.12210415607838598,1,interior
0.17684698595378542,0.2568135211055232,1,interior
0.16694886904048314,0.16989193631218483,1,interior
0.15667871065492778,0.2237632661826763,1,interior
0.2058134143073003,0.07977708939874241,1,interior
0.22619808541606293,0.03657726946754628,1,interior
0.1990728836728182,0.2597324212955864,1,interior
0.22134947835433602,0.03918600138315266,1,interior
0.17252788506786826,0.17134581895120224,1,interior
0.16389675368578277,0.2199404705991407,1,interior
0.16562232513251474,0.17572811117874695,1,interior
0.16326360153614572,0.17180774131792537,1,interior
0.19710042914457798,0.08579503297208979,1,interior
0.2027906468872153,0.2639281829654728,1,interior
0.1605968755575652,0.22831119078065154,1,interior
0.2162524635508563,0.2623961044637021,1,interior
0.18472263385003068,0.15379201849177143,1,interior
0.21536821112137552,0.04604969883467083,1,interior
0.16896481760040005,0.24924797654911207,1,interior
0.18483686517722314,0.2532346928969027,1,interior
0.18658052990582996,0.2557576242215962,1,interior
0.20457633462639505,0.26260357982760496,1,interior
0.21335201839696952,0.2609539470958244,1,interior
0.1729739542113676,0.16958144462263397,1,interior
0.18093341832865212,0.2577332718949054,1,interior
0.16848811653639126,0.23577122455666003,1,interior
0.17995057894174885,0.13201751853367757,1,interior
0.17827896390777795,0.12688140860564268,1,interior
0.16039736418442183,0.1776551299477706,1,interior
0.20850100652022113,0.05293186907291306,1,interior
0.17954436009664904,0.1562025696340323,1,interior
0.17762331408603993,0.12402493268296537,1,interior
0.18167006101999544,0.14971569702718693,1,interior
0.1805228113669502,0.15297867890212236,1,interior
0.16225213911756722,0.2092898517289056,1,interior
0.19675113344351164,0.10080118394028009,1,interior
0.22471380351796286,0.03173405246564608,1,interior
0.20388521131118034,0.07925983360797637,1,interior
0.2074128837022308,0.06984804612312476,1,interior
0.2230162394443147,0.03348628941197217,1,interior
0.20620307324688228,0.25930080628005553,1,interior
0.18709074655040472,0.14013404419147613,1,interior
0.15908966266863755,0.2227722610130787,1,interior
0.2024688578112885,0.08368996259518778,1,interior
0.17206130268705885,0.25288821684589863,1,interior
0.1829969811935233,0.14176289361365285,1,interior
0.1940768091631319,0.26364242529122517,1,interior
0.19379018068510592,0.10387644969762884,1,interior
0.15999275845652952,0.18211728270741717,1,interior
0.1955274083114683,0.11215938538608593,1,interior
0.16755122133300165,0.22432206924950243,1,interior
0.18130094651488596,0.15524476030758855,1,interior
0.17946891124569844,0.12375839060219637,1,interior
0.18250428154382742,0.1374360464949601,1,interior
0.2071049160649343,0.06509265104196989,1,interior
0.17136406737282864,0.16798703915605934,1,interior
0.18698850112843463,0.25927685382001214,1,interior
0.1831246944500054,0.14356360681349364,1,interior
0.19081536532321802,0.26351537379273493,1,interior
0.2091617308241275,0.0870849719448046,1,interior
0.22253590019453623,0.03008251875021316,1,interior
0.19203559544366378,0.10469385320720863,1,interior
0.19413163736687936,0.10194529730875787,1,interior
0.1761312266511105,0.1260224564039143,1,interior
0.16209238088682287,0.1765202654452449,1,interior
0.16254819846413937,0.1747575227150369,1,interior
0.1914993192245574,0.2662030421434986,1,interior
0.15759827130239404,0.17666055778803863,1,interior
0.19783679087665962,0.10694349935038498,1,interior
0.1839239514454099,0.25197073794105224,1,interior
0.20641238949748444,0.07240989403750611,1,interior
0.1592611801701979,0.173279479648256,1,interior
0.21386234320378533,0.2628243066702037,1,interior
0.19634284411019318,0.26178416017602735,1,interior
0.17259714963968292,0.164936279023752,1,interior
0.193921428796913,0.11320415646974338,1,interior
0.21270529676705607,0.05077543268842583,1,interior
0.1826380034317889,0.14824337805950646,1,interior
0.15904449381510022,0.18072286617930533,1,interior
0.18547871518642706,0.24910632084077478,1,interior
0.20398694630793535,0.07753675000184009,1,interior
0.2080468446465842,0.06045449880055148,1,interior
0.1659798128089048,0.1936104223332036,1,interior
0.1651026797804734,0.180143951282413,1,interior
0.1652904156276754,0.23272393626329943,1,interior
0.16052564722956414,0.1719068682345508,1,interior
0.18105244157786587,0.14016360278534698,1,interior
0.1925234567272911,0.10212399924828054,1,interior
0.20336011862351372,0.07421755842416021,1,interior
0.20849592693867317,0.2616056231384952,1,interior
0.18115383410344937,0.1348654076065174,1,interior
0.16132691580652206,0.22983226369957357,1,interior
0.15835657976201806,0.17875713216430691,1,interior
0.2091943819653248,0.05021689439239018,1,interior
0.1602165776978957,0.2123937644480566,1,interior
0.17977663173808495,0.1300317626420256,1,interior
0.15924784634992106,0.20916122304986,1,interior
0.17533320651923862,0.12447263497430086,1,interior
0.17057595150469645,0.2518447139991771,1,interior
0.16281828532795245,0.19188526020500848,1,interior
0.2113627302157984,0.0484071284817203,1,interior
0.2166284493211009,0.037625064360608085,1,interior
0.17897235171815087,0.14832618225755576,1,interior
0.21008051060666097,0.05569300505489681,1,interior
0.22025044741598537,0.03680313783995654,1,interior
0.18478079773393366,0.25867539918487503,1,interior
0.21362932505737278,0.2652269344702928,1,interior
0.21809590053171032,0.2623761277137494,1,boundary
0.20521685923999516,0.26435288087370473,1,interior
0.16538982981740294,0.23510404461436568,1,interior
0.21047081815303623,0.26212288858593863,1,interior
0.19265497014400934,0.10798870735501415,1,interior
0.19600006793641583,0.26432358832072617,1,interior
0.16321045064837833,0.16977937550999941,1,interior
0.16284195769289156,0.19695565834780507,1,interior
0.16519579587136105,0.238867499697425,1,interior
0.19553733937173287,0.09256870816987939,1,interior
0.2084341632025222,0.26324200425843014,1,interior
0.2109325204426019,0.04634782522870274,1,interior
0.16094100120713054,0.19076065861087885,1,interior
0.17216720249217538,0.23733045842774098,1,interior
0.15899180919046607,0.20515338841777928,1,interior
0.15956655664248443,0.21083827103176145,1,interior
0.17993396566258268,0.14969134889825728,1,interior
0.15696708907659795,0.2169259912694549,1,interior
0.17725901842422334,0.15639608095213844,1,interior
0.17571445157515883,0.1542059023224261,1,interior
0.16561637360595777,0.16914005617540215,1,interior
0.2222423030882637,0.031755675980203076,1,interior
0.17840278127279063,0.13820338709172522,1,interior
0.1827092964050786,0.2548496965627062,1,interior
0.2020676015121206,0.07961200842747441,1,interior
0.2057572683502321,0.06338368593775587,1,interior
0.20630962609636624,0.061655344822443024,1,interior
0.2225683912720657,0.03626358295699092,1,interior
0.18055702523706235,0.142617935742201,1,interior
0.18565707133748402,0.25705746167027366,1,interior
0.16674233345122524,0.23588347943593843,1,interior
0.22164017009878761,0.03488301220053928,1,interior
0.20868515011727704,0.06553029071867145,1,interior
0.18876676968453812,0.15461053582736128,1,interior
0.21087101160778368,0.05150638754637025,1,interior
0.21200543142312697,0.26322731211325723,1,interior
0.1558762964634315,0.21948906994126088,1,interior
0.16431085184818886,0.19279373102973932,1,interior
0.1598788445766494,0.18397844403447225,1,interior
0.20407884054111888,0.08639801040581316,1,interior
0.161024589390359,0.2342702833127666,1,interior
0.17314291577013718,0.16252297759038828,1,interior
0.17494387882752285,0.25459875789196723,1,interior
0.17764065506176774,0.13335289725230987,1,interior
0.20047871131003145,0.2630144238949745,1,interior
0.18072892682392486,0.13644264713991766,1,interior
0.15693502705377588,0.20973428596528995,1,interior
0.1774055839481466,0.13087651803995956,1,interior
0.17901773837926116,0.15779413864688763,1,interior
0.17915414395610604,0.15132576167551073,1,interior
0.17917117932127494,0.15382616327295748,1,interior
0.18308340134594803,0.26069397509838366,1,interior
0.17275170062822784,0.1595133497744164,1,interior
0.20629252277397217,0.058750091632669574,1,interior
0.16561636574169114,0.24383324335271933,1,interior
0.16751601808262323,0.17135422909706952,1,interior
0.17850955079904426,0.16135363464876562,1,interior
0.17754281247259537,0.1519719866781037,1,interior
0.2211579901158892,0.03339224378606251,1,interior
0.18489814060044982,0.1583969662588559,1,interior
0.16261554353278007,0.1948019711933309,1,interior
0.2175047768411617,0.03537395439098985,1,interior
0.20365576444278033,0.08491598750943338,1,interior
0.21596916280631423,0.2642168782928627,1,interior
0.22067444118069554,0.03188683638592787,1,interior
0.2146073463140483,0.26761470126900855,1,interior
0.17432964391899003,0.16135270646999975,1,interior
0.2246139022639162,0.028478529139432284,1,boundary
0.2011153736052156,0.07620963454305536,1,interior
0.19121274120772908,0.11293307963474129,1,interior
0.1791643915896338,0.1395403225538856,1,interior
0.20188320778648008,0.08149020853888808,1,interior
0.20900460801254525,0.06171411365162854,1,interior
0.15467512440408576,0.22258610908428375,1,interior
0.200754084437529,0.2608160703007441,1,interior
0.15707628718674335,0.2114692474394542,1,interior
0.17815530230618704,0.14209089398845418,1,interior
0.19576767189479272,0.09951851465772311,1,interior
0.16030434873284918,0.20776678277731928,1,interior
0.2228895246849881,0.027110987316846816,1,boundary
0.19139516193953304,0.26784588091892647,1,interior
0.20881333636676927,0.05464185060867203,1,interior
0.17083119191135945,0.23485998700962288,1,interior
0.17748049249972017,0.1579744334122137,1,interior
0.17588570083636207,0.1309004709043722,1,interior
0.1647400351584742,0.17141153953084287,1,interior
0.17862252376138726,0.13618509659031244,1,interior
0.17523901005374204,0.25628258430266776,1,interior
0.15736442400328898,0.2060850682397469,1,interior
0.16499079621375531,0.1675625414286263,1,interior
0.176598573412865,0.13796974575338466,1,interior
0.20668913268456157,0.05126722389339818,1,interior
0.1671989020633219,0.24932684016568915,1,interior
0.158442175673393,0.21301110682291058,1,interior
0.17819240522640153,0.2556283169146834,1,interior
0.21477804359704633,0.04744899696944076,1,interior
0.20588820926589108,0.05316001646979746,1,interior
0.18472881928132637,0.26051402855326417,1,interior
0.193622144894841,0.15124462952259812,1,interior
0.17621013637599475,0.1507523761718215,1,interior
0.20566175135405357,0.05588333797439978,1,interior
0.17028418325205333,0.16910095092525743,1,interior
0.21964294683634597,0.035356871104472824,1,interior
0.17747353419190945,0.14962151185642736,1,interior
0.21897504739826595,0.03348849397260183,1,interior
0.18135224517215492,0.2603546158297158,1,interior
0.1543969750248696,0.20648793574574204,1,interior
0.19071002047161287,0.10300503504558711,1,interior
0.1808456673526561,0.2628973026253629,1,interior
0.15427466976380616,0.22527791474621123,1,interior
0.19899833439490178,0.25744815491559986,1,interior
0.15530587089191553,0.17665154149731557,1,interior
0.17576435206217347,0.16058217439871786,1,interior
0.17374187811237715,0.12706313260962487,1,interior
0.16120306769533183,0.16776841092632788,1,interior
0.15583648712619264,0.2276570777408176,1,interior
0.15313296973293752,0.2220788112702865,1,interior
0.16889860755534225,0.25252019446451,1,interior
0.1785038610512134,0.2594793170362799,1,interior
0.1617583182045229,0.19342567961013213,1,interior
0.15668963980314798,0.175001200776462,1,interior
0.2035653593529258,0.07213901359158886,1,interior
0.2153266249039005,0.039234894349623295,1,interior
0.16977234167253719,0.25465653524042414,1,interior
0.20440381119297235,0.061024048460821545,1,interior
0.18457570655295935,0.11465312944877938,1,interior
0.2062706167091873,0.2610620422750595,1,interior
0.18223950331138736,0.2620667693465033,1,interior
0.16365122190812298,0.17333769761151088,1,interior
0.15652147309851366,0.2129234732545556,1,interior
0.18297460529155335,0.1533527040501121,1,interior
0.1676338931687796,0.238443222498829,1,interior
0.15945485229682993,0.22990421619271253,1,interior
0.16454924130861215,0.23637500007906267,1,interior
0.17773872826544004,0.14050622928116557,1,interior
0.1950914166937234,0.26611478168431435,1,interior
0.16889480505282115,0.1677018156497259,1,interior
0.1986573895417551,0.08512664136946026,1,interior
0.16301285447303693,0.23573038282099523,1,interior
0.17756112575431654,0.15353184606967113,1,interior
0.16690825314794114,0.2406898933066046,1,interior
0.20621389809755117,0.04862024845352549,1,interior
0.16629216712223208,0.25211032670070865,1,interior
0.20724096240960588,0.06800262969672966,1,interior
0.19691571341738717,0.09583761642720291,1,interior
0.156079716578109,0.17862862762763534,1,interior
0.15904289647997338,0.17514137729939447,1,interior
0.20903727989945586,0.04780864530700642,1,interior
0.1885854288027788,0.26264233886224075,1,interior
0.15770418954515497,0.18395596151988658,1,interior
0.19539990019159145,0.25564833861565356,1,interior
0.15982202450086536,0.19217741415176665,1,interior
0.15190608241204462,0.20672924923703737,1,interior
0.1629319380790177,0.24005650902367068,1,interior
0.21595933031088685,0.03608067271423099,1,interior
0.17524722646408977,0.14911148901610127,1,interior
0.16154454627252682,0.1959338975242223,1,interior
0.1926408795713541,0.2631148120219652,1,interior
0.19459862375722248,0.09778006390292732,1,interior
0.17441552373699834,0.1598119252883198,1,interior
0.2046112691153353,0.07517742908503505,1,interior
0.17546747011725228,0.1580495458395695,1,interior
0.21763493586059518,0.2641945633894126,1,interior
0.17368588316845382,0.1250420460001389,1,interior
0.17017030157699975,0.1652947802015638,1,interior
0.21335861654029134,0.04087543234037741,1,interior
0.19456764671778684,0.0945801416499631,1,interior
0.1754580419984494,0.13276400966061175,1,interior
0.17802148251183014,0.15964507380783904,1,interior
0.18014710950119348,0.26134920263745043,1,interior
0.15723324424263507,0.20815863020118047,1,interior
0.1566924179380325,0.22910962913298633,1,interior
0.16088682055366763,0.1744407891652241,1,interior
0.19960099942205506,0.083064688134315,1,interior
0.15831300020679462,0.1913150212392869,1,interior
0.17651448289361882,0.25530822549405874,1,interior
0.17531062711663362,0.13562845366852325,1,interior
0.2005741857056875,0.11092258804139517,1,interior
0.2128320764990862,0.047164250881074066,1,interior
0.15012018616272832,0.20538287526287619,1,interior
0.17179253332314132,0.25576867526711367,1,interior
0.19532321621517365,0.1053697703798093,1,interior
0.15824656847106539,0.22423249914801363,1,interior
0.18647320620888377,0.15403165668674965,1,interior
0.17601822512372778,0.15258812100992264,1,interior
0.1537893636322526,0.21837638534058035,1,interior
0.15401347784293562,0.2199801577139443,1,interior
0.216098766317151,0.04056812457811966,1,interior
0.16030247930559477,0.1691161281378367,1,interior
0.1937431494025859,0.0928153301345711,1,interior
0.1984672797896716,0.08113282212436342,1,interior
0.17689823966503035,0.25953928155794626,1,interior
0.21553980095188185,0.03409732567619238,1,interior
0.19691528801384364,0.08332524394586671,1,interior
0.19110081548766172,0.10599333665417601,1,interior
0.20127228626667928,0.07269521151458638,1,interior
0.15611147942931597,0.20481264229544308,1,interior
0.18082622221758543,0.14451211583642787,1,interior
0.17942964738882733,0.13438124557200282,1,interior
0.20641721975149516,0.06651899879797346,1,interior
0.16401360752666597,0.24351713334567035,1,interior
0.17496846808152255,0.12893982160511527,1,interior
0.15659218826506138,0.2150423407235305,1,interior
0.17902182392310792,0.2624432360004209,1,interior
0.1939768508676736,0.0998403523098572,1,interior
0.19865997827380888,0.26305811769228726,1,interior
0.1783149796593738,0.14377582110875395,1,interior
0.16205695306498474,0.16548330472298137,1,interior
0.19322859658253944,0.0963657600872111,1,interior
0.2023985431614653,0.07712343750595403,1,interior
0.19474624276214686,0.09066408489828237,1,interior
0.20662239511341232,0.26315836699522793,1,interior
0.20535778647957958,0.26611109028589797,1,interior
0.17500217579868518,0.13925632915941583,1,interior
0.17645005354299173,0.14668483733667048,1,interior
0.17149480440062545,0.16052261316691077,1,interior
0.17357145854180628,0.14171131683050286,1,interior
0.22055439502018093,0.030253220790224196,1,interior
0.21802605323925076,0.26083556585984474,1,boundary
0.17372390789884898,0.1563930930590106,1,interior
0.2086520598645922,0.06731214158617525,1,interior
0.21530911775026934,0.043763326159130735,1,interior
0.17338229226779833,0.15444842697158517,1,interior
0.16373348671828414,0.23766498316134058,1,interior
0.20080346465614218,0.08413630701170673,1,interior
0.1680870207106631,0.2509744999017101,1,interior
0.16956235117399004,0.17044060590475038,1,interior
0.17660686025676295,0.1347190877905419,1,interior
0.21052886839884616,0.26513083934034953,1,interior
0.15319465599874266,0.20499932145470606,1,interior
0.2042881577307735,0.05499324611363288,1,interior
0.1573220804918071,0.19375972917698403,1,interior
0.21780476754322253,0.03235071155778617,1,interior
0.19211974288828604,0.27051286842394606,1,interior
0.16037262107772157,0.2043069407187869,1,interior
0.17557875600255257,0.141269060431462,1,interior
0.22161500580901197,0.028800424426550827,1,interior
0.16354021550527292,0.2416535077926665,1,interior
0.17397424374716183,0.153039091743961,1,interior
0.18658314438739937,0.26476348470388295,1,interior
0.1656890362243126,0.24601715014584766,1,interior
0.15913581583274228,0.23524308894897675,1,interior
0.15679803986940752,0.19209771728659572,1,interior
0.18414545710173,0.26259322162407106,1,interior
0.17350823732258625,0.13721488614542152,1,interior
0.17654920148953412,0.1425895372414294,1,interior
0.19461436482982147,0.08218130285588778,1,interior
0.18592792835948627,0.26301902871687227,1,interior
0.17991821344150732,0.1412302187903307,1,interior
0.21882627263668553,0.2653178635623474,1,boundary
0.19185921756645308,0.11066301535778031,1,interior
0.20525641742709608,0.07340866658105671,1,interior
0.1616335373541412,0.20013651023328394,1,interior
0.17640754331913783,0.26146856309226385,1,interior
0.19794004193156683,0.26141873648362157,1,interior
0.20387944583928772,0.0633157830852095,1,interior
0.15267638828873928,0.21641635901302195,1,interior
0.19663903210436748,0.08843419880803872,1,interior
0.1548716712686923,0.20912082426062234,1,interior
0.1668656785421372,0.25399857871518544,1,interior
0.21257969292691153,0.04246826277482074,1,interior
0.16472415687768416,0.2505373506822418,1,interior
0.176834897993927,0.16174913876025376,1,interior
0.18961164765437413,0.26476407446919964,1,interior
0.1740586385535579,0.15063488117368612,1,interior
0.19505484094301428,0.08634124773352882,1,interior
0.20064592867925046,0.07870955713178199,1,interior
0.18484591437902217,0.2651164357830304,1,interior
0.20743245648681435,0.04989307719986505,1,interior
0.17197819887111535,0.15178508157448334,1,interior
0.21258043031148083,0.26790964774294435,1,interior
0.2091199385632338,0.26614262117619353,1,interior
0.20379398736225196,0.06667882496954086,1,interior
0.18074843850648575,0.12171149352818057,1,interior
0.20456656437127138,0.05231292135251972,1,interior
0.1789893894969548,0.14527193550152098,1,interior
0.17353367170068484,0.2579311980256203,1,interior
0.2042340896092361,0.0652222802535231,1,interior
0.21681966468917466,0.26584438853258846,1,interior
0.18853966600176206,0.11166414317426517,1,interior
0.17386677105022705,0.1482548998665748,1,interior
0.204935361515941,0.04960772550562338,1,interior
0.18961030881331475,0.11023918734448428,1,interior
0.18087278525678752,0.15106770404844816,1,interior
0.17386395583559844,0.13360636668032233,1,interior
0.15609483842580954,0.18393693869981137,1,interior
0.20172595410328742,0.08885871546555679,1,interior
0.15884713699088546,0.19378156569498148,1,interior
0.15708269404799108,0.2361446056292327,1,interior
0.15640483614824519,0.1812621482166222,1,interior
0.164171367830497,0.19443776065546112,1,interior
0.17248128351444678,0.1496545719801581,1,interior
0.17096353810011897,0.2585117369843418,1,interior
0.20471691298945888,0.07052241896239098,1,interior
0.20071793281257727,0.0803980139195812,1,interior
0.15321200611400648,0.2079923845476249,1,interior
0.17661159303888682,0.14514933611101555,1,interior
0.1635388546884287,0.24586542573266995,1,interior
0.15987221681331118,0.1962763383336642,1,interior
0.2125647569428295,0.044167894114900595,1,interior
0.1721070732464142,0.13998753612692122,1,interior
0.15522991810005307,0.21170437308746667,1,interior
0.1915851331265265,0.10907848847877998,1,interior
0.16547195094255607,0.19760405338976522,1,interior
0.21603693118699677,0.03220616697773638,1,interior
0.17683647514328174,0.14820053541721934,1,interior
0.15211373853375795,0.2189689612731158,1,interior
0.171107460120548,0.16409973921718324,1,interior
0.16294109652171201,0.1991292818939776,1,interior
0.15731244399171104,0.17337146670950804,1,interior
0.15740266335446473,0.20367984538732126,1,interior
0.16158028916822603,0.2389007012822971,1,interior
0.2161429770187519,0.2686427072475612,1,interior
0.17431858111195056,0.1311254507809686,1,interior
0.1605898681189787,0.1944848243080112,1,interior
0.16174714619947456,0.237305884713942,1,interior
0.1642510564316729,0.2472905092807908,1,interior
0.17379450694215,0.15798304317955864,1,interior
0.1710892611234084,0.15388997200688098,1,interior
0.15563326011203138,0.2074898868061853,1,interior
0.17047738180170185,0.16250681543140824,1,interior
0.19921877022544834,0.07969843790835193,1,interior
0.20728240550105864,0.2646076050934636,1,interior
0.20454345463410725,0.04723177001011916,1,interior
0.20257052310877843,0.0702386585704993,1,interior
0.22012562230564897,0.027328160409388912,1,boundary
0.1671818654340214,0.16728640720907417,1,interior
0.16925308858792806,0.2576082434562352,1,interior
0.19094930549812117,0.2725857668011222,1,interior
0.1614442626751847,0.19847707764064543,1,interior
0.1719784721831091,0.15683266272610671,1,interior
0.1604183671472657,0.23643172373450788,1,interior
0.21773565466915026,0.042161945109366106,1,interior
0.18924185535322946,0.266624313231833,1,interior
0.20535040765134088,0.05745490099999611,1,interior
0.2117976944182964,0.038303760329324005,1,interior
0.15906357505285304,0.1677534345273752,1,interior
0.20683084390874443,0.26874060117527615,1,interior
0.19202196075227002,0.09429929477148956,1,interior
0.21375448586623114,0.03403121704516465,1,interior
0.16879372240066648,0.16594516472634116,1,interior
0.1560562221342709,0.2306853131473333,1,interior
0.1607806501433211,0.2020637751957199,1,interior
0.18622108747192406,0.11066981251555934,1,interior
0.17762121713931925,0.2639381363772814,1,interior
0.17532459089169394,0.15641186573844307,1,interior
0.2076623666335707,0.26737879778206963,1,interior
0.2066967441223132,0.07771256484608782,1,interior
0.18903386357545943,0.10788905966798389,1,interior
0.1750525675137586,0.2578088743034439,1,interior
0.19916060242887865,0.07506236840584059,1,interior
0.18769527911839326,0.1069048307058221,1,interior
0.19812497627756942,0.07845113080995242,1,interior
0.21351363779726318,0.03835014768540987,1,interior
0.16222745193475677,0.24363899496815675,1,interior
0.19268851903120893,0.08916204660729797,1,interior
0.20230638268376933,0.05390452779602132,1,interior
0.2009366859809427,0.0711078341297763,1,interior
0.15716041550381865,0.18999747309456597,1,interior
0.18784594939172028,0.2660011751778006,1,interior
0.1586330397728538,0.20724689333839363,1,interior
0.1746634394042436,0.14487825970957965,1,interior
0.1560132370772405,0.18815372775419748,1,interior
0.1824842835305743,0.11480428872677814,1,interior
0.15962047283007294,0.2386449639103826,1,interior
0.18625836057234582,0.11306897260998026,1,interior
0.21725413073350963,0.03385480330744453,1,interior
0.1822187515849313,0.264694521114437,1,interior
0.18965491746380808,0.11323892569040081,1,interior
0.18690144171499823,0.26833559224481257,1,interior
0.19969585754349792,0.0772038410854505,1,interior
0.20393495683144797,0.05087915173469174,1,interior
0.2096185760282267,0.0367840711017859,1,interior
0.15837175094660133,0.1709423510202034,1,interior
0.2076603220883149,0.05591385303240343,1,interior
0.15556051977353344,0.17319042152495717,1,interior
0.21063563627962018,0.04335288304773505,1,interior
0.20070627093746346,0.07461841724576411,1,interior
0.19017617610496987,0.08921752000726356,1,interior
0.21446103096890495,0.03252576927845408,1,interior
0.1952787334728236,0.07747956587740883,1,interior
0.16302396702623628,0.16798473138258224,1,interior
0.21824263427550575,0.03064653073060577,1,interior
0.1557517683629322,0.2335168036135174,1,interior
0.20389573173734224,0.058048622585355286,1,interior
0.16761080885107896,0.1639031747803675,1,interior
0.2147992445870435,0.041693459315153884,1,interior
0.15438587394525283,0.21361960995137247,1,interior
0.16403944285200575,0.16538230427468986,1,interior
0.21485023390460348,0.030143196727995647,1,interior
0.16956377408856618,0.15997131169096113,1,interior
0.17344181048489102,0.13924794871383614,1,interior
0.20281576827848266,0.04660163687132532,1,interior
0.17171651036458602,0.12541553204605801,1,interior
0.15523779102463428,0.17159764913835393,1,interior
0.19566071572224367,0.08441728321696482,1,interior
0.17839593830905556,0.15513802319279502,1,interior
0.21916762054373667,0.028539530440066973,1,interior
0.19684341816407108,0.07952590732722678,1,interior
0.1678410312131175,0.2552617556113557,1,interior
0.193091500616522,0.0845609922570358,1,interior
0.15679935946339746,0.18562069432803147,1,interior
0.1924646590170786,0.09190724226980429,1,interior
0.16535274556775856,0.2541990278821491,1,interior
0.1969188955096735,0.076609977619379,1,interior
0.20299328108387982,0.04951242570571951,1,interior
0.19194185450031306,0.2646445787867187,1,interior
0.1927241719662031,0.2727814800169795,1,interior
0.1554614322361654,0.18962262090735926,1,interior
0.16257945436794524,0.23423939028967672,1,interior
0.16119076457485362,0.1629214937885486,1,interior
0.20465882641784866,0.05940325080414624,1,interior
0.19731890636926575,0.07337065327680918,1,interior
0.15107113425208596,0.22328440203989824,1,interior
0.2111840823860677,0.04122693946251226,1,interior
0.19033304317370917,0.08581156150856295,1,interior
0.1796484160072771,0.26484036355704843,1,interior
0.1581786676918114,0.23215328784773467,1,interior
0.21907049308271606,0.26801978175996194,1,interior
0.1816903320587874,0.2662452165708755,1,interior
0.17648182093518935,0.13962321479404152,1,interior
0.1662071243317224,0.247512044468917,1,interior
0.20027618449877893,0.2652060256861358,1,interior
0.168376107607758,0.16168165573856885,1,interior
0.20883569512082947,0.26894081942638615,1,interior
0.15813194690334728,0.23386188021981133,1,interior
0.1618517714599027,0.17101964967216432,1,interior
0.17799027536111517,0.2666491683146906,1,interior
0.15332071955900908,0.19044255972406188,1,interior
0.1707248850651074,0.15574246127416735,1,interior
0.1501594427370564,0.22128106464774905,1,interior
0.20209429714798466,0.06129335613335962,1,interior
0.17841813576386006,0.14678066541228868,1,interior
0.18856438718073681,0.0909097568707614,1,interior
0.2023442891955001,0.06464134181675697,1,interior
0.17074102374955447,0.13823792905094423,1,interior
0.1789563616223567,0.11987419654944606,1,interior
0.15317516513867202,0.21010104311373706,1,interior
0.16336389606876303,0.25323082057449314,1,interior
0.21147687055196746,0.03645980199938825,1,interior
0.20216220335109394,0.26587832163558855,1,interior
0.19494905077817176,0.08890625644885089,1,interior
0.1880463675020402,0.1094654785091026,1,interior
0.16581985716971162,0.1656596688091289,1,interior
0.19272480597529978,0.09787979089954613,1,interior
0.155380218198877,0.18668243425195732,1,interior
0.17594335535525282,0.2663135445477313,1,interior
0.20162063811026476,0.06285064263170552,1,interior
0.18905295219184814,0.10589511903548293,1,interior
0.15781601175806567,0.16886318645029233,1,interior
0.19769643050260607,0.2645059016862067,1,interior
0.19876292421051234,0.26676332855391804,1,interior
0.20740264630456134,0.04664823837720068,1,interior
0.15795329915122908,0.18213882622083455,1,interior
0.17289647029176944,0.14692606756721327,1,interior
0.19323716547306855,0.266161411460313,1,interior
0.15893837228018687,0.20230283202888663,1,interior
0.15972740224986431,0.2434138328100631,1,interior
0.16119853263970785,0.2457247164507718,1,interior
0.17622178801669536,0.12319435396835529,1,interior
0.1582100537632023,0.1962274924663676,1,interior
0.17440385231899883,0.2592217656161326,1,interior
0.20251467187031194,0.05932423781861148,1,interior
0.21318981399928472,0.0293933203601714,1,interior
0.19827473762532496,0.09056316274049701,1,interior
0.18442540457919648,0.26658425866779584,1,interior
0.2179487816511803,0.04050850100766847,1,interior
0.15731709904409039,0.1670865624757136,1,interior
0.17324475434386727,0.16635454377149594,1,interior
0.1762860055973244,0.26314861324000566,1,interior
0.20227426110336855,0.05136851062821145,1,interior
0.19682101905421776,0.08117187662979454,1,interior
0.19046901130301613,0.09088178733453199,1,interior
0.20728437982169381,0.053901884309490375,1,interior
0.18334295119313726,0.11679948033798539,1,interior
0.20523367292977876,0.044786011951943205,1,interior
0.15880231701527936,0.1981594169386598,1,interior
0.20317911379285908,0.0681522997537472,1,interior
0.18816221322272547,0.11358435674173263,1,interior
0.15873984641928085,0.23687348888028797,1,interior
0.21675957947858124,0.029751900634638753,1,interior
0.1782541154112412,0.12145037841855161,1,interior
0.21092894439298687,0.034901397854770796,1,interior
0.19957499263682207,0.07234570339230653,1,interior
0.20194685230738393,0.05739715104934574,1,interior
0.17190598591674727,0.12968004053043647,1,interior
0.21778745309836853,0.025811155986685028,1,boundary
0.15846019073328776,0.1879943983449647,1,interior
0.17483302838322037,0.2616048356686656,1,interior
0.16074890233937855,0.24117245092777237,1,interior
0.1965752860187433,0.26726995551346056,1,interior
0.16369364189431118,0.24883922937620667,1,interior
0.1885128435401253,0.2692689623313484,1,interior
0.14824328479471208,0.22166213521306963,1,interior
0.19154096959058434,0.09947729297191796,1,interior
0.2033742765754362,0.2678713154096817,1,interior
0.14900631846139523,0.21923594936483945,1,interior
0.17207076252972317,0.13669983008050146,1,interior
0.21431008943183286,0.0363220180623625,1,interior
0.15711289755435578,0.17184909557738526,1,interior
0.1736848837149116,0.12242957092635566,1,interior
0.18739188332706963,0.09231686956369654,1,interior
0.18367924217573955,0.1129686574658588,1,interior
0.21377313337786294,0.04536890798233389,1,interior
0.15673690582711497,0.243404085675693,1,interior
0.15173781808108885,0.20335329220278958,1,interior
0.20504198429227571,0.06832260524832483,1,interior
0.16806434496430792,0.1380887768655714,1,interior
0.20953626973920797,0.03348156959737953,1,interior
0.19037852906757577,0.1014655812460398,1,interior
0.17188431155356515,0.14175853990821066,1,interior
0.18896959976022132,0.1032933212018309,1,interior
0.17381078018825916,0.14323899596020903,1,interior
0.21267237913990986,0.03529091278902879,1,interior
0.15527505807191438,0.18250793391799175,1,interior
0.16485097028668674,0.2527089891733396,1,interior
0.1535022184546102,0.2023943691185547,1,interior
0.20061512683735863,0.26796485462329006,1,interior
0.18726504929044754,0.10537461307142346,1,interior
0.19037197319005264,0.10455040642042703,1,interior
0.17268087566466822,0.259822081747475,1,interior
0.21061928343163966,0.26670971712115216,1,interior
0.22110476621551917,0.2689458558834304,1,interior
0.21710470751968283,0.0390856947416304,1,interior
0.2129081198899437,0.03250774048664926,1,interior
0.18701123023625907,0.08852551531092177,1,interior
0.20273753782443066,0.27007736630622453,1,interior
0.1765545159425874,0.26780639574112225,1,interior
0.20899907746269453,0.04284633903336621,1,interior
0.1839529214125921,0.11010702763094261,1,interior
0.17192525494248512,0.12353708773512995,1,interior
0.18383413393821338,0.11831178394313116,1,interior
0.1991790668466804,0.06992640055274733,1,interior
0.15261600896332622,0.21402367642752837,1,interior
0.2009606330815625,0.06833155565392003,1,interior
0.21083955369102958,0.2695630322313674,1,interior
0.21044164980710894,0.039081166726198,1,interior
0.15210447320316325,0.21155836761593869,1,interior
0.1548705740789952,0.21579833319923922,1,interior
0.2004548709143461,0.0508766601878113,1,interior
0.20520028984869293,0.26907820989093956,1,interior
0.15104153028308884,0.20933001945208093,1,interior
0.21197209447851376,0.26594789888359305,1,interior
0.2078716479405763,0.27050253814572844,1,interior
0.1850234159351756,0.09288886328592706,1,interior
0.1742665627895044,0.26732324954582604,1,interior
0.15866649979554093,0.19984741874488346,1,interior
0.17026653613588663,0.1578518125384912,1,interior
0.18626675834282813,0.10742104331202051,1,interior
0.2086639660503457,0.04573359925747517,1,interior
0.17681103545437057,0.13625810841637534,1,interior
0.19692119266496225,0.07109656986316996,1,interior
0.15861847524076508,0.24225187689186672,1,interior
0.19850311947691945,0.2693097373706969,1,interior
0.19287560901640943,0.08672133198156136,1,interior
0.1883786996175881,0.0860852214119428,1,interior
0.15672040157351777,0.20072002985187978,1,interior
0.15306775812893605,0.17121397960591705,1,interior
0.18456845755938622,0.2681552773777957,1,interior
0.2028762250667933,0.05618668566664687,1,interior
0.15532495238565597,0.21774231976514852,1,interior
0.18545771909791453,0.08738384231500652,1,interior
0.1538278343506681,0.174207998823064,1,interior
0.15232833871424606,0.22072914417749723,1,interior
0.15368029198853023,0.1774986543359928,1,interior
0.15812524183909207,0.24004447821332145,1,interior
0.16807926778283824,0.15520130667290752,1,interior
0.20803517560669152,0.03236284404516582,1,interior
0.15577222964560233,0.195035604341929,1,interior
0.2201917551526533,0.2706298708014931,1,interior
0.15073499408007623,0.21299842612155412,1,interior
0.1602120686909143,0.1654726459307398,1,interior
0.2088571169633123,0.038614652955041344,1,interior
0.16299133177508277,0.2549605948815526,1,interior
0.22046119603899286,0.26656959705078187,1,boundary
0.19058968182997046,0.09268766845087213,1,interior
0.19059774790667733,0.09618698660849533,1,interior
0.19993219788090888,0.04638615190562536,1,interior
0.15654992956406602,0.1978336703921099,1,interior
0.1764009622972266,0.12786613037303493,1,interior
0.15222081331857207,0.20043660739246694,1,interior
0.15634462598660231,0.16932474652815627,1,interior
0.16582484731330693,0.16370714809946013,1,interior
0.15740131393286808,0.16551377632848618,1,interior
0.15080182277847348,0.21799616511404588,1,interior
0.19620486266736104,0.06912681092398167,1,interior
0.15691178085375154,0.2416778616473517,1,interior
0.17279488306891558,0.12011215996711062,1,interior
0.19117670248023602,0.09776961680891008,1,interior
0.20094149294590355,0.2696756498872576,1,interior
0.1613370048459056,0.254019679119762,1,interior
0.19216459526829674,0.08184912718313292,1,interior
0.20200775151635422,0.06658667005367583,1,interior
0.15500764822971436,0.24404534778396303,1,interior
0.2094428946829482,0.27191430730364496,1,interior
0.1612739431185638,0.24765740251524876,1,interior
0.17823170011051478,0.2610042190421286,1,interior
0.1503954525490991,0.16981541981163267,1,interior
0.19477124204299534,0.07973459781998296,1,interior
0.1733092677065777,0.2626329144836731,1,interior
0.166872970834649,0.15662631704340613,1,interior
0.2037172934505215,0.2719269270071376,1,interior
0.15272538260147345,0.17942515155483632,1,interior
0.16653389115058836,0.15488630528659045,1,interior
0.17490652852188932,0.26501728933876756,1,interior
0.17105407687845747,0.26203260162597514,1,interior
0.19106886638154,0.0837685724010311,1,interior
0.15599091847662602,0.20249183920559402,1,interior
0.16522515560175918,0.16078356600421395,1,interior
0.1812537437763899,0.11343916399477956,1,interior
0.1892212287011811,0.09444220405552885,1,interior
0.18801657531110338,0.10208932840415168,1,interior
0.1549080281977737,0.16697566476222145,1,interior
0.16705072127630582,0.1368317525636203,1,interior
0.21167018706928573,0.03118996413663971,1,interior
0.15911236792413902,0.1768152495145238,1,interior
0.16758588252425546,0.25829648564998775,1,interior
0.15420089444189178,0.20378155099070322,1,interior
0.18853676998589716,0.0881540527116563,1,interior
0.19418118853214,0.2678435749779832,1,interior
0.16648057173499903,0.15215210356363465,1,interior
0.17133653246714486,0.26484267647390713,1,interior
0.15462889179333658,0.22870984562348404,1,interior
0.16266733218545235,0.16337430359202418,1,interior
0.18484223013135767,0.10816355895457448,1,interior
0.1791947006346984,0.12848316720753356,1,interior
0.17228349658297362,0.13199776112383083,1,interior
0.21041259337009996,0.03019279159655736,1,interior
0.21435874953645717,0.2696902722551002,1,interior
0.15167747472033027,0.20518073088314207,1,interior
0.1848901315738022,0.2697440812548137,1,interior
0.1542057655272693,0.2415177815784633,1,interior
0.17125076319760624,0.13370037337650992,1,interior
0.15530453952969406,0.16450416599096418,1,interior
0.21233708988791908,0.02658295187823246,1,interior
0.14928103637572532,0.2096691316662824,1,interior
0.166148332674651,0.2566502773703026,1,interior
0.17949125221126314,0.26746845335636504,1,interior
0.18773297814443574,0.09381905287163589,1,interior
0.15007985596879242,0.21450855070818411,1,interior
0.19430417966161095,0.07564753200377193,1,interior
0.1711943316852448,0.14389854137661773,1,interior
0.17260889816703429,0.1351753377037191,1,interior
0.19981809088884608,0.2724432746601659,1,interior
0.16981663817986506,0.14014211834831458,1,interior
0.15277768756581542,0.24536998342479135,1,interior
0.18211111922440767,0.11987819159660987,1,interior
0.18041578541067246,0.11936707985936955,1,interior
0.15461943812086976,0.23483512751801056,1,interior
0.1533888397114368,0.1693139280914002,1,interior
0.1495342483796012,0.21618223928016653,1,interior
0.19574953604016657,0.07208847538904052,1,interior
0.17207167604703255,0.26715145153756326,1,interior
0.1705988383356015,0.1320402928274671,1,interior
0.2074420996474876,0.03460469861105216,1,interior
0.15272026896807586,0.18196777880100695,1,interior
0.15419479575978903,0.1807839077950371,1,interior
0.20049282632797918,0.04855016989570871,1,interior
0.1804772329787077,0.2688751248268877,1,interior
0.16812037759169246,0.1589265887363046,1,interior
0.1948943043067483,0.07060466070971234,1,interior
0.15355319057513997,0.19613775331421235,1,interior
0.15489065140513852,0.19226456754714294,1,interior
0.1776489667784547,0.26971623478195034,1,interior
0.1691565388223484,0.16352907037278624,1,interior
0.15437332786493027,0.19955824784243972,1,interior
0.20091103060358648,0.05522000941317662,1,interior
0.16422268583429436,0.25644679824940614,1,interior
0.17078125282100237,0.12688242361274898,1,interior
0.17112722834491984,0.1222402182506895,1,interior
0.1700519456711498,0.1518231645416183,1,interior
0.20880008199680367,0.040649969194583004,1,interior
0.21498390095538378,0.2661272118432532,1,interior
0.17320150717593846,0.2698838131629221,1,interior
0.1600456071742191,0.20050384398259613,1,interior
0.1666381824145731,0.2609417172921622,1,interior
0.19776474134614383,0.27142307117845066,1,interior
0.18623626291567774,0.09435868899100777,1,interior
0.1697060741966387,0.13550460245089652,1,interior
0.15900236822365557,0.24815755277967008,1,interior
0.1933439639797138,0.07413744820600908,1,interior
0.21786590380000098,0.26897019992203014,1,interior
0.16318473741607092,0.25077125748965284,1,interior
0.1814647926670945,0.11823774808579626,1,interior
0.2006110529106454,0.05831598962822551,1,interior
0.2001319381413975,0.060761421371403154,1,interior
0.18474044052029265,0.11161064984483086,1,interior
0.1806071807311809,0.11506433253782455,1,interior
0.1545797536903374,0.17907156449426045,1,interior
0.16994741006469938,0.1301161539826107,1,interior
0.18471213218474022,0.1064011438175272,1,interior
0.1731762812135425,0.2655792301193479,1,interior
0.21528703887410783,0.0279057134876571,1,interior
0.18310080084583855,0.2700257543731751,1,interior
0.14713699302363106,0.21811866137582006,1,interior
0.1866567923694814,0.26989999209955867,1,interior
0.17792248310339676,0.2580583251319959,1,interior
0.17028043585604133,0.14941826770327854,1,interior
0.15400750169614214,0.18891193636258222,1,interior
0.18233372419218025,0.09185207030186406,1,interior
0.1692083079705695,0.15378943453984312,1,interior
0.16119286847102668,0.25210516613707146,1,interior
0.1757847139235967,0.12089912594454406,1,interior
0.16880094464842663,0.1290097995717943,1,interior
0.1994762502273211,0.06426683032246801,1,interior
0.20698111960863755,0.042269773178459,1,interior
0.19108659180352763,0.08767520443224004,1,interior
0.15466918160161083,0.1853092349861501,1,interior
0.18692932307558704,0.0867582576740926,1,interior
0.16934242227599666,0.1220262322467765,1,interior
0.16948138335275142,0.13708786361498726,1,interior
0.1519156861921042,0.18802821236845615,1,interior
0.20893798017607404,0.027545984904060412,1,interior
0.17600821796328578,0.11822534907063888,1,interior
0.1895593450966373,0.08140207139923046,1,interior
0.20373517322353027,0.26630540552888804,1,interior
0.18617920751936112,0.2669157226103923,1,interior
0.16569917266208503,0.24900854410787276,1,interior
0.15898001875244858,0.24513719366740547,1,interior
0.16514176117755255,0.15396401930982573,1,interior
0.19784494647865114,0.060179976236129765,1,interior
0.1702671459074051,0.12458937029517789,1,interior
0.16666856629415513,0.15843005947380573,1,interior
0.16871402138322386,0.1569320264662598,1,interior
0.1827332270137488,0.2682428785808485,1,interior
0.16878802548079075,0.15001941710903288,1,interior
0.16052868039384716,0.24984337028276982,1,interior
0.15282629804090925,0.16715386142565888,1,interior
0.14531921379600424,0.21813597740920565,1,interior
0.17614115438276892,0.26930028421433844,1,interior
0.19334329233104305,0.07885066091043369,1,interior
0.1534339519001916,0.22401094632794366,1,interior
0.20596485613153187,0.27091096815344096,1,interior
0.14994959334526312,0.2019179022241643,1,interior
0.2175935518960903,0.02750211319631005,1,interior
0.1860986026935601,0.1029082913676299,1,interior
0.21508524119823483,0.024676477213452574,1,boundary
0.1903394609362285,0.07449273085181517,1,interior
0.15757206826314668,0.16301561310771978,1,interior
0.15574342328583765,0.16153372650727202,1,interior
0.2007181110456209,0.0532498893662518,1,interior
0.19602193374051347,0.26898428428118554,1,interior
0.19113049341220384,0.10755824372017043,1,interior
0.19870318515973398,0.06209124666803555,1,interior
0.19910404176929603,0.05724643643662242,1,interior
0.14935427795252193,0.21138806462974621,1,interior
0.20022867929610014,0.0658611278570516,1,interior
0.18233657767673647,0.10772607275357926,1,interior
0.15475436729690817,0.201103365556065,1,interior
0.15436817084252552,0.19742995280525588,1,interior
0.15369151615701707,0.21207462037057537,1,interior
0.15547164817770834,0.2424936217643993,1,interior
0.1994525067975205,0.05204870028330854,1,interior
0.14686960814429983,0.2159584466609902,1,interior
0.20612728138268543,0.2725675003679411,1,interior
0.19979121902894978,0.27076648761373723,1,interior
0.19046787133917584,0.2706413754434518,1,interior
0.1973024614275605,0.06578512020866158,1,interior
0.15249732925387177,0.198680844065346,1,interior
0.21716183735082795,0.26734735861957637,1,interior
0.15747966468768845,0.2484188239410222,1,interior
0.1503051379522706,0.20750669810983444,1,interior
0.1818821083570855,0.10596381494111637,1,interior
0.18889114336000137,0.09606965261820224,1,interior
0.20732690465992606,0.043987059433819524,1,interior
0.15899049556778863,0.16355776194294988,1,interior
0.18704458318299966,0.09629050924661435,1,interior
0.16419360586587683,0.1635288918518118,1,interior
0.17172879020124276,0.14535540373022274,1,interior
0.1861753827497184,0.08984605636998694,1,interior
0.17477555280478188,0.11965695506083776,1,interior
0.1898782562642749,0.0987834690254978,1,interior
0.1837197543032353,0.2640887879910717,1,interior
0.15492770260798547,0.1685542492083107,1,interior
0.17128421985882142,0.14795100709568546,1,interior
0.1667661131968986,0.16113752093863026,1,interior
0.20512771587819434,0.0416262001588981,1,interior
0.15729080718372337,0.238705861335453,1,interior
0.154791601653256,0.23812029986991548,1,interior
0.1920592389885449,0.07296946993568554,1,interior
0.21859553483576183,0.27050514913724755,1,interior
0.16618780291283483,0.12917152783508112,1,interior
0.21135099235128382,0.03309689351942693,1,interior
0.18044132807365823,0.11100095690030716,1,interior
0.15091970859447842,0.18988152502964936,1,interior
0.1515201157598662,0.2150822129700823,1,interior
0.15165130167373017,0.24783037047157241,1,interior
0.15923515716218611,0.16141007067864482,1,interior
0.15410014290568816,0.17571444936264619,1,interior
0.19937986693785015,0.0556523513400652,1,interior
0.18176698063330538,0.11673086235233672,1,interior
0.19579135097287811,0.2711505522545791,1,interior
0.1841760359171143,0.08845709385858366,1,interior
0.1566502123847019,0.19631389184211387,1,interior
0.16977767648450479,0.14674915234922245,1,interior
0.19659731400055208,0.0556941867509134,1,interior
0.16517358572416668,0.15921027323109138,1,interior
0.19389765536082046,0.06755654562438745,1,interior
0.1703905193996728,0.25650667345179395,1,interior
0.18489049854563294,0.1045405053834887,1,interior
0.21980100739642655,0.2723965743559553,1,interior
0.17389815045586363,0.11804572207544016,1,interior
0.15236315936357686,0.1753266252453196,1,interior
0.16922217446593463,0.12651965114806074,1,interior
0.169716190368384,0.13351202861240524,1,interior
0.14951270401917893,0.20374098914638625,1,interior
0.2152326784655805,0.27122871738604154,1,interior
0.20340621188182353,0.27408622933739657,1,interior
0.19696524544343744,0.07505728240362754,1,interior
0.19134475006318477,0.0800723656988606,1,interior
0.19925158206343366,0.06717459193223524,1,interior
0.20701886086636334,0.2750431787394979,1,interior
0.16331591073708593,0.15563929307424035,1,interior
0.17457457150154243,0.14674554176479546,1,interior
0.21821349447907643,0.2732353669052591,1,interior
0.1793345972089621,0.27041375519444444,1,interior
0.21166104079806022,0.2719463121770994,1,interior
0.20365849310738462,0.2768537670895394,1,interior
0.19924126936057399,0.053884314713479105,1,interior
0.19239272484110956,0.07733713490118123,1,interior
0.19361779353670436,0.274040267016679,1,interior
0.192237671049962,0.07518803297551785,1,interior
0.14884287069155377,0.21296871455209684,1,interior
0.17697689671958045,0.1197950091426442,1,interior
0.21557804400977898,0.2734941838310217,1,interior
0.1941779138207791,0.27132987776227496,1,interior
0.2068266464125782,0.03912969005407465,1,interior
0.20812910020261488,0.27354400606044543,1,interior
0.20154605520442348,0.27144318946716917,1,interior
0.1544295000650075,0.23252543224200312,1,interior
0.17303383252411383,0.1285840705869759,1,interior
0.21558763154514565,0.026139841471416972,1,interior
0.15267829613243772,0.23926830148038136,1,interior
0.20312535469175755,0.043072535411424064,1,interior
0.16540271958608185,0.2587520238197113,1,interior
0.1501436260593135,0.22524921767605038,1,interior
0.18985011449862374,0.07852147580632553,1,interior
0.1937931402726335,0.26944210757571485,1,interior
0.15366269087146797,0.18718948221027576,1,interior
0.1528094532995707,0.22665377047922175,1,interior
0.21355421750268713,0.024887644978279853,1,interior
0.15294601825766815,0.18465485679525645,1,interior
0.15196859420517347,0.1737333343320912,1,interior
0.17268049285779424,0.26412444432717563,1,interior
0.17371546903709426,0.25625602003678666,1,interior
0.15108004747373366,0.18206691407871423,1,interior
0.19355616909455176,0.08087546807160187,1,interior
0.15237616917064653,0.2290648485294604,1,interior
0.14747697386404005,0.20347810220378096,1,interior
0.14621848403359103,0.2197788304727431,1,interior
0.20671867053141035,0.03706780212236838,1,interior
0.21288567233949682,0.023514447218576536,1,boundary
0.19315365259716727,0.07148808604466024,1,interior
0.16742506912850727,0.14149909464749721,1,interior
0.186047781081276,0.08532843339730405,1,interior
0.17283170154658112,0.2496605931403984,1,interior
0.16281458806969717,0.16156963338274702,1,interior
0.15411829968159196,0.1836602925170374,1,interior
0.1683077429892643,0.14853668514046042,1,interior
0.19744842214917085,0.05353921737795218,1,interior
0.1709171003149471,0.11986883294589036,1,interior
0.16419772719079997,0.15277367802770186,1,interior
0.16837963953925172,0.2614399171125714,1,interior
0.20199287741164335,0.04427952506331157,1,interior
0.1533131593077,0.19367608541604178,1,interior
0.19921547493076336,0.05950036934119701,1,interior
0.18851052374679794,0.27121877105202163,1,interior
0.18132392269834469,0.10908973738157567,1,interior
0.1533114556746191,0.16368823656575776,1,interior
0.17072796308458862,0.26024042682703413,1,interior
0.15515640591573424,0.16298443921563585,1,interior
0.1803828287826529,0.1046607388415163,1,interior
0.18896847022913388,0.10001963823871678,1,interior
0.18272913336123603,0.08766769346926373,1,interior
0.20841451336435085,0.27578342744506856,1,interior
0.16272547540599697,0.2596806692425593,1,interior
0.14757250921277953,0.2240844596361473,1,interior
0.22261644591748106,0.2685358134396761,1,boundary
0.15590191453337882,0.2466347392481451,1,interior
0.21094964071484942,0.2738541199890657,1,interior
0.16793992551865022,0.14438950880636667,1,interior
0.1694265853382651,0.1438606783467705,1,interior
0.18036153685690035,0.10726455758165633,1,interior
0.17890218483398704,0.11096669870039817,1,interior
0.18294144152628225,0.08592298298618194,1,interior
0.15517033178485617,0.23633253222314748,1,interior
0.1764222719775024,0.271421138590706,1,interior
0.2078721077017134,0.030207531777323153,1,interior
0.15122217573876093,0.16844635884444337,1,interior
0.16171848069223588,0.15981350829476437,1,interior
0.15456656106858166,0.23034022106195304,1,interior
0.21085916045457137,0.028564334162243528,1,interior
0.18055313439980644,0.08903573213656914,1,interior
0.1597621438073012,0.15992882272438402,1,interior
0.14479045833523965,0.20464859154939902,1,interior
0.1469310282415231,0.20511812748234579,1,interior
0.20556682466814907,0.03448367063790114,1,interior
0.15006618276819808,0.24869972428774956,1,interior
0.1996839056274276,0.04438297006696644,1,interior
0.2100292514104273,0.026331752521769045,1,interior
0.19728738953257235,0.051909392260736834,1,interior
0.15702430344281917,0.17985262900227117,1,interior
0.1900388528283449,0.0765971054131021,1,interior
0.15703440222670936,0.2455673594227205,1,interior
0.20491399862314602,0.038432956662607175,1,interior
0.21375472757451264,0.027755065674483305,1,interior
0.20487219066714563,0.27346545034717645,1,interior
0.17913432072819052,0.11707047079393046,1,interior
0.1697323686758261,0.14183470076293864,1,interior
0.1512399263666296,0.1721856447034063,1,interior
0.16697739842093434,0.14976417192131747,1,interior
0.19709053574405958,0.05815549167587906,1,interior
0.15207977324082161,0.19156978895427623,1,interior
0.1721346382024655,0.25732988323259787,1,interior
0.19437121365825472,0.07289211189620029,1,interior
0.15330246413707857,0.23721789671588867,1,interior
0.19810782786447179,0.04951134845110737,1,interior
0.1685163663832852,0.12517486688827636,1,interior
0.22462509311837536,0.26876925422333553,1,boundary
0.1680961724526364,0.15137643304151707,1,interior
0.15261813486530745,0.23212172114174406,1,interior
0.1493735861384909,0.22280315867154035,1,interior
0.15987200026401616,0.24660381473975843,1,interior
0.18248746627634785,0.11167814892061012,1,interior
0.188886761422991,0.08372867646067947,1,interior
0.15029072863175744,0.20000818142685006,1,interior
0.16471198950919555,0.1280663720377226,1,interior
0.20883900727443647,0.03521795123621458,1,interior
0.21995499805481933,0.2740168002990428,1,interior
0.1871406313117824,0.08386239918619742,1,interior
0.14795014405019183,0.2142851080642071,1,interior
0.17299052533920717,0.27175564709907885,1,interior
0.15139790953067095,0.19411806777337173,1,interior
0.15067731472790752,0.1756296863973969,1,interior
0.1959076947368525,0.06281889916477446,1,interior
0.16895670267827828,0.25942467008988207,1,interior
0.21052571998850805,0.022692407671241956,1,interior
0.17801028805685876,0.11810394964105825,1,interior
0.15142192821983527,0.16141192449123473,1,interior
0.20635150102516495,0.03123363702617691,1,interior
0.19085915242359516,0.2749209409789466,1,interior
0.16486890231632217,0.1575434085968868,1,interior
0.21105691090176473,0.025189739169541012,1,interior
0.18348883029026367,0.08989116157557649,1,interior
0.19510218432622248,0.04908578028213976,1,interior
0.2024808455414186,0.041452604131421045,1,interior
0.15389649180462528,0.1657484175173952,1,interior
0.15020593262898477,0.1843235513609394,1,interior
0.1545919510326145,0.2398997467869708,1,interior
0.2092510444203706,0.029088419382422907,1,interior
0.18460463600195237,0.09105799428064962,1,interior
0.16348176479904897,0.15919480700531966,1,interior
0.1891904826637905,0.27339395752054635,1,interior
0.15445325675739938,0.2268015479294708,1,interior
0.1965321842905329,0.2727390693213993,1,interior
0.14876217171546624,0.1671874764565012,1,interior
0.16815608861550638,0.1314650773103961,1,interior
0.16777675238840534,0.15295214341142602,1,interior
0.1463487426770716,0.22233736296369883,1,interior
0.16559086138087484,0.13942975200799707,1,interior
0.14339244218497574,0.2189484919549176,1,interior
0.1570142161354542,0.1605306414159832,1,interior
0.1602516688479718,0.15825503047171938,1,interior
0.18075888602014084,0.08692544012459709,1,interior
0.19832787028576712,0.2733890061327251,1,interior
0.14059745513494692,0.21808019177376822,1,interior
0.1671989560906215,0.135142207822632,1,interior
0.1525348064939027,0.24162484521388833,1,interior
0.14845526478786303,0.2050493696502823,1,interior
0.20531244473418753,0.03644782176016973,1,interior
0.1951974763737289,0.09602978349371502,1,interior
0.18098980639513637,0.27087149511736985,1,interior
0.1833435842209053,0.10512601217055179,1,interior
0.1676906471362049,0.12649816482278795,1,interior
0.20827538951996588,0.0246365714908223,1,interior
0.19524014280605378,0.06649729666021796,1,interior
0.15619844346444015,0.24011761979226962,1,interior
0.2022735458915694,0.03862345232482314,1,interior
0.18725102544088668,0.2737403213721195,1,interior
0.1950385092369889,0.2732436313816238,1,interior
0.19320298481743486,0.04728124478122275,1,interior
0.21937984938060212,0.04408750027745068,1,interior
0.19485917563765362,0.05939905119976404,1,interior
0.14789603793902278,0.20845257798986475,1,interior
0.18684827305171658,0.08222659979111518,1,interior
0.14748662379281713,0.20677294653242814,1,interior
0.19613736850822688,0.0502782439135695,1,interior
0.14103298315051194,0.2195577841012851,1,interior
0.21198489670421894,0.27629610653563874,1,interior
0.15048982824690893,0.2427146360637718,1,interior
0.1479878671561539,0.19043774525241652,1,interior
0.195014004822612,0.27597931386255947,1,interior
0.14854268293315487,0.19283244630204024,1,interior
0.20142076003667111,0.27595805768428877,1,interior
0.16514811805680285,0.15090938023348002,1,interior
0.153057735326334,0.23550659413033628,1,interior
0.1855124740307349,0.08063104837758009,1,interior
0.1583042245411987,0.15927128050452866,1,interior
0.1781420187225442,0.2726530275920225,1,interior
0.16890594864312197,0.26390112205756644,1,interior
0.199687611070604,0.2744947171830692,1,interior
0.19591961589158297,0.054010998284156335,1,interior
0.19691843316491633,0.0464496125485523,1,interior
0.18941160254574477,0.07192997985689835,1,interior
0.16711537400999493,0.12453541670078981,1,interior
0.15009969722335093,0.1927597886529854,1,interior
0.1979640131149922,0.0679944485460606,1,interior
0.1682147543950466,0.13317009864418347,1,interior
0.15178830807197538,0.23069844879227472,1,interior
0.16238949680832657,0.15290056165871588,1,interior
0.17445123614425745,0.2712489022896988,1,interior
0.1533389083765733,0.24317039442528454,1,interior
0.16480455403001826,0.12427344026688432,1,interior
0.16285866799968607,0.12751771401562373,1,interior
0.19286776948454645,0.06103017423942457,1,interior
0.15187881601715733,0.2340517659985049,1,interior
0.16541106623724627,0.1560010075327623,1,interior
0.17389492945577686,0.11532282014698152,1,interior
0.2100920998509055,0.032066415569651015,1,interior
0.16438440205324636,0.14893735545584869,1,interior
0.1491033373919932,0.18884481875164946,1,interior
0.18761161793009115,0.07928588272971246,1,interior
0.1656751391180658,0.12628333353190951,1,interior
0.18858336235947817,0.0775514968659754,1,interior
0.18715368693104167,0.27194553005138267,1,interior
0.1658833174670459,0.14348153748651524,1,interior
0.18213347332027294,0.2721257593096003,1,interior
0.16163115940234504,0.12573110013177988,1,interior
0.20663644809527043,0.026068642084156612,1,interior
0.1840065102392593,0.09481773188170559,1,interior
0.16255565250947565,0.15778085156734892,1,interior
0.22463434488017578,0.2706629577040927,1,interior
0.16869670395219757,0.12344521233787442,1,interior
0.1535476030022175,0.16083325019994535,1,interior
0.20973212020058635,0.024035352526149353,1,interior
0.1534422529892925,0.24767181028007723,1,interior
0.21256793859541495,0.2702557814997096,1,interior
0.19662264611798477,0.27466271885506355,1,interior
0.1512127279607592,0.19575636300926041,1,interior
0.16055911262307931,0.12804973538511566,1,interior
0.16714368997831608,0.14617003006166468,1,interior
0.15171347059568263,0.23697975006375496,1,interior
0.19543957982471577,0.05236119265940425,1,interior
0.1668044104768681,0.1481199200309715,1,interior
0.16550115683925204,0.13312632331434074,1,interior
0.15589672524046785,0.19936513413221202,1,interior
0.14599920679375047,0.21002706011266262,1,interior
0.17526956960483947,0.27303235035100953,1,interior
0.21044617936567875,0.27585877677269843,1,interior
0.15184435523128262,0.22486716149805763,1,interior
0.19776028748431168,0.0478052072395583,1,interior
0.18714745101417396,0.10058018880255064,1,interior
0.2132402522254607,0.27254584050461267,1,interior
0.1998427571860228,0.0426048336491504,1,interior
0.14986528666912138,0.22708205554784203,1,interior
0.1776589495000357,0.11532918636098474,1,interior
0.18783746543346128,0.08094259184494676,1,interior
0.16336347835146625,0.15085889456385973,1,interior
0.21350982068072719,0.27521438350751315,1,interior
0.14431553211590908,0.2238920781199137,1,interior
0.16385379070972117,0.13786912337013313,1,interior
0.14718506284274244,0.1695580538344814,1,interior
0.15339631982753094,0.2336427916882569,1,interior
0.20520279572545108,0.03240433329236789,1,interior
0.1848187670306059,0.2721293430460099,1,interior
0.1856839039111154,0.09697725760595848,1,interior
0.21488334209147705,0.2764350380195161,1,interior
0.20853720858363517,0.022276989878560954,1,interior
0.16190611333857732,0.15620950207700263,1,interior
0.16193341967327002,0.2571077188967893,1,interior
0.20484192711847365,0.026688991626539375,1,interior
0.2011079925155285,0.2738889372724892,1,interior
0.16315165403735982,0.13217808426671251,1,interior
0.17686939877271826,0.2737533422089038,1,interior
0.17119175348499654,0.26871558471229856,1,interior
0.1870583069279165,0.0988286074780419,1,interior
0.18858119968501072,0.07413292617495688,1,interior
0.18433009446780504,0.08484969505436646,1,interior
0.16333362860815115,0.12501184962524614,1,interior
0.17929153250531105,0.1061207105524731,1,interior
0.16823261100498435,0.12071835321803538,1,interior
0.19846003122398814,0.04562749844267745,1,interior
0.1929708072949749,0.04980951032507964,1,interior
0.20484100782545372,0.04001878482242957,1,interior
0.14876559375184537,0.1724285525139763,1,interior
0.1945929032639579,0.0689876221633332,1,interior
0.2008607060251844,0.04125412856248221,1,interior
0.2222002111188713,0.27221410525591994,1,interior
0.19007059831363893,0.26915254207441286,1,interior
0.18835455698481768,0.09779788521764766,1,interior
0.20659479145716297,0.02914074214887389,1,interior
0.15451250868336638,0.24579509605606986,1,interior
0.1515178394667166,0.1854931656968456,1,interior
0.21679572985888407,0.2709412306600969,1,interior
0.14988513992041222,0.2328291823416125,1,interior
0.18233755004067476,0.09387293644735092,1,interior
0.1473278486925959,0.2261523608512494,1,interior
0.1421392686056472,0.205074839366241,1,interior
0.18456375933677838,0.2750763231343982,1,interior
0.1392790134010808,0.20432667301489763,1,interior
0.1521694611661391,0.1778758253761406,1,interior
0.19567636251976922,0.07401024113267374,1,interior
0.165059779365637,0.26121236738212383,1,interior
0.1906442727107783,0.048036103208775674,1,interior
0.1807114992827949,0.09289153027080703,1,interior
0.15984616728969236,0.25357162821608525,1,interior
0.18798075553253354,0.2755811860749326,1,interior
0.16470037364719972,0.14222415428359902,1,interior
0.1469331967683983,0.16670883051384544,1,interior
0.1635586788381709,0.12218805846482239,1,interior
0.146275381662079,0.20805868525025026,1,interior
0.19631200161388276,0.06759409092343156,1,interior
0.1443279827515972,0.2102721885838434,1,interior
0.2012351115335959,0.2786375256998642,1,interior
0.1785166952438303,0.11322517750661419,1,interior
0.16509170552219815,0.1349720432175017,1,interior
0.19202411358138893,0.06929596465258522,1,interior
0.14782415538104213,0.22840016783327308,1,interior
0.15133317016038944,0.24964229744731808,1,interior
0.1760890871923288,0.1164572670034167,1,interior
0.2167223999224277,0.2760763069352597,1,interior
0.14797455815539964,0.21059453011496246,1,interior
0.18499804904271033,0.08209849613031939,1,interior
0.180052617426521,0.10246853755485458,1,interior
0.15830095993168042,0.15763233086142542,1,interior
0.20831680928075733,0.2778912746639282,1,interior
0.18914961209434147,0.04898113931756316,1,interior
0.14565510774040277,0.22732639485336478,1,interior
0.18296848138716795,0.10231571635018011,1,interior
0.18441190949220407,0.10153912950184336,1,interior
0.1696664604664808,0.2665534551733458,1,interior
0.15118589375275882,0.1978441689463623,1,interior
0.16412667476065107,0.12651019428410498,1,interior
0.16317338797198302,0.14105371952893628,1,interior
0.20681807833348564,0.2772646551919908,1,interior
0.14951390161314979,0.2519694740736233,1,interior
0.14590021356140456,0.22442185577999085,1,interior
0.17742875120715187,0.10796323741237879,1,interior
0.15099836466362387,0.24512411624594638,1,interior
0.19020538412708238,0.2765600725913535,1,interior
0.1841924275525413,0.09873690830863724,1,interior
0.1935788342040316,0.2771786697778752,1,interior
0.22448845340712037,0.2731539092268484,1,interior
0.18553850899132046,0.09953079701572912,1,interior
0.17884747129654466,0.10889451474999534,1,interior
0.14636497659577954,0.22979481268968788,1,interior
0.1658042301968848,0.13780303275077718,1,interior
0.19189331887554362,0.04455291118107104,1,interior
0.15097083230108285,0.17885639841310869,1,interior
0.14565969353875782,0.21494584270625294,1,interior
0.1832077496076797,0.27435318754329646,1,interior
0.15032450318304663,0.1670785458587239,1,interior
0.1611265457430053,0.1537901241132856,1,interior
0.1620393211487834,0.12932615353037877,1,interior
0.22192455626653063,0.2705667755043126,1,interior
0.21161119127312553,0.27811078620130325,1,interior
0.1503104508270906,0.17375520862491894,1,interior
0.16824533659473792,0.26589885166833704,1,interior
0.1837388260854542,0.07956943383401205,1,interior
0.16632452545763776,0.13166175782981876,1,interior
0.1915238371408357,0.0713583080064274,1,interior
0.16125042507675771,0.15066097654933605,1,interior
0.20326544817920414,0.036078000073973805,1,interior
0.15203761082318604,0.17006777640618867,1,interior
0.16204212109979252,0.14845023588362632,1,interior
0.21406407642336797,0.27774081462112565,1,interior
0.20341330611668698,0.03316995957556999,1,interior
0.1489857900261486,0.18123977028803281,1,interior
0.22689531158291348,0.2726848633745637,1,interior
0.1576630203968977,0.25024148029208354,1,interior
0.14925780013600348,0.17894204707821018,1,interior
0.14722225944042383,0.18776842666054883,1,interior
0.17625818584414563,0.11188870357345397,1,interior
0.14449356766251317,0.22933479136545903,1,interior
0.18758251218333716,0.27807572282964277,1,interior
0.1431381095394486,0.21731086284607226,1,interior
0.16075896615582283,0.16115591987225816,1,interior
0.14846063629198705,0.18348240937045732,1,interior
0.16341598481053288,0.14760600356866216,1,interior
0.1439436412859384,0.20195416333995542,1,interior
0.1611165303019221,0.2614083743449043,1,interior
0.19468963716491136,0.061211662103248216,1,interior
0.1647339347962612,0.1311470680472317,1,interior
0.1502629517104465,0.23082951026482323,1,interior
0.151309191090706,0.15953999646913725,1,interior
0.17943460277693268,0.095023776689736,1,interior
0.16649238885971165,0.12228117578568783,1,interior
0.20336914115853158,0.03110647890208953,1,interior
0.19945083519255646,0.2761325443557092,1,interior
0.20195401411674813,0.03174673449713302,1,interior
0.14902003387097137,0.17068622515776585,1,interior
0.19509123116101426,0.057562993488012804,1,interior
0.16763778495279574,0.1396417462285266,1,interior
0.14897012375615568,0.24981385570579695,1,interior
0.19143426698498114,0.06737463514852877,1,interior
0.18078319999469286,0.08539375555018149,1,interior
0.1853288135348898,0.273588515869091,1,interior
0.19667384546154387,0.06418731826828072,1,interior
0.17968917859342054,0.2734927258497009,1,interior
0.1755399845835198,0.10703591624679122,1,interior
0.18322718374982028,0.09663947519366525,1,interior
0.19420952776385977,0.05459800713704121,1,interior
0.20267975843444413,0.2780157643929228,1,interior
0.1814939964567941,0.08352086087816982,1,interior
0.1597428070808043,0.12526053509333923,1,interior
0.19329415472943895,0.04375752096152614,1,interior
0.1457108421749611,0.21227152409910854,1,interior
0.17941645071170487,0.10039617331869306,1,interior
0.20425522673220975,0.2799796963186903,1,interior
0.14381635010356286,0.20850733349554784,1,interior
0.1659663794839178,0.14520800234007625,1,interior
0.21865507161165024,0.2750706920451977,1,interior
0.1551012863523694,0.15988040183449284,1,interior
0.1479602363741237,0.231227643703471,1,interior
0.1495982562381206,0.1606702156858031,1,interior
0.203549457387171,0.04497374003935516,1,interior
0.18213117746490545,0.10398760317167785,1,interior
0.1631806689446209,0.2623615888942942,1,interior
0.1913868742922321,0.27900002268934726,1,boundary
0.1811733086278416,0.27446243444986146,1,interior
0.15237387476877212,0.16489717911464546,1,interior
0.1860307102782285,0.27763802843370133,1,interior
0.16349584012645993,0.13616202692548515,1,interior
0.1651912720017754,0.14727421570412982,1,interior
0.14908006801804194,0.2474697275632414,1,interior
0.13676755096621862,0.20325618363907416,1,interior
0.15305345463414285,0.2502734445729731,1,interior
0.16377225047851834,0.13964295434554122,1,interior
0.15963224783115962,0.14819506946442407,1,interior
0.22165165341186113,0.27534093302139623,1,interior
0.19753778163889346,0.27647532373855765,1,boundary
0.16699143102754732,0.2635997010358524,1,interior
0.1995488144462639,0.032355347049232375,1,interior
0.21660001660151001,0.27762862256648474,1,interior
0.14706192717829103,0.1724899204468632,1,interior
0.15965013813368054,0.1301278385078055,1,interior
0.17757579853721703,0.10559403586288434,1,interior
0.178860181796382,0.09254493240819038,1,interior
0.19302346829918773,0.06274532171147831,1,interior
0.20033085201772483,0.03971312920710325,1,interior
0.20507037172296674,0.02999789649616539,1,interior
0.17612140100214516,0.11369497297363276,1,interior
0.14320127939543328,0.22618686215834355,1,interior
0.14926931907124308,0.19885979041580984,1,interior
0.1985570500648752,0.03856385552340114,1,interior
0.14889733189078508,0.19444215669157988,1,interior
0.19447347675453272,0.06391397439141808,1,interior
0.2050252287077589,0.2759224126093128,1,interior
0.19279272219427343,0.2758035424302805,1,interior
0.1505833825193971,0.1644795522403341,1,interior
0.20131715100852327,0.033968182347594286,1,interior
0.14288972822659451,0.22292620197492777,1,interior
0.19688426662059072,0.04339137589957394,1,interior
0.16374874456498992,0.12034269150665852,1,interior
0.1791385121266926,0.09698772571430458,1,interior
0.1550917973377085,0.24873322646466334,1,interior
0.14400440859384295,0.21187711670119663,1,interior
0.1634537175620432,0.13400709363101476,1,interior
0.16370811748910888,0.12944976984481577,1,interior
0.19365118411726684,0.056442233544084994,1,interior
0.17353534074783436,0.2741434286595335,1,interior
0.16224522712215123,0.13093306024750706,1,interior
0.15875090447829548,0.26237883982230253,1,interior
0.2068467285547231,0.28044409933760034,1,interior
0.19348232559553558,0.041072382291253554,1,interior
0.1508025487477127,0.24026625997653814,1,interior
0.14956422368795266,0.19605969373523421,1,interior
0.2066007675823586,0.2823397570200281,1,interior
0.15814664865203965,0.1467432320230838,1,interior
0.2169182330057186,0.2744592008313074,1,interior
0.14286139515219454,0.21522181833601362,1,interior
0.17975657562802883,0.09047825087527236,1,interior
0.1529407614740695,0.2520234995217606,1,interior
0.14094865916834157,0.21602661476060622,1,interior
0.2144887561103941,0.27943498101118297,1,interior
0.2163584798462216,0.2797231910002843,1,interior
0.19481896217323483,0.04498509305918105,1,interior
0.17193425078537272,0.1178412614665471,1,interior
0.142962314984821,0.2213847706821025,1,interior
0.14587281829236584,0.20654501504961784,1,interior
0.20180214431326463,0.28066971411437186,1,boundary
0.19149350302177642,0.2774114744731151,1,interior
0.16153123554140178,0.1366865468562676,1,interior
0.20112478476464776,0.037460790686864275,1,interior
0.15033997931917673,0.22901155359276174,1,interior
0.1498946058662446,0.18670039148706247,1,interior
0.14701831754727693,0.1854624327434111,1,interior
0.1788723856020822,0.0986383205445259,1,interior
0.16150598156609325,0.13237746616235702,1,interior
0.15449504036928277,0.25211328602544736,1,interior
0.1469929313164787,0.19273933121653825,1,interior
0.2052373748631357,0.2775065848373601,1,interior
0.20404546989152486,0.28230303536219387,1,boundary
0.18117989480510566,0.2763612451049718,1,interior
0.19168688389736724,0.06406352787570532,1,interior
0.2292762061924512,0.2738440907269779,1,boundary
0.14232443068007455,0.20998461017115422,1,interior
0.22257484633145866,0.27775643453307836,1,interior
0.1481623776126299,0.19667729365349568,1,interior
0.1665376031960389,0.12758333473038072,1,interior
0.1771101901994391,0.09092514338762686,1,interior
0.1796644880481558,0.08121582019690538,1,interior
0.16901850298336685,0.2692447207319425,1,interior
0.15729475038937807,0.13146998937745955,1,interior
0.15156847355710806,0.2513456145207941,1,interior
0.1617919137155564,0.13957325000825918,1,interior
0.17198969456413865,0.1156420823407009,1,interior
0.14604443939835632,0.20291052444438654,1,interior
0.1600468589439153,0.2565811938614063,1,interior
0.2057772204866248,0.2837361451418098,1,boundary
0.1941052164067978,0.05151800891146701,1,interior
0.19708526810022653,0.06162525587094532,1,interior
0.18325626818682028,0.10040398463059527,1,interior
0.20191242566239978,0.027088009396674686,1,interior
0.20665214761191106,0.03325769208801334,1,interior
0.15126162680626812,0.22632352439477527,1,interior
0.2105937793490829,0.02091785263889884,1,boundary
0.14431468919350957,0.1993435176468804,1,interior
0.14060015165469317,0.22173831193393556,1,interior
0.1926067425337288,0.05237268253946781,1,interior
0.13891570737559097,0.21815581193051925,1,interior
0.21911265593262846,0.27774123898815617,1,interior
0.17680005468292226,0.2753249517189457,1,interior
0.19572216049460806,0.04749688037262011,1,interior
0.18140689052906242,0.10116871863817344,1,interior
0.1444304846535316,0.22221027961647308,1,interior
0.17703899958867336,0.10109963459181538,1,interior
0.18912319548134887,0.2798308633973968,1,boundary
0.1622156581693901,0.1236936800793138,1,interior
0.16079724264723086,0.1340132113904369,1,interior
0.2188983364270402,0.2806701982248608,1,interior
0.22675558081198763,0.27428275378706873,1,interior
0.19813641947175697,0.03347727768105352,1,interior
0.1788329443553972,0.08262324109004711,1,interior
0.18644777880101943,0.28094002027218284,1,interior
0.1892651101693262,0.27829036736529456,1,interior
0.20003568715437184,0.27757076144400883,1,interior
0.19073563758684106,0.045662790145422065,1,interior
0.22025406880543905,0.2763968519914258,1,interior
0.17692440218674266,0.0925492512443778,1,interior
0.16066558740573603,0.14172672879602546,1,interior
0.19090466727895422,0.05013890939479437,1,interior
0.22482062771113365,0.2747882834571365,1,interior
0.14546170102541978,0.23293596942258532,1,interior
0.20954082212064448,0.27892679755404703,1,interior
0.15127550802949605,0.235518460795613,1,interior
0.1861705648930062,0.2754534508538773,1,interior
0.1591167249580713,0.12255341090498818,1,interior
0.17774184817189828,0.08004613382682284,1,interior
0.18123026098915213,0.0954446006528127,1,interior
0.18813508710742582,0.2643913360060207,1,interior
0.19186931777840188,0.05499919819145366,1,interior
0.15767752382397582,0.25196745956694155,1,interior
0.20182216826819743,0.029615141609760094,1,interior
0.1769312703137252,0.08346018854441141,1,interior
0.18466741624226932,0.2796643326684546,1,interior
0.14535107785966328,0.18844552074214485,1,interior
0.20815440703948132,0.2796340974136053,1,interior
0.17879358221193645,0.27591460408796953,1,interior
0.17861078595390484,0.08902942731818268,1,interior
0.1842162292983351,0.2772310860056109,1,interior
0.13924463455445182,0.22418047809150524,1,interior
0.1497319409457799,0.23536959853827802,1,interior
0.17477260017073742,0.11153542139959659,1,interior
0.14854012500043734,0.20090209139322687,1,interior
0.1439417011521573,0.18931107071647874,1,interior
0.17634259086139425,0.08887660647196238,1,interior
0.15956532030186663,0.12680554822252688,1,interior
0.1450378387927302,0.22573804009136147,1,interior
0.16993868298682396,0.11807583125288126,1,interior
0.22869463245377616,0.2756278234789321,1,interior
0.1439493870406533,0.20624141733041576,1,interior
0.16769869030476287,0.11707201969326067,1,interior
0.18778030237722632,0.04799966919847878,1,interior
0.14829362975191568,0.17436118028260356,1,interior
0.18661223023866513,0.07728620087777044,1,interior
0.17908470062341436,0.08719816830359543,1,interior
0.16065573207517908,0.25888297475316435,1,interior
0.20830487140137102,0.28386425414250854,1,interior
0.20953846273768145,0.281426797900487,1,interior
0.19149233053579803,0.04234072894949119,1,interior
0.15547098508088542,0.2503524074217456,1,interior
0.14412068694912095,0.21353562687106578,1,interior
0.14307060215512163,0.2328276937206989,1,interior
0.19635779274938045,0.05980753852650371,1,interior
0.14593993480401163,0.23583290661315076,1,interior
0.18323277718416014,0.08350024229285473,1,interior
0.13851092316408373,0.21973023632643737,1,interior
0.17468424786797337,0.10937372999097558,1,interior
0.20140101679878109,0.04719775959825822,1,interior
0.16376728477572275,0.2581267968402262,1,interior
0.14576712344466192,0.18416207963220377,1,interior
0.14904583751136163,0.16478277067186314,1,interior
0.21102551939535769,0.2831440786393506,1,interior
0.21034927619798074,0.285370765456362,1,boundary
0.17747359220119116,0.09544462525513284,1,interior
0.18145103365155818,0.08172286182735326,1,interior
0.15771316198657775,0.142043910749647,1,interior
0.14461004062786906,0.21626721240184163,1,interior
0.21074232803867282,0.28003959734040357,1,interior
0.14109200596423188,0.21107608870083377,1,interior
0.18855514075156363,0.28159150674267674,1,boundary
0.13770428819358926,0.20541516491425735,1,interior
0.1984914900803467,0.27776934543216986,1,boundary
0.16546184127599992,0.26348193155287153,1,interior
0.15543560222472208,0.15802890256558402,1,interior
0.15940069362733436,0.25993184482326587,1,interior
0.14454198948296432,0.22049896126357296,1,interior
0.15948799146066134,0.13540818376473093,1,interior
0.18171238669736478,0.09940958280482978,1,interior
0.1906144300515913,0.052495878509732245,1,interior
0.18925411237348885,0.07009759075276498,1,interior
0.147350100736172,0.2018942687232674,1,interior
0.19314052301360177,0.05926256459576452,1,interior
0.15961335286475015,0.255111178124967,1,interior
0.14898872713317515,0.1631180449421369,1,interior
0.1817467476675175,0.0978515692562034,1,interior
0.17607702542590642,0.09763797429834575,1,interior
0.1874579160166992,0.07082276849353854,1,interior
0.15827936986655097,0.2541152893471432,1,interior
0.14643875093852027,0.18952566516616345,1,interior
0.1471968010149384,0.23337061443522394,1,interior
0.15829034793577942,0.2558953816662177,1,interior
0.20777633046386645,0.02030135887469537,1,boundary
0.14755295149299882,0.2365075859769553,1,interior
0.14819209260773808,0.16153481892229615,1,interior
0.1791099104029915,0.08537524465589681,1,interior
0.1747942860306652,0.09241623637571368,1,interior
0.14155778626892979,0.212733677861874,1,interior
0.15925836277727692,0.1562291445574195,1,interior
0.15301893457667107,0.15889293211036495,1,interior
0.17534152477765608,0.2748447624420651,1,interior
0.16046639012330433,0.1211527215423859,1,interior
0.14145254115030603,0.214354432389585,1,interior
0.1420613924129718,0.20728900838340616,1,interior
0.15923951293821323,0.1455033376617886,1,interior
0.20523792344866953,0.2812613641376116,1,interior
0.16347904887550646,0.26464541874459774,1,interior
0.21251463737298143,0.28124903170527865,1,interior
0.1595777016637431,0.25160991059795507,1,interior
0.15986987682777312,0.14406096347192407,1,interior
0.2003183888032351,0.03071381688107117,1,interior
0.19040382782695023,0.06142966070686024,1,interior
0.14834407748648942,0.2378585175553422,1,interior
0.1667754621100426,0.2651399924606308,1,interior
0.15182075633090078,0.2434636026230042,1,interior
0.18623857298110794,0.07415906206108548,1,interior
0.14254075209192396,0.19026587014175148,1,interior
0.23058989677441247,0.2761348136780384,1,boundary
0.1452491258346707,0.1741109416654157,1,interior
0.2097685050381816,0.2772286987140307,1,interior
0.1397433598386719,0.214283690154602,1,interior
0.14688940330099193,0.1625255787908367,1,interior
0.16394932333001563,0.14595308042698385,1,interior
0.19741983865798424,0.03958567357775309,1,interior
0.1455993226845875,0.2312895094825913,1,interior
0.20510404224574033,0.025116788275047656,1,interior
0.17337188538926643,0.27612181204147673,1,interior
0.19433515817404112,0.038562589602196835,1,interior
0.17363873182904324,0.11329495814269451,1,interior
0.17155720615941333,0.2747110409521481,1,interior
0.1432504949292211,0.2303402542094305,1,interior
0.14882232222696387,0.23393948615692278,1,interior
0.19554303041211046,0.04127236590322185,1,interior
0.14350340226853525,0.22807609955866157,1,interior
0.1516483132937315,0.18354683285855194,1,interior
0.19665013271777576,0.032208050246642715,1,interior
0.16045736883347583,0.1466371919151872,1,interior
0.19633713874542394,0.03676544083753626,1,interior
0.17742128650498132,0.0818916744960773,1,interior
0.14272415090998322,0.19990376781097394,1,interior
0.1449002916586966,0.1921502802737439,1,interior
0.17854978777317235,0.10347037812159639,1,interior
0.15667776421662027,0.15700240417793623,1,interior
0.2223429550557554,0.27377262409791486,1,interior
0.2258205832982494,0.27651128045872764,1,interior
0.1602722697905144,0.26429891851261134,1,interior
0.15006015190046465,0.15782955122176973,1,interior
0.14925946289034825,0.24406384497067654,1,interior
0.208288818651438,0.05889210569036729,1,interior
0.23111126457337772,0.27839488193226986,1,boundary
0.15835425519178012,0.15480822254023738,1,interior
0.14300396845692437,0.1918779988173832,1,interior
0.13844277554971948,0.22274353638522118,1,interior
0.19782188699926453,0.031101320991865442,1,interior
0.2263106626196399,0.2703534358115346,1,boundary
0.16255706445421017,0.14324418765997804,1,interior
0.17671874168495696,0.08503045895974579,1,interior
0.14604392098956684,0.19109953372850622,1,interior
0.14743755390259788,0.24638039875118348,1,interior
0.15013623718083247,0.2372688751310323,1,interior
0.19152814975523658,0.03997649485681512,1,interior
0.19210785187541934,0.0573406269953717,1,interior
0.17301692598636703,0.1071842198826589,1,interior
0.1707528352626568,0.2716717641443368,1,interior
0.15576067662013435,0.2259070886015077,1,interior
0.14284432052132492,0.22463599228340705,1,interior
0.1593367902307942,0.1402528629658645,1,interior
0.1574894237645813,0.26132699408319054,1,interior
0.13897390525569023,0.21243884124822052,1,interior
0.1579169787548613,0.13622686053651023,1,interior
0.14157173482705165,0.18809785447595562,1,interior
0.14707341809510122,0.23884450855066983,1,interior
0.17718373474139085,0.0991292121421974,1,interior
0.21294218463149053,0.27901184104799726,1,interior
0.19033464367781788,0.06900243614291478,1,interior
0.14774333261363667,0.22019074146973341,1,interior
0.22342279083458114,0.27551911611657964,1,interior
0.17153891055620188,0.10604603925428359,1,interior
0.14083762417175383,0.23439239039901813,1,interior
0.18876318561067335,0.07577303774882731,1,interior
0.22969357419054973,0.27764321843835715,1,interior
0.16497389415648414,0.2651189319542542,1,interior
0.14668865935005357,0.24817127074493098,1,interior
0.15710621307310096,0.12586736989035105,1,interior
0.14560096933254327,0.20027645258157994,1,interior
0.15336236802948017,0.2542124947406278,1,interior
0.15663220003699432,0.13787698796970782,1,interior
0.15635597154955302,0.2632467359529068,1,interior
0.16237286690812608,0.144927663739404,1,interior
0.16419869905685994,0.14429174691535032,1,interior
0.18697111665688887,0.2795066117826807,1,interior
0.20371843390373054,0.029014025878529838,1,interior
0.13550501849283214,0.2201564003022511,1,interior
0.16902117717026396,0.11936678731991807,1,interior
0.18882899642753778,0.05088871636509164,1,interior
0.17073440135681758,0.1285653405693559,1,interior
0.19313803133091986,0.06602392495663646,1,interior
0.14465320552689978,0.23849691719612148,1,interior
0.15998074201729814,0.13876910402801187,1,interior
0.1620539690938778,0.12098779070293493,1,interior
0.18672970358134633,0.049108401705828454,1,interior
0.19095346786258485,0.05901144616729571,1,interior
0.181432522696703,0.07987320438553044,1,interior
0.15618578772302757,0.2528412490787127,1,interior
0.1923848066015247,0.03749818470650701,1,interior
0.15883063174730008,0.13143144119436048,1,interior
0.160665618862845,0.12298587520666418,1,interior
0.14831335515099786,0.24039758240583808,1,interior
0.19862639532189832,0.0410085288703552,1,interior
0.15857769088939005,0.13803591800915277,1,interior
0.1750037178860634,0.10017880593721698,1,interior
0.14968985062334625,0.19128380822641142,1,interior
0.19919624357330853,0.03705097788894348,1,interior
0.14666946455741206,0.18252747883338324,1,interior
0.14063393282254588,0.20930111194409004,1,interior
0.14118868456240222,0.23178537431220184,1,interior
0.17507421439750884,0.09046895254749555,1,interior
0.1408585531404214,0.2247950579465755,1,interior
0.17763268401934998,0.09737518162049599,1,interior
0.14972404621226684,0.17743737735321033,1,interior
0.17685250542665473,0.08710624513988188,1,interior
0.19964995784700912,0.03405931941869727,1,interior
0.16218902772308905,0.1380905592612581,1,interior
0.21385977479204435,0.2836940059840309,1,interior
0.19892360038594395,0.03001571992283614,1,interior
0.17166649137495624,0.2701870223536838,1,interior
0.1891595188247957,0.047363620762536314,1,interior
0.1483645304582912,0.15547371665097073,1,interior
0.15690506544459343,0.15853309671134863,1,interior
0.14874865344295243,0.1854865987094236,1,interior
0.1394886678915429,0.21090982129110766,1,interior
0.21501868631353577,0.28094728073089453,1,interior
0.15836981582268553,0.2585412065475797,1,interior
0.1340946560820893,0.22114451526866613,1,interior
0.14445457882977875,0.16768874419698668,1,interior
0.18476164192947708,0.07456812277722481,1,interior
0.1439044608895931,0.18709419226793308,1,interior
0.16963570692888347,0.2731002967266702,1,interior
0.13677971450813417,0.2098726136515897,1,interior
0.14738396621907163,0.16460688263776432,1,interior
0.1899723983163628,0.06682714300071357,1,interior
0.15922870375215056,0.13378701705931217,1,interior
0.14744767134802605,0.17570929050188921,1,interior
0.178542881548873,0.10190738604873074,1,interior
0.19031133003264816,0.043368417821057464,1,interior
0.22097774650710073,0.27882014606032157,1,interior
0.139468669689286,0.23183200766391396,1,interior
0.13853149360267716,0.21666635994143527,1,interior
0.16158740612391556,0.26329511473458805,1,interior
0.17727656282594037,0.11051905486305795,1,interior
0.1555870992511291,0.15582718367390924,1,interior
0.14037754602729255,0.190331015513939,1,interior
0.14074301396654743,0.22973905882472578,1,interior
0.168324198246835,0.11549652354975311,1,interior
0.17910738871864298,0.27786418162558046,1,interior
0.1578239051328887,0.13956914566233997,1,interior
0.22736255740369934,0.27676741385918835,1,interior
0.186138775883279,0.07880546258410981,1,interior
0.14918448203802837,0.24560046840749863,1,interior
0.20319388293440455,0.02452561036315736,1,interior
0.15072679516315526,0.16282240278441468,1,interior
0.14366912039820917,0.24048776889039447,1,interior
0.19384845014811172,0.036249717431964604,1,interior
0.21780533305805333,0.2791871377192756,1,interior
0.18305871242927196,0.08186850228362516,1,interior
0.1735484444546048,0.08909250908716582,1,interior
0.19518561451275943,0.2777387471560872,1,boundary
0.224390685000871,0.27827645917406246,1,interior
0.15315559149460967,0.15642326605055365,1,interior
0.1568735283320103,0.13490086551780808,1,interior
0.14745544940719096,0.1952849318907023,1,interior
0.21230981034641191,0.285463156729429,1,interior
0.1418135508074878,0.23656689184336896,1,interior
0.15161239542630114,0.1806304105764122,1,interior
0.18552923276644437,0.07182601356717667,1,interior
0.17978831249162938,0.2719405652722675,1,interior
0.16476752770863828,0.11879584367499023,1,interior
0.15662419584440132,0.25902060348884215,1,interior
0.2028926973268496,0.2755381965065424,1,interior
0.14615118483546202,0.19708218284553916,1,interior
0.14383024663053037,0.19324056591753672,1,interior
0.22716429826709436,0.27923236474981955,1,interior
0.19101058218394454,0.06547989582511977,1,interior
0.1841144774516522,0.2819604387956982,1,interior
0.14710958647441158,0.19894806968667209,1,interior
0.18984318957411575,0.05780950772143072,1,interior
0.18827159780599875,0.04442892873726015,1,interior
0.14093461365464433,0.2280693453241955,1,interior
0.14258349150047642,0.23509643096310812,1,interior
0.1501020317023807,0.15496427977071753,1,interior
0.1421100089833536,0.19831796475223962,1,interior
0.17591112373927562,0.0822910716797894,1,interior
0.20695382196871623,0.018847127520436883,1,boundary
0.1452076852883206,0.19456459528936576,1,interior
0.18718559114193448,0.0758035245272162,1,interior
0.18811545936910845,0.06735711740893877,1,interior
0.18400808953887846,0.07235907031677746,1,interior
0.15765003219303267,0.12816590528363586,1,interior
0.18513423103459867,0.07619883539779282,1,interior
0.19181974513107583,0.03543605677853744,1,interior
0.14762939362162664,0.15366973098450246,1,interior
0.22554345375166662,0.27198852506262056,1,interior
0.1658306019365173,0.26650949506757504,1,interior
0.18444512205083055,0.28429956210971263,1,interior
0.13950672214022722,0.22642131464084836,1,interior
0.1746347133122062,0.08410287369080191,1,interior
0.18526563095077944,0.06989409531359426,1,interior
0.23005740997810173,0.28103820706221266,1,interior
0.15182256305912964,0.25317236427314543,1,interior
0.15918937756506205,0.14988406049893935,1,interior
0.17967566288798806,0.07908322512254295,1,interior
0.19840828828614346,0.04316392487109832,1,interior
0.1391660342468956,0.2297484768054231,1,interior
0.13722760774317186,0.20710392439263012,1,interior
0.14591696169464338,0.24078261165450887,1,interior
0.18172747602542547,0.09008625389476996,1,interior
0.20816363847874178,0.2821619971637583,1,interior
0.1714538152315232,0.11405347074296245,1,interior
0.14584626058894748,0.24490972807057632,1,interior
0.1426058108282558,0.19684779485805462,1,interior
0.13955428208881174,0.19209899118888152,1,interior
0.15827513295308204,0.26414562724296914,1,interior
0.14754121997405356,0.21210439851349455,1,interior
0.17179052220204283,0.10955800030727939,1,interior
0.1906424921929961,0.03719179371148813,1,interior
0.16333218684613277,0.26766010049576683,1,interior
0.14757846984128115,0.1592459616265487,1,interior
0.15622556209688837,0.14005172366372537,1,interior
0.20517507711579197,0.021561609923645343,1,interior
0.18250837408253578,0.27795872719759734,1,interior
0.14543021426700087,0.18683545447075975,1,interior
0.13551657403936584,0.2072723387178952,1,interior
0.14867159410401606,0.2298099748956663,1,interior
0.20603846649073856,0.27912493544561096,1,interior
0.20304989134141407,0.040017350708263975,1,interior
0.18783392657458087,0.07271135262140084,1,interior
0.15954745369492807,0.15314776794824403,1,interior
0.1885708706353036,0.05509137212369171,1,interior
0.16000309172371763,0.15153293878820065,1,interior
0.14899416238818514,0.17595739620285342,1,interior
0.13349427071615513,0.21915273441599292,1,interior
0.1444249841522575,0.19687578937661393,1,interior
0.17561243672846455,0.08612092667466995,1,interior
0.19321797726773465,0.27893928684027525,1,boundary
0.15514996042283702,0.2615931788225689,1,interior
0.1605683119837227,0.15528194576882082,1,interior
0.1830411452078012,0.27949242217800674,1,interior
0.18548923395902622,0.046841892327464864,1,interior
0.14078181728338987,0.2381418301885566,1,interior
0.14450255265807121,0.23508382825722673,1,interior
0.1822312322074826,0.07349372852755663,1,interior
0.15618282555550786,0.2558171072716198,1,interior
0.17250152191855503,0.10096806537928274,1,interior
0.16799780578963458,0.26746437073326235,1,interior
0.1815767473677532,0.2849706251558989,1,interior
0.14706825516006256,0.18035733992418645,1,interior
0.2175212801481137,0.28178310712126287,1,interior
0.17564533593772913,0.2777436747488343,1,interior
0.14661724903858678,0.17866637716351955,1,interior
0.17460311202994885,0.08145205197626128,1,interior
0.1974655385131842,0.029019449327303513,1,interior
0.16528177116348094,0.12055876508374211,1,interior
0.2016614523269719,0.025476441939498037,1,interior
0.2005357818743832,0.028340096653421756,1,interior
0.20625264068198168,0.023994741289559855,1,interior
0.19466245903576143,0.2622024540342668,1,interior
0.18938846440580864,0.06498821269002339,1,interior
0.16656835095381656,0.2687225867321995,1,interior
0.1986449438998082,0.025449714317631825,1,interior
0.18988895248916302,0.03962330620566812,1,interior
0.19991679520832678,0.0244473006027128,1,interior
0.14424947207703004,0.18189547442461032,1,interior
0.17541128826902772,0.09541854725654701,1,interior
0.18527940178074095,0.05157514148957207,1,interior
0.15615197855902557,0.26522108506732034,1,interior
0.13729126478027526,0.21824638866357862,1,interior
0.1759876521960628,0.08067756494244295,1,interior
0.18821137643903124,0.04151146416288369,1,interior
0.14274741673228034,0.18084293261268905,1,interior
0.1359534814929806,0.22348179085244166,1,interior
0.22939863219951234,0.2794917380730571,1,interior
0.17016556814759182,0.10762592209730647,1,interior
0.17619647120799728,0.09392627702111377,1,interior
0.14422073052119852,0.18465281519420784,1,interior
0.1881172110784248,0.039004805385767144,1,interior
0.15529725260124988,0.12931083265283824,1,interior
0.15459526254673392,0.1319805335739567,1,interior
0.144077292001142,0.17956122681733552,1,interior
0.16251034191927619,0.26613696220268696,1,interior
0.14537802406242117,0.17619995639945693,1,interior
0.17238568640477958,0.11186657570103108,1,interior
0.14427302223309146,0.24245616484977073,1,interior
0.13870194118978255,0.23637717351978216,1,interior
0.17368944291774335,0.08751772451946721,1,interior
0.13425487945188033,0.22443066658941233,1,interior
0.14727423211711504,0.2527500203015501,1,interior
0.1413380607572057,0.19348461999039196,1,interior
0.22525184740268014,0.2796395714262066,1,interior
0.180379264296306,0.28395614849987605,1,interior
0.20045655505271012,0.03606363292670885,1,interior
0.19593071832522296,0.038264929502354605,1,interior
0.1957432311578182,0.03078951652627831,1,interior
0.1649234631268442,0.2678629688786948,1,interior
0.18348409561634513,0.06987126385794883,1,interior
0.14062366162271567,0.20327996363086231,1,interior
0.19712352458287796,0.0413951617869234,1,interior
0.1426012080295438,0.18616993301385104,1,interior
0.17905792353996847,0.27980628502217164,1,interior
0.1717614590803503,0.27288391710512266,1,interior
0.18531548585196642,0.04976324871364362,1,interior
0.18076900652672506,0.2780970280226898,1,interior
0.1877225475532955,0.046216659536585915,1,interior
0.14485871986954152,0.16558765493137412,1,interior
0.1425153180636031,0.18326504938881089,1,interior
0.14590402462361515,0.16855414134324906,1,interior
0.15343955838037623,0.13078806173038104,1,interior
0.14494542335503116,0.16319192190606688,1,interior
0.14045748810460265,0.20159571971402696,1,interior
0.14588924605736278,0.24650055704120646,1,interior
0.17354326479733656,0.08600141752585269,1,interior
0.15472081308460278,0.25503775776989973,1,interior
0.13896252272735765,0.20231046848716724,1,interior
0.1850969414254008,0.2862744264081927,1,interior
0.17394457847169434,0.09607203335472005,1,interior
0.1513875274416511,0.13052392295307594,1,interior
0.15844283117285246,0.15153004550914198,1,interior
0.14079673336419207,0.1839822059867397,1,interior
0.18155339482918548,0.27998295865351963,1,interior
0.1570240660811853,0.1230131768493291,1,interior
0.1665232764390655,0.27049172187760473,1,interior
0.15552658999535066,0.13322694115116238,1,interior
0.23231053958803768,0.2804370832393852,1,boundary
0.1555182779853306,0.1269718701168238,1,interior
0.16645198576215292,0.11878057094728671,1,interior
0.16923241721511983,0.10997593364917371,1,interior
0.13657508212382452,0.2159445596644857,1,interior
0.1477746456719057,0.2432998469509295,1,interior
0.14807471825257518,0.2510540522039231,1,interior
0.1822175417338982,0.07649373936058781,1,interior
0.14061031164592866,0.1980409807157568,1,interior
0.15332560224008218,0.13989668542332018,1,interior
0.16088223875372915,0.2667627621132444,1,interior
0.15971660031452498,0.1191375564578717,1,interior
0.1412728566510321,0.18191833756666234,1,interior
0.13619857346881176,0.2218875601068391,1,interior
0.17131246665018188,0.09470208559710067,1,interior
0.1379729109514369,0.2259017119483361,1,interior
0.18974461029967254,0.04187111367004438,1,interior
0.1796379695631872,0.07614017280558133,1,interior
0.1744947457820087,0.07965303820768034,1,interior
0.19581845126031813,0.029025090940184097,1,interior
0.1377313089875313,0.2291060706375964,1,interior
0.22589881458651326,0.2812734812063308,1,interior
0.1558452549084424,0.15324276080094065,1,interior
0.19750833508275087,0.02663972425990771,1,interior
0.1549454495922672,0.2593337638584932,1,interior
0.1403261878025817,0.20690805871971604,1,interior
0.15528752929724018,0.14282870423945043,1,interior
0.153698403073934,0.12694557528047615,1,interior
0.22192591172761295,0.28061646421067965,1,interior
0.18000947684529536,0.07411592124299497,1,interior
0.18034734817946244,0.2874667312944867,1,interior
0.18457597948654542,0.06782311008424395,1,interior
0.1765893024649787,0.07902214986128187,1,interior
0.18386427961098073,0.052353111601325664,1,interior
0.14208247404588206,0.23897679729133212,1,interior
0.144389329376264,0.24757219298307168,1,interior
0.1384089402676008,0.1851677631150308,1,interior
0.154943206269847,0.13813743673494377,1,interior
0.1428807863614153,0.16646607622116308,1,interior
0.17295231013219933,0.10415803841014697,1,interior
0.1612336927168875,0.11840886272029287,1,interior
0.13741581465804886,0.21148981346868523,1,interior
0.18099386169679224,0.28167115320690356,1,interior
0.1578272819488878,0.13310822371571512,1,interior
0.1965189431131812,0.03429738714536342,1,interior
0.14380745992864688,0.17753530005678295,1,interior
0.14586078055165622,0.16120203826930504,1,interior
0.13902477433037747,0.22132477097184244,1,interior
0.19798926111720577,0.035278366102762956,1,interior
0.1770956862072459,0.27819634498797535,1,interior
0.1779974298137243,0.2839428478859248,1,interior
0.2190201719956281,0.28351537679717986,1,interior
0.15534424983168227,0.1348951269361263,1,interior
0.18862664978519136,0.05319001501369235,1,interior
0.17490640912784036,0.10527164303309518,1,interior
0.14190138268951752,0.24111343890473116,1,interior
0.14257326719775099,0.24284749564148242,1,interior
0.13822189007004715,0.23397500545064165,1,interior
0.19426213644292387,0.032817132020491496,1,interior
0.176458671946739,0.10322113320996665,1,interior
0.18905221835745661,0.03742975268421928,1,interior
0.14399164520692795,0.1700034438230259,1,interior
0.18726757561550353,0.05219148285252624,1,interior
0.1933870941852155,0.04558668307951802,1,interior
0.15544873100324605,0.1364261324165833,1,interior
0.15353657351184843,0.26408500796012074,1,interior
0.13912199012192633,0.18376619765016036,1,interior
0.13536183552631334,0.2255792375557236,1,interior
0.1567750532655213,0.2669443489446711,1,interior
0.15305394434889633,0.13394354894323618,1,interior
0.17818500328477951,0.07826691231307405,1,interior
0.14262456446662786,0.20329324041993455,1,interior
0.1376956182615696,0.2132966656205832,1,interior
0.18524768754601,0.04455823638874849,1,interior
0.15942832984545266,0.2660031532538252,1,interior
0.13330549998227134,0.20707574600363637,1,interior
0.15801953167889177,0.12978690338987142,1,interior
0.1699714170999795,0.11612223873383588,1,interior
0.19584307958206643,0.027072316271931213,1,interior
0.20454865568734037,0.0232187097788104,1,interior
0.1386057520988922,0.19428454076731091,1,interior
0.13504294436585834,0.20478145748732537,1,interior
0.18226511862147302,0.07812715911694318,1,interior
0.17626042180938292,0.2839012861262432,1,interior
0.17697212443877794,0.27989574875741247,1,interior
0.18732500507073951,0.04299808241063484,1,interior
0.1372342870810034,0.22439909460888507,1,interior
0.1686540689218359,0.11382071067070543,1,interior
0.14539517817090897,0.1576343098967997,1,interior
0.17309168124660207,0.09815593203102398,1,interior
0.1836995306380438,0.04720890190943031,1,interior
0.19918362376810883,0.027191422895086605,1,interior
0.14046552747917504,0.2232618576782524,1,interior
0.17272297505402803,0.08382250511363064,1,interior
0.1557327434552206,0.12190160697895691,1,interior
0.20698199907504938,0.02163685204894263,1,interior
0.14310730398812396,0.2377434701545348,1,interior
0.1699666190836945,0.11277237765400841,1,interior
0.215800613821642,0.2823916301629722,1,interior
0.15452634683993707,0.25774417224853224,1,interior
0.1962232248290707,0.025129753911486887,1,interior
0.17842954726741794,0.28237348913576465,1,interior
0.19432029016294483,0.022810841758787455,1,interior
0.14594408705348988,0.24293397637095274,1,interior
0.15285607735373494,0.13571540522770856,1,interior
0.18616332851254708,0.0392871663139712,1,interior
0.13772488076459927,0.2007868704800754,1,interior
0.17465371473220317,0.2795074910684921,1,interior
0.13272582098792346,0.2270787114450535,1,interior
0.17076717908561867,0.10036518875282045,1,interior
0.14603329350956382,0.23739651688864888,1,interior
0.15465310228030046,0.15113345105800996,1,interior
0.1547232476204879,0.14113788994019258,1,interior
0.1416444413269906,0.1677885991081668,1,interior
0.2016146653560286,0.04274832797828741,1,interior
0.20325881223179068,0.02627603252246308,1,interior
0.18605014897350453,0.06643817951455147,1,interior
0.15190020639122023,0.13252987165895727,1,interior
0.13449640788703238,0.22694529890765844,1,interior
0.14743759351861352,0.254656932905072,1,interior
0.15581536261605408,0.13087960106815882,1,interior
0.14961303814913626,0.23916989821285062,1,interior
0.16326850405129645,0.11834962749296424,1,interior
0.13638291643188738,0.23315228378240047,1,interior
0.15621837837373637,0.1447385066760468,1,interior
0.13427578472392268,0.23260508246288433,1,interior
0.18299078578368155,0.0749128269899918,1,interior
0.1409599113992153,0.18624743896064705,1,interior
0.15459586738442083,0.14465057521008914,1,interior
0.17053481315169872,0.0847826723506974,1,interior
0.15317411247119464,0.15372702300148247,1,interior
0.14796557090078183,0.17722473048289963,1,interior
0.1898983398831123,0.03580957585847144,1,interior
0.17323529162147347,0.07873457234419792,1,interior
0.15511032212543,0.12334942122657319,1,interior
0.1459821780461978,0.17108552195656454,1,interior
0.13704230856899652,0.22033601103363543,1,interior
0.13434991490544462,0.20918174116676916,1,interior
0.17348666995254303,0.11066529498470389,1,interior
0.20140424674007812,0.04567934917409731,1,interior
0.1832008195629612,0.04985224351153442,1,interior
0.15775407821431772,0.14445737218395582,1,interior
0.14583909837617212,0.15251574534478593,1,interior
0.21724967405335605,0.28454862465992564,1,interior
0.2237917938994901,0.2807487632471078,1,interior
0.15692509576064992,0.12027206480789349,1,interior
0.22301076950467028,0.27933818857157433,1,interior
0.22799541850558497,0.2809244937497517,1,interior
0.1449366229659184,0.15440427467307463,1,interior
0.19435954555872306,0.029586579225494108,1,interior
0.16422101882367643,0.270004764113448,1,interior
0.1868603367093723,0.03764209861651972,1,interior
0.18731569555311037,0.05051125477876822,1,interior
0.1504424559249231,0.2539152474953043,1,interior
0.13694424451116227,0.23091288925068748,1,interior
0.1385330020131729,0.20794869706097535,1,interior
0.1422448428829603,0.16924648934983275,1,interior
0.1870382327655692,0.0359076271883322,1,interior
0.14160172676749394,0.19531576553319024,1,interior
0.15156127360351693,0.15373275461925157,1,interior
0.18301991539209397,0.28347633681279655,1,interior
0.13508415555687242,0.21285719584639984,1,interior
0.1395072278116649,0.2000733796823135,1,interior
0.16963015286427657,0.27470565116489626,1,interior
0.14373175706737068,0.17397974297685967,1,interior
0.17421075807895137,0.28112858605107305,1,interior
0.17282932330075496,0.09431552961686998,1,interior
0.13181430472286046,0.221454009670591,1,interior
0.15234212270727385,0.15233701785445578,1,interior
0.15744940980278088,0.15304084217538572,1,interior
0.20599026716573485,0.020219023032955783,1,interior
0.18401470719676266,0.03742709142515334,1,interior
0.1303766975908495,0.22876193656062677,1,interior
0.15803971323416643,0.14882175527080477,1,interior
0.1780505590009123,0.09396619939150752,1,interior
0.17490052900777192,0.10362501673797517,1,interior
0.2201594051732856,0.2824907291418397,1,interior
0.14243532189122246,0.17896915942691866,1,interior
0.14891651086870422,0.16888952772223603,1,interior
0.1878005422559886,0.06919794113472537,1,interior
0.21992392075596026,0.28555792037697203,1,interior
0.17705042777140328,0.07694907820404011,1,interior
0.14343335491835127,0.1565844307186831,1,interior
0.22430200002389794,0.2833140211783444,1,interior
0.18843442474425007,0.05690800538124163,1,interior
0.17544830880490142,0.28630907885132684,1,interior
0.16588268105160078,0.11409027963747946,1,interior
0.16589310113825512,0.14115442319255686,1,interior
0.17303131159529114,0.2788724987862562,1,interior
0.15414118536424648,0.2661496963978655,1,interior
0.13884384875083555,0.1867910812893336,1,interior
0.1430957662167684,0.19496344570466528,1,interior
0.13959802328411483,0.19620259872290147,1,interior
0.14769049570236537,0.15081098411301694,1,interior
0.21709841320706386,0.2864133917613901,1,interior
0.13848290654367537,0.1903584022804769,1,interior
0.18579282139513542,0.05403038994643895,1,interior
0.15232596312279253,0.258484651440441,1,interior
0.1715720400521696,0.28030144242431515,1,interior
0.18688473085040147,0.28291823391511656,1,interior
0.15318505764890897,0.25595375567314244,1,interior
0.13655594722712566,0.1884314891925797,1,interior
0.1383518640012594,0.20985207405054596,1,interior
0.13889233431334486,0.16728730668109743,1,interior
0.1428193040020939,0.1712977498339308,1,interior
0.22736025653217498,0.28261845875195424,1,interior
0.19523787186601063,0.03519981462669569,1,interior
0.17193334817931438,0.08103631481701903,1,interior
0.22392170166376724,0.28480380434273045,1,interior
0.18868685547102826,0.0636286912203114,1,interior
0.15470292573168026,0.15457524024740424,1,interior
0.15554057164682547,0.14637792521784246,1,interior
0.15295097289365453,0.1462948474131914,1,interior
0.18211423584780975,0.07078695114198665,1,interior
0.14121046504148493,0.1916584044642383,1,interior
0.20451887737247476,0.017464491703936352,1,boundary
0.18013868779868192,0.28580876762045004,1,interior
0.19503330970344784,0.043051505400874296,1,interior
0.1455699238958506,0.18099831153704565,1,interior
0.14909869116699134,0.2550969146601941,1,interior
0.17200500445631278,0.08946487940585925,1,interior
0.1645049680902594,0.11676994680070399,1,interior
0.1448100672817251,0.17261760868847045,1,interior
0.18414478466453718,0.05385860547987677,1,interior
0.18752346089646638,0.06564383116346538,1,interior
0.15287021039305612,0.26134570290811654,1,interior
0.13541585186977084,0.21128321963513277,1,interior
0.15893771087151756,0.26894392149273283,1,interior
0.17452246710087874,0.10203270763608763,1,interior
0.17309352518925653,0.0925731430412988,1,interior
0.19171767816944843,0.046957053578284405,1,interior
0.16212361778275525,0.26966157665084806,1,interior
0.1384927208019302,0.19795316286400896,1,interior
0.18692855193948585,0.2851919802812445,1,boundary
0.23370647781230525,0.28200544221040336,1,boundary
0.17034415269398687,0.27618816424051273,1,interior
0.15136996964398908,0.1565795402757738,1,interior
0.20454406537444414,0.019014392845914746,1,interior
0.20348055314233898,0.021061023159996615,1,interior
0.23174232619266366,0.28340511290697107,1,interior
0.156343272882434,0.2573930932271046,1,interior
0.13646728119165874,0.20170615148666995,1,interior
0.18397296090047144,0.07725333615094804,1,interior
0.154566981463545,0.1483777732291511,1,interior
0.16814386001196918,0.2721937677053925,1,interior
0.21539850347195783,0.2840253990375721,1,interior
0.18323866624417237,0.0444994046825841,1,interior
0.1595692112792719,0.1167946419353854,1,interior
0.1389009724470151,0.24029840034568048,1,interior
0.13738535330943696,0.1951947100003947,1,interior
0.18544698344788277,0.035828754782168064,1,interior
0.15713791134723473,0.15042414814196592,1,interior
0.16566435451335892,0.2726442738577758,1,interior
0.1538352354663251,0.1217451345830663,1,interior
0.18136768597931327,0.05180808105556726,1,interior
0.1710554681760407,0.09186418669876029,1,interior
0.1883216268131279,0.058818549400708006,1,interior
0.1389505402684995,0.18100487507639296,1,interior
0.14173153690458923,0.17383382774170927,1,interior
0.2217892993997299,0.2862121396055389,1,interior
0.13445551969754949,0.2018281558204491,1,interior
0.14479677487418302,0.2542780382760869,1,interior
0.15083055020434957,0.2565347127422363,1,interior
0.1425174811482316,0.1756066506046185,1,interior
0.17075468010366732,0.08686090556124686,1,interior
0.14316150462210672,0.16344292278492006,1,interior
0.1553769639355152,0.12523882487511778,1,interior
0.14907347195089635,0.15252913286916941,1,interior
0.1405541695339556,0.1805405938840373,1,interior
0.1684700195187675,0.11208859643235533,1,interior
0.17314395595836843,0.07671584003144542,1,interior
0.15694418407001579,0.27048411862580296,1,interior
0.132854182915723,0.21232733869390696,1,interior
0.2013195647322766,0.022508260508020253,1,interior
0.1825504819769143,0.28120976687492516,1,interior
0.18139123450019862,0.05475642026595071,1,interior
0.18315226400502096,0.28526744386401864,1,interior
0.17163583207185493,0.10273389985271493,1,interior
0.15858760275597808,0.12058525387047049,1,interior
0.18496172174898817,0.06415390747665703,1,interior
0.13347643676601598,0.19964065374278428,1,interior
0.16754814809218826,0.10967253943947489,1,interior
0.1708915927689868,0.2777488147012982,1,interior
0.13549741981688762,0.23507224129293275,1,interior
0.22625383328942478,0.28396163313821143,1,interior
0.14591598953796586,0.14838083915442132,1,interior
0.16678869681142228,0.11547077796889452,1,interior
0.20304304532404016,0.02251892197668231,1,interior
0.22784219428848923,0.2845067587599238,1,interior
0.1291867731764281,0.2276160389317151,1,interior
0.16786882149915586,0.2753953651093384,1,interior
0.17583107292489836,0.28211969054561736,1,interior
0.14698147219574184,0.2564859570224117,1,interior
0.13382044271817037,0.21103711928097005,1,interior
0.15543471842220255,0.27147840841112536,1,interior
0.19376968802819833,0.03449204440157442,1,interior
0.16888190271401798,0.08730655452046364,1,interior
0.12655976089954094,0.22737266890070973,1,interior
0.14529478923722164,0.17791350352204197,1,interior
0.17314565173517288,0.0907645039961289,1,interior
0.14297025457050355,0.16142182826144513,1,interior
0.18318481668775335,0.04238055533276946,1,interior
0.18149327672857754,0.04010967957687245,1,interior
0.13631083663739876,0.24092877999673085,1,interior
0.14043086582820216,0.23971658167638307,1,interior
0.16595029887335788,0.27440158646833346,1,interior
0.15018019113924239,0.13687328405042373,1,interior
0.22468044569814516,0.2861803668182462,1,interior
0.18746359649685013,0.062031294306698216,1,interior
0.13664214390350374,0.22751565878626276,1,interior
0.17407950158697663,0.2847768373457552,1,interior
0.16722927698126588,0.11310172083646398,1,interior
0.15681059889006305,0.14749888141432133,1,interior
0.17108874547572675,0.07880761694855812,1,interior
0.22669650319338222,0.28694291032374003,1,interior
0.1467543457999147,0.155398364746001,1,interior
0.13525347693081757,0.23837366324781956,1,interior
0.18239889369061418,0.05321534356343392,1,interior
0.15856136044273889,0.12408772290085779,1,interior
0.17021427344580556,0.11125747281319812,1,interior
0.1821049174322338,0.06337519208534392,1,interior
0.1649766817681346,0.11201337319691196,1,interior
0.15252921454476104,0.14361466654788838,1,interior
0.1421467706729699,0.2017952869543666,1,interior
0.17457876941132452,0.2688460765275645,1,interior
0.16336595320625616,0.11506101584108742,1,interior
0.14814359318646292,0.15711832255430777,1,interior
0.21559260191342428,0.28619290002532827,1,interior
0.2299241104753069,0.28353270555883964,1,interior
0.1506920041060717,0.15189770961849583,1,interior
0.2221638624978205,0.283628724033518,1,interior
0.1684815744207147,0.27730786281231634,1,interior
0.17130615188722612,0.0986690414347106,1,interior
0.14550188144952036,0.24916369589656526,1,interior
0.15493594818515302,0.12044427539312892,1,interior
0.15540847194550955,0.2681764076506025,1,interior
0.20192453761375226,0.01978990372731956,1,interior
0.19331037648040905,0.025120501401784637,1,interior
0.1351152846980601,0.21809735601627483,1,interior
0.16353274832547884,0.2729461730843486,1,interior
0.19951012978678626,0.022088455877978353,1,interior
0.18205695473797026,0.287869242533798,1,interior
0.17055044791898774,0.08885273451576613,1,interior
0.14277158601947892,0.25600909129176974,1,interior
0.13255277819464623,0.20944136056873916,1,interior
0.18711233302904393,0.055525193745486486,1,interior
0.1323229189509494,0.20295455936343318,1,interior
0.15600335743569926,0.11904877317028784,1,interior
0.13407216239080624,0.23420705144630063,1,interior
0.1368522357131499,0.19811943723437306,1,interior
0.2314471495294101,0.28170180007938994,1,interior
0.1685713257758308,0.10834668013965207,1,interior
0.14159158654424117,0.17753439301484442,1,interior
0.14070686135138946,0.17187035029361408,1,interior
0.16618344253585485,0.27844853557177823,1,interior
0.1825910456958128,0.0659739381096319,1,interior
0.1382092689607715,0.23813618894416624,1,interior
0.16535292860888784,0.27649499912860465,1,interior
0.18678406470199277,0.05732428082270268,1,interior
0.18144535132162568,0.049238204297456525,1,interior
0.17488958234390897,0.07744776754711263,1,interior
0.13717365044997593,0.23625139751374147,1,interior
0.1400506975823726,0.17873344969682883,1,interior
0.1508015391317303,0.1452874075715023,1,interior
0.15751244447994425,0.273014375262401,1,interior
0.13341973768529042,0.20419321942978483,1,interior
0.13570252095504995,0.18396494106938552,1,interior
0.1793014666717784,0.2888943849561941,1,interior
0.16059679221963138,0.2689528658697748,1,interior
0.19589596213417454,0.02263687952308928,1,interior
0.14231877979896204,0.16502731963686423,1,interior
0.17662631508992732,0.07527011587881041,1,interior
0.1494394312448436,0.12991801249550908,1,interior
0.1817058334987516,0.04301165886678621,1,interior
0.1389017398239966,0.22813441933942855,1,interior
0.18616696679959993,0.059553458712883346,1,interior
0.16069052024040603,0.27053221478731815,1,interior
0.15012244003939726,0.15039950979469452,1,interior
0.14885852214254508,0.2419839514398278,1,interior
0.15201440259871732,0.12054808199483696,1,interior
0.16650578343407604,0.27996181047974245,1,interior
0.14047297764613303,0.17471890722734537,1,interior
0.1847407692342091,0.061169064079980885,1,interior
0.1328718189585217,0.22330469836294342,1,interior
0.15384189139556295,0.125186327073569,1,interior
0.16366823631560723,0.2751216123926091,1,interior
0.15338493693626695,0.2598373727274559,1,interior
0.17976752578694483,0.07242723997931767,1,interior
0.14794684732446842,0.14726984770385534,1,interior
0.16897843782419023,0.08577491210344408,1,interior
0.17206237691400758,0.09614249278596872,1,interior
0.13813268933491346,0.18836219773728424,1,interior
0.14463412487982547,0.15078382056745215,1,interior
0.14306784674744802,0.15847268658362665,1,interior
0.19239981968843373,0.033224531545835295,1,interior
0.1582101583695494,0.11893222646206185,1,interior
0.144598349826577,0.25598259365076653,1,interior
0.15845391658581767,0.2673074931865462,1,interior
0.1940095474569737,0.026842360969439358,1,interior
0.14997007377583207,0.14885171666373084,1,interior
0.1302564447873231,0.22319407758385526,1,interior
0.1884485085826812,0.06058685289468811,1,interior
0.18380296649138317,0.2879211636053367,1,interior
0.13466878055414666,0.23034671212890478,1,interior
0.18572690545050477,0.042217013647234194,1,interior
0.19012762544539658,0.05460025482254894,1,interior
0.1517826277456472,0.2602200321618162,1,interior
0.1418385782639095,0.16249545116748237,1,interior
0.1331162697751821,0.1852542477196586,1,interior
0.16318404196225325,0.27140329472398905,1,interior
0.13941470610336462,0.1770163008585082,1,interior
0.1315857513552035,0.20789026482058579,1,interior
0.17979377314792142,0.0839078091673849,1,interior
0.17322932877756123,0.08221805587842841,1,interior
0.14051441302955944,0.24262095735666242,1,interior
0.19083752242513632,0.05622939386974674,1,interior
0.16210582800328432,0.11644906402281512,1,interior
0.17090282691319406,0.08252202345485304,1,interior
0.21390569304897933,0.2852840942305714,1,interior
0.13239682545162407,0.2249275342734506,1,interior
0.18481282251155978,0.05646608965381548,1,interior
0.15915913776190546,0.27061616555908574,1,interior
0.15123157895920988,0.23850135324322858,1,interior
0.1817558075719408,0.0465979649529003,1,interior
0.18334812061871145,0.05809547378623854,1,interior
0.16709611400568805,0.27331556859557393,1,interior
0.1525382330148569,0.1417834164995023,1,interior
0.17843073366153225,0.28615297847798593,1,interior
0.13477172765093076,0.2369329125953344,1,interior
0.13254537076836298,0.20552344494735503,1,interior
0.14395691196455404,0.24398010002667941,1,interior
0.14862366374704683,0.25657104591777974,1,interior
0.12895400016664507,0.22543501418017717,1,interior
0.19090927444988282,0.03362816226322788,1,interior
0.17954674121867298,0.05033931329359426,1,interior
0.1557095621277453,0.14944684566614605,1,interior
0.13285973176051608,0.2395036068763945,1,interior
0.18270942761859055,0.27639225109651566,1,interior
0.225093370412377,0.2878889124981745,1,interior
0.18189900137184628,0.06865173603567828,1,interior
0.12959416248747327,0.20622038350492997,1,interior
0.1438357049297688,0.152432787169489,1,interior
0.14250029141100368,0.15428739133436428,1,interior
0.15189432714042045,0.14756668374493304,1,interior
0.1361186579025162,0.19655501307357032,1,interior
0.1916794650627315,0.026720062584839128,1,interior
0.17675505757164095,0.0731941031501811,1,interior
0.1797082391986426,0.0435189174750167,1,interior
0.14797140817883353,0.13849092633976495,1,interior
0.1439537001774312,0.2457584318501586,1,interior
0.22773767038123321,0.288476867436436,1,interior
0.1804247143969372,0.07773858274338459,1,interior
0.13523642210028458,0.187532328618147,1,interior
0.16675716607216615,0.11130653240547013,1,interior
0.1519844542292766,0.1494585210484271,1,interior
0.18459724729526025,0.06598967840691239,1,interior
0.16082701975702177,0.27324235527809315,1,interior
0.1315296451921263,0.18391487484071686,1,interior
0.13765798923167424,0.17732294508456845,1,interior
0.1880191046784299,0.03474559591556234,1,interior
0.1927547270987519,0.03116752324495939,1,interior
0.16693366696415007,0.10810134275131285,1,interior
0.1360612980012837,0.20007483859523667,1,interior
0.14720638267965622,0.14438180583953442,1,interior
0.14030301505453982,0.161363658545883,1,interior
0.1607087658918904,0.11476937640437945,1,interior
0.18643934133510873,0.06793124140454282,1,interior
0.13628226181713604,0.2139155194269384,1,interior
0.1807498638003573,0.06148828404592451,1,interior
0.13055216080637208,0.21993774645455358,1,interior
0.15046585933731174,0.13338788732336224,1,interior
0.17715452364032175,0.28526765396456105,1,interior
0.15379156656042342,0.1290136269053351,1,interior
0.16876342150466037,0.08316106348948579,1,interior
0.1309099521307232,0.22687086230764367,1,interior
0.1812369295963278,0.2893118276967328,1,interior
0.16339991097159448,0.11334400315138363,1,interior
0.16689032364682724,0.2767950583183759,1,interior
0.22943691502749725,0.2909486325981009,1,interior
0.14915140250795889,0.15905057699118283,1,interior
0.16666308507399977,0.08699917278466307,1,interior
0.13292916781030248,0.18699395616653355,1,interior
0.19040120146752068,0.062971303026133,1,interior
0.17693126408587292,0.050984736208435064,1,interior
0.15169855870262705,0.25487938470625926,1,interior
0.134568558974517,0.1822823582943486,1,interior
0.18382714038129996,0.28989992702662026,1,boundary
0.13089082024554868,0.22467285099203638,1,interior
0.1953204305514491,0.039748618127295056,1,interior
0.18441792003636326,0.04079195590792005,1,interior
0.13999426237209758,0.1887138217929619,1,interior
0.13573168231691424,0.2289529675687732,1,interior
0.15690403060691,0.2688501303749015,1,interior
0.1683039288383971,0.08871699866035501,1,interior
0.18813638917583056,0.032553004249904594,1,interior
0.1769462644089942,0.28771363445051257,1,interior
0.13308725134434074,0.21672663713897167,1,interior
0.15116862959829025,0.13486418236936215,1,interior
0.14645272828657024,0.25122628093152877,1,interior
0.13044074303096093,0.20490128554619624,1,interior
0.14911033800195983,0.13963193194706133,1,interior
0.15040726408426328,0.2586242986187779,1,interior
0.17881962761595596,0.048889360550329684,1,interior
0.17326225971250117,0.282586313792981,1,interior
0.19003112710554218,0.031014801198116212,1,interior
0.18550550026867377,0.2882339995356895,1,boundary
0.1675339208279351,0.08484865712606303,1,interior
0.1927639244618548,0.028290539050498248,1,interior
0.1457495519132963,0.2590071609913843,1,interior
0.19178205917244998,0.022014053486103045,1,interior
0.1435956018425226,0.15991400797873692,1,interior
0.1407502369609312,0.16394305997147082,1,interior
0.229823333538748,0.28515040054616947,1,interior
0.18408394307537995,0.05945532889816845,1,interior
0.15505232202257682,0.2697256217611482,1,interior
0.14995480606230477,0.1315967926706233,1,interior
0.15927660852543007,0.27453269312453055,1,interior
0.20058923221439867,0.020656451024071217,1,interior
0.1831205680991579,0.06207907990181965,1,interior
0.15241363608210617,0.13749230720365485,1,interior
0.14162387522551095,0.15989724536206118,1,interior
0.1534700994296859,0.11808651375957101,1,interior
0.190563582304829,0.02941492435315755,1,interior
0.18420549159986926,0.03896408166909463,1,interior
0.22049381401575147,0.2841181912402888,1,interior
0.16908873203954614,0.09002011305130184,1,interior
0.14887458746194465,0.14126334959595346,1,interior
0.18255220750315104,0.056257879518720626,1,interior
0.14074852250537773,0.25632317669001675,1,interior
0.18050786352610781,0.2907878443520466,1,boundary
0.1470969619383693,0.2498178040428427,1,interior
0.1809198149517345,0.045311113295930336,1,interior
0.13209272543920378,0.23755417775604906,1,interior
0.16187042383003453,0.26811023941902107,1,interior
0.16077691877515918,0.11276437481210994,1,interior
0.18491467764972402,0.05800711608397165,1,interior
0.15254460278926185,0.2680634246371214,1,interior
0.15905003812019322,0.272292480839836,1,interior
0.13739286447541704,0.17891967670802172,1,interior
0.14865294237726898,0.25350899483847594,1,interior
0.18254454798220582,0.06060808016359538,1,interior
0.1588679922770657,0.1149552000246083,1,interior
0.14039902631695944,0.1656574305169747,1,interior
0.13417299063845708,0.19782495594570113,1,interior
0.15225963392808164,0.2662169164180661,1,interior
0.19857163904649433,0.020721452112557652,1,interior
0.1365286922112957,0.1926471201322403,1,interior
0.15382884415584075,0.2706702438138372,1,interior
0.15617078156902298,0.11714840647231546,1,interior
0.17845860516370102,0.07419306954640598,1,interior
0.131199760188627,0.21766614122564756,1,interior
0.16967184178146655,0.2802441823189386,1,interior
0.22447690669621817,0.2903105841673434,1,interior
0.1634712686829201,0.10948039070807086,1,interior
0.1844610612429052,0.043216755795761154,1,interior
0.20157549063798463,0.017737626135780782,1,interior
0.14169784512838426,0.1575571377618935,1,interior
0.19729085874566418,0.023844615712898858,1,interior
0.1870214169429706,0.06350559068804013,1,interior
0.1322913567209194,0.1888713012761703,1,interior
0.1691762799039009,0.27086691824702885,1,interior
0.13654974906521936,0.18085069731481593,1,interior
0.15091671985250152,0.13992610942430844,1,interior
0.1630203777263015,0.11154111158045708,1,interior
0.16488445607508284,0.11013238518287599,1,interior
0.13657409703852416,0.18560115702968044,1,interior
0.22028816261989334,0.2873193453287928,1,interior
0.18496943629233936,0.03418726629540216,1,interior
0.13211345045346723,0.20046583391961162,1,interior
0.15551361947891856,0.11432783567219539,1,interior
0.1581669001493978,0.11350366867772461,1,interior
0.15410623883890218,0.11360930212649105,1,interior
0.18189298208256624,0.03635683417925467,1,interior
0.22321612150748113,0.2874556669264568,1,interior
0.15067168193640376,0.14319255688149446,1,interior
0.15190886273373588,0.12841595959578406,1,interior
0.13667895143810124,0.19019166494709874,1,interior
0.12989640144528067,0.21182082109372422,1,interior
0.1797465407656426,0.06391567942116556,1,interior
0.13902245351793083,0.16915677905942278,1,interior
0.14903059044554073,0.2597550276442575,1,interior
0.13195137651974417,0.24152664445696123,1,interior
0.1253254343887633,0.22639351698036989,1,interior
0.13500054697921746,0.18932705846382483,1,interior
0.18159510208551743,0.057941551271694626,1,interior
0.17805235747577444,0.04657318015396614,1,interior
0.15994972007733635,0.11103714474883492,1,interior
0.2233074784420299,0.2890828665050594,1,interior
0.218775012959883,0.2880295024017309,1,interior
0.14983603452470243,0.14731949680068582,1,interior
0.1451993659101853,0.15916045526010048,1,interior
0.13499432026986233,0.2419090350875435,1,interior
0.1375153920405427,0.24297252048926016,1,interior
0.1480068908321516,0.1339097277837677,1,interior
0.1797061866563461,0.04736838610750188,1,interior
0.14416287935783192,0.2505197401158206,1,interior
0.13040326120673165,0.20207413539841326,1,interior
0.14092193585320842,0.1700546770518039,1,interior
0.13826275268279054,0.1609047179248085,1,interior
0.14400844449982655,0.26066283020722236,1,interior
0.14151175651033596,0.15206289858342406,1,interior
0.1385087935890558,0.16452847016413522,1,interior
0.16861025764993162,0.08118739821398177,1,interior
0.14004938791707514,0.15511755711157565,1,interior
0.17976383920223785,0.0656357753780897,1,interior
0.1341613112687701,0.2151527113033061,1,interior
0.16954220593481328,0.07624053162228979,1,interior
0.19574946044517627,0.02069555935255299,1,interior
0.18545840138290393,0.062622729097463,1,interior
0.14184588248618288,0.15591485543317032,1,interior
0.17248901726264235,0.2839952019355998,1,interior
0.13467092602315026,0.18510104823282675,1,interior
0.14520044909680185,0.1437503575010612,1,interior
0.13693115173730946,0.23913900149620593,1,interior
0.131366710557845,0.18552069022811554,1,interior
0.1370548540021125,0.18312530595969803,1,interior
0.17911955789981185,0.06806379386713318,1,interior
0.19010095443016878,0.026967165279106312,1,interior
0.14676726703066736,0.13182891688006657,1,interior
0.12883973023548684,0.22162934861458058,1,interior
0.1683253631429301,0.10679602082359116,1,interior
0.1302722921516401,0.18738572062943185,1,interior
0.13980430280173994,0.15738537125605565,1,interior
0.1669450092004828,0.10555628373672638,1,interior
0.1713628296028563,0.2829238663134888,1,interior
0.15390998082256968,0.1162047711775865,1,interior
0.1285994767854434,0.22978731139358705,1,interior
0.14446669143661905,0.2367282603994476,1,interior
0.13393095248339196,0.24081938003382652,1,interior
0.13650890497722226,0.16843755878801714,1,interior
0.1379412199593099,0.1919797124909789,1,interior
0.12888288947658202,0.20816318690267718,1,interior
0.13990617902935493,0.15911359168966552,1,interior
0.14250653040940564,0.1500942901865336,1,interior
0.12916413135288518,0.18528290943705686,1,interior
0.17017030514339912,0.08026213895713757,1,interior
0.15736042859345425,0.1157255423615734,1,interior
0.14843868398349402,0.14533097964617417,1,interior
0.1707705374052801,0.10462125743643612,1,interior
0.1311334415644237,0.21026901838841605,1,interior
0.13307697672133134,0.18356777735222995,1,interior
0.15060272223396406,0.2616152278428803,1,interior
0.16601221771233718,0.1171683071993039,1,interior
0.15613012462312154,0.11245514360057705,1,interior
0.19106183622914746,0.025327590923671584,1,interior
0.18230328589488912,0.03863839347899415,1,interior
0.17138624308157485,0.07680686381518034,1,interior
0.18139687395464335,0.059509967731888026,1,interior
0.13918022421700793,0.24440154191580274,1,interior
0.1786567547719038,0.04191751576014119,1,interior
0.19744786650857504,0.02221650401137168,1,interior
0.17450018506232629,0.07586225444245406,1,interior
0.2192626916361156,0.28955977449502673,1,boundary
0.16307596822592305,0.27734240877817423,1,interior
0.14748171700938856,0.25828134546585696,1,interior
0.15012858183826014,0.12092100390481349,1,interior
0.189311252201708,0.025327377060850365,1,interior
0.1812047815221928,0.07524304628939076,1,interior
0.166756029543239,0.08932323255886898,1,interior
0.16914599559258386,0.09553271990283028,1,interior
0.17843759737352413,0.054912136121436625,1,interior
0.1396341776696603,0.17343453235444667,1,interior
0.17574953740154559,0.044604837395012316,1,interior
0.15105882719772418,0.1382738388453212,1,interior
0.19070466328462643,0.023756469053659208,1,interior
0.17803805662132338,0.0664828839480886,1,interior
0.13840737113010074,0.21509615422678552,1,interior
0.13517048042522,0.16680737226288617,1,interior
0.1721482137565487,0.2857882526315992,1,interior
0.13907706157981867,0.24194357841475217,1,interior
0.19336943049125685,0.021122082602053407,1,interior
0.17321025706956983,0.2873051120896841,1,interior
0.16091274537739925,0.10797447763310522,1,interior
0.18857995228151625,0.023349164703275527,1,interior
0.14522754385356923,0.1319772773031094,1,interior
0.20001525559311606,0.019224127286959432,1,interior
0.199845706607929,0.017130406007282703,1,interior
0.1486149191312852,0.13541865194646674,1,interior
0.13284950504638174,0.19037794660722698,1,interior
0.144612234050912,0.2520504391333221,1,interior
0.15245933214902402,0.26297597256414645,1,interior
0.1271207570987356,0.22914492345908524,1,interior
0.1611786350966181,0.2778241549780789,1,interior
0.12789332218464802,0.20068015701133932,1,interior
0.13527188201912616,0.19429499204280748,1,interior
0.17857289119981434,0.044759442829691014,1,interior
0.14600763337885642,0.2606122489422159,1,interior
0.16196867718779218,0.27465734698217764,1,interior
0.22119521478187026,0.2904191377652763,1,boundary
0.17693841546985437,0.04336589824358744,1,interior
0.15392073208001358,0.14980275511495542,1,interior
0.15011541149602609,0.2688140996777202,1,interior
0.19476820712623574,0.024262291816356148,1,interior
0.1793942563494481,0.29219570349757895,1,boundary
0.13060587842910865,0.23799076536348027,1,interior
0.16875231440193394,0.27891153762731147,1,interior
0.138294128144898,0.15925734120692803,1,interior
0.21680940975263846,0.2887911926537328,1,boundary
0.1460691298752014,0.14683589327164076,1,interior
0.1785615142020763,0.062469591256256465,1,interior
0.12646690394987242,0.2311600098964713,1,interior
0.12807501304972477,0.2183154753684712,1,interior
0.14824495092238218,0.13119099434253528,1,interior
0.18754623591232186,0.029261932338510613,1,interior
0.14045104381365794,0.1533288015393364,1,interior
0.12950795557730058,0.1835269772097289,1,interior
0.22241327369998548,0.29169740043688247,1,boundary
0.12840951523609434,0.21088629236197498,1,interior
0.1685375247330416,0.07889883208691992,1,interior
0.1612878542940682,0.11007193865602041,1,interior
0.17706429382173686,0.05294247914318138,1,interior
0.15101553444150786,0.14161927516124287,1,interior
0.22598952367425226,0.28922356241108715,1,interior
0.17889708968220777,0.05183620116292651,1,interior
0.13795372189641006,0.23237216785616005,1,interior
0.12960897101077984,0.2165331254647977,1,interior
0.13311402342118714,0.2286510011691752,1,interior
0.1672891133928493,0.2821195647258603,1,interior
0.14653782277799784,0.13979598212453104,1,interior
0.12682082604259978,0.20984022089448082,1,interior
0.13811989569405866,0.17238683853926381,1,interior
0.22178082172714686,0.2883612438678675,1,interior
0.13472438960598865,0.19592120997449786,1,interior
0.16711302664079158,0.08282169198194086,1,interior
0.1663858754137298,0.08080865047519326,1,interior
0.1423648397480755,0.2544332281038455,1,interior
0.16458443780969234,0.08856595480693935,1,interior
0.14849473949314043,0.26170374209743263,1,interior
0.12723939236412865,0.225106373806295,1,interior
0.19265723346541475,0.02357189164682901,1,interior
0.17799012407074158,0.06100617499418634,1,interior
0.13904206905522543,0.17089706811895283,1,interior
0.15152818614856822,0.26431058319825484,1,interior
0.1371217520995741,0.17403764279361902,1,interior
0.17737364835737457,0.06385335878670213,1,interior
0.15043371872732794,0.12783714683578692,1,interior
0.18329390310036936,0.033771676614337824,1,interior
0.13842339193616163,0.17585964424523642,1,interior
0.1833975523778324,0.03588393970118597,1,interior
0.13729890295096026,0.15474964869864816,1,interior
0.13485455252789327,0.1780656739483533,1,interior
0.22846938679027284,0.2864684636480777,1,interior
0.16467010613024885,0.28058729921495396,1,interior
0.1974826251540024,0.01951644513942732,1,interior
0.13254847632127834,0.1820379307778842,1,interior
0.1343614530440382,0.2228549835780868,1,interior
0.13498460924352598,0.19196252797109967,1,interior
0.17940053397007216,0.0361679010761439,1,interior
0.16406750559003622,0.2787735686712013,1,interior
0.18074548197399956,0.03375952436404243,1,interior
0.15748801299267237,0.11097932668070157,1,interior
0.22315308427647174,0.2822831261753977,1,interior
0.16567460229591874,0.08345334050624194,1,interior
0.13623452699284322,0.1721819296485198,1,interior
0.17879844643805676,0.06994046909654617,1,interior
0.12964027601857722,0.21845196291096566,1,interior
0.17917669220722476,0.033494192816429895,1,interior
0.16889687024790118,0.28345493571543634,1,interior
0.12972323504631023,0.23227740493311075,1,interior
0.143379484954334,0.14856172405114026,1,interior
0.1293525652247575,0.18897586969302202,1,interior
0.1459746478232574,0.13534760687774391,1,interior
0.12872973923800243,0.2237687063627076,1,interior
0.15620672209485253,0.1516501758341724,1,interior
0.18847038222500836,0.026765874581398747,1,interior
0.1585953722929362,0.10992725688910533,1,interior
0.14900145652153943,0.26565427104437955,1,interior
0.16885513780389155,0.09400986847085713,1,interior
0.17957564504116963,0.056006879855987055,1,interior
0.12989802156178476,0.23074004215277552,1,interior
0.16997027076713936,0.28216728198402885,1,interior
0.1318458110015296,0.19544098474343474,1,interior
0.21327208832921266,0.2870344938654111,1,boundary
0.16266547453306657,0.10744704648005651,1,interior
0.17750418289514341,0.07153737762797768,1,interior
0.167518588628867,0.09075961344179766,1,interior
0.14032418894854617,0.23617161910263876,1,interior
0.1684279549733881,0.0997899292552039,1,interior
0.15010393786520734,0.2668120807662224,1,interior
0.1706159767302823,0.28594379145487037,1,interior
0.1875094144300609,0.03097111906656247,1,interior
0.14604127457468627,0.14224697378938286,1,interior
0.14427527896712736,0.14045590206469027,1,interior
0.13851609833840298,0.15642190711861714,1,interior
0.13856021469992671,0.15317148581617845,1,interior
0.16980487185917964,0.10279541052730312,1,interior
0.1943821337416552,0.01998918597052385,1,interior
0.14050407431545262,0.15072985441605402,1,interior
0.147432405230113,0.14915827885423066,1,interior
0.231838162201053,0.28513398928707545,1,interior
0.12609928531210227,0.22299313590456926,1,interior
0.13209964950849182,0.19802213833493487,1,interior
0.12423764346092069,0.22917345431197247,1,interior
0.14883971919845615,0.14321760713777146,1,interior
0.18655032431685434,0.0253910131852515,1,interior
0.1571997924119174,0.10829004825832923,1,interior
0.13768800944829976,0.16606427423699252,1,interior
0.1963861108460797,0.01752804343354394,1,interior
0.12495913943544142,0.2106238840247733,1,interior
0.17788963539458613,0.05775516183325228,1,interior
0.19406682568272263,0.05307661814720099,1,interior
0.1744189647251347,0.07417961391032456,1,interior
0.14206126662281643,0.24486752119399255,1,interior
0.14186536490386367,0.25164845011962367,1,interior
0.1453031193941469,0.2623120845949105,1,interior
0.16488292411447697,0.10770587907325344,1,interior
0.17662042816795934,0.04884543462466443,1,interior
0.16953408099972028,0.09253395219875651,1,interior
0.1666903549638775,0.09393941115456297,1,interior
0.17460928650428922,0.047228697811359036,1,interior
0.1621681248774692,0.2799577380587485,1,interior
0.15560283109966813,0.2738152928140408,1,interior
0.14167834672678328,0.22627088701549086,1,interior
0.13207554977160052,0.2149003219577372,1,interior
0.17947598210744342,0.05980503871280122,1,interior
0.12778710266681978,0.23238856193451146,1,interior
0.18018278385713027,0.07078790506713704,1,interior
0.13003901295441003,0.21393521486639713,1,interior
0.16797373117012246,0.09236795392940574,1,interior
0.16326729189551356,0.2812393805299144,1,interior
0.1799786794681864,0.053833954376358566,1,interior
0.17016002266697317,0.09752879386510227,1,interior
0.15893060448644583,0.27834659088968977,1,interior
0.1759634976763149,0.06282048640177003,1,interior
0.15126325912767064,0.12209487285328945,1,interior
0.1463641693424568,0.2636126672011509,1,interior
0.1264835561348031,0.20812796866495556,1,interior
0.1401289605043529,0.14918228429939043,1,interior
0.1865100408568935,0.03329716342910772,1,interior
0.19123464458262968,0.03204325741959466,1,interior
0.13242862089040316,0.19369640683210027,1,interior
0.15735927186843374,0.10597005385550463,1,interior
0.13436064670297196,0.18058819171271712,1,interior
0.14102584055069659,0.14719507036167118,1,interior
0.18355855004089447,0.031762721770188324,1,interior
0.1427205639915209,0.1471301792199799,1,interior
0.1762654970257741,0.05789863639138125,1,interior
0.17530777046324333,0.04213599772405548,1,interior
0.17663322385105473,0.06945595633931428,1,interior
0.13179354799515036,0.22949921024985184,1,interior
0.16752945254528603,0.28521431805488134,1,interior
0.16777163295644892,0.07748677551593491,1,interior
0.1358204335818775,0.16386203436469218,1,interior
0.1664563349238314,0.07525879889562952,1,interior
0.13361604634549706,0.19273920258927701,1,interior
0.13184666386231134,0.23322548814785718,1,interior
0.14754933361699596,0.12851957234007638,1,interior
0.18931797180210003,0.03375473743545468,1,interior
0.13000228148099405,0.2408544442494068,1,interior
0.13920245272698448,0.16272346272565408,1,interior
0.17434475365704047,0.06836339606150939,1,interior
0.1669575074475159,0.09839098958521297,1,interior
0.16489185201438433,0.08147948221840952,1,interior
0.15442439020014298,0.11154534483117666,1,interior
0.1314038998978822,0.21315272863222134,1,interior
0.1427400154175363,0.24975215935743517,1,interior
0.153158961181182,0.27317919770636234,1,interior
0.22785643303616343,0.2707430663788425,1,boundary
0.13031425322477022,0.23372075312426102,1,interior
0.13143571214100536,0.244070662610824,1,interior
0.19358072505507526,0.018680909909467247,1,interior
0.16765129973647655,0.09624967887996078,1,interior
0.1754457193256989,0.28875472191472085,1,interior
0.14746854862238654,0.26005909000475136,1,interior
0.1287241511763343,0.23456577522948693,1,interior
0.13672379598919662,0.1578330516041719,1,interior
0.1273304653690963,0.2134005304005033,1,interior
0.18905074189006243,0.028907624282844647,1,interior
0.12272977340757044,0.2279518491235659,1,interior
0.22601316254628526,0.2910390672821373,1,interior
0.1312559550045211,0.2317996646662377,1,interior
0.12857898371029933,0.20309183558709265,1,interior
0.203088884877318,0.018415546376010755,1,interior
0.1296482411858014,0.20956364576087258,1,interior
0.18024861852071244,0.06907901370266405,1,interior
0.18020893318722725,0.0419932338220625,1,interior
0.16493039969563772,0.09632869040072871,1,interior
0.15172939759223897,0.11872712369345245,1,interior
0.12746420676833115,0.18848562869228758,1,interior
0.14561540113824753,0.12844832880773613,1,interior
0.1500904402747443,0.11857250211376141,1,interior
0.16590938808632144,0.08516554555034522,1,interior
0.23011318602638572,0.28780148757021295,1,interior
0.12367143859937126,0.21261106971984264,1,interior
0.13211101972005365,0.17975311967743385,1,interior
0.1335450132784123,0.176388235263162,1,interior
0.12707372192545174,0.21695417512870904,1,interior
0.15153682102094895,0.2710568517265164,1,interior
0.13331590832939588,0.2362522907796974,1,interior
0.15229350865314117,0.12332916983074063,1,interior
0.19008500969686928,0.022114008342624464,1,interior
0.15035797522258496,0.12615139524683897,1,interior
0.1494063309047129,0.2641720396375169,1,interior
0.1796894241535259,0.0405124774650569,1,interior
0.17417681203117952,0.04574789793476059,1,interior
0.12776661226168895,0.20543699121115236,1,interior
0.13430596253765592,0.17309076780815374,1,interior
0.15620954087169822,0.11014281081994313,1,interior
0.13318634517716368,0.2310766510205644,1,interior
0.13496239453750178,0.21653159920458534,1,interior
0.16447114866810986,0.10563853783981984,1,interior
0.16685497156941692,0.07872210722479277,1,interior
0.13877256061335952,0.1499010348053477,1,interior
0.14048967373832844,0.25015818643289023,1,interior
0.13959702436761764,0.24593350758323895,1,interior
0.17223663919941704,0.045748276103621345,1,interior
0.15106074540534817,0.116270288565422,1,interior
0.16753038624856895,0.12998222948145247,1,interior
0.13984547473620804,0.2536040956918,1,interior
0.14518364394946554,0.13900167820485745,1,interior
0.22742853390549167,0.2901700700254865,1,interior
0.1312476700382121,0.1906962210264932,1,interior
0.12660622774444738,0.2196300088891751,1,interior
0.14781673838072068,0.1196545153358329,1,interior
0.17832997883528248,0.29026035780859183,1,interior
0.20140349195009688,0.015089250123344678,1,interior
0.17446047614899513,0.07204286271375748,1,interior
0.17275071995866526,0.07300824143533813,1,interior
0.19811103191550844,0.01545254393533476,1,interior
0.1626329960218062,0.1045208750982668,1,interior
0.17155494834699325,0.07068219750051889,1,interior
0.1349790805826275,0.16999970846734402,1,interior
0.14604131886902139,0.2658686788636514,1,interior
0.16997205424663395,0.10605912220802867,1,interior
0.1295386605335931,0.20074458369819742,1,interior
0.1917461868234619,0.020068795346076848,1,interior
0.2301555549762412,0.2930105054556574,1,boundary
0.17129978150436315,0.07513752972317858,1,interior
0.16850077578087866,0.10515397444421175,1,interior
0.14194388262780736,0.26104228809378294,1,interior
0.12197809286350116,0.2134340882268849,1,interior
0.20317582570407128,0.015909338350431592,1,boundary
0.13609850670636836,0.17554010727838024,1,interior
0.18103020946514317,0.056531397998317794,1,interior
0.17763851983376155,0.033721781366772396,1,interior
0.131882209697985,0.17786776247100317,1,interior
0.13656200115783546,0.16187114719373177,1,interior
0.137431014969104,0.16966496185506494,1,interior
0.15874034102296697,0.10827433153813716,1,interior
0.1478829192995354,0.26393598353827563,1,interior
0.137643915438591,0.16313319010433602,1,interior
0.1701859534125853,0.06850479423514384,1,interior
0.16410125414066468,0.08647542020995407,1,interior
0.16679516473197922,0.1026539466468584,1,interior
0.17377298130562907,0.04855089788500305,1,interior
0.12467298683247736,0.21940230890777998,1,interior
0.2251946726858305,0.29252053016005714,1,boundary
0.1310891383309127,0.2161449491904391,1,interior
0.1646355099275335,0.0781785753666892,1,interior
0.17786091699460277,0.29218694595097555,1,boundary
0.1305388891968258,0.18210431890110315,1,interior
0.1727145548545033,0.05051325895278535,1,interior
0.1654526689588647,0.09252561811983837,1,interior
0.17591337739152157,0.29054484113978984,1,interior
0.1348031012476189,0.24356057187601204,1,interior
0.135516947174916,0.15688131067180877,1,interior
0.1529779290671247,0.11492290803094618,1,interior
0.13056441469015626,0.17976959624406516,1,interior
0.13807502855845782,0.2472162447969221,1,interior
0.15200187329632858,0.12665960933713846,1,interior
0.1424457913941376,0.13998717011799705,1,interior
0.22823606214442005,0.2920898496225701,1,interior
0.14875723733291255,0.12588355973312934,1,interior
0.22613004803696238,0.29405085836068723,1,boundary
0.14183455698198083,0.24794002718628208,1,interior
0.1298015775656183,0.178009799507788,1,interior
0.14455734035757722,0.14647243903189883,1,interior
0.18209828545516965,0.2909643645670635,1,boundary
0.1368654461201414,0.15986201341137798,1,interior
0.13601820944031096,0.16545798310937,1,interior
0.17294847208224826,0.0746517733891533,1,interior
0.16982310005941678,0.07452035996531106,1,interior
0.15725814484699924,0.10355368816419286,1,interior
0.1465261605862658,0.12426949884611634,1,interior
0.1259503859692844,0.21257050687242712,1,interior
0.1499792013005468,0.12324148105428481,1,interior
0.12565050461151434,0.2142089325795459,1,interior
0.1896106536437674,0.02024099258555018,1,interior
0.16849877506003832,0.10199335546646293,1,interior
0.12841211791920407,0.1868344588865078,1,interior
0.1354632743299932,0.15889166158503262,1,interior
0.1814594866130965,0.06701541560748805,1,interior
0.17208936563983135,0.047895030085072454,1,interior
0.13309927547673756,0.2431696752192269,1,interior
0.171357170089568,0.051677156600167445,1,interior
0.17506751263975895,0.0497698514454583,1,interior
0.13220377724427357,0.19202108120252137,1,interior
0.12676452865284704,0.2338017993944181,1,interior
0.1695580461128422,0.07019065705135086,1,interior
0.13625146426001247,0.15276240949366646,1,interior
0.16352043637371755,0.09143949678155629,1,interior
0.13491606419986635,0.16234026199911397,1,interior
0.18843486899960704,0.021246966974236555,1,interior
0.1457297525213715,0.12244876253248635,1,interior
0.19980578804607144,0.015408114758055163,1,interior
0.13736445054462318,0.1516347760974119,1,interior
0.14904512042353846,0.11718793229502715,1,interior
0.1323317610452423,0.234744325767497,1,interior
0.17576978434875742,0.06033060845935544,1,interior
0.18305515890922802,0.029313272968783433,1,interior
0.16103959366337978,0.09218051809298804,1,interior
0.1761642032169612,0.064844939886718,1,interior
0.1508080657402277,0.2748707913250414,1,interior
0.1752801846124304,0.0663673172812089,1,interior
0.18484816719283248,0.03075422035261598,1,interior
0.16421672488950176,0.09468741903667505,1,interior
0.13743933566870634,0.25339428347959536,1,interior
0.17633920957666654,0.04647151490607678,1,interior
0.13627581585228613,0.24396837945817706,1,interior
0.17241749803486986,0.06859383842761217,1,interior
0.16324089657184934,0.0966437966223324,1,interior
0.14267866986035235,0.2586548848245647,1,interior
0.14114801823191936,0.24613908346074403,1,interior
0.1800403258500873,0.05786208342289961,1,interior
0.1756722293346699,0.07076348587818079,1,interior
0.161236148177088,0.10546512791300369,1,interior
0.17613099360538087,0.055487279122153885,1,interior
0.17433121405310018,0.06153741753537137,1,interior
0.17564982207812177,0.053910654846038596,1,interior
0.15380377726453456,0.2750579122212342,1,interior
0.17578702222616172,0.2922610531985411,1,interior
0.19126278330147448,0.017612309632573517,1,interior
0.13905473817058772,0.25081339676608455,1,interior
0.1351980230466966,0.15399842502458105,1,interior
0.15138528194201756,0.2733756180396869,1,interior
0.16532698479767233,0.10201021935924678,1,interior
0.14443688244806757,0.13647607561519012,1,interior
0.12773777520626184,0.19144980530404926,1,interior
0.1543719361009337,0.1527133842293759,1,interior
0.1780908141691943,0.03914583048268279,1,interior
0.1339362631033864,0.16426471573300935,1,interior
0.14977365455451042,0.11423168914618832,1,interior
0.12774523307361732,0.21556338527760247,1,interior
0.18377922136009892,0.025576805855568634,1,interior
0.1854364577675336,0.028976297758857707,1,interior
0.17356615377117915,0.06568858021543157,1,interior
0.15162744629968902,0.11402741495492141,1,interior
0.14577117572786755,0.14526085610616704,1,interior
0.13357110374762188,0.1595420171902678,1,interior
0.15997873596461354,0.10661115207682151,1,interior
0.14794033249013802,0.12241812708598515,1,interior
0.13359028590894678,0.16641565873562672,1,interior
0.12177164364466221,0.23074566381443304,1,interior
0.14456056036922404,0.13042169616167698,1,interior
0.18940107143129153,0.01594260424411225,1,interior
0.19575409176931804,0.015316393373050931,1,interior
0.1600587112380899,0.27644687486038355,1,interior
0.13366813106324416,0.1571584911940042,1,interior
0.1726345581237911,0.043610654619931126,1,interior
0.17145181209066898,0.04949699101877805,1,interior
0.17361634950039853,0.06355280024238967,1,interior
0.14753234416514768,0.2662631091140522,1,interior
0.12333900326666342,0.23185441843798185,1,interior
0.15866415415659943,0.10515970007300092,1,interior
0.13350627788841146,0.1544784502022291,1,interior
0.12510559118351375,0.2279065114046787,1,interior
0.15457573086325868,0.10952341639057163,1,interior
0.13067823549937854,0.19677891727716967,1,interior
0.17547157943733244,0.03518100076780386,1,interior
0.1547651226604222,0.26318550735063906,1,interior
0.17396845949965656,0.28968019206229395,1,interior
0.125770955936818,0.20544584309757827,1,interior
0.14948289620713426,0.27597244429900303,1,interior
0.1481590356409841,0.26881883722196415,1,interior
0.23285186249844925,0.28668500915252537,1,boundary
0.17366046841962382,0.05388125047550875,1,interior
0.15312755328008734,0.10797447385534803,1,interior
0.18254189775506433,0.026780517088683058,1,interior
0.1424139158091882,0.14497028669086015,1,interior
0.19526983519811666,0.013238647368174145,1,interior
0.16039471030128327,0.08987819874843128,1,interior
0.17357932584082147,0.05177217005163375,1,interior
0.14645956555839845,0.13002017267307045,1,interior
0.1276455470756511,0.18522992501084182,1,interior
0.13601018556883196,0.25476298683975046,1,interior
0.1320144967250435,0.15696825977939868,1,interior
0.14669765911591345,0.11527307227532782,1,interior
0.14733267140615358,0.11805691814567294,1,interior
0.130613772424883,0.2362739512327892,1,interior
0.17435121652360253,0.05546126250550606,1,interior
0.14605989827228355,0.1370607359428101,1,interior
0.13277072090884742,0.1683652040614749,1,interior
0.16176435976181053,0.2763714240111594,1,interior
0.1870003974126683,0.016128900302301356,1,interior
0.1291277910618961,0.19065552578352982,1,interior
0.1743562643251277,0.0434164123320646,1,interior
0.13076200484649114,0.19352917060298794,1,interior
0.12937695075566552,0.17627199179450243,1,interior
0.14322273318840872,0.13524265168449373,1,interior
0.16522081058644114,0.10424361700962273,1,interior
0.17752008042966397,0.035631451105359764,1,interior
0.23139048268406578,0.2896520853670137,1,boundary
0.14822520823711618,0.12438655503495398,1,interior
0.14355828753232355,0.14342585908107083,1,interior
0.15509143872063821,0.10766304393726493,1,interior
0.1760244492813654,0.06802986330488116,1,interior
0.16439008787580917,0.079871218928322,1,interior
0.13280520409276572,0.24634853518843577,1,interior
0.1449860473276395,0.1250382497379392,1,interior
0.18430803692383307,0.02709302199132057,1,interior
0.13949142998901687,0.2553123976208264,1,interior
0.18202078504035263,0.030549180762594944,1,interior
0.1708396400614289,0.07337869321002129,1,interior
0.14742937253990027,0.2716682781517514,1,interior
0.12775110909147355,0.1832654460369693,1,interior
0.14678687547237274,0.12634626531762036,1,interior
0.14443468889298183,0.2642129226291034,1,interior
0.16325627349060814,0.08937707194415657,1,interior
0.18719276243761038,0.02230985750173261,1,interior
0.15386572893850706,0.27787422988434374,1,interior
0.23225502293646172,0.28808371250515574,1,boundary
0.1515959481686832,0.27638826904955,1,interior
0.14333395978714233,0.1380631453476801,1,interior
0.16184827531908366,0.0868879254848682,1,interior
0.17715497027095956,0.03195681334732618,1,interior
0.15724033224764927,0.2745950654195854,1,interior
0.22868723038517305,0.29562190740223876,1,interior
0.15081382670918697,0.11229186934527656,1,interior
0.12464393395907655,0.23358988492148625,1,interior
0.1720219775040228,0.06137145671800132,1,interior
0.16042758271574745,0.10412818568635815,1,interior
0.2271602553138276,0.2953956738770879,1,boundary
0.16960155169370153,0.046899477701527116,1,interior
0.16974682496667653,0.06679137829583463,1,interior
0.1310663757045152,0.1753569563746004,1,interior
0.1276082049642912,0.22259246457607867,1,interior
0.14251626515459082,0.26296932945735424,1,interior
0.14259623511984582,0.24659537680373098,1,interior
0.22869335422310122,0.2939361562775699,1,interior
0.12558033086877518,0.22098044060688962,1,interior
0.1653203323043397,0.09072222592556606,1,interior
0.20039946228939554,0.012348242462825218,1,boundary
0.12394600885434559,0.20438115603557477,1,interior
0.14903984329612735,0.27320322852766826,1,interior
0.12414371422549372,0.22258385009660747,1,interior
0.17123158634724772,0.2884876006460778,1,interior
0.12525795071105503,0.18744448468986827,1,interior
0.17377019894440393,0.0416190749528984,1,interior
0.1353157506683927,0.16083294099028314,1,interior
0.12505576262846374,0.20758023577988255,1,interior
0.14549295577551605,0.1336143415229159,1,interior
0.12728060489642007,0.17682468184468936,1,interior
0.12826060022918748,0.23713487486780804,1,interior
0.12984272517301,0.23933450988857546,1,interior
0.17524861882862708,0.033132647150302424,1,interior
0.1691395367223733,0.2853069469790555,1,interior
0.17503633214917252,0.052485615745864495,1,interior
0.16146690105155845,0.08852837726585035,1,interior
0.13057527874039385,0.19926380723709855,1,interior
0.1431352578817329,0.1418098222794264,1,interior
0.16053971866253688,0.28074336950572915,1,interior
0.16902543729892264,0.052641319213222196,1,interior
0.15859524114871745,0.2813568291231865,1,interior
0.15004139110968662,0.2714445323139518,1,interior
0.18849905359508728,0.013832527606552892,1,interior
0.17959164699198008,0.026201014883270705,1,interior
0.1983907506128448,0.01805586611106012,1,interior
0.12424655399015966,0.22529722064251412,1,interior
0.1564521823350544,0.2765859284803094,1,interior
0.1727436131277171,0.03164160907911757,1,boundary
0.15200545273570243,0.1054343889404164,1,interior
0.13367125199986915,0.16145573107034406,1,interior
0.18039399950538823,0.03860169475319843,1,interior
0.1520589565908391,0.12488732940160158,1,interior
0.14794329973973372,0.274515692413565,1,interior
0.12996015464946778,0.19222465369337244,1,interior
0.13765350857692576,0.24491099414018003,1,interior
0.17208290026784376,0.06446100820341122,1,interior
0.12266057445400742,0.22598135808438424,1,interior
0.16336539759263186,0.1020792688350137,1,interior
0.13196290080146078,0.15473084917348884,1,interior
0.12138578826704557,0.23311414252835508,1,interior
0.23059611950432962,0.29455277804247715,1,boundary
0.12383757038923317,0.20884558493292427,1,interior
0.13183587986703904,0.17328266459436975,1,interior
0.12678422329183262,0.23589885091138613,1,interior
0.14863678129585892,0.13697887315429821,1,interior
0.1675672685718676,0.06974596685078999,1,interior
0.17203570321587763,0.06647750183431853,1,interior
0.12592686318868346,0.18307223157437658,1,interior
0.16845651679145485,0.07373749270660498,1,interior
0.13974602625522597,0.26058308370482725,1,interior
0.16384661741477022,0.0758184728032489,1,interior
0.17457718020294466,0.05727493705316339,1,interior
0.12855149324591542,0.22011332273324985,1,interior
0.17199283726016676,0.053729475978006924,1,interior
0.15976386073488477,0.10265148040827714,1,interior
0.17680848734993698,0.04073299024670239,1,interior
0.16019022284664966,0.27925447073911575,1,interior
0.12608019631264092,0.18606415354728917,1,interior
0.17478212822379355,0.030695545819077928,1,interior
0.14435136929393858,0.12330796246638784,1,interior
0.18671650774264903,0.04077916262804339,1,interior
0.14771852203943153,0.27743292598753166,1,interior
0.17605390599093615,0.028759619631001397,1,interior
0.1354491834373391,0.15024263790581355,1,interior
0.23350146633590932,0.2845939102846544,1,boundary
0.1462025459409649,0.2728797017878868,1,interior
0.16930158669174195,0.28738242470425307,1,interior
0.16623127164025028,0.28439240689269724,1,interior
0.14514860446893332,0.2675166438089976,1,interior
0.15168726329143167,0.2787799205061786,1,interior
0.14382380744264797,0.2656052361184808,1,interior
0.1291798914496872,0.19853165659333374,1,interior
0.16320303284280555,0.08264293117636491,1,interior
0.1634357959845487,0.1000411574683708,1,interior
0.11911116827755065,0.21305971512324023,1,interior
0.15809380788117405,0.09091350929295935,1,interior
0.22796705865329492,0.29725915022410043,1,boundary
0.14703019342091897,0.12099863398890062,1,interior
0.1745674170198244,0.05890618096920576,1,interior
0.17086497404819245,0.0438705903040905,1,interior
0.150861330583775,0.10706508545645997,1,interior
0.14039091952460975,0.24863588297077568,1,interior
0.13209698299005804,0.1616901202523968,1,interior
0.1522226713470038,0.11146583038817552,1,interior
0.1813939803267274,0.06498991848208237,1,interior
0.12862870561869263,0.17440593113700467,1,interior
0.12006114093762282,0.22917729669857884,1,interior
0.16114173348994298,0.10123052934714678,1,interior
0.23053151615661174,0.2964899004610025,1,interior
0.1695180767093855,0.0717326083518646,1,interior
0.1278253131047938,0.24010796402303802,1,interior
0.1432195994289545,0.13311964269741064,1,interior
0.12503385279581725,0.21666549042796884,1,interior
0.1718850235425179,0.05864447369717405,1,interior
0.12850863579898827,0.18124589940602792,1,interior
0.17714796082109074,0.05965684104643256,1,interior
0.16976242423143567,0.07777938739880189,1,interior
0.12369551780728032,0.2144504438746764,1,interior
0.13881317063008222,0.24919789830947034,1,interior
0.16171152678229067,0.08351788242693754,1,interior
0.16257785773230862,0.07693793027021872,1,interior
0.12034341320394465,0.23514116932841786,1,interior
0.17313673393803777,0.29257220095801806,1,interior
0.1334281782891442,0.17139487253433172,1,interior
0.12494921525585147,0.18456267742178045,1,interior
0.16406843688242512,0.0984546738154245,1,interior
0.16812050706808368,0.07558411435790365,1,interior
0.1222736879826886,0.20812537268177542,1,interior
0.1598852129751308,0.087342334914028,1,interior
0.22924889388112013,0.2892090544748726,1,interior
0.22910769181112883,0.2990835249285098,1,boundary
0.16985258873712125,0.2891590887690437,1,interior
0.17857495110770275,0.03139142995113899,1,interior
0.12910674424185864,0.1939872049139781,1,interior
0.12494395785115288,0.230520687362749,1,interior
0.17123604227407158,0.06293650540917943,1,interior
0.1828939649109873,0.040785730046247394,1,interior
0.1694156555955196,0.061195700036736043,1,interior
0.16882179779966291,0.06380772678066554,1,interior
0.13050810756714978,0.1615110044258922,1,interior
0.17352124320336534,0.06967813053239211,1,interior
0.2151109728886662,0.28776979645998,1,boundary
0.16268761000799295,0.09282467748773066,1,interior
0.16237752121519314,0.08097500490051607,1,interior
0.17329878106333874,0.03388546558982607,1,boundary
0.13329026169360153,0.1949580616043425,1,interior
0.1802651752715928,0.031175530517894956,1,interior
0.16567058844532484,0.10028596142596884,1,interior
0.12140751749285925,0.22451407457207614,1,interior
0.1680398880672126,0.2807275646331426,1,interior
0.1335430687494041,0.2449271662703511,1,interior
0.13154081765871473,0.1699505860613599,1,interior
0.17390657078002758,0.29395287174036294,1,boundary
0.1777533194377917,0.03737813297034462,1,interior
0.1383081988510297,0.14699447977076982,1,interior
0.1877975083566327,0.019607104957579394,1,interior
0.12206517034010365,0.21578034805116444,1,interior
0.16668918319981052,0.06415278692693623,1,interior
0.18646230868189237,0.01844242236094682,1,interior
0.12758071152103254,0.20703492923970498,1,interior
0.13106810404242156,0.24570425726544964,1,interior
0.16115048147593458,0.282189792758438,1,interior
0.17067563803439892,0.0456787671894754,1,interior
0.15342757547798744,0.10638517600134104,1,interior
0.18616903229759502,0.023490482534345363,1,interior
0.18595135331335694,0.026905190060523266,1,interior
0.12611619972741683,0.18119561690744262,1,interior
0.1663008900647433,0.07699617577540024,1,interior
0.1700662001603003,0.06474418097197672,1,interior
0.15096144622587088,0.28051350950216364,1,interior
0.19436032820695975,0.01648477747604256,1,interior
0.1238176226542826,0.18291473405543912,1,interior
0.12806912684970634,0.24170276219976716,1,interior
0.14606419077872174,0.27490545128454963,1,interior
0.14167851597835138,0.26555071169606853,1,interior
0.1622400064559414,0.09823301899518595,1,interior
0.17546644224202443,0.03810839956606464,1,interior
0.17416177412550937,0.039287241456679736,1,interior
0.16121960831682355,0.09494558874174422,1,interior
0.14674352621228998,0.2681897953527273,1,interior
0.13429398322882288,0.175020049880522,1,interior
0.23225833828227455,0.2988033050680946,1,boundary
0.14047489697876697,0.14564205831542854,1,interior
0.1483321491267064,0.1156541902254601,1,interior
0.12835591530783,0.17859003111602878,1,interior
0.16839831976886074,0.04399154223525841,1,interior
0.16744038563900207,0.28692668453298753,1,interior
0.16093956739380955,0.08035167343500901,1,interior
0.16846105621411234,0.06765142365813442,1,interior
0.16169073665874903,0.07448155282383828,1,interior
0.17309578656773042,0.07130202497846413,1,interior
0.17138388607702132,0.029823474758365096,1,boundary
0.14274247556622827,0.12428462236226069,1,interior
0.1979996483351181,0.012791959084621262,1,interior
0.1682396975477835,0.06596647889167277,1,interior
0.17358544276557006,0.028930522080653047,1,interior
0.1692814353180502,0.05011834144561713,1,interior
0.1480308092123058,0.11232331613740743,1,interior
0.13353655284124896,0.1515789253306395,1,interior
0.16704942605687953,0.06226238957459172,1,interior
0.14033297125886057,0.2635021621543333,1,interior
0.14574550894883903,0.2694450519483519,1,interior
0.127697387709833,0.19916850082669285,1,interior
0.1337480946863432,0.1883316664081122,1,interior
0.12591259794016707,0.23743848511067814,1,interior
0.17962607904676206,0.029237669295426958,1,interior
0.14085843322425298,0.13942067172565617,1,interior
0.15817374180218788,0.08521387389120466,1,interior
0.14490075093352575,0.12698205451007924,1,interior
0.1256045473465565,0.17553615437526376,1,interior
0.14055976703144593,0.2578629191104137,1,interior
0.1591112631584181,0.0928431016347102,1,interior
0.19648537193824012,0.01231935033389342,1,interior
0.16496855138010644,0.28223926867716337,1,interior
0.13090671645804514,0.1584145237616113,1,interior
0.12909259650251445,0.17053971042667487,1,interior
0.16658520592286724,0.07113905392539983,1,interior
0.18176945625813432,0.032049679732965776,1,interior
0.12679387204572087,0.20195016156543055,1,interior
0.188995210520677,0.017978039655672167,1,interior
0.17403462726708077,0.29124698267368265,1,interior
0.1392309224519829,0.15176221132309411,1,interior
0.1582648467931207,0.10240305794995179,1,interior
0.1372457418353653,0.2491152664075777,1,interior
0.12075828371113922,0.2221292335388219,1,interior
0.13120132303400622,0.20636380741562652,1,interior
0.17521009654841635,0.04053758515434379,1,interior
0.15908887219553902,0.10039038311758516,1,interior
0.12575452589119634,0.19265878307704704,1,interior
0.14395591634703298,0.25772157767539516,1,interior
0.1537479916867682,0.14270655239293628,1,interior
0.1428046686134553,0.12730569859884688,1,interior
0.1680399092545772,0.046279793625812984,1,interior
0.17341101672324433,0.09965149725901781,1,interior
0.12515343659651862,0.23529889020459238,1,interior
0.1724847850039418,0.0568010312160191,1,interior
0.20024288065092474,0.026102743957344392,1,interior
0.1289959298842103,0.19583373612301924,1,interior
0.161233580935061,0.0728246759239583,1,interior
0.14323786198904134,0.12924967962909584,1,interior
0.14995506184386662,0.27770420737711976,1,interior
0.14419526502257396,0.26882292442732364,1,interior
0.1230252660353886,0.21722498432286258,1,interior
0.15819745694109855,0.0955673201803597,1,interior
0.12192081890959207,0.218784777416436,1,interior
0.12707769680560893,0.19431050185639392,1,interior
0.16994255630708532,0.05455759420592053,1,interior
0.1249762477228644,0.1777737295620684,1,interior
0.1568446197099091,0.27988508518299765,1,interior
0.23102824169766262,0.2865461522036715,1,interior
0.1366675134970212,0.24609633678202908,1,interior
0.1933645262910981,0.014608749369374207,1,interior
0.1261146883175288,0.20384615023259395,1,interior
0.14218659535640546,0.26952385441866317,1,interior
0.17248881433783328,0.29088569115745316,1,interior
0.17059966162624374,0.04181986171028584,1,interior
0.14845398173888247,0.27035251945755945,1,interior
0.16037894058553429,0.07866761034341395,1,interior
0.12891503035037266,0.17244646982916503,1,interior
0.1259638772660102,0.2409106380573785,1,interior
0.19924395472100478,0.013923418754781753,1,interior
0.160699061445224,0.09771649128870763,1,interior
0.17030145872019073,0.2842700394038767,1,interior
0.12951133325112532,0.24523271460459475,1,interior
0.12710453328529472,0.19593572794974837,1,interior
0.14326641198445744,0.26728411115553297,1,interior
0.13484585502182048,0.24752598215513974,1,interior
0.17597002146878898,0.03667342797224391,1,interior
0.14122655778368745,0.13556413695203792,1,interior
0.191240969659202,0.01575629979255763,1,interior
0.15007497887836418,0.10862550048293416,1,interior
0.15947356414100317,0.07316785298697466,1,interior
0.16468454165459603,0.06503724187546013,1,interior
0.12426251767409624,0.17942475669164423,1,interior
0.1251323886338666,0.19407855251590397,1,interior
0.12728980806323367,0.17984889445271637,1,interior
0.1403840753802558,0.12436163400350961,1,interior
0.13977055353101772,0.26960230600675045,1,interior
0.1709786250290502,0.05582638945850116,1,interior
0.17258765662009296,0.026285729752782677,1,interior
0.1677465775988037,0.2885178437916444,1,interior
0.13964371273348605,0.14366881942232548,1,interior
0.14058275983079582,0.26699474626835423,1,interior
0.16334494968486346,0.28387323331385955,1,interior
0.11988795168192355,0.22505691657968868,1,interior
0.17824390416498723,0.028037166720187023,1,interior
0.1310470142831236,0.24734024293265996,1,interior
0.20162141908982067,0.013573452181647036,1,boundary
0.12288710102521642,0.2214098899186728,1,interior
0.16272597889952253,0.07875877452167605,1,interior
0.1565873469719888,0.1021645179310332,1,interior
0.13043838415205716,0.17168773962516914,1,interior
0.14959090885747514,0.11111587071576773,1,interior
0.12405744180575409,0.20640829544580727,1,interior
0.17327230830179244,0.05997066285309688,1,interior
0.14473025082676458,0.27120333955186793,1,interior
0.12699863830680916,0.18994168954835164,1,interior
0.1992433799174085,0.011307546667046631,1,boundary
0.17387607120743484,0.03750579579724555,1,interior
0.1345075086223119,0.16842674455840942,1,interior
0.13355469971279776,0.23813404986635422,1,interior
0.15289477158830755,0.10962766453123239,1,interior
0.12771394701202687,0.16135035468766784,1,interior
0.14852036895145235,0.1066158956493378,1,interior
0.152191158559296,0.26959986924871177,1,interior
0.1327760935242152,0.17450179875971222,1,interior
0.1713269146370005,0.03988083298908914,1,interior
0.1610427554978751,0.07727351794067767,1,interior
0.15083203377640553,0.11013070469953373,1,interior
0.12512982451578197,0.19562295569657231,1,interior
0.12486978501106402,0.24279264011368862,1,interior
0.14726246918181582,0.10940864578108131,1,interior
0.13183023562195237,0.16425302163476774,1,interior
0.17762847723065425,0.02993487407675781,1,interior
0.1419709011110675,0.12168938696705475,1,interior
0.11762523983807129,0.22646606935298175,1,interior
0.15468542066767074,0.10515067128360955,1,interior
0.14103505931045157,0.2723153625626041,1,interior
0.13710573157675454,0.14996219249848947,1,interior
0.15931390761603817,0.07595969094987909,1,interior
0.17273335673720988,0.05514666875245634,1,interior
0.13937146807065173,0.2713248482527419,1,interior
0.1581119344975667,0.2759989598591091,1,interior
0.12342824933356433,0.1848602425603121,1,interior
0.12369915184755828,0.18139693179117478,1,interior
0.141193822675877,0.14241924593050947,1,interior
0.16204010197414662,0.09075858449940101,1,interior
0.17157107302063843,0.03814782710917393,1,interior
0.17082409464959344,0.059855043838280296,1,interior
0.13793182776459004,0.1444199610170533,1,interior
0.16734260626749262,0.054456652891563026,1,interior
0.15552490729686852,0.2823192788185265,1,interior
0.13099363302388,0.16594840808512085,1,interior
0.14556050041726212,0.11892402452740064,1,interior
0.16819292783505146,0.04891779488407033,1,interior
0.1721280827072637,0.035795931565946335,1,interior
0.1657795412625486,0.07349732737330647,1,interior
0.1222590262952357,0.21141819397101475,1,interior
0.15062261679326075,0.2835020850386255,1,interior
0.16057960027098056,0.09928352722379262,1,interior
0.1925155756081759,0.016647891638705434,1,interior
0.15612767291528684,0.08723061710109879,1,interior
0.1699919558363343,0.04858047237909513,1,interior
0.12642567588904519,0.1783091354561827,1,interior
0.13878170615367244,0.26371507736960914,1,interior
0.15508929190761206,0.1008859368277506,1,interior
0.15737045829001187,0.27838278495300867,1,interior
0.13816602013201768,0.2671783801827287,1,interior
0.15893330922055696,0.08071511564967826,1,interior
0.12361559970477054,0.18714838676220388,1,interior
0.11942455516688956,0.23226747057643413,1,interior
0.13059115516890693,0.24958162575230886,1,interior
0.1569193782208088,0.10052544372720335,1,interior
0.13936838348809297,0.2590210436821767,1,interior
0.1315652536090924,0.16021467463516345,1,interior
0.18494599537458903,0.03244135367730037,1,interior
0.14378254883237604,0.11920435731691052,1,interior
0.13903713447856245,0.27341754742993724,1,interior
0.14555971916343635,0.11628771207557063,1,interior
0.16993375416829778,0.0358964975715402,1,boundary
0.13800480267365006,0.25745806005354144,1,interior
0.15569042761755778,0.09410163645891212,1,interior
0.11806680418540183,0.22796498557545067,1,interior
0.18405338288110218,0.0175938622235672,1,interior
0.1663200205908609,0.05328451900101003,1,interior
0.16908958550846911,0.027866773938642005,1,boundary
0.13830153470868053,0.2688015385085755,1,interior
0.15440355768204514,0.10233071047858652,1,interior
0.1208023998885696,0.22674480216769902,1,interior
0.16536177617004322,0.055384681492145385,1,interior
0.18351973017192028,0.019016735373785742,1,interior
0.163962902735088,0.0842222924094671,1,interior
0.12233426428565128,0.2231280583534904,1,interior
0.14277692192825217,0.13101888999241415,1,interior
0.16389078377509791,0.07428491144477632,1,interior
0.14372981765859738,0.2728578101582597,1,interior
0.18150897596407042,0.028965471636800712,1,interior
0.11726580055248184,0.2151307778172496,1,interior
0.14728464810617387,0.2792796677142406,1,interior
0.13015539820150157,0.17343399894423792,1,interior
0.14799784871660737,0.2819395304164296,1,interior
0.13761883163149966,0.14147221991421957,1,interior
0.1679084012054882,0.03635280002934512,1,boundary
0.1414844072675498,0.13356906993817613,1,interior
0.12492094245904183,0.19058840254396828,1,interior
0.12321955081454562,0.189416792191961,1,interior
0.14026984707973011,0.12269292767994687,1,interior
0.13828082573796388,0.12376756096150646,1,interior
0.18202395210732578,0.023829290730139594,1,interior
0.12227723147296987,0.17921160378076445,1,interior
0.12018302725013964,0.21668530332298513,1,interior
0.13134984090055377,0.167455347846294,1,interior
0.14113776451933097,0.12622949551436885,1,interior
0.16701337606803981,0.03777045286613221,1,interior
0.12575990167290177,0.23251663049511456,1,interior
0.1286293227381085,0.16719682199068395,1,interior
0.13402108404880447,0.2490495086897244,1,interior
0.16629175973539403,0.04301382483594702,1,interior
0.1223484976023632,0.19325628472103065,1,interior
0.12416022844598135,0.20264981326918394,1,interior
0.12396485738865415,0.19189339492670374,1,interior
0.11726790199889162,0.2301160880840628,1,interior
0.14012356844830592,0.14101546957881167,1,interior
0.16027507395109894,0.08179190444270155,1,interior
0.19174327026995494,0.014058867148340096,1,interior
0.14307256103362578,0.2713382466407747,1,interior
0.12169980209321175,0.18772420034187118,1,interior
0.1271623213387252,0.19745531930016838,1,interior
0.16987301851517797,0.05705227119139927,1,interior
0.1848512018546309,0.01406956738100264,1,interior
0.12176712746352893,0.19090513350025554,1,interior
0.13687108554878324,0.26967943214701245,1,interior
0.13856509176123868,0.26537624611726907,1,interior
0.16705447348693966,0.05178748425294611,1,interior
0.12248906899071975,0.24206307381217115,1,interior
0.12121256884266894,0.18932277617166346,1,interior
0.16981596565517149,0.03850590894808704,1,interior
0.15952388620610133,0.09456901829348807,1,interior
0.17107008641610397,0.027281007500025215,1,interior
0.16840437173652711,0.03938484168160117,1,interior
0.19772552399882112,0.010211710054251063,1,interior
0.13011949504944517,0.15670920714254497,1,interior
0.14585261296682092,0.11327651721535112,1,interior
0.11981085069507776,0.21843296302528034,1,interior
0.1902326386072425,0.013236331226735414,1,interior
0.14128713803044665,0.13792567626682886,1,interior
0.16578441464116975,0.28701521870805724,1,interior
0.1359013818814204,0.26831263534722255,1,interior
0.12963564786049211,0.16461262973601912,1,interior
0.13764271583224102,0.2554736895053122,1,interior
0.12926374039120297,0.16313317401716415,1,interior
0.13512977924763817,0.24545930350302628,1,interior
0.1254913998970968,0.19813876466714536,1,interior
0.17495964896481248,0.026671740278905096,1,interior
0.12815662160600155,0.15685932496378996,1,interior
0.18507556934428818,0.020573809946653258,1,interior
0.1242438491705708,0.1970051619180738,1,interior
0.12213304264704547,0.1834396203674379,1,interior
0.17074824919774312,0.29090267662784197,1,interior
0.16023500089239376,0.28359693128947483,1,interior
0.12945317784287663,0.24757039767920017,1,interior
0.12690120532067775,0.16483399915519228,1,interior
0.12085383126270838,0.18074412791498878,1,interior
0.15810316243673214,0.09708422189462129,1,interior
0.14017982314653324,0.2652715745824192,1,interior
0.16723245998226116,0.10105954278860028,1,interior
0.14471008036791788,0.27408983349857136,1,interior
0.17193570967835134,0.29350143017474245,1,interior
0.16906160459457367,0.29215498606189305,1,interior
0.1420337596639898,0.27371647635756086,1,interior
0.16870766954214697,0.055861429208613346,1,interior
0.14142550511181773,0.25321885689871987,1,interior
0.12358014113140071,0.1950811016816515,1,interior
0.12628263744194088,0.1678366766792148,1,interior
0.12925681034687136,0.1581238274289293,1,interior
0.12569641392945904,0.15950977972067398,1,interior
0.14559956262226034,0.11147967344481403,1,interior
0.17167953522925133,0.025006277980188726,1,boundary
0.12812451609577286,0.15984293580790557,1,interior
0.1696264991188606,0.058889890452782034,1,interior
0.14021995016289465,0.12853927396551051,1,interior
0.13784181856730893,0.27173227920176707,1,interior
0.1640821075271677,0.2856867743528605,1,interior
0.1970934310635693,0.014012375515481653,1,interior
0.1531691473994348,0.08654751626070246,1,interior
0.14463255908651182,0.10953938111980069,1,interior
0.18665310952763658,0.020762106346726684,1,interior
0.1233588971573169,0.2448126493462736,1,interior
0.15817277431513116,0.07228573580929157,1,interior
0.18494931944826254,0.024516287367687344,1,interior
0.15785654141245578,0.0987553428385009,1,interior
0.1547817254541151,0.27986742238772166,1,interior
0.12306039750745773,0.17730901088638115,1,interior
0.16734101956872582,0.06038564980089146,1,interior
0.12737930020549637,0.17165133376740416,1,interior
0.15396199812505632,0.08504527998273395,1,interior
0.15751385693675599,0.07581531579260738,1,interior
0.15833548877542636,0.08780383838805032,1,interior
0.1182983638302402,0.217526926227168,1,interior
0.18347407614390182,0.015650714871604566,1,interior
0.13864245721637936,0.1310956691634605,1,interior
0.1742518014458893,0.024194024882714733,1,boundary
0.16615837254018162,0.06668055025536936,1,interior
0.16645779395969915,0.06834371986156275,1,interior
0.12475335033296774,0.18902710206658618,1,interior
0.12100553683410625,0.20473892436113422,1,interior
0.15536353847791357,0.10363386325154451,1,interior
0.16960571257751822,0.2941248009332338,1,interior
0.12013798748169842,0.18756899230627183,1,interior
0.11871120455423086,0.22354423787312114,1,interior
0.13986279992597486,0.274902927832969,1,interior
0.12039656953666193,0.17706092004808402,1,interior
0.15623986366202594,0.07087876115832635,1,interior
0.14510186315430207,0.10685947866358696,1,interior
0.1235900163586873,0.2472915601347712,1,interior
0.18902426837292519,0.01172011739324779,1,interior
0.12048312891805862,0.24091204268182484,1,interior
0.1772710581588985,0.024249529170133944,1,interior
0.14495011532065982,0.12045678564924639,1,interior
0.1373846335956122,0.26262959968052296,1,interior
0.16850297392913632,0.28991524541928565,1,interior
0.13691004454588432,0.14325914704550374,1,interior
0.13846456555634395,0.1253943021929903,1,interior
0.132509129583546,0.2484962368353788,1,interior
0.15599239213432822,0.09901410798206839,1,interior
0.1364710728317471,0.26661735838184897,1,interior
0.1433158189246429,0.2760815970983707,1,interior
0.16147919347482564,0.08504049999502859,1,interior
0.23018408212263977,0.2979742917291297,1,interior
0.12507236055423104,0.16587022115734215,1,interior
0.12954437590120532,0.1551796592317636,1,interior
0.18455854626019466,0.022158981588695784,1,interior
0.1249554095540631,0.19973345641438717,1,interior
0.11888071272435753,0.23076741984683233,1,interior
0.14887284920250918,0.2804526716848058,1,interior
0.13741468868165183,0.25136775197772254,1,interior
0.1224706210930688,0.20617295493289808,1,interior
0.17403837181253964,0.035716466753364005,1,interior
0.18303330327296446,0.022183882828964784,1,interior
0.19587144406241686,0.010353801188559587,1,interior
0.1165694208309469,0.2218404190302689,1,interior
0.1671730679195527,0.050215854281053976,1,interior
0.12570878331114088,0.2393824727691449,1,interior
0.13781653332481517,0.2750052245795942,1,interior
0.12032659001270624,0.20655495785974093,1,interior
0.16654393104082754,0.048301749120746466,1,interior
0.1862726035332036,0.01473076985068048,1,interior
0.1675317955103558,0.29177886984057044,1,interior
0.1637901004503427,0.06717019259508017,1,interior
0.19078571343425677,0.011113977903969766,1,interior
0.12332181665869363,0.2346076016768536,1,interior
0.13071553616152395,0.1527587012206859,1,interior
0.13474252523263858,0.25118776980415086,1,interior
0.127313543826103,0.23860087558952364,1,interior
0.13642904051358842,0.2649116341425707,1,interior
0.19645857336763475,0.008169054614420274,1,boundary
0.12258256947922237,0.23933025092458082,1,interior
0.13222436291247938,0.25039576575765093,1,interior
0.19477562865788461,0.008899293712936542,1,interior
0.1596973865549129,0.0855353982162475,1,interior
0.12164427121451138,0.23634314317053357,1,interior
0.1433894940184901,0.12097797414183392,1,interior
0.12128800535499483,0.24350378209958223,1,interior
0.12263990477552501,0.19798650164274562,1,interior
0.15893070815109941,0.08328950855651997,1,interior
0.11574944142978244,0.22382123099150758,1,interior
0.15863796915748885,0.07893026192699498,1,interior
0.14623550387839807,0.1502177691821987,1,interior
0.11710686515671886,0.232492911403786,1,interior
0.12009783842846304,0.23905483168252759,1,interior
0.15481958489719308,0.2763107722360567,1,interior
0.12668146684622603,0.24309757850985447,1,interior
0.1650753792566943,0.04876782957114785,1,interior
0.12418525361284659,0.23912379418400967,1,interior
0.15720955260922223,0.09353125594450193,1,interior
0.1299084073349561,0.24323016875078013,1,interior
0.16396331602874034,0.0437472475525741,1,interior
0.16510162284338908,0.06324070776442825,1,interior
0.15610854979975908,0.07345518120463668,1,interior
0.16340682980143026,0.06324609524975462,1,interior
0.15763036221884485,0.07778521915342038,1,interior
0.12773747044948033,0.1553264665091519,1,interior
0.16541771348051043,0.050765160131536154,1,interior
0.14336527908813718,0.11042094321811985,1,interior
0.13385763156619915,0.2531424261595929,1,interior
0.1189894130269528,0.1759183790453337,1,interior
0.15370923668300407,0.09967872574508709,1,interior
0.12208238956129447,0.18566322211944394,1,interior
0.12030074848473091,0.18511755938379623,1,interior
0.13537490301667796,0.27242724284080433,1,interior
0.15041162554076734,0.08730040971109966,1,interior
0.12981215185110284,0.16894164412636153,1,interior
0.11568145358316705,0.21859661923721943,1,interior
0.18052125610808328,0.021231194935677565,1,interior
0.15255474815096656,0.10202883789171838,1,interior
0.16696221188748875,0.2936808125830431,1,interior
0.15348585113301721,0.28099339535037016,1,interior
0.1265757194394841,0.16985250473214333,1,interior
0.12475436159937404,0.1636847156642664,1,interior
0.13613257291977893,0.2566252599113599,1,interior
0.13541852252154382,0.2528540248912201,1,interior
0.147730330059553,0.11386151175497644,1,interior
0.1247343908633,0.16075289882766677,1,interior
0.16510597391438414,0.29344937813532784,1,interior
0.1288972436309715,0.24938057503932845,1,interior
0.12343249156762258,0.16485083346528398,1,interior
0.16612720796653685,0.04544049426392314,1,interior
0.1263706803928751,0.17398568011468,1,interior
0.1661847233364912,0.28938291662443916,1,interior
0.11931337144590111,0.21542064377055986,1,interior
0.165029947793446,0.06919597520071412,1,interior
0.14446892198659053,0.10508520137502983,1,interior
0.12783969542138324,0.25146054710134397,1,interior
0.13784214064282369,0.26005563273534316,1,interior
0.12524602250748326,0.20134054656491632,1,interior
0.1645852296837607,0.2907681565939332,1,interior
0.18231805888737726,0.02080537402460004,1,interior
0.16421921012596713,0.05264886637171567,1,interior
0.11996071816674458,0.20962286464949811,1,interior
0.12411683217501339,0.24080403123022348,1,interior
0.13940484095149752,0.2765105343880164,1,interior
0.13674750539295488,0.2583589874931178,1,interior
0.15937339866247605,0.0705810294673563,1,interior
0.13695090957484002,0.27312424994522616,1,interior
0.14510150540293756,0.2769390136789097,1,interior
0.2304631097100798,0.3009036228521945,1,boundary
0.13370278519812573,0.2556576513795255,1,interior
0.16685172919269692,0.0394225074724468,1,interior
0.12093107103821767,0.1750500779563074,1,interior
0.16851478848963247,0.2952954828219234,1,interior
0.11887860208947389,0.188451204721301,1,interior
0.11637813183957692,0.217231792299329,1,interior
0.12430112160200811,0.23729636036216936,1,interior
0.16157131049768636,0.06152916870613431,1,interior
0.1382395251089347,0.13843151020606,1,interior
0.13462059249066544,0.27409444380700193,1,interior
0.1565722592165807,0.0966926381001534,1,interior
0.16175182263391116,0.2836943062506185,1,interior
0.14558410717391013,0.10340589321343674,1,interior
0.12134369055763944,0.2466541692119605,1,interior
0.1621108525767628,0.05981201143727176,1,interior
0.15730927892399965,0.08129868149474999,1,interior
0.14271972924749754,0.2780925150565507,1,interior
0.16138951950497019,0.04520511195639477,1,interior
0.17235403752178965,0.29511809808229933,1,boundary
0.12801990119170242,0.22663827893694463,1,interior
0.1341056438880999,0.2647749446105267,1,interior
0.1356841311922911,0.2498621023513915,1,interior
0.12290608153691317,0.1736659294258169,1,interior
0.14398356601092596,0.1167715270032741,1,interior
0.14747830909686127,0.10525781519343286,1,interior
0.13419410816965693,0.27099695457407186,1,interior
0.12431744868196189,0.17237374492335458,1,interior
0.13641309333148013,0.2478206853393625,1,interior
0.11890918037874958,0.18418765213944877,1,interior
0.14843760027953462,0.2840105200296837,1,interior
0.1355848557098866,0.1250588793147124,1,interior
0.16125574768305273,0.04301368273395022,1,interior
0.1323599425223766,0.27114331322219626,1,interior
0.13506147134529817,0.1484338404853282,1,interior
0.16268675089686868,0.04806028292060568,1,interior
0.12494708341497895,0.24890476512424703,1,interior
0.1239262277501323,0.1754419514551077,1,interior
0.15705833852134804,0.08332988305238206,1,interior
0.14139511752197095,0.13181890221990233,1,interior
0.1869432945591947,0.009864947427351169,1,boundary
0.15602438684259787,0.08949125605808558,1,interior
0.11748672743309899,0.22453554398886708,1,interior
0.17691510173631125,0.2892890808709116,1,interior
0.16589518953817445,0.2918672486385593,1,interior
0.17581726649846371,0.025089886085614462,1,interior
0.13813961374143885,0.12728367014271916,1,interior
0.14737348596539426,0.11094562722519898,1,interior
0.16363820850060434,0.054262826544150704,1,interior
0.12729392600303957,0.24759222152416016,1,interior
0.13129559246717495,0.23985130738137814,1,interior
0.12048225663849453,0.19269930100222274,1,interior
0.11970123486950049,0.2112233439581396,1,interior
0.13970152025139065,0.13746019322966446,1,interior
0.1528891790459867,0.10400776656248176,1,interior
0.13981812445018596,0.13420016148619035,1,interior
0.1179001543891126,0.22018867235342224,1,interior
0.12069945862107352,0.220350135953404,1,interior
0.1206402602020264,0.21451324862879764,1,interior
0.23316532761811185,0.3022847229675692,1,boundary
0.17686892916923755,0.027346481749317017,1,interior
0.18171290897549233,0.018068441367596135,1,interior
0.1330081380794799,0.27328835931364615,1,interior
0.13787145830292324,0.13315044769009973,1,interior
0.1207778163531329,0.17891457805664807,1,interior
0.13234288663698138,0.27567803631354837,1,interior
0.12746862214934,0.24480042818497852,1,interior
0.13575848550190603,0.12658680469748426,1,interior
0.16635577632217732,0.056735193251949326,1,interior
0.1157952421977875,0.2284764177974382,1,interior
0.1625119798585557,0.05287716167358856,1,interior
0.14408507792118902,0.11394161016239915,1,interior
0.12043520582244847,0.19476956348879737,1,interior
0.13244821432080453,0.2519919602717674,1,interior
0.15213032596379225,0.0827076891486504,1,interior
0.1396608754178434,0.2788047508319339,1,interior
0.12342700540832598,0.1672581434951237,1,interior
0.11992535100446755,0.23697978876357287,1,interior
0.12568695541619246,0.2244702698696791,1,interior
0.1380294297306612,0.12191005231931322,1,interior
0.13842530969315833,0.13573677280178015,1,interior
0.14934296403549055,0.10532922559081342,1,interior
0.18123400614684065,0.02567654541735992,1,interior
0.16388642415939889,0.05710178130814848,1,interior
0.13596221030415076,0.27093566396255186,1,interior
0.15600991848594326,0.07537454118017785,1,interior
0.16450403597922483,0.2891019207776841,1,interior
0.14224211519222707,0.1133434869989178,1,interior
0.16268640783114796,0.05568922240358436,1,interior
0.16051241702021668,0.05327334208872728,1,interior
0.14159060665551773,0.12968214939115857,1,interior
0.15895389112519673,0.08922512737077301,1,interior
0.16251791316231032,0.05128711212630931,1,interior
0.14132203511059288,0.27655389633609134,1,interior
0.23256599535410974,0.3004559582787982,1,boundary
0.13686758095810814,0.13706555677841153,1,interior
0.12283754319155257,0.20118984811205937,1,interior
0.13892610359859384,0.14007012589633425,1,interior
0.15958323995791823,0.09623507399470116,1,interior
0.16430279158307695,0.07171390457968288,1,interior
0.11711766756992255,0.2135237427283961,1,interior
0.1342521300518127,0.25942574097549853,1,interior
0.16275456198267158,0.06500502754055444,1,interior
0.13653696747001165,0.14529623327660557,1,interior
0.15615046259392226,0.07988993631239964,1,interior
0.15491695303061942,0.09187346871180425,1,interior
0.1258129314159602,0.17160395676095488,1,interior
0.17285572980724734,0.040338455195922045,1,interior
0.17812003634304466,0.0258178792219442,1,interior
0.2313793499030661,0.3024634910809916,1,boundary
0.15458951821398573,0.08805272128793541,1,interior
0.12787605230136656,0.16875232518571892,1,interior
0.16370277508550976,0.2925928459085719,1,interior
0.11529818432290673,0.23242849769666926,1,interior
0.12221128871020523,0.20986522721815465,1,interior
0.18071929628584132,0.027514941339577253,1,interior
0.14138497412892523,0.2792923052728737,1,interior
0.12320853242542062,0.23621556320229864,1,interior
0.11968394706648605,0.24317582699121773,1,interior
0.1550899308970792,0.076755117027993,1,interior
0.1191546888638637,0.22687454586920186,1,interior
0.14026712698243982,0.28065223801153816,1,interior
0.15651783586219797,0.09207373501798453,1,interior
0.16177097752810357,0.06305775352122929,1,interior
0.11437084067074851,0.23122369499206472,1,interior
0.11867473149238249,0.22191257212855758,1,interior
0.143291498880297,0.25287026552706454,1,interior
0.13525718372588436,0.13801669868808839,1,interior
0.19360750759046622,0.012000218602885951,1,interior
0.18606090462742952,0.01185343087959629,1,interior
0.1511429038509718,0.08557139674909844,1,interior
0.1592433885782889,0.06893317257932158,1,interior
0.14176971710780484,0.28131636582417874,1,interior
0.1836274995781163,0.023660340625331004,1,interior
0.1574940879738525,0.06945003913729575,1,interior
0.12264055172933974,0.16304587589400837,1,interior
0.1224005227102721,0.19641697701392463,1,interior
0.18137276906225952,0.016468125127273272,1,interior
0.13475677646390258,0.25730849823532925,1,interior
0.120821697411554,0.18254669642834292,1,interior
0.16005806139555845,0.04422808466562745,1,interior
0.16479354119730585,0.0462533962781714,1,interior
0.1403083455265703,0.28243090003470284,1,interior
0.1794796194722736,0.02269972224184731,1,interior
0.11964717946994541,0.19033340357331582,1,interior
0.19499591385276943,0.007126511006882762,1,boundary
0.11787494151765145,0.24015437977561707,1,interior
0.11843526530563724,0.23784872810797367,1,interior
0.13551517619007047,0.2607279518040165,1,interior
0.12320296728062811,0.1588512368410254,1,interior
0.1588049407025745,0.2844425915988772,1,interior
0.15439818147591913,0.08357066131911349,1,interior
0.15355923500588442,0.2837482506510697,1,interior
0.14740297160607702,0.28523000117024866,1,interior
0.14819276759018035,0.08548117550552733,1,interior
0.11622801394857613,0.17466461415126286,1,interior
0.12120067815520909,0.2379504081403087,1,interior
0.18007456180907527,0.01546968615919842,1,boundary
0.15138979711338402,0.09915068484679138,1,interior
0.11801147059964776,0.23471210573590098,1,interior
0.17890383190073378,0.024366995421139886,1,interior
0.11716825939307839,0.23621095478053822,1,interior
0.1798340824628409,0.01965793726052995,1,interior
0.15544176247426325,0.08211652201719652,1,interior
0.13223183084617404,0.15287971575351827,1,interior
0.18051797284568835,0.024234308939968245,1,interior
0.1631373681229416,0.08770670503667818,1,interior
0.17590001357984375,0.0229135605951937,1,boundary
0.11777080944897013,0.18678384331631573,1,interior
0.16787213549409274,0.058232248865205505,1,interior
0.1250798366087916,0.16900031359253428,1,interior
0.1371569333757392,0.12892954638630694,1,interior
0.1626941607906338,0.06996799610532106,1,interior
0.11750175236606127,0.19252218721420591,1,interior
0.13778095438073362,0.28322066221198267,1,interior
0.11537600858526603,0.21402803999529876,1,interior
0.1257741225957254,0.2444494965136207,1,interior
0.13299259119780282,0.1492088862303155,1,interior
0.12298619614083937,0.19953644663086556,1,interior
0.14897816030485744,0.10376871879714761,1,interior
0.11735927761398854,0.18509573324039658,1,interior
0.12182787212132466,0.24870294144086347,1,interior
0.17786666572451076,0.021901202890427445,1,interior
0.14050032991749098,0.11427265558304638,1,interior
0.11568313132943699,0.23879032609796128,1,interior
0.13334025578639086,0.17854651120023174,1,interior
0.14666087870118202,0.27633945481653593,1,interior
0.15566227571900507,0.07836671271915369,1,interior
0.16089622672372852,0.056136224087261793,1,interior
0.1180688269747467,0.18146807744125307,1,interior
0.16537913365305104,0.0587735822324836,1,interior
0.16144688850563635,0.054612757237652215,1,interior
0.12178749120950119,0.24517915673834456,1,interior
0.13393761369521437,0.12672858273605683,1,interior
0.1399997057602633,0.13023663911703076,1,interior
0.1310608128148038,0.15013065815520293,1,interior
0.11999117546105206,0.24470122617259724,1,interior
0.1255685364601541,0.24667376301494875,1,interior
0.16171770498437832,0.04978761117057677,1,interior
0.13719604502560667,0.27802351988035046,1,interior
0.14980456632653852,0.2792413388064145,1,interior
0.1607579071069573,0.05098865161655239,1,interior
0.14834079122562494,0.1082698487736397,1,interior
0.1407677449113163,0.11190568847760453,1,interior
0.13319061149798184,0.12531104407746643,1,interior
0.18117833072175954,0.01322813310916621,1,boundary
0.1320197563935229,0.2543009316845998,1,interior
0.16092765213770963,0.07108140950936806,1,interior
0.14673516028960235,0.10713637549134719,1,interior
0.15400233994706589,0.09334216822389382,1,interior
0.16171024420423796,0.06857861928464301,1,interior
0.1611256920488496,0.06605715942278809,1,interior
0.15321279129287338,0.07948127370956522,1,interior
0.1626500170112507,0.0718985707072699,1,interior
0.11731084182225088,0.24411748099215552,1,interior
0.15000435073659663,0.28208311223114946,1,interior
0.13800499977475497,0.28040838608207147,1,interior
0.15241239344108531,0.0906615541392043,1,interior
0.1545986234393985,0.09812322060535071,1,interior
0.15164657908203683,0.10840495385018785,1,interior
0.11916563573716293,0.250015165077188,1,interior
0.13040084675169955,0.2527697311645707,1,interior
0.11291799353198467,0.22327081219113143,1,interior
0.11566532698335794,0.2299895723909831,1,interior
0.12191787928124474,0.16123546912305028,1,interior
0.149749900703094,0.10123161178279357,1,interior
0.18343434929499808,0.012593488835437282,1,interior
0.1329092347287645,0.25725234849545076,1,interior
0.129655329448082,0.1602127677023704,1,interior
0.1643204976058478,0.06055200784759062,1,interior
0.15764114689840847,0.07372994363762492,1,interior
0.1346508756831644,0.12919973756518238,1,interior
0.15666696501171207,0.08496807810199175,1,interior
0.14304785161518402,0.11522492123284436,1,interior
0.11808265800440941,0.1910402430482057,1,interior
0.11413808231477915,0.2220856678821724,1,interior
0.11715728075399165,0.18316728148855313,1,interior
0.1596637946426429,0.06747149595309461,1,interior
0.18210420391299656,0.014867839773382442,1,interior
0.16818323934003318,0.04138688834612332,1,interior
0.14301646661664685,0.2822345399682318,1,interior
0.11687581297475583,0.18947860954701742,1,interior
0.1541494683195388,0.09039904803528297,1,interior
0.1519389972006162,0.0888229671315728,1,interior
0.15862394743367156,0.05181573642409769,1,interior
0.11646528936375163,0.17719459959873,1,interior
0.11834429809455287,0.17916706296672247,1,interior
0.16037724229475922,0.0599454824935669,1,interior
0.1219986722489159,0.17622314864005834,1,interior
0.1224350974012637,0.20281818011469124,1,interior
0.15766097287603972,0.04294579940449957,1,interior
0.13960162998569997,0.11301245302581532,1,interior
0.13874063989737134,0.12903340952723577,1,interior
0.150480659541352,0.1040760909662306,1,interior
0.11611489658637492,0.18778144870810173,1,interior
0.1525149842648631,0.09288364307858432,1,interior
0.1398189579721024,0.12099618791209169,1,interior
0.12166220745372437,0.1656846775079047,1,interior
0.14714551262650644,0.1031453469946496,1,interior
0.1629423578830525,0.2946758731513538,1,interior
0.16062700915575406,0.040991240025256705,1,interior
0.1400393556058118,0.13269749959779784,1,interior
0.1182618829119132,0.24548104878898422,1,interior
0.11192633469119351,0.231342607643237,1,interior
0.1275259353873355,0.1584308897873261,1,interior
0.12997295494846461,0.2761344973773961,1,interior
0.1149600068306056,0.18285209130675958,1,interior
0.16373216501393234,0.05914936897525398,1,interior
0.1526983395694786,0.07666328252511878,1,interior
0.13251069801975632,0.26484523623989686,1,interior
0.16527066924106368,0.0383848682270825,1,interior
0.12054749637945951,0.16307303880125407,1,interior
0.16335247629337887,0.04173289660957202,1,interior
0.1636437278787153,0.04941400059454659,1,interior
0.13378057019167594,0.26820873262416434,1,interior
0.11861176334761708,0.24796502682505195,1,interior
0.12093750180864446,0.15890993641997003,1,interior
0.16922621474836608,0.0425691395633427,1,interior
0.14321722434354278,0.1120114258557376,1,interior
0.13433563129979384,0.141948325221483,1,interior
0.1282796447523395,0.24635733217926295,1,interior
0.1652096614533381,0.041474571102249023,1,interior
0.16449358223313107,0.03993542600675552,1,interior
0.11894812734422638,0.1618598671118765,1,interior
0.11643223363449309,0.24553565368290808,1,interior
0.17002314699603002,0.2957894085153279,1,interior
0.1477670338055372,0.08859779075262936,1,interior
0.1372165132756639,0.1484335881328066,1,interior
0.13026193941452208,0.25120817946241947,1,interior
0.12011146170297818,0.1997720180278044,1,interior
0.1270949940785308,0.22113996625476698,1,interior
0.1594247874717189,0.06436174329544442,1,interior
0.11350019905451071,0.18909953516463465,1,interior
0.1624060989627957,0.2895446818158996,1,interior
0.19214886493721034,0.007614078141584199,1,boundary
0.15687989882183953,0.06721418166538082,1,interior
0.11575897233173237,0.21575254495817156,1,interior
0.16230647655354527,0.0402092144561531,1,interior
0.11581966303462443,0.1913484725243044,1,interior
0.12282116927175844,0.17058966530332262,1,interior
0.14960652098170607,0.09079094677358336,1,interior
0.15461438856666995,0.07151934703342192,1,interior
0.1611527099668344,0.2919084402270215,1,interior
0.1920536411733861,0.012282689013132557,1,interior
0.18477756474377924,0.010171009311665603,1,boundary
0.15376708307645318,0.0813928809546482,1,interior
0.144876031181326,0.2791795495318612,1,interior
0.15411385389638688,0.07808082935555379,1,interior
0.1607312830283538,0.03933237271193792,1,boundary
0.15659969247867395,0.2850688542792139,1,interior
0.1482125954345411,0.10179045228616494,1,interior
0.16259055871863012,0.05805712668711144,1,interior
0.14191574689052439,0.11946535814188931,1,interior
0.11570956193646105,0.22687644603397109,1,interior
0.13086506559943709,0.2638761365522209,1,interior
0.15147514997634307,0.08408439404818151,1,interior
0.13586880548265448,0.13205737287881292,1,interior
0.12173137098788264,0.16739607707183682,1,interior
0.14421793891053114,0.2807815203223171,1,interior
0.11331961232098225,0.22688604062315376,1,interior
0.11578406507848664,0.17903360394687362,1,interior
0.13367758136409255,0.2633029011420175,1,interior
0.11839570720293466,0.24183153680677144,1,interior
0.17742965366259758,0.0198562561162135,1,boundary
0.13935205616838403,0.11128333677837104,1,interior
0.11939856027843551,0.23393382137231172,1,interior
0.13584419139146903,0.12332499801146987,1,interior
0.11137078200900404,0.23384189599393215,1,interior
0.12029839747637,0.24792409762280843,1,interior
0.11447678908367226,0.22492836898762186,1,interior
0.1583502338157817,0.2911488330736535,1,interior
0.15552072486537813,0.06824345420856145,1,interior
0.18525378038432563,0.016376604521875133,1,interior
0.13223317774416157,0.25899652996423045,1,interior
0.14279408539797694,0.28005810712424517,1,interior
0.12905457423935202,0.14992385386083823,1,interior
0.1256737723780381,0.2510546668999981,1,interior
0.1410442962346434,0.11574085353650058,1,interior
0.1629413251891345,0.038661305194542236,1,boundary
0.11707360067253847,0.24826285862115535,1,interior
0.1266898181342488,0.1564578498872645,1,interior
0.15838790588764268,0.04090041620153722,1,boundary
0.16788968344319735,0.297077191299848,1,interior
0.11688037962288182,0.2120084093637646,1,interior
0.16651376572991086,0.2989304611144597,1,interior
0.11720351914779677,0.21882920286204557,1,interior
0.23310996858242994,0.3043896470368987,1,boundary
0.12697197827764004,0.24916760033999405,1,interior
0.13394405770422751,0.12189855746502475,1,interior
0.18988562871183254,0.009402457892496746,1,interior
0.14095853310147016,0.1091752067463955,1,interior
0.15921619640828252,0.05435181568788553,1,interior
0.13473729454308842,0.26947713938546564,1,interior
0.11883430796605494,0.16519995041320185,1,interior
0.16303426711809418,0.04536472684672911,1,interior
0.11990623807187387,0.25258188443471763,1,interior
0.11530627943196697,0.244477274501087,1,interior
0.13708769097031137,0.13089989049516715,1,interior
0.14690065029343338,0.26212345513295576,1,interior
0.15973691713637192,0.058316714895309874,1,interior
0.12619234108424524,0.1613740207127694,1,interior
0.15519093874743078,0.28576587223340694,1,interior
0.11525075871153258,0.1891331777853138,1,interior
0.12114986620079288,0.17193172173621948,1,interior
0.13655622001608433,0.11062489405778453,1,interior
0.19366087392719003,0.0063197916183724235,1,boundary
0.15174371757930144,0.28534912928652245,1,interior
0.15919588123607753,0.06596845044300065,1,interior
0.13004430085463178,0.2581678746445479,1,interior
0.11735165597891883,0.1729310006870364,1,interior
0.11673786057242874,0.24260474747597874,1,interior
0.1796850818849263,0.018119652077185796,1,interior
0.11425185226640555,0.21729195011086166,1,interior
0.1656189401263617,0.2958017611977543,1,interior
0.13893477508058946,0.26218313062837534,1,interior
0.13554437974643038,0.12112503908572135,1,interior
0.12730827904623304,0.1629296645498201,1,interior
0.15934462863468501,0.06267398069348978,1,interior
0.14137242031150082,0.11755344795453461,1,interior
0.14786104922016308,0.28699026047970216,1,interior
0.13206319224437227,0.2559063073538572,1,interior
0.12905476148721737,0.1529777534272304,1,interior
0.1932535908759004,0.008729363680325987,1,interior
0.13133133376946543,0.27326076858647075,1,interior
0.11631966723800342,0.23424625045655678,1,interior
0.11614213033461589,0.2202979543054223,1,interior
0.13455484207863405,0.2762458630766819,1,interior
0.15193460179911514,0.2823118176416491,1,interior
0.1548662892381414,0.06988166705892632,1,interior
0.11972708340878797,0.20799073135955662,1,interior
0.18263450357381136,0.011180681114619055,1,boundary
0.13496015938428338,0.14037416953426632,1,interior
0.13373373308317996,0.11133805000350082,1,interior
0.13523474815683634,0.14417160990694428,1,interior
0.13514020090539758,0.14677208302128264,1,interior
0.11914133385264869,0.17354538753464724,1,interior
0.11332517452210054,0.24273527112605586,1,interior
0.1165446681797471,0.18097524109021842,1,interior
0.1326569213752033,0.11921716662221703,1,interior
0.1141842306146069,0.22029807138769072,1,interior
0.11553166227370325,0.186374854973264,1,interior
0.14490235802492038,0.08771420727353946,1,interior
0.186790186084858,0.013302347965341335,1,interior
0.11674878317504962,0.25000645818270584,1,interior
0.1658609770900871,0.06074261523167258,1,interior
0.1543127265166884,0.06577207858514403,1,interior
0.11326814798118404,0.21470435880307803,1,interior
0.11289934873478212,0.22113996647073977,1,interior
0.1320464448084006,0.2688743797462603,1,interior
0.12145338574906622,0.1694209779676086,1,interior
0.11581090547141719,0.2471534091074218,1,interior
0.1578895579323468,0.06516046850700655,1,interior
0.13190205406448516,0.12090359004753756,1,interior
0.1342900463895028,0.14550595288979987,1,interior
0.15942484238842813,0.28945342781007644,1,interior
0.13322454357666344,0.26651491875389915,1,interior
0.11404909570592388,0.17641835275404202,1,interior
0.16732100723524804,0.07268311294117275,1,interior
0.1586401843436309,0.045167592576450664,1,interior
0.15737239456342558,0.28783878519116063,1,interior
0.11444026490714047,0.18435655558260064,1,interior
0.11281301879035771,0.2163609962784593,1,interior
0.13036708873503455,0.12552972442349944,1,interior
0.15774493239133733,0.1173446515474063,1,interior
0.14958082889122062,0.28543562350745244,1,interior
0.14608938182978065,0.2834224241208668,1,interior
0.11336450595020425,0.2288708418809762,1,interior
0.14637951084399536,0.28144951902337684,1,interior
0.14432652360896367,0.086084671335683,1,interior
0.13854379096691813,0.11810266977694733,1,interior
0.15379477359031882,0.07392228540631333,1,interior
0.13670609455734176,0.13555396862309527,1,interior
0.12973921156453364,0.2549947583421333,1,interior
0.11087228311457616,0.2300928977909686,1,interior
0.14583104864180432,0.10062248986690164,1,interior
0.11341593230731815,0.24536510884554916,1,interior
0.13100355471389932,0.267250718758998,1,interior
0.125326193627388,0.1579631436981863,1,interior
0.16983949814721855,0.04028997543443188,1,interior
0.1238209934698694,0.15584650522325913,1,interior
0.11556912835108914,0.23667409650529153,1,interior
0.11980056768705513,0.24626168745062807,1,interior
0.13001868827254862,0.2566170817710278,1,interior
0.12939171957381193,0.26957386901298924,1,interior
0.11609314344200808,0.22539860179336116,1,interior
0.11825608245205071,0.20560362248674183,1,interior
0.13651118461192277,0.13895760994117137,1,interior
0.15109305893167593,0.10246243492326151,1,interior
0.12151176053640073,0.15640096138545584,1,interior
0.16073763254379259,0.04696518213835602,1,interior
0.1334812010879401,0.13910365240277375,1,interior
0.15627318301037893,0.06526658948584668,1,interior
0.11435534569775467,0.1928735077442254,1,interior
0.15145350726732373,0.10083343808667473,1,interior
0.14421812465634398,0.283570545420349,1,interior
0.14558810169377379,0.28738310878869244,1,interior
0.14877318146262097,0.09996986035358112,1,interior
0.11326387525866655,0.23388663882794977,1,interior
0.12127880179100506,0.19873265072726048,1,interior
0.13437786592566983,0.13174917855081167,1,interior
0.15557472907955136,0.2883758380372728,1,interior
0.1594086304890935,0.2928687964460098,1,interior
0.11456166115078419,0.23495184523487236,1,interior
0.13657455309902974,0.11215196811634649,1,interior
0.1626536283132459,0.28798567807189956,1,interior
0.13615834956436498,0.2803303200748849,1,interior
0.13969350449411447,0.11682333163275774,1,interior
0.11938100595062798,0.17005806300490853,1,interior
0.1201221036449064,0.1970105760146499,1,interior
0.12966145503441953,0.14843824186633087,1,interior
0.1189662155850095,0.16709890626858445,1,interior
0.1106218602286217,0.22185752612366091,1,interior
0.14717441537516177,0.09987598671149657,1,interior
0.15738024976119552,0.29232247572966785,1,interior
0.1532631451378484,0.0722209702667366,1,interior
0.13052472666696724,0.12223165226019982,1,interior
0.1595195546622297,0.042658781276523956,1,interior
0.11713728486836711,0.19503599382134665,1,interior
0.14305109839532593,0.1077843415696106,1,interior
0.13230438395290178,0.14338233186660168,1,interior
0.15633110518692456,0.045304447222797535,1,interior
0.13286822999715692,0.14711344825355213,1,interior
0.15916470324835674,0.2875338765000745,1,interior
0.150084347757866,0.0925569329622839,1,interior
0.11530107347377282,0.24881158719447513,1,interior
0.1495931429864105,0.08330496117113056,1,interior
0.1484469696244325,0.08700428662014181,1,interior
0.13530090907986203,0.2816955459567771,1,interior
0.15780036909914205,0.062194852436170796,1,interior
0.1566557856755934,0.04063196898114858,1,boundary
0.1702786471757144,0.2973405399983936,1,boundary
0.13211947590832346,0.14047056196183136,1,interior
0.11741981337841478,0.2101810102679363,1,interior
0.13177929135270977,0.2623630906101853,1,interior
0.11504783784500526,0.2116336211565467,1,interior
0.11723960003014708,0.1695082246935985,1,interior
0.15521732550450698,0.04383304528659366,1,interior
0.15521017862898548,0.09557139088144466,1,interior
0.14056137239461658,0.1066386687462325,1,interior
0.1578560537532222,0.06035398854035241,1,interior
0.13029592737873322,0.2710290489756304,1,interior
0.11399325813852107,0.17483913478061838,1,interior
0.1581138368532137,0.28609685488908254,1,interior
0.13917174321761813,0.1153550965735615,1,interior
0.15745353022131597,0.05312302206096677,1,interior
0.1316150930912394,0.14610805740930569,1,interior
0.14366659255823244,0.10219488679342262,1,interior
0.14771505266715618,0.09827512921496365,1,interior
0.15014518224020637,0.28720051191512025,1,interior
0.13321391583208486,0.27796760324535724,1,interior
0.14295809304940096,0.28490854269509436,1,interior
0.15447674851182194,0.045447849510674744,1,interior
0.11703231873364905,0.16143408272634438,1,interior
0.15634493139505254,0.06340853196985566,1,interior
0.14583188590549714,0.10857948749758324,1,interior
0.11782352514880176,0.1985410845035645,1,interior
0.15624295639242033,0.060071888488415146,1,interior
0.16458821056919018,0.29824411614259555,1,interior
0.12847983799812004,0.16567309799568922,1,interior
0.11537899918183,0.24106747160764797,1,interior
0.13515762427592373,0.28412877668826153,1,interior
0.15414155891568315,0.06340130345228394,1,interior
0.15172991754382348,0.07177683621149289,1,interior
0.134383075983204,0.2617629719840427,1,interior
0.1602025399549259,0.04864078509143883,1,interior
0.13635616300334596,0.13391991387931185,1,interior
0.12787659095916099,0.25693615574653655,1,interior
0.1591889806849739,0.056115994875650256,1,interior
0.14653205219389615,0.08490606564544134,1,interior
0.1505107482049776,0.08954720638384962,1,interior
0.15634235148661244,0.05443177649934794,1,interior
0.12206545937669254,0.2526436819613343,1,interior
0.13939729317709418,0.10919561205786465,1,interior
0.11391754320800239,0.2098970043066478,1,interior
0.1148425844111121,0.18124516412844635,1,interior
0.14212155307827892,0.10572775999910236,1,interior
0.11340795367753509,0.21196579160826196,1,interior
0.11865885085092519,0.19550263484419342,1,interior
0.11329482324464091,0.23231370493301462,1,interior
0.13247846296286478,0.13157485644968625,1,interior
0.1506854556068921,0.07571063291119896,1,interior
0.11380585595596013,0.2469931354145005,1,interior
0.14476115144067142,0.2859144317460344,1,interior
0.11822117187169705,0.17756638573795103,1,interior
0.1399658945625793,0.10375191999854558,1,interior
0.13052395895053684,0.26573488689850383,1,interior
0.15692609540980157,0.05824428713843748,1,interior
0.11424571638739311,0.19122505462230927,1,interior
0.12334293161523162,0.1687961727575666,1,interior
0.16411791176398513,0.2964155460594957,1,interior
0.11095514242232944,0.2363261075099576,1,interior
0.132988746393375,0.2609886133126912,1,interior
0.1342832822862817,0.27905496068906993,1,interior
0.13802663370534782,0.11981536596134872,1,interior
0.13722126637571305,0.11684300696808116,1,interior
0.16099898019977543,0.06441732473212174,1,interior
0.1522556357957368,0.07434574827745181,1,interior
0.15290019476750497,0.09816540184056248,1,interior
0.14289779479765877,0.09950124009793898,1,interior
0.11788831429899012,0.19695844230810308,1,interior
0.1615313806329816,0.297296285238724,1,interior
0.11046005222861618,0.2323130995732122,1,interior
0.13986525439598374,0.1189120695975842,1,interior
0.11207597216763213,0.21376198594882476,1,interior
0.11330255507327405,0.23695522649121442,1,interior
0.11025332594886449,0.21906277994071963,1,interior
0.11254061721573,0.2186401014397654,1,interior
0.1297529257858358,0.2726621096271302,1,interior
0.14531834480473177,0.08222159128427035,1,interior
0.13441789411285868,0.1352608432602862,1,interior
0.11052474012378993,0.2236680943107748,1,interior
0.16270485599066598,0.09440300069941991,1,interior
0.1552802884056906,0.29209454607066954,1,interior
0.1486449709277023,0.08196095978953752,1,interior
0.1310433746963189,0.14429688010235447,1,interior
0.1339966206274108,0.11846017826651221,1,interior
0.13014541835778304,0.2612644345808253,1,interior
0.16190570133004115,0.2863657049139162,1,interior
0.13541689561377962,0.2636802505090099,1,interior
0.10880626133200527,0.23095901409371059,1,interior
0.11900865109164431,0.2037659400625173,1,interior
0.15303070135995986,0.06942990689160566,1,interior
0.1151203458933842,0.25163726170033524,1,interior
0.1564700774505127,0.291020702987905,1,interior
0.11824577361329001,0.2520466169261404,1,interior
0.11071328197369815,0.21252083289149212,1,interior
0.12104222683786536,0.2012678855306455,1,interior
0.15288475652781375,0.06708127507963965,1,interior
0.1507884439749482,0.07834219593419071,1,interior
0.13560334442284452,0.11907606754350138,1,interior
0.1609826624895162,0.29354814115763195,1,interior
0.13402057111382107,0.1202161809369491,1,interior
0.15736320300941858,0.2942718675011856,1,interior
0.13027158430454053,0.25974918512328166,1,interior
0.15564153351952675,0.04222266279002163,1,boundary
0.1334871694031988,0.12356800646617587,1,interior
0.11824146266393872,0.20732955309440793,1,interior
0.10956260982311741,0.21518763759503004,1,interior
0.14225801205796976,0.08759319991212643,1,interior
0.13451030998920088,0.13368602044677716,1,interior
0.16274403645235985,0.2982406597579566,1,interior
0.11886721144202157,0.20162038392455395,1,interior
0.12709613192040922,0.15378690935174721,1,interior
0.12757286687427405,0.2590256809714862,1,interior
0.15188305622786874,0.08088401664781829,1,interior
0.1324065546195139,0.12762639723698133,1,interior
0.131766007197657,0.12417353862430378,1,interior
0.16967393948959983,0.29948842322012437,1,boundary
0.1278238069394811,0.2531303439374227,1,interior
0.16830756287980345,0.3021768286160016,1,boundary
0.14115552369037138,0.1011787215993883,1,interior
0.15845487515315862,0.047735050522029476,1,interior
0.1446387618783737,0.08411567566572584,1,interior
0.15535269503161153,0.061358931212149664,1,interior
0.12402210906073076,0.25083515614104324,1,interior
0.13949522368861655,0.2840451148915239,1,interior
0.135181401476251,0.11734463286979761,1,interior
0.14971554801648546,0.08486710810980648,1,interior
0.12849343365210264,0.2633310090066374,1,interior
0.10838655335643535,0.2205654768966668,1,interior
0.15048525267362917,0.07014146004453471,1,interior
0.12034748099411133,0.16087712577456167,1,interior
0.12324622765380529,0.15729630352466967,1,interior
0.1479143942341799,0.09252608973438362,1,interior
0.11599565781000759,0.20881944822476015,1,interior
0.12415030805340604,0.16215913103269758,1,interior
0.15222406011856315,0.09573115717753938,1,interior
0.13222312906098505,0.13001229444540494,1,interior
0.12272798277748856,0.22954871159061005,1,interior
0.13119412007172276,0.11753837528725218,1,interior
0.11579651305258055,0.16398179566192478,1,interior
0.12779071542613424,0.2705636306315579,1,interior
0.11306192782133814,0.19443054902147835,1,interior
0.12911331744128834,0.14635494114889358,1,interior
0.1484968563585143,0.07983261584076567,1,interior
0.13340404955854193,0.13696289141566656,1,interior
0.12936226607653867,0.12331908866023718,1,interior
0.11183822451131745,0.22882226468813316,1,interior
0.14983765050093092,0.08094735065602328,1,interior
0.14685520932953175,0.09055532491128979,1,interior
0.16115994818022517,0.28836188586841266,1,interior
0.16493432576084277,0.30080632631965465,1,interior
0.12004909790072048,0.20262915009491203,1,interior
0.111898633385378,0.22625967398433203,1,interior
0.15824670960963036,0.297158699253188,1,interior
0.12327931137958814,0.2494375668044996,1,interior
0.1576400170852185,0.056549139138332,1,interior
0.13745914890579716,0.11349302003446406,1,interior
0.1570432690766183,0.28357397357139946,1,interior
0.15768442345648923,0.04957568401116472,1,interior
0.1462898698742483,0.27807160915414403,1,interior
0.1146931799953249,0.19682779953133372,1,interior
0.11217195286143024,0.18231787373020453,1,interior
0.11559032924570838,0.17302014725749398,1,interior
0.12538664596352014,0.1534457763181026,1,interior
0.10938306222096407,0.2342845412663181,1,interior
0.1415509697261336,0.28335716245794806,1,interior
0.1600029777597824,0.2952993870654623,1,interior
0.11387323747738967,0.23886006909280563,1,interior
0.11884972058194626,0.15834950268995018,1,interior
0.11254999501596857,0.19044499710011661,1,interior
0.1165810163774156,0.25255836638000456,1,interior
0.11738626235861932,0.1756687357093739,1,interior
0.15220801209094878,0.2869448576761152,1,interior
0.115717081911099,0.19408157379164678,1,interior
0.130340530848315,0.14281434180860764,1,interior
0.12854627749918568,0.1449285901640819,1,interior
0.1612152942915202,0.29900275114610114,1,interior
0.13110341402074388,0.13345579827315618,1,interior
0.13800126716005479,0.28492964449733216,1,interior
0.11106765226230507,0.21641627503326907,1,interior
0.11598341014017548,0.25451628824151634,1,interior
0.11340074738029775,0.1868821611267705,1,interior
0.13772826442122516,0.10905786923777809,1,interior
0.1289494368498652,0.1212029789543326,1,interior
0.15521112075803067,0.05894189591106397,1,interior
0.16425099041803362,0.2873749595762303,1,interior
0.10992811114752489,0.22653808336491235,1,interior
0.11237354395728803,0.1856941330266374,1,interior
0.11025354838469381,0.18056903726114876,1,interior
0.1331948311164816,0.28133456720039035,1,interior
0.125914170425844,0.255114629544812,1,interior
0.15236774600194514,0.06324242430464873,1,interior
0.1216015590467299,0.25082880746606345,1,interior
0.14536823969482252,0.09013444864545994,1,interior
0.11668034863928345,0.20714164781046737,1,interior
0.13258026710179394,0.11278451072639285,1,interior
0.15549565372560545,0.0565367047017537,1,interior
0.12349223311012218,0.15385386417414848,1,interior
0.13900241314388703,0.10710569589858482,1,interior
0.11605453777406402,0.1710743428554175,1,interior
0.13474210808002962,0.2668681195337615,1,interior
0.13019691606398037,0.2744211568730477,1,interior
0.14729395147857188,0.08078986890646893,1,interior
0.14821690567233028,0.07714632644990466,1,interior
0.12495446030496493,0.15159033611660028,1,interior
0.19179946070206377,0.00946310319750443,1,interior
0.15363259605698812,0.05671175689684189,1,interior
0.1278452434369833,0.2748557215045595,1,interior
0.15237664063554718,0.04490129864879473,1,interior
0.11935878643558193,0.17165293183117894,1,interior
0.16658493851917192,0.30083619064501266,1,interior
0.1573394277196054,0.046701244432920126,1,interior
0.12684591455488253,0.2619170861634862,1,interior
0.1380739871191409,0.10571091622065706,1,interior
0.11223392038694528,0.20815762005153748,1,interior
0.16346611080443155,0.30001166682707925,1,interior
0.13937675555981366,0.10176465189232661,1,interior
0.13829720778672075,0.09966298895448801,1,interior
0.136167744858888,0.28552001619591033,1,interior
0.11165679756323528,0.23807799443800165,1,interior
0.12796985836660066,0.15135536627607907,1,interior
0.12028950940102841,0.2546407273255634,1,interior
0.12674181128209677,0.12199961797242198,1,interior
0.1428526735992699,0.10375799916214727,1,interior
0.136147456893892,0.11516290584735214,1,interior
0.11618072100938576,0.1582168929131439,1,interior
0.10806589629241625,0.23542220795525343,1,interior
0.1285622960877924,0.2612506255001189,1,interior
0.18984881981166848,0.007827514123415301,1,boundary
0.11286283470140249,0.18398343245073467,1,interior
0.12213716903676444,0.2543665763952973,1,interior
0.14686397192941153,0.0866083281737013,1,interior
0.15630834232115146,0.29895383784558616,1,interior
0.11914095513026252,0.1552563976573478,1,interior
0.13977100640928522,0.10531165378141168,1,interior
0.15089026083726617,0.09486878892168896,1,interior
0.1096174747722131,0.21758702399436505,1,interior
0.13480184825073185,0.11439678361241312,1,interior
0.11419293598447051,0.1782081748292482,1,interior
0.11460532369693818,0.17015387187670317,1,interior
0.1372237227238994,0.10733618608359233,1,interior
0.12983142483665847,0.127266756580308,1,interior
0.1547202689470466,0.047019023747172664,1,interior
0.15786977123508353,0.30003984378955684,1,interior
0.15398763041260646,0.09654744025295485,1,interior
0.10961659556598413,0.2288067363998015,1,interior
0.11933077652788147,0.19834225008155137,1,interior
0.11456410825051792,0.17169029875869554,1,interior
0.1328281520572953,0.116448681954711,1,interior
0.111388288144927,0.19346743859307294,1,interior
0.11208048424183396,0.17502396308934837,1,interior
0.11802361718985659,0.2535528361181729,1,interior
0.1552874345352492,0.048906173751115584,1,interior
0.13587446829255595,0.10600521100069223,1,interior
0.1255535523399616,0.15542048604954808,1,interior
0.12747644072100675,0.1267909684383933,1,interior
0.13638276392310225,0.27619333094210335,1,interior
0.13000373911069404,0.1294704930235962,1,interior
0.1613614871571791,0.3006917430066944,1,interior
0.16102810622529484,0.29034684261597676,1,interior
0.15418242632713758,0.2870464256003281,1,interior
0.14785160822547563,0.08368032690481839,1,interior
0.14468232237603645,0.09891804342306412,1,interior
0.11322803620257375,0.24055465575587057,1,interior
0.15747710359549494,0.28984271067974005,1,interior
0.11797974927624234,0.17093572514233346,1,interior
0.15180494869017963,0.06525661486782382,1,interior
0.12155437050848394,0.15477098776400042,1,interior
0.13603242404380195,0.10401722030211943,1,interior
0.1360668430539035,0.14153385106292854,1,interior
0.1117618833707323,0.1710827416993987,1,interior
0.15406372166347576,0.04255960605509981,1,boundary
0.13514348528464484,0.10760912371827151,1,interior
0.12722960330634936,0.14748446889549557,1,interior
0.14245797444422628,0.2877910844179575,1,interior
0.1353000452812656,0.10168442928722657,1,interior
0.11504637780878685,0.20726480626098726,1,interior
0.10966546368868946,0.22494164407669404,1,interior
0.12607996352984033,0.2633592872693165,1,interior
0.13081693288685825,0.11969563652954221,1,interior
0.13299677117524356,0.1333830571483959,1,interior
0.11640863801482018,0.2050416796115082,1,interior
0.15669396469617353,0.050785592034893225,1,interior
0.1663691647380268,0.3038559237344026,1,interior
0.1499854728674125,0.09735347164523789,1,interior
0.10676659753261362,0.2344274327138974,1,interior
0.12903188198322188,0.2680006733250691,1,interior
0.12639452287624198,0.14966306794633344,1,interior
0.14668993369661096,0.07831276394432336,1,interior
0.1307295636967695,0.14735345782572243,1,interior
0.1116455582251737,0.210952173879053,1,interior
0.10723954599279852,0.21899543995554946,1,interior
0.13248001597708495,0.27949853176821005,1,interior
0.153361648611322,0.2853197549612267,1,interior
0.11401500423479281,0.16581857325309532,1,interior
0.15594717006109718,0.29496219351951936,1,interior
0.1503196739285545,0.07243850436703395,1,interior
0.11379937649883189,0.16275586973189565,1,interior
0.13028936010486528,0.13178049716619228,1,interior
0.14145821609291878,0.28541263728785354,1,interior
0.12784923542140933,0.27713506398232157,1,interior
0.11248355658166725,0.19657989240548127,1,interior
0.1285834059954188,0.14173991795033886,1,interior
0.16594095536775305,0.30225184051990434,1,interior
0.11516929558437111,0.2428245088903759,1,interior
0.1441138286709898,0.09106469699649752,1,interior
0.15628017514303932,0.29706460894989534,1,interior
0.11992505435440651,0.16828008317972476,1,interior
0.16033358704915823,0.2854461503756286,1,interior
0.1494123114587689,0.09416921126038581,1,interior
0.12910933028398155,0.11716404067045211,1,interior
0.11288453848669856,0.179687195172251,1,interior
0.1069979878285188,0.21685833279983624,1,interior
0.1588366578186131,0.3023160125948438,1,interior
0.1334753857390886,0.10778214001342336,1,interior
0.11245564013377485,0.16402927000425957,1,interior
0.11253327671919329,0.23535883229126908,1,interior
0.1527339814431605,0.04771900214132352,1,interior
0.11065804115648419,0.2078365487174698,1,interior
0.15040155680471137,0.0680117296101995,1,interior
0.16355634595779206,0.3019075925013228,1,interior
0.1597448389723048,0.29826466708302113,1,interior
0.11705130916143029,0.20178774591000143,1,interior
0.1467619448197862,0.07469477178624055,1,interior
0.10519038170375461,0.2191736912368116,1,interior
0.11592923805959238,0.19865569413265058,1,interior
0.12078319014342627,0.1532183318528648,1,interior
0.12473337975050969,0.12609706930738399,1,interior
0.1488118714493286,0.07560641361285901,1,interior
0.12758621133779208,0.27312598446990466,1,interior
0.1084828124672974,0.21631318888000722,1,interior
0.15458338475327033,0.2958727903246643,1,interior
0.10868422306782173,0.23258781599487832,1,interior
0.14879641605049285,0.09625873070390577,1,interior
0.10761576594214496,0.23759018106722307,1,interior
0.1328427879017074,0.14503176356342845,1,interior
0.16796911905074702,0.29984583242520546,1,interior
0.137781859186349,0.10411644257523094,1,interior
0.13274623011610798,0.13506760286769687,1,interior
0.15434837147421962,0.05377690341849892,1,interior
0.11972595065915445,0.15682725294732067,1,interior
0.16266265927645007,0.29142563831309903,1,interior
0.1550978100605904,0.2840499346519549,1,interior
0.1356276583173957,0.2777452009511323,1,interior
0.1463507933893758,0.0833644624379825,1,interior
0.1595320222696031,0.300907230463014,1,interior
0.19437887721582126,0.010679925362164229,1,interior
0.11138446140885722,0.24613239841824913,1,interior
0.144020977261557,0.2876607118634593,1,interior
0.15575776010222797,0.052474198593707846,1,interior
0.12250057885733386,0.1526749358098662,1,interior
0.14648621377963772,0.09392447022389382,1,interior
0.11655596867244221,0.1681362250626046,1,interior
0.12758107112186381,0.25484295677557833,1,interior
0.12590784269675273,0.2741769152845899,1,interior
0.11843223578237336,0.19377235125281436,1,interior
0.11262487802231563,0.17755259329464027,1,interior
0.14607276687435378,0.07643791746184335,1,interior
0.1505384970384902,0.06359102552166555,1,interior
0.153485295964558,0.2908370690053218,1,interior
0.11104618903738198,0.1875967735322165,1,interior
0.14717854833397237,0.09532304836368957,1,interior
0.1403614853337424,0.09937769386696392,1,interior
0.10964742788034926,0.2371937481950987,1,interior
0.11018258882096686,0.2387313376334834,1,interior
0.11097132256847282,0.24890673686476494,1,interior
0.14691171767433256,0.07191685064819948,1,interior
0.1566366622606525,0.048106586457697595,1,interior
0.15719088589473876,0.301710819458963,1,interior
0.1420357393354464,0.09686589244624295,1,interior
0.14209128318392317,0.28947424973811064,1,interior
0.15389850856998658,0.051425664721209983,1,interior
0.11065873904175232,0.18284750259367832,1,interior
0.12256046742245058,0.15083679110152326,1,interior
0.12479828567501929,0.14889887564939955,1,interior
0.111074850661202,0.18487045847483025,1,interior
0.15456293233422783,0.29348345746175947,1,interior
0.1292283510073651,0.11901009715351524,1,interior
0.1271599310338709,0.26917079941965566,1,interior
0.12743734503718873,0.1233684624875482,1,interior
0.11773001597696821,0.15363158530601895,1,interior
0.15303315515742247,0.061742833741282754,1,interior
0.14331654846764288,0.08091964926484996,1,interior
0.1053787562802285,0.22147247032058723,1,interior
0.1592965226598591,0.06110720927151537,1,interior
0.15142544089388807,0.04921004457635765,1,interior
0.12425460042168868,0.27311829192240683,1,interior
0.10967237676404158,0.17100198288213742,1,interior
0.12055293735053882,0.15099155954890198,1,interior
0.15227687508866322,0.2919257609922402,1,interior
0.13979463981479504,0.2855648849426186,1,interior
0.1539558974997108,0.2977238175462413,1,interior
0.1501694045109209,0.06633432084718832,1,interior
0.10862112700530435,0.24106240526777117,1,interior
0.1342795169549938,0.10589631503331394,1,interior
0.10654690633769993,0.23114815887519533,1,interior
0.12456635421525057,0.25229760702055376,1,interior
0.1492774549379552,0.08836101657552901,1,interior
0.12194144498795269,0.14931906307870166,1,interior
0.13794491668419595,0.102362033422782,1,interior
0.19526899263910663,0.018652211561602832,1,interior
0.14861599372923995,0.07404155591907802,1,interior
0.10933581775697991,0.18449783609256104,1,interior
0.15327396962859965,0.04979995598015349,1,interior
0.12498578384834544,0.2777708013571482,1,interior
0.10940638567391385,0.18661928004316597,1,interior
0.1123131263367506,0.2478215575677003,1,interior
0.15186009369044945,0.05999725602069753,1,interior
0.14605353077745487,0.0966969652310466,1,interior
0.11172893426335284,0.2446227159664485,1,interior
0.14856702881466,0.06682399176049884,1,interior
0.13614841626554286,0.10900268166296104,1,interior
0.11406696102342323,0.1990575785656867,1,interior
0.11869979499895741,0.15993623291270256,1,interior
0.11148148257488298,0.22016614332129475,1,interior
0.11078646402497533,0.24060664353937197,1,interior
0.10902938988431461,0.22307408007675497,1,interior
0.15033544307919375,0.061792029751166745,1,interior
0.1883238431040732,0.00909033082655518,1,boundary
0.1448207068854266,0.07467897376334953,1,interior
0.12950515151132436,0.278119469380188,1,interior
0.1042992433343361,0.21684132753953062,1,interior
0.11409042468533359,0.2532019492612814,1,interior
0.11036395388610497,0.178978710949196,1,interior
0.1334768157981937,0.10947424590090123,1,interior
0.1540135142508734,0.28890914462563966,1,interior
0.11276213964303482,0.25071129913746315,1,interior
0.10588607821267028,0.21524735876922516,1,interior
0.15942389719588704,0.30380963623522345,1,interior
0.1506329323120946,0.045401818487501466,1,boundary
0.13081619426152644,0.11583573949464464,1,interior
0.11628486269665907,0.19639533195661207,1,interior
0.13137229356028898,0.25741210332147857,1,interior
0.13430362031210355,0.10315186113384604,1,interior
0.12659637738287569,0.15220841028038237,1,interior
0.11111676541527417,0.18970049961216498,1,interior
0.14547366313094745,0.07116460468704648,1,interior
0.11769066138604471,0.16388434106715144,1,interior
0.13104579411654582,0.11066370236219258,1,interior
0.11182805350886448,0.19887231184806145,1,interior
0.12666107812231314,0.14421267331024137,1,interior
0.12854340295350677,0.12480770239762914,1,interior
0.14470515345079385,0.08029120329952415,1,interior
0.11321351620346636,0.20686722331057544,1,interior
0.1645774501451078,0.3045115172894145,1,interior
0.1414956742332557,0.10279054419510182,1,interior
0.15005564751522985,0.059696164111443066,1,interior
0.11486547721520718,0.1670994080339932,1,interior
0.11738170658234563,0.1659067467806315,1,interior
0.10458138981008316,0.22420392774988213,1,interior
0.1341165813824751,0.10048266829135279,1,interior
0.12327400757772179,0.1473947485674203,1,interior
0.14485189061472556,0.09382752075961474,1,interior
0.1291886476748888,0.1147370971822542,1,interior
0.14397105750996353,0.2912930730683617,1,interior
0.11373708379409204,0.24912139883565093,1,interior
0.12405416895432875,0.2759881035471532,1,interior
0.1227447079244447,0.27684510654488925,1,interior
0.10779009879498436,0.23936101921453332,1,interior
0.1305467977816142,0.13935877791884946,1,interior
0.16667484124290047,0.3057963317701046,1,boundary
0.15407579857162793,0.06040331723160162,1,interior
0.12563974999472524,0.27607199639634,1,interior
0.11719393232767927,0.15960037556738876,1,interior
0.1444410440749884,0.09580503391755253,1,interior
0.16066109881563068,0.3020473984752625,1,interior
0.14886827391826718,0.046243577717338946,1,boundary
0.10791153953051065,0.21358737971426398,1,interior
0.15178793048394115,0.05191785290302997,1,interior
0.15190688555085533,0.05398410378288525,1,interior
0.14840836415478417,0.06139713847194514,1,interior
0.16211313759871707,0.30400352992501445,1,interior
0.13306322004296436,0.2834739572430171,1,interior
0.14376110591433325,0.07771493742661643,1,interior
0.14271719102560368,0.09430126241097474,1,interior
0.10518997300178913,0.2340885246731556,1,interior
0.12245586161791036,0.1276856829089304,1,interior
0.14900457762321334,0.06314059933623614,1,interior
0.12441476240723805,0.14492646237096787,1,interior
0.10817311576184917,0.18161138148915149,1,interior
0.10923288929647396,0.1887503792911803,1,interior
0.1311487915444566,0.11364277607236437,1,interior
0.1063240044756832,0.24211223525641878,1,interior
0.11269910975212126,0.17294459172957974,1,interior
0.14546536032062782,0.07275313663839408,1,interior
0.14283539272342946,0.08974281071245163,1,interior
0.1424156951539642,0.08307363800162654,1,interior
0.14082158315633334,0.09180815636289899,1,interior
0.10905251839066295,0.20831700833930886,1,interior
0.13245157996904483,0.1020122312833145,1,interior
0.11301913288323857,0.20481179439268446,1,interior
0.15127276756679608,0.04713103183930393,1,interior
0.15517866358892665,0.05059495888124323,1,interior
0.14258984566192098,0.08505241795116458,1,interior
0.14606463720016927,0.0684735632947729,1,interior
0.11831474128113398,0.20004924827316828,1,interior
0.1238817028917231,0.2805577370412189,1,interior
0.10970422499098824,0.24624956647520554,1,interior
0.11283092461897032,0.1928806643683702,1,interior
0.10914131778342856,0.24910580888064657,1,interior
0.14454536357617384,0.28923129849541196,1,interior
0.14233222479785723,0.09205304868808648,1,interior
0.13944688488990664,0.08938521965954899,1,interior
0.1394869944700416,0.09397328279828268,1,interior
0.11056398250954438,0.20965589269670307,1,interior
0.1404679118525992,0.08211656715037623,1,interior
0.10911256943672103,0.1767899858966963,1,interior
0.12221569212305704,0.2558857268339105,1,interior
0.15746339694334685,0.295838560488931,1,interior
0.13167004699519627,0.10837981364909142,1,interior
0.15142350568899762,0.058434719555081095,1,interior
0.1579257280910063,0.30407947211932346,1,interior
0.12456721218695277,0.12882100710968616,1,interior
0.11045772115660826,0.17253573782553075,1,interior
0.1411271408325892,0.08556966022242682,1,interior
0.11358670106847003,0.15914359106504603,1,interior
0.10776932089995025,0.22453476069492215,1,interior
0.1484024036544275,0.28847154875772874,1,interior
0.11309873190303855,0.2551025744398241,1,interior
0.1167601707328017,0.19995142911130423,1,interior
0.10718148179479882,0.22230977909900107,1,interior
0.15327283994084176,0.058555443199712696,1,interior
0.13483307747153184,0.11018264405335051,1,interior
0.12376324756864744,0.2559400418999483,1,interior
0.14640576062640095,0.09228414618815936,1,interior
0.10806095301076134,0.1877503958670577,1,interior
0.1256616750368907,0.2571194735971106,1,interior
0.1422492664506445,0.07857633743302332,1,interior
0.12685702405767163,0.27931364132882125,1,interior
0.1128949178098305,0.1689449100711836,1,interior
0.1401620779044487,0.09751307846524539,1,interior
0.10660537048101897,0.22890270045871136,1,interior
0.13437388097136357,0.11291947878376803,1,interior
0.11253127346994145,0.16677009935290563,1,interior
0.1115542103515318,0.16020478905668048,1,interior
0.11033272035989318,0.16754028496674575,1,interior
0.12915488953267745,0.13411935198068156,1,interior
0.12000603481654007,0.14923784478578875,1,interior
0.125035928784142,0.14734880837643546,1,interior
0.11460071433555535,0.19517868163634247,1,interior
0.10911395491272505,0.19032722832556334,1,interior
0.14202919652486048,0.07689732438230211,1,interior
0.11472732302577378,0.20163328219294585,1,interior
0.14787752646545949,0.06502423903160172,1,interior
0.1514884546314312,0.2898741231921699,1,interior
0.10778651300390595,0.22631339502066825,1,interior
0.12888988691952566,0.14331322750309444,1,interior
0.12398813986185922,0.25422005326303165,1,interior
0.1263269253019065,0.12935147500336652,1,interior
0.13087486886388058,0.10646611153758989,1,interior
0.1406436392570707,0.08005005433152078,1,interior
0.12769417914685463,0.11856704424227302,1,interior
0.1389670873918673,0.08584140825277004,1,interior
0.11152659447607732,0.1655244624888913,1,interior
0.14119980816914798,0.09335302237988842,1,interior
0.13929881443065978,0.09243502199146257,1,interior
0.11136412517453394,0.2528600179047942,1,interior
0.12976759123822612,0.10467733171381763,1,interior
0.1207394838816273,0.27729894229811974,1,interior
0.16338017678139544,0.3057657531309494,1,interior
0.131537943157728,0.2771349462950355,1,interior
0.1394510622002989,0.08768444649593324,1,interior
0.1401174349756721,0.08428413673455303,1,interior
0.13466000257282823,0.09888915572495743,1,interior
0.1026415141268354,0.21808486253353832,1,interior
0.13042183117716302,0.2807427285524895,1,interior
0.1370666974277438,0.11849163363387816,1,interior
0.11773712188491763,0.1573130372878685,1,interior
0.11088491396085198,0.205430449080564,1,interior
0.15466127148028785,0.3005452377271911,1,interior
0.14862606880662263,0.07245996478021384,1,interior
0.1263383349037929,0.26686147212573924,1,interior
0.10593770426373864,0.1898950214209918,1,interior
0.12314466547522851,0.2789846885541897,1,interior
0.1347552642110191,0.09669715668351256,1,interior
0.13982725990120518,0.07808499860671075,1,interior
0.10856271288007247,0.22767911810835054,1,interior
0.13747537375124286,0.09238067675216406,1,interior
0.12145633781192479,0.14747692554574018,1,interior
0.10441554341745757,0.2226793668311785,1,interior
0.10609751876753551,0.2234234042346762,1,interior
0.10869139740332742,0.21106626556322358,1,interior
0.130224799410656,0.1411337516648975,1,interior
0.12953514109908343,0.11210219486969898,1,interior
0.14858459837751276,0.05817119769996287,1,interior
0.1066277353125142,0.21260735427987174,1,interior
0.10487041963100453,0.18831166494517793,1,interior
0.14266681597821024,0.07257350954927416,1,interior
0.11456381540679611,0.20443006040712222,1,interior
0.1053855043637483,0.23786154116658356,1,interior
0.14660550951266962,0.059985458391436625,1,interior
0.1268857673102806,0.1170143735996583,1,interior
0.11601522408506934,0.15490241530048116,1,interior
0.11102508082957152,0.2567801545605115,1,interior
0.11548093867959863,0.16192188588915846,1,interior
0.15298730346680897,0.29566627018819536,1,interior
0.1252138101090491,0.26849542136223853,1,interior
0.12622514230886434,0.1317163847657567,1,interior
0.15335151506863634,0.29977647131975416,1,interior
0.13206360078033455,0.10390642999845731,1,interior
0.13787888696565687,0.2866697944747953,1,interior
0.11455659511004744,0.15665018284781465,1,interior
0.15069361485936097,0.30083862298616576,1,interior
0.11154291356469116,0.19166171946778288,1,interior
0.15194463555576043,0.2969406078544307,1,interior
0.10802548706154498,0.18343520903874708,1,interior
0.12555859168686773,0.280977808324666,1,interior
0.10935088408515097,0.17406467559202887,1,interior
0.1100792054068593,0.19216962493778428,1,interior
0.1166506345695081,0.20333079945327315,1,interior
0.13657481546908848,0.09008936057122859,1,interior
0.11447331633988629,0.15429199363953208,1,interior
0.13579724022412115,0.09382141240144877,1,interior
0.12421132393590888,0.26215952343474874,1,interior
0.12168307120959679,0.2739832126699439,1,interior
0.11873013864486838,0.2794520158171428,1,interior
0.14816759516301073,0.06892695917740371,1,interior
0.10789830046947174,0.192444414575062,1,interior
0.12840842578008815,0.28011235575470617,1,interior
0.1269328630132382,0.12041945317393025,1,interior
0.15919550922958764,0.049989091391163795,1,interior
0.1327889901475186,0.10633764388862789,1,interior
0.10491213145482557,0.22999047921885982,1,interior
0.12588733387006282,0.25330454079146336,1,interior
0.12891820234098592,0.10919002225574305,1,interior
0.1270289598853205,0.14259449382645645,1,interior
0.12845034541976563,0.2656698353302866,1,interior
0.1382152511264682,0.09071586998921205,1,interior
0.15209286900327962,0.2943102253444657,1,interior
0.12949519978891116,0.10718802860531039,1,interior
0.11150068123572661,0.20303388872004388,1,interior
0.11020746160208986,0.20156059990101746,1,interior
0.14684976211749093,0.28841036737738746,1,interior
0.1090245837983765,0.19418043365546522,1,interior
0.15079113119422707,0.05682492388869394,1,interior
0.1281741106114856,0.2821159400739491,1,interior
0.12610334040998333,0.2720425544786867,1,interior
0.10367388666348519,0.2381361380003528,1,interior
0.10854898981533899,0.19578905497893329,1,interior
0.10970117264781194,0.24398487348811704,1,interior
0.126130501341284,0.12463005613389394,1,interior
0.15501999136909994,0.29015715571604317,1,interior
0.10490329214738182,0.2356507183397004,1,interior
0.12245635865210043,0.1454183633590557,1,interior
0.15512333126530964,0.3019940103695465,1,interior
0.14992501884217607,0.29426260328813836,1,interior
0.14715011794188973,0.06242907425115729,1,interior
0.11756448503644774,0.15152298818641652,1,interior
0.1479803328359313,0.07078225774476639,1,interior
0.10525568323558537,0.23950856207174787,1,interior
0.13959132862739562,0.28709737218922093,1,interior
0.10646256536567855,0.22552065196319945,1,interior
0.11634775034495776,0.15266945083583272,1,interior
0.11078072956627646,0.24287539237391703,1,interior
0.12398705491356037,0.15026961670322764,1,interior
0.16100977345356746,0.30512860604216635,1,interior
0.14617717930443191,0.098582058954417,1,interior
0.10361489967206917,0.23463243331217284,1,interior
0.11934588823012242,0.15198242927655434,1,interior
0.13167313379584317,0.13676790447986734,1,interior
0.1659612620421709,0.30743790883569544,1,boundary
0.11259864374475287,0.2009234328479242,1,interior
0.10701826566618163,0.23286041455265713,1,interior
0.11416425780881037,0.1605998915373796,1,interior
0.14127600574432064,0.09494356378954158,1,interior
0.15418204513650197,0.3032317750605198,1,interior
0.1013506397942771,0.23374946247241435,1,interior
0.13645711465665342,0.0984258388175723,1,interior
0.13802538776520537,0.0789100454593536,1,interior
0.11197620376425363,0.1545018111590012,1,interior
0.16269081196539642,0.3082698135707886,1,interior
0.14112400874195133,0.08986382646423223,1,interior
0.10819972221665107,0.20652983630489374,1,interior
0.10631310738260699,0.18688356124198605,1,interior
0.10891548631144704,0.20030008544935696,1,interior
0.1072815557758907,0.24765426867775647,1,interior
0.13094185210143477,0.2787800022715693,1,interior
0.1395672150343344,0.0957937831591325,1,interior
0.13693822922386412,0.09697319095527339,1,interior
0.13421314192134468,0.2854819089721047,1,interior
0.14924742342446334,0.07833859932806744,1,interior
0.11023917916585756,0.16417557489769224,1,interior
0.12705031449640078,0.10758124800751724,1,interior
0.14339672849591845,0.06966513249479607,1,interior
0.13593528495316637,0.2888082220470222,1,interior
0.12643470580062063,0.1461489329647157,1,interior
0.10805382266613664,0.20953954894576776,1,interior
0.13206183536503488,0.13833840481659657,1,interior
0.11019370939032322,0.15586903981312522,1,interior
0.13782439204355612,0.08175892005476325,1,interior
0.11232334419683385,0.15294294865896763,1,interior
0.1498517343012121,0.28919808472542036,1,interior
0.1362882831361811,0.1003567232882161,1,interior
0.14901746800751603,0.2908610591935048,1,interior
0.14363066190154966,0.07133757354712594,1,interior
0.10397728952886708,0.2285419370799308,1,interior
0.13271573442146842,0.09926999015797233,1,interior
0.1450494037498855,0.07858764754120984,1,interior
0.10651177495928014,0.1809967004902459,1,interior
0.12836822313624502,0.13156572213054424,1,interior
0.13840901816332435,0.0843659800589,1,interior
0.14996523508601028,0.04830704188545502,1,interior
0.15158919682345406,0.0554741046769151,1,interior
0.15165630595256277,0.2994219384025071,1,interior
0.14982028367693995,0.05074099440812662,1,interior
0.15285810198245608,0.3016571168878218,1,interior
0.137314331009084,0.09411324600963906,1,interior
0.10263054200311261,0.22506304016799628,1,interior
0.11027718637924046,0.16936088884315068,1,interior
0.15152685524717371,0.3030405095513672,1,interior
0.1245885633999676,0.2646263851178175,1,interior
0.13288451734584306,0.09679327575511043,1,interior
0.13138221782231035,0.10084840280974468,1,interior
0.10076496051787645,0.23563776138458106,1,interior
0.1248682073186412,0.27928551712539973,1,interior
0.11084272297766708,0.19558759060982175,1,interior
0.12654133280663904,0.2823700923510192,1,interior
0.10842803460710973,0.20232997447715498,1,interior
0.12107679153478942,0.129045817538299,1,interior
0.13830167417475003,0.2890362164153537,1,interior
0.1443856818971123,0.2931972578697393,1,interior
0.15810716729068353,0.3057035108985011,1,interior
0.10992101273353888,0.16202741044436178,1,interior
0.1257350900808434,0.10561839000006149,1,interior
0.10810465167587835,0.1974310201047826,1,interior
0.14998529665051724,0.2975782342426408,1,interior
0.10708995361137004,0.24364537661614166,1,interior
0.14763316018775144,0.29593373224385006,1,interior
0.11087740398673433,0.250750851572666,1,interior
0.12094578556710274,0.27928060406873967,1,interior
0.10278325829141331,0.1900484853665991,1,interior
0.11428098042635447,0.1642372223675485,1,interior
0.14865018627956902,0.3025160820325652,1,interior
0.11949523004901348,0.1273905959592161,1,interior
0.12152923799037849,0.275849870391871,1,interior
0.10899493282000024,0.20398979376606644,1,interior
0.12661393842059973,0.11531876488012857,1,interior
0.13678829544671203,0.08709256577144103,1,interior
0.13914308933513253,0.08091196589620844,1,interior
0.12555844250117018,0.2703793208857541,1,interior
0.12828415514637598,0.12849316908558983,1,interior
0.10806886040143517,0.17190557402688536,1,interior
0.10733760909545309,0.18566717082463227,1,interior
0.129251948167559,0.0995718270134287,1,interior
0.14401989016961253,0.07614571978985625,1,interior
0.12315464480284849,0.27458966405142765,1,interior
0.1393827376335808,0.29148268230659025,1,interior
0.11076650245489658,0.1771932500227138,1,interior
0.10695406526930253,0.2459995429976498,1,interior
0.12676135296612442,0.26471837838467555,1,interior
0.14804392336672703,0.2986143845904625,1,interior
0.12277071664480313,0.12538405651158524,1,interior
0.12397227288665769,0.10653545346183357,1,interior
0.13574556179792838,0.08510905804612157,1,interior
0.13479578161461173,0.2869817595125702,1,interior
0.12496984841016663,0.2598306717005522,1,interior
0.10865976664505093,0.24513008022862906,1,interior
0.129973418149835,0.10271410474230386,1,interior
0.10195533226769825,0.2234329818732306,1,interior
0.1034514674570371,0.22118350595990885,1,interior
0.11592204319073099,0.15091054281469218,1,interior
0.1339300704779461,0.09425098595875449,1,interior
0.1092677253211279,0.2557909239125241,1,interior
0.1228097720707953,0.25772999354221515,1,interior
0.11037134899204733,0.1981928707026054,1,interior
0.1184978233796009,0.20889503298922107,1,interior
0.11266456387453438,0.15641995179322624,1,interior
0.10667218120592942,0.24043573291321424,1,interior
0.1466122012998412,0.3027552614297422,1,interior
0.11730856996151778,0.1497542835019049,1,interior
0.11091429334588268,0.15880832244757317,1,interior
0.14360626459019282,0.09780115847693402,1,interior
0.12636302641720873,0.09924444731526338,1,interior
0.1051120179408958,0.18298470880507442,1,interior
0.12597214155575134,0.10184845416319564,1,interior
0.1126917938719752,0.16141547993233757,1,interior
0.10554996658369746,0.2439501002175753,1,interior
0.1498296550558083,0.30483625066963815,1,interior
0.12502045614258725,0.13316770940222883,1,interior
0.14848980289192257,0.04946540109837448,1,interior
0.12205620433067724,0.2660200247855453,1,interior
0.1426683686617236,0.07433931997789596,1,interior
0.13271999097912346,0.28581314672493324,1,interior
0.1055801977450591,0.22728456859825935,1,interior
0.12723039001953096,0.11281859986295911,1,interior
0.10699039244538201,0.20843693838726463,1,interior
0.12315273810647073,0.25969290458952793,1,interior
0.10967860852275897,0.16591538556864466,1,interior
0.12518101787692665,0.11972773749846959,1,interior
0.12113403761609522,0.13081914800403807,1,interior
0.10523528580939256,0.23206208284005586,1,interior
0.13829291517540995,0.09809584682910982,1,interior
0.10516670800583158,0.2103560698940545,1,interior
0.11956714081244844,0.2748345892406205,1,interior
0.10755174564435803,0.1698278752892228,1,interior
0.10812792215622127,0.16569771165347957,1,interior
0.119280961158612,0.25602037362740915,1,interior
0.11750260614760054,0.15558207640440033,1,interior
0.14891006988918762,0.30018452856737593,1,interior
0.12729325147971876,0.13402526254396085,1,interior
0.09893661253185743,0.23594153085912778,1,interior
0.12739373874586357,0.10357267542288436,1,interior
0.1252617189500456,0.12124748919836177,1,interior
0.1351531381925724,0.09520126498870954,1,interior
0.15587185052752572,0.30436709564883124,1,interior
0.12422500033746516,0.2661330304877371,1,interior
0.12435803565039544,0.2715812058479585,1,interior
0.13755386973326822,0.29169708128700295,1,interior
0.10416581900669558,0.22657544751849942,1,interior
0.12435352148399036,0.12349639634038048,1,interior
0.14618412675862064,0.29012677734603676,1,interior
0.12401921979364898,0.13180046892175945,1,interior
0.14929683620115997,0.054440314006408884,1,interior
0.11912175029713373,0.27678314415100796,1,interior
0.11868506309634949,0.14748862057657203,1,interior
0.147281924091166,0.3049026764110693,1,interior
0.1404480575037935,0.07576927114160315,1,interior
0.1461115668324657,0.29981387440724483,1,interior
0.12464782511020504,0.10824186757588782,1,interior
0.11185672557623975,0.22464888491221585,1,interior
0.14776679453931638,0.047730392124070216,1,boundary
0.1332051282464605,0.11468379765371457,1,interior
0.12754822682044853,0.11017259942812098,1,interior
0.1468282351269873,0.05016318293629245,1,interior
0.10453175403274731,0.18675515416114183,1,interior
0.10636726260835813,0.1712413150098516,1,interior
0.14609924601841487,0.291651872837433,1,interior
0.12034656361394475,0.2644871965104657,1,interior
0.1378935531827369,0.08902320083936728,1,interior
0.13440423285345915,0.0924979313561235,1,interior
0.15045895417173785,0.07408865394841956,1,interior
0.10870761330591476,0.16399214686395885,1,interior
0.1138546975684184,0.15227113370188197,1,interior
0.13654930197039733,0.08365881898550763,1,interior
0.10833226519488912,0.1793095442687334,1,interior
0.1460554958282779,0.06592133692124956,1,interior
0.10198428709124088,0.21987761051079022,1,interior
0.13410510721353916,0.28844691526892274,1,interior
0.1440241537692224,0.06755296061646954,1,interior
0.14519534764382733,0.05056667152746685,1,interior
0.11804130254057545,0.12536881390483498,1,interior
0.12576229428639038,0.127457917115468,1,interior
0.12903698359709287,0.09795542655377695,1,interior
0.1104761478789136,0.1756781049360951,1,interior
0.12330311545773594,0.12079707138461093,1,interior
0.1365437239435939,0.07989833540747444,1,interior
0.10668671336684889,0.20667287240210672,1,interior
0.10639958507398453,0.23645072717090668,1,interior
0.14658749294138965,0.0699820038715275,1,interior
0.10242554141614643,0.22814542659124729,1,interior
0.10580383151294334,0.17370264600547256,1,interior
0.14838374430896034,0.29248426412223466,1,interior
0.11121510603068359,0.15730752980341997,1,interior
0.16494406807291026,0.30966697887247535,1,boundary
0.12159654653751155,0.2623118815247409,1,interior
0.11650909042628152,0.279362264407529,1,interior
0.12300016133260207,0.2641556335872598,1,interior
0.13245662184358908,0.09247353056828708,1,interior
0.14985929180870206,0.3077111519573084,1,interior
0.10662490022822664,0.17543655486467497,1,interior
0.10694132594708133,0.1619353989564148,1,interior
0.10100696154639767,0.21804496226763542,1,interior
0.13077207737088528,0.28444122822095613,1,interior
0.15056017618157716,0.3102257779748418,1,interior
0.10383127872254183,0.1918656071849223,1,interior
0.10518831965878343,0.24752393268698472,1,interior
0.12242848773647559,0.12994488460885126,1,interior
0.13462638571077443,0.29058063866958295,1,interior
0.1461752522001191,0.05201298504848056,1,interior
0.12046625453033091,0.26700523439988555,1,interior
0.1416910733052428,0.08117485383865551,1,interior
0.15058579245545653,0.29249242601030506,1,interior
0.14108406149575056,0.06828515754860638,1,interior
0.12786664346405668,0.10601501010753908,1,interior
0.10937693647726095,0.15368716242227506,1,interior
0.10218114171064963,0.2148889702271409,1,interior
0.1352501903905029,0.09092901583287501,1,interior
0.14994231066206107,0.05301439219557856,1,interior
0.10479868690055197,0.2453659529742284,1,interior
0.13242459255065434,0.29050221373271023,1,interior
0.10597226984203333,0.24890532583053598,1,interior
0.14766501466408533,0.30123729396959964,1,interior
0.10568227338145184,0.17962040855950248,1,interior
0.15123687386160978,0.28826279682514977,1,interior
0.09992399937106713,0.232627064244776,1,interior
0.15584052125488515,0.30621343972841913,1,interior
0.10644349130017787,0.19970307090982084,1,interior
0.11445346452085904,0.15001673442374142,1,interior
0.12175798604134942,0.27227365093053757,1,interior
0.1081700341029649,0.2504256836722363,1,interior
0.12456920541897809,0.1037786451664715,1,interior
0.10980336917331965,0.25297379060848857,1,interior
0.14647850929495737,0.0486080646345046,1,boundary
0.10667981326444438,0.18272814475510155,1,interior
0.1448504430918427,0.2974521204718024,1,interior
0.13982529463072804,0.2890006110466502,1,interior
0.13764017493539524,0.29324414282406824,1,interior
0.12289869982176693,0.1188385387016198,1,interior
0.124821672823955,0.14323373793131397,1,interior
0.12196747918590767,0.10663613513141501,1,interior
0.09971956786507453,0.21946390154619005,1,interior
0.12173288758543757,0.28118224857952084,1,interior
0.12399694468054656,0.09898154700480369,1,interior
0.14081489187908455,0.07285492847131429,1,interior
0.10504762906129335,0.2050361477267942,1,interior
0.12298898857861319,0.10521190147034797,1,interior
0.10215419908317118,0.2164088412424808,1,interior
0.10835368214591999,0.2427699422908833,1,interior
0.12215339042183389,0.26876248476859105,1,interior
0.1389250318155442,0.07518688657123063,1,interior
0.11762965469691788,0.2754663151756194,1,interior
0.11261818232524608,0.14995892830280075,1,interior
0.13015414074605386,0.13544433313517593,1,interior
0.1283720638624986,0.10149368636482548,1,interior
0.15354787268371078,0.30506813746648487,1,interior
0.13652585245929205,0.07662029757759048,1,interior
0.10943912137179672,0.15960091554047098,1,interior
0.12761736921600678,0.13020849631109818,1,interior
0.12303779902208198,0.28200915798599524,1,interior
0.13142439538725156,0.09633921905178719,1,interior
0.1192574058619925,0.1535074846607563,1,interior
0.10674057408465236,0.16666263074639412,1,interior
0.12101534107875135,0.14449315845373592,1,interior
0.13553945826908806,0.0823894182733195,1,interior
0.12690863260906912,0.14099625055555043,1,interior
0.09905879864806055,0.2166222879489424,1,interior
0.09985891192150247,0.21482036428018872,1,interior
0.10586318794154949,0.18444551468185158,1,interior
0.13132365026008044,0.09461605308653354,1,interior
0.10691550620995441,0.1950030753194188,1,interior
0.14748582114435124,0.30657344273149045,1,interior
0.1167991184260902,0.14818162424906609,1,interior
0.13610828873081518,0.29250741259725965,1,interior
0.12251785801979068,0.14306921182158172,1,interior
0.12042442025729526,0.26907738519024416,1,interior
0.12783600204460122,0.2849973805575702,1,interior
0.09975240296065119,0.2383146365286365,1,interior
0.11320465617863519,0.20260864995471517,1,interior
0.12780174989687124,0.1489627576418378,1,interior
0.11777804564571191,0.12374716389859047,1,interior
0.12362010254289739,0.28491085104109354,1,interior
0.10301144332124201,0.17861910616132973,1,interior
0.11926966534933507,0.1454743323676889,1,interior
0.12081117309705165,0.10405476076915597,1,interior
0.143922384389521,0.052110456857241236,1,interior
0.10005949706629734,0.22785337740653924,1,interior
0.10454125014416879,0.17779224569772006,1,interior
0.1400973714988455,0.06999900282084695,1,interior
0.10647947514750804,0.1933917561689757,1,interior
0.10810655826391145,0.2291517004099899,1,interior
0.09826918859036457,0.2345201608981626,1,interior
0.1519708567275136,0.30513837659963755,1,interior
0.12378827039665002,0.10087306580257066,1,interior
0.1241275642576385,0.13517603884890336,1,interior
0.14867349777004502,0.051954966693015706,1,interior
0.11996055679236288,0.2577000300402681,1,interior
0.1310693544731217,0.09874884479671842,1,interior
0.14320714315883581,0.29771443607055725,1,interior
0.10684563412784355,0.17857802052612287,1,interior
0.136881907936138,0.281713303255249,1,interior
0.14177612273742649,0.07099475449500676,1,interior
0.1424849836952089,0.06769995732184313,1,interior
0.107048860567405,0.16449463819310536,1,interior
0.1022089209239457,0.18817594815108574,1,interior
0.13832134475484698,0.06769155609549557,1,interior
0.10757728075806894,0.1682663706170444,1,interior
0.13316026387019705,0.08409132278786773,1,interior
0.1077436926127149,0.18929369598892554,1,interior
0.11916732172636313,0.14228075396978682,1,interior
0.14362304821648683,0.054089021053517095,1,interior
0.1243703826459395,0.2581089785643937,1,interior
0.12471056548129611,0.1160192104861105,1,interior
0.12472588114762931,0.2826327723702898,1,interior
0.10750007759591944,0.2551420859352859,1,interior
0.10517921051516868,0.16797340535768907,1,interior
0.12251802962972469,0.12227106242706795,1,interior
0.12071163402783042,0.11966184964143825,1,interior
0.11882218640220922,0.27025954755992015,1,interior
0.14060578413473485,0.06670069724816949,1,interior
0.16184805115637202,0.30658356847334445,1,interior
0.13014708547864742,0.28726397717856256,1,interior
0.15583466957941727,0.308724604361254,1,interior
0.10067643589495162,0.23009333183534048,1,interior
0.10122904955468773,0.19033102878702177,1,interior
0.11714561729143541,0.25723419024409366,1,interior
0.1067644024721411,0.20235495974683984,1,interior
0.10392979832740441,0.206833248661637,1,interior
0.0966022997038009,0.23357876659606763,1,interior
0.12378259794850598,0.2690721992725686,1,interior
0.10677738485349883,0.2041004313331596,1,interior
0.13948828565835275,0.2931690199248958,1,interior
0.11960302987784571,0.2815016908173931,1,interior
0.12061663529500519,0.11813651199264434,1,interior
0.10862070269832409,0.15655699160742984,1,interior
0.103530425915815,0.23172471985162327,1,interior
0.09563015605458544,0.23549184847434806,1,interior
0.10729666640820418,0.190855770493749,1,interior
0.13110707875528904,0.2824420973773141,1,interior
0.0973389438475488,0.21566887589227768,1,interior
0.11584837408815962,0.2816526393535439,1,interior
0.09803594165472382,0.21873692199816655,1,interior
0.15078289958050847,0.2959491004775819,1,interior
0.10470568356486398,0.20110412254785373,1,interior
0.12067027999384825,0.2831141222545363,1,interior
0.11110524966303684,0.20029478706538373,1,interior
0.13836662895137067,0.06538043139643805,1,interior
0.1476165501405917,0.05445992563118467,1,interior
0.10549847540709446,0.16528728346602584,1,interior
0.14684669322348218,0.2933832492287276,1,interior
0.11981053272864728,0.12555897641148314,1,interior
0.1460664378870969,0.2959695287944661,1,interior
0.14600337742005737,0.05364355951761755,1,interior
0.12089854205130296,0.12184016963227198,1,interior
0.12468449789351276,0.097552229838832,1,interior
0.12521066722999216,0.11403454723992595,1,interior
0.14527062778520106,0.06419510454547388,1,interior
0.10542100668251674,0.1916682122350189,1,interior
0.13244200094253988,0.28780317327657295,1,interior
0.11904144770226338,0.11679319745940096,1,interior
0.12097913413422523,0.26045714982694784,1,interior
0.1343916766849407,0.29288924167467556,1,interior
0.14266492688472646,0.05633435500127786,1,interior
0.14551357009201205,0.05588264172349205,1,interior
0.13922170927654778,0.29613328585412346,1,interior
0.11271357053332796,0.1481248547677983,1,interior
0.14260375166834555,0.29341406732728054,1,interior
0.14094535847571224,0.053080642446707176,1,boundary
0.1149067186364747,0.14821590483981192,1,interior
0.15264324901687326,0.30708317452196343,1,interior
0.09978224746866483,0.2342613444462588,1,interior
0.10336383633897314,0.1855791379390644,1,interior
0.12310372117658223,0.26738303183659157,1,interior
0.10002954098329432,0.18744660915683498,1,interior
0.10517860011171486,0.17624159916468854,1,interior
0.11745268196316054,0.2587374483187027,1,interior
0.10381124833557748,0.18013173886241532,1,interior
0.15042270865944518,0.3062555382780998,1,interior
0.12323201185692963,0.14056838936299904,1,interior
0.11405572929366131,0.2808236003476384,1,interior
0.11428252219597881,0.25624506471750647,1,interior
0.11803586115531986,0.26647941680880893,1,interior
0.14526074488967558,0.2946447660454353,1,interior
0.14233215175282105,0.2916941225520158,1,interior
0.105821359809267,0.2527093924977676,1,interior
0.09810777858467669,0.2326108898893739,1,interior
0.11736524193411824,0.25550167549941805,1,interior
0.13896703171496647,0.07176026844094378,1,interior
0.12058245924220362,0.10569939282588497,1,interior
0.12673568307785166,0.09735466418048223,1,interior
0.1257308757504841,0.13977326534276108,1,interior
0.11662468660343105,0.14401094688002913,1,interior
0.11273666712769709,0.25660900774026185,1,interior
0.12472385974383428,0.1415666299882703,1,interior
0.1295003409166645,0.28339003092264753,1,interior
0.14549505666143617,0.0626083589133323,1,interior
0.11855683745541583,0.2722805907252904,1,interior
0.1485627135615945,0.055987558319050355,1,interior
0.10356117059995941,0.20967831831030123,1,interior
0.1046605041190545,0.2552171779252848,1,interior
0.12554014773906277,0.2848195672732373,1,interior
0.1046056819859407,0.21405232072635832,1,interior
0.1576648383313705,0.3082402773797982,1,interior
0.14682612331628053,0.057179753955160145,1,interior
0.10359798051172332,0.18283118130341125,1,interior
0.11533471893413652,0.2766486327624473,1,interior
0.1025170552914133,0.207672842307491,1,interior
0.1052159402077728,0.25664909677278386,1,interior
0.12240581545279107,0.2863863122092857,1,interior
0.10807089551061438,0.1603187752724252,1,interior
0.12230930231616874,0.10329195889096032,1,interior
0.10607968890818104,0.15841159853225345,1,interior
0.10456096232826197,0.19408194222403444,1,interior
0.10181168693035648,0.23917367758441777,1,interior
0.10190219805340549,0.19181314869422558,1,interior
0.12478382618440362,0.11771400216337348,1,interior
0.15373890775967305,0.3096996267298076,1,interior
0.11545306002640919,0.25869716716238655,1,interior
0.1423554908269751,0.05146555058381774,1,boundary
0.14924383007168088,0.29590097922415787,1,interior
0.10288764914106735,0.20082548253051322,1,interior
0.09819636291843438,0.21437620290857665,1,interior
0.1517655024908002,0.3084799081228491,1,interior
0.16439802206466353,0.30803921906809545,1,interior
0.1292908997156885,0.09314918074126495,1,interior
0.10226497637169205,0.19395872756711585,1,interior
0.12408052296014112,0.09518849271335093,1,interior
0.10439404561566708,0.16421444511473332,1,interior
0.12835769988892928,0.13732629566249507,1,interior
0.11878542459142424,0.26782455016547324,1,interior
0.11950405221759043,0.26161371775899883,1,interior
0.0968560502815205,0.2177214358358068,1,interior
0.15010285452732292,0.31273860002641285,1,interior
0.14402141189796897,0.29922115294584173,1,interior
0.12886020325918848,0.09495909408444106,1,interior
0.12225605566487095,0.28355880247135307,1,interior
0.14427205619606887,0.10044595387924488,1,interior
0.10775453511732846,0.15832004265298733,1,interior
0.09889669288204198,0.23049929070108532,1,interior
0.14059258598681604,0.29050613445125434,1,interior
0.10500319479610115,0.21250857926329547,1,interior
0.10579307672053771,0.16039517250078084,1,interior
0.14019167014762057,0.06387163615199778,1,interior
0.12534747226937598,0.11065965169231697,1,interior
0.16012443053988817,0.30799053276185234,1,interior
0.1410898776388883,0.29289521447387834,1,interior
0.1364721153933899,0.2945588130019474,1,interior
0.10920937226241519,0.15106934731571023,1,interior
0.10289998364913716,0.24392807796501464,1,interior
0.12205114213322632,0.27070049210316255,1,interior
0.12584792513569343,0.0946781883177991,1,interior
0.12084250685930516,0.1421235058683173,1,interior
0.10332809503492353,0.16559468673896635,1,interior
0.15173431977113488,0.3112359966959906,1,interior
0.10759069759308117,0.15141591501620869,1,interior
0.11880858944899383,0.15042730048913547,1,interior
0.10138146353395174,0.23168950968553895,1,interior
0.14335338308478032,0.2954466504748077,1,interior
0.12744550223031476,0.13606619528114094,1,interior
0.1350886681338204,0.07801429602339832,1,interior
0.1295199525334796,0.2858796600124384,1,interior
0.13770690125981325,0.07302773996611125,1,interior
0.14187834008444333,0.059007060631414074,1,interior
0.11228422093662112,0.2590054484596218,1,interior
0.12247443543376842,0.13193982702128867,1,interior
0.12194420715077388,0.09872675323169901,1,interior
0.14469200069433721,0.3018110758788531,1,interior
0.16329930604316503,0.3101819675323201,1,interior
0.12029006442362895,0.2864325029635554,1,interior
0.12030346966230941,0.27162645742615554,1,interior
0.09889534574056534,0.22118894761022984,1,interior
0.10516074319162576,0.20776959371916842,1,interior
0.12292956230769528,0.1335430756479285,1,interior
0.14910517983179816,0.3096836745774488,1,interior
0.09913981711296045,0.2230520167497025,1,interior
0.104172983346127,0.17298992754880888,1,interior
0.10677712978132602,0.22083760992356133,1,interior
0.14186589516175552,0.29501135269859646,1,interior
0.1400091777001558,0.294608467786954,1,interior
0.14507993035732503,0.05858079500961891,1,interior
0.10205652806473257,0.23701562810623078,1,interior
0.11800270021026182,0.2778673083353994,1,interior
0.11744413411379846,0.12807202944394533,1,interior
0.11058504228142671,0.14810632891649633,1,interior
0.14495828571267927,0.06969402148870224,1,interior
0.14646344966655922,0.2978702725762638,1,interior
0.14832419619075748,0.05979788419981484,1,interior
0.12280689721126267,0.11707545338043163,1,interior
0.15435344189379854,0.3076961354536385,1,interior
0.12826858760745113,0.28814864964768067,1,interior
0.10347012940855127,0.21170380788033594,1,interior
0.1179779266801134,0.281157901983693,1,interior
0.1332796294266765,0.2918068268359427,1,interior
0.11066588295221784,0.2544900900251363,1,interior
0.11828917489227635,0.27388279329516585,1,interior
0.1265061427370104,0.28720372296723584,1,interior
0.13837400970563155,0.07742568384476257,1,interior
0.12254066054075746,0.12384231217616626,1,interior
0.14537835269130006,0.30446467741574296,1,interior
0.10015985193804253,0.21299934020084654,1,interior
0.09719317532093132,0.22190934827828782,1,interior
0.10044333265891335,0.22226206837248866,1,interior
0.13855686898360728,0.07023164905485593,1,interior
0.16376633841771912,0.3123203633511741,1,boundary
0.10326760358841039,0.19553365685123103,1,interior
0.12871750772437632,0.13996453975683512,1,interior
0.12478614823455365,0.13042511121138095,1,interior
0.10612894308005014,0.1981619310744126,1,interior
0.11066295865038736,0.1498658554348573,1,interior
0.10524825756512397,0.1627344851307619,1,interior
0.10738543137519721,0.1549343582028424,1,interior
0.14823898379780265,0.31487309739814984,1,interior
0.10427475053412116,0.18976218028976596,1,interior
0.1460683047425666,0.30720450944216604,1,interior
0.1058037666590304,0.15629319430436964,1,interior
0.15605149563230644,0.31042422735196723,1,interior
0.09621623870835506,0.2309554457033413,1,interior
0.14115565967567575,0.2983813431139813,1,interior
0.13205374098364553,0.08996675337571312,1,interior
0.11889567425723561,0.11918088811504117,1,interior
0.10314304654474907,0.22986662175118996,1,interior
0.15967404086943962,0.3059208989445194,1,interior
0.1047781229741258,0.20315559619702178,1,interior
0.12763686737502597,0.1387280549963006,1,interior
0.16114031851008892,0.313345101631428,1,interior
0.13717170001087106,0.06947272290556898,1,interior
0.1274676496757694,0.0956105663388439,1,interior
0.14229432908378614,0.06438101339268484,1,interior
0.14815834255170152,0.30809706908657564,1,interior
0.09574252588819558,0.220498635890135,1,interior
0.118705838486478,0.2841310985681806,1,interior
0.12736356536480078,0.09323181834103267,1,interior
0.14432956884624729,0.06133331500301667,1,interior
0.10867439958515286,0.14944636470637654,1,interior
0.12168195787269377,0.14060257705107568,1,interior
0.09681617885563473,0.22477099483596114,1,interior
0.10181825989831073,0.2098902064494913,1,interior
0.15439881221872184,0.05532160131146538,1,interior
0.10451566618761075,0.17454974343248608,1,interior
0.10694450292699265,0.21096963428737325,1,interior
0.12448715514586692,0.2877037762786648,1,interior
0.1486290008585346,0.31210151824133153,1,interior
0.10260048812559254,0.2130383592186608,1,interior
0.10309048262826065,0.2459238044398777,1,interior
0.1365008759172006,0.2902987083035699,1,interior
0.09747521039318954,0.22025484450934998,1,interior
0.10481666873140033,0.19635279558629234,1,interior
0.13473250514664648,0.29494069122039024,1,interior
0.13594288767339183,0.07498112279227807,1,interior
0.12188820323557462,0.1155118235155441,1,interior
0.14164521419142936,0.06251415916979355,1,interior
0.1257903855529633,0.13658477063765123,1,interior
0.1531471407179277,0.31334344410177495,1,interior
0.13766281937952543,0.29625588051063295,1,interior
0.11735244391838216,0.2865097708474056,1,interior
0.15937325370123728,0.3097995756687266,1,interior
0.11773168929802998,0.10631556860263251,1,interior
0.09723583162108358,0.21277645116061655,1,interior
0.15435649909686125,0.3112094337901203,1,interior
0.10451318335450195,0.2583777251329162,1,interior
0.11666554068306659,0.26938040810387665,1,interior
0.13402717200710404,0.08971120183817322,1,interior
0.12576998274023476,0.13486234606589173,1,interior
0.10308397995912527,0.24798014389470446,1,interior
0.1103594937292476,0.15221105499077844,1,interior
0.10667564480888019,0.19673945049464225,1,interior
0.12251996383506372,0.1351123792127849,1,interior
0.12313023594351165,0.11419235143144776,1,interior
0.10734167868324762,0.2530428780575196,1,interior
0.09932357456282,0.22462873305300124,1,interior
0.14761767656098468,0.3104841218007891,1,interior
0.117031048595739,0.27138508176704546,1,interior
0.12356808382733298,0.13841488741759303,1,interior
0.09457225746724117,0.23171566552403913,1,interior
0.10286572193654427,0.17398010420502869,1,interior
0.14409224009713936,0.06581904135340585,1,interior
0.13007833241052746,0.09027571165351726,1,interior
0.12087539088173853,0.14600818583612474,1,interior
0.13618504718015625,0.06683516816046438,1,interior
0.10182395654566824,0.18493228523043598,1,interior
0.14380250082754037,0.06346944120035952,1,interior
0.1470423305179187,0.3122188730132419,1,interior
0.1250839014066358,0.09255703258359588,1,interior
0.13054141199810526,0.29014354781456614,1,interior
0.10091389153884427,0.22510448181946818,1,interior
0.11817363307723731,0.2638890985324176,1,interior
0.1338332600514039,0.08592884633308559,1,interior
0.10383819435277807,0.19904955024782983,1,interior
0.1011971934493936,0.22679920953868107,1,interior
0.14421393308404337,0.056962082279884495,1,interior
0.12064256753071946,0.13934149087635048,1,interior
0.12669558424070848,0.28954024945311296,1,interior
0.10352251315910856,0.24044642288623158,1,interior
0.11349823973584368,0.2778838597178619,1,interior
0.1112804771617878,0.1459810062870199,1,interior
0.1362229092024614,0.07108208060800479,1,interior
0.12868622745449476,0.29154062020314847,1,interior
0.1453533539827494,0.31039211630650115,1,interior
0.12129973503022587,0.13420741749707177,1,interior
0.12345082121497665,0.09196670843155233,1,interior
0.1546531130339163,0.3146974766665153,1,interior
0.11191787151046155,0.27756339884349945,1,interior
0.09694763147526793,0.23660618499658725,1,interior
0.10084016600244174,0.21122678370216635,1,interior
0.11525853407889887,0.1047219701635212,1,interior
0.14343504367439228,0.05887480211628388,1,interior
0.11671740809656694,0.27413326525735615,1,interior
0.09322986933168888,0.221896824339007,1,interior
0.14255626588542414,0.29990158245772996,1,interior
0.10311437076730513,0.20552918782650378,1,interior
0.10447532609803364,0.24189166251106672,1,interior
0.15808426171297368,0.3112319626425813,1,interior
0.11838109069788257,0.1438482333410094,1,interior
0.125771837060616,0.08991072313112086,1,interior
0.10310654571261167,0.2032199120589065,1,interior
0.12207154312333703,0.10840901570433539,1,interior
0.11361282238642213,0.27431622071023903,1,interior
0.10069745407676073,0.24033038532835488,1,interior
0.13450036527692447,0.07643136945905828,1,interior
0.10006286956569295,0.18409473258590983,1,interior
0.11663625261726919,0.122738746838263,1,interior
0.0988609702971054,0.2289698476921898,1,interior
0.16090351863380375,0.31129319553067336,1,interior
0.11882751912945654,0.25961107255734417,1,interior
0.11580290899486034,0.2561965695384406,1,interior
0.15609455015591436,0.31216686936874233,1,interior
0.12189090703889624,0.11304210369926561,1,interior
0.14090507274207942,0.055271654141956804,1,interior
0.10134226256634676,0.2472284469592293,1,interior
0.10154414674682556,0.1980134921558766,1,interior
0.12173748731147242,0.13764915217266455,1,interior
0.11749369375668894,0.2831078170560244,1,interior
0.11950764489489497,0.14051080489343568,1,interior
0.1262283728551731,0.2919147388500708,1,interior
0.14378197782431731,0.3092403443987718,1,interior
0.13182124561061673,0.0751780291754043,1,interior
0.1344399727730975,0.0699771718674966,1,interior
0.13261312384909102,0.06856691877120599,1,interior
0.13457765564881122,0.08011404248026255,1,interior
0.14397955398819917,0.30554360535740277,1,interior
0.1301516787240806,0.13767707292604817,1,interior
0.1246525091718594,0.11224495638366247,1,interior
0.09815948074635063,0.24069256939184205,1,interior
0.11607232884199475,0.1306707883158335,1,interior
0.1289303268615348,0.2930644356760065,1,interior
0.12288774034435823,0.1366580184562696,1,interior
0.13113648926844393,0.2915955290001899,1,interior
0.09351679396000928,0.21917520796772086,1,interior
0.11241583429700976,0.27952167980388054,1,interior
0.09501945459492954,0.21850232415678722,1,interior
0.12311260722221999,0.11033597309560927,1,interior
0.121298988146678,0.1266718665196805,1,interior
0.1198997913318252,0.11316480780251925,1,interior
0.14382263317409344,0.3038871260304588,1,interior
0.10206204657287164,0.1634566026233602,1,interior
0.11606344059217275,0.12724535343403184,1,interior
0.1017913374039628,0.22151310893126738,1,interior
0.16134705058049548,0.30934924608395303,1,interior
0.12048244530541763,0.12419403516787911,1,interior
0.10508177590586822,0.2503416359650474,1,interior
0.12100463554900258,0.1015500742475701,1,interior
0.09971802722109945,0.19377790408145082,1,interior
0.15306986117310473,0.31585879284739377,1,interior
0.12027550859687677,0.11108770111538643,1,interior
0.11977259032090004,0.1080405735292342,1,interior
0.10373229006489022,0.25144422171096026,1,interior
0.1135869179744545,0.14682840810398823,1,interior
0.14464667660603323,0.3132104390532368,1,interior
0.13320223257670125,0.08816543714037485,1,interior
0.1396295867812259,0.2978238499415337,1,interior
0.11932103596504026,0.1223353458164007,1,interior
0.11593125131814282,0.14587475692137036,1,interior
0.10106474171025948,0.24876197614750212,1,interior
0.12106123860167045,0.2848137007644836,1,interior
0.1353857000339224,0.06514321426478281,1,interior
0.09916592291767522,0.1898735748394454,1,interior
0.1397595733009352,0.054212306057484234,1,boundary
0.12532813317354313,0.29050386806508727,1,interior
0.10903793310152586,0.14691077045437761,1,boundary
0.09666588389040907,0.211277144950022,1,interior
0.1264231250745989,0.10900007209661909,1,interior
0.09895374819100676,0.20909590952940144,1,interior
0.11861657536827366,0.11074806504046773,1,interior
0.1158805250247719,0.28348737481234526,1,interior
0.11169291319216602,0.1444657543049182,1,interior
0.14080427193694245,0.05748687375937139,1,interior
0.11324854325921971,0.14489646979347226,1,interior
0.09457579807131995,0.23415444532531038,1,interior
0.11673257485962253,0.2882546917867786,1,interior
0.14012598260516038,0.3015430105696345,1,interior
0.10317831887005256,0.1763508177303695,1,interior
0.12025237229585767,0.1359201375340705,1,interior
0.10316557510756039,0.15840009082771078,1,interior
0.11733473573567921,0.11784438617228876,1,interior
0.14317376074827953,0.31582308181855984,1,interior
0.09720396654643786,0.2283987825859402,1,interior
0.14649332550710017,0.30892549784657586,1,interior
0.12372739133230858,0.1024606732648135,1,interior
0.12190951796183654,0.08939706640719171,1,interior
0.10632005815552592,0.14997278477234793,1,interior
0.1355048085448257,0.06879284070855364,1,interior
0.11549712651909355,0.271312950647879,1,interior
0.11946821494977748,0.13827876670037648,1,interior
0.14318204967097553,0.3068476837430312,1,interior
0.10354333470350706,0.16249642229426903,1,interior
0.09561541302429055,0.22915445767145437,1,interior
0.10097394024890884,0.24347572341176546,1,interior
0.11672761148847036,0.26039996622387623,1,interior
0.10088286766561949,0.20849120161361023,1,interior
0.14741735093127012,0.05295393554508063,1,interior
0.10033417949803658,0.1955914611797769,1,interior
0.09560332422092056,0.23797238314276234,1,interior
0.11796308929398622,0.12995168400266455,1,interior
0.10276685768687864,0.2564373828103505,1,interior
0.1415015198557946,0.29681055915099774,1,interior
0.130936757208436,0.09251623271524814,1,interior
0.12194361176604326,0.0970097786307496,1,interior
0.10142328012673718,0.2509180549000184,1,interior
0.14574723245138047,0.3155473391737026,1,interior
0.09473679363280604,0.21687436351841366,1,interior
0.13765170568713372,0.2981938212761769,1,interior
0.13914169380738717,0.05650735246510923,1,interior
0.09368850532887306,0.23656164674739363,1,interior
0.1017164077877364,0.16516685654949978,1,interior
0.11736377070740786,0.11968546558087466,1,interior
0.10373061200579221,0.1974499882005804,1,interior
0.11933594701245565,0.13373205605392804,1,interior
0.10512641071165373,0.2599629217776583,1,interior
0.12004213732166533,0.11468914942297521,1,interior
0.12902178270530784,0.28983913892347624,1,interior
0.14369039175774184,0.31091246594914695,1,interior
0.1148699137621163,0.14427041212260325,1,interior
0.13334458440376848,0.06416474095534096,1,interior
0.1341239974993809,0.06600335062678436,1,interior
0.1325139843071113,0.2956945476665068,1,interior
0.13803531736342045,0.05485742403689765,1,boundary
0.11718525259221227,0.14237647821972121,1,interior
0.13843512930677015,0.2947899834066771,1,interior
0.11968658547569888,0.13168995111444004,1,interior
0.13775763685641051,0.0634479415368761,1,interior
0.13605993046066522,0.29854909424375214,1,interior
0.11963002047765736,0.12987690931902576,1,interior
0.09390502546783867,0.23016265331782326,1,interior
0.12197937230788934,0.09461988725659004,1,interior
0.09185373611125226,0.23118080253894968,1,interior
0.12835035606403478,0.09187180497813129,1,interior
0.15149661603982428,0.31415823427464545,1,interior
0.10124104111576263,0.15714935062561622,1,interior
0.11150796896895011,0.16276535291729927,1,interior
0.11751348260915233,0.11524725340052042,1,interior
0.10370197806259149,0.14874916591158555,1,boundary
0.10034526852731987,0.19199953144085435,1,interior
0.0980395306492946,0.19543851923972405,1,interior
0.13608114313677847,0.08848103790610501,1,interior
0.12219711734608146,0.10048211658418739,1,interior
0.11963911444076973,0.09403940317202868,1,interior
0.09128254543430059,0.22854541690723382,1,interior
0.11527586514641786,0.12903029219367274,1,interior
0.09642327666212927,0.2142373092203984,1,interior
0.1184669991793828,0.28836049339876313,1,interior
0.10207319517364019,0.18103394890729674,1,interior
0.10310187183103199,0.1680810721097849,1,interior
0.10209981434680661,0.2544615728775356,1,interior
0.13795045449424378,0.09550407115659841,1,interior
0.10463505917770581,0.15922120621243854,1,interior
0.16227945121926637,0.31195104068488294,1,interior
0.12648679569570778,0.09184799090092956,1,interior
0.10193193500470477,0.1963946868199233,1,interior
0.13259591916809885,0.29331868586324306,1,interior
0.13548294589885274,0.06279809081653624,1,interior
0.11817480668447301,0.1327092308754718,1,interior
0.11192717042708787,0.2749578976836273,1,interior
0.09967091433513672,0.1641055134800593,1,interior
0.11839072427151377,0.10440830185348018,1,interior
0.10162017710565154,0.20204939868816135,1,interior
0.10139430601599357,0.17259028444459115,1,interior
0.11772336883427324,0.11344243434822855,1,interior
0.09818930271471406,0.23880361269741973,1,interior
0.11487253641061992,0.2786245410524667,1,interior
0.14245793945058655,0.06609783400430917,1,interior
0.10267916288341271,0.24979609551961657,1,interior
0.1200751692936152,0.28844470549335155,1,interior
0.09263361402143547,0.22765803089064462,1,interior
0.13161279613288226,0.0638564930324002,1,interior
0.1134560200821774,0.2834137396239844,1,interior
0.09885870708383421,0.17404876157449736,1,interior
0.12690972008288123,0.29465435952724534,1,interior
0.0997431931238601,0.16253729008943493,1,interior
0.12906022916538576,0.2950363563187958,1,interior
0.10487436074672231,0.17020407811861318,1,interior
0.11694249025419554,0.09477230980750617,1,interior
0.12657806451503267,0.2967496102874975,1,interior
0.09831029107475685,0.21096812048709113,1,interior
0.11068619494132997,0.1430660621854212,1,boundary
0.11560497223411209,0.267512909921763,1,interior
0.10187754235870147,0.24158277249605684,1,interior
0.10085094497683458,0.17429825935618612,1,interior
0.11484820583057911,0.12371907998636092,1,interior
0.11612747910552816,0.11016067877230601,1,interior
0.09504670915552409,0.21180692813655141,1,interior
0.1498561346039224,0.3156464374890166,1,interior
0.10745634489880887,0.14797043674995328,1,boundary
0.14146198253498735,0.30258510109832454,1,interior
0.10980780898791243,0.14553430510008933,1,boundary
0.14280947773920818,0.3132170534890807,1,interior
0.09538920139895349,0.22410616809524211,1,interior
0.10415445675775728,0.2535605852903087,1,interior
0.09247635356790875,0.2246751191642636,1,interior
0.1317443450304689,0.07809711915997507,1,interior
0.1173367644719669,0.2909111321637544,1,interior
0.1150608057211649,0.11601578739553359,1,interior
0.13565185712541367,0.2969367927504824,1,interior
0.09997478298370825,0.20083505499851104,1,interior
0.09405269013233343,0.2262141738546136,1,interior
0.11232852255360394,0.1422718062995454,1,boundary
0.11573819667248872,0.1602075377941056,1,interior
0.12001532020802577,0.09574790294874747,1,interior
0.12578854820337043,0.13823786776573463,1,interior
0.10348358564306992,0.17156183627978763,1,interior
0.13017395215695096,0.07665865881244502,1,interior
0.1232672746167179,0.09358430570992032,1,interior
0.10933533977149067,0.15800149168732697,1,interior
0.096846355250129,0.23977571936538367,1,interior
0.09856928868064946,0.22631289272787886,1,interior
0.13330578721617267,0.08108092229598328,1,interior
0.14089793921644442,0.3042173887606729,1,interior
0.135426321208643,0.07248280350652767,1,interior
0.10612163057778044,0.15347700408943743,1,interior
0.1341896502878653,0.07378330070355593,1,interior
0.10125895799678904,0.2452094752812311,1,interior
0.13238625817366018,0.06559932381448755,1,interior
0.11395202258405102,0.272770415644958,1,interior
0.10712994642319375,0.2570125796142051,1,interior
0.13985118389155846,0.05871020059749725,1,interior
0.11422123851179936,0.1308472874212255,1,interior
0.10305275832833352,0.1558352911564645,1,interior
0.0951429461016472,0.2273249306422453,1,interior
0.11637107128326012,0.12534239553992574,1,interior
0.13697483390702578,0.05631932773812103,1,boundary
0.1647663914849524,0.30642136586345653,1,interior
0.13243070147139985,0.07950500182090622,1,interior
0.10101170866321499,0.1778672399166129,1,interior
0.13472208688288356,0.08377314628509025,1,interior
0.1407296754208814,0.06111955327647196,1,interior
0.14675479859743887,0.3143110205358284,1,interior
0.0898903011352858,0.2327932823182887,1,interior
0.10168951589952241,0.17009894494774283,1,interior
0.1156378125882695,0.11320741357081855,1,interior
0.1016988538367138,0.1829608718666204,1,interior
0.12125450943703182,0.2588835742046432,1,interior
0.10696158472648493,0.25143525382874204,1,interior
0.11767461344896285,0.13523839036291935,1,interior
0.09858585221519958,0.17246232217154397,1,interior
0.13586713482440027,0.060567113977737216,1,interior
0.13371753676801537,0.0722275172157141,1,interior
0.12105817766734227,0.13256133804265482,1,interior
0.13044546092369236,0.06630033169169378,1,interior
0.12165460844998918,0.28893062010459913,1,interior
0.09234941061932465,0.23337216801097016,1,interior
0.11812045302861797,0.1393665145343146,1,interior
0.13815972308605226,0.06119484528038421,1,interior
0.13121157489630567,0.294615374575074,1,interior
0.1334658687438876,0.297392534154858,1,interior
0.1212730667939981,0.09200279243426186,1,interior
0.13166122130688046,0.07213867458095544,1,interior
0.13913975456709293,0.06265995341754732,1,interior
0.09317755696453217,0.21215466406643968,1,interior
0.10251945776247513,0.25248988244763143,1,interior
0.14975441462262234,0.3180835352863153,1,interior
0.11336539918018457,0.11602058035672898,1,interior
0.1325554187452022,0.06143337349793843,1,interior
0.13543965117341814,0.2999947028918756,1,interior
0.13224248328907762,0.07054115690735001,1,interior
0.10517687176186877,0.14799425485103923,1,boundary
0.09723620619919171,0.1747196591669211,1,interior
0.13930525272539637,0.07367971600244666,1,interior
0.09532449987819168,0.22230507658729745,1,interior
0.14149607549523854,0.3113955447795253,1,interior
0.09920236730251651,0.18284332611666282,1,interior
0.14694090613722655,0.3167605661321395,1,interior
0.13403123277902756,0.06795833376011594,1,interior
0.09667828924536777,0.226555935666999,1,interior
0.13742881372303267,0.05947495179887233,1,interior
0.0999771616901794,0.18116997831150985,1,interior
0.09117179383868079,0.23510209923055372,1,interior
0.13435076192548348,0.06008879665354018,1,interior
0.14300474746382277,0.06044144188299666,1,interior
0.10313336619847935,0.16041731789331395,1,interior
0.12026482121874275,0.09830036974064223,1,interior
0.1324463537463913,0.05963976416011376,1,interior
0.11727990430862249,0.1466069494567669,1,interior
0.09850523495965714,0.24509299531556264,1,interior
0.11642573761243712,0.2778105242047308,1,interior
0.15212110388818711,0.317787503557054,1,interior
0.11387808838879225,0.259929487164623,1,interior
0.09979700619238252,0.24668194863527299,1,interior
0.1166166127927931,0.1408895892464917,1,interior
0.13702204648367303,0.057983166841347085,1,interior
0.09941123988314327,0.242980842349648,1,interior
0.11664418224075916,0.11204438120971144,1,interior
0.1300528757371076,0.0646860823038365,1,interior
0.10967596686543538,0.276004759023399,1,interior
0.13699827284325133,0.3005619252352558,1,interior
0.11396067112673679,0.26645787720269337,1,interior
0.11868321936414043,0.12088958780840006,1,interior
0.13646689376265014,0.28734872274723705,1,interior
0.13263002030122253,0.07354637665417037,1,interior
0.09728142441888117,0.24237060837746144,1,interior
0.0990550760743269,0.16005715706752052,1,interior
0.09103402493084661,0.23769907186876685,1,interior
0.1398431181575994,0.29956147625390706,1,interior
0.0968660951413005,0.2091817150183878,1,interior
0.09448267437605054,0.2145008410855852,1,interior
0.14809731586961766,0.31780420285489125,1,interior
0.11694560648317717,0.10871907265747927,1,interior
0.09877860892933375,0.19186923928783306,1,interior
0.16195064110371535,0.314831207755693,1,boundary
0.11662138096007355,0.28483692332052907,1,interior
0.1137012314279544,0.258125132803695,1,interior
0.11365970366123596,0.11173967803523076,1,interior
0.09191137499897917,0.2173180816781279,1,interior
0.14815551488996276,0.29418611799657546,1,interior
0.10099473621477162,0.25294742219910077,1,interior
0.11168810970237462,0.11347126005754082,1,interior
0.10830450423363022,0.17520761896521161,1,interior
0.09980950624675562,0.2517524312179082,1,interior
0.137487527925637,0.0746041174730613,1,interior
0.10677471526581078,0.25859123268702683,1,interior
0.09798362523329505,0.19388477805542584,1,interior
0.138631313589974,0.30396379722066597,1,interior
0.12828602626045982,0.2964071582047876,1,interior
0.12725813020765578,0.0890444577352107,1,interior
0.11929215539863729,0.10094586934019982,1,interior
0.15871185802064758,0.3127689552535817,1,interior
0.11723496841047902,0.2622797068347077,1,interior
0.13450334779556358,0.05798138726357317,1,boundary
0.11982026284920903,0.29037420270344705,1,interior
0.13981853180019788,0.30699153662928746,1,interior
0.09424067105726905,0.2091782364860904,1,interior
0.09054566442405466,0.2160954696652194,1,interior
0.14100553788257858,0.30883116459059606,1,interior
0.11369917177829678,0.1430133131769101,1,interior
0.1296703865132223,0.09636870904764769,1,interior
0.1014673092034346,0.1675486341407544,1,interior
0.14143678306436339,0.30675185972946045,1,interior
0.14227739925469152,0.30505617091031983,1,interior
0.10738310580717021,0.1734059383671221,1,interior
0.1146105003750803,0.2621755263314579,1,interior
0.11843527216315676,0.13663707066805458,1,interior
0.10010731677993413,0.25530999192184006,1,interior
0.11678347749498541,0.13361790708295548,1,interior
0.13370744495936498,0.29988032145383653,1,interior
0.11628258704188323,0.1392982509611282,1,interior
0.11593459205833626,0.12054244986898022,1,interior
0.09681466030575793,0.1597670762119772,1,interior
0.11502447530107746,0.28498388667947516,1,interior
0.12894781813737655,0.299263586528474,1,interior
0.0977221170273069,0.18842478463592421,1,interior
0.12458687680699818,0.29205578380292524,1,interior
0.12846403683237204,0.09033847077573663,1,interior
0.14248447255354135,0.3014211875405177,1,interior
0.11821958148723707,0.09907680428175616,1,interior
0.09870861211378229,0.1849632676570644,1,interior
0.09878601448112811,0.1800095290528153,1,interior
0.13124889652130875,0.08210811008817669,1,interior
0.13151635286387853,0.0862428454069398,1,interior
0.09936905168978383,0.253311036054814,1,interior
0.14380576300876005,0.3173070414019582,1,interior
0.12891917323203378,0.08808729186860803,1,interior
0.1140874099761634,0.27036877399701764,1,interior
0.12503407835049307,0.29786335631049615,1,interior
0.09727288917043873,0.1631512631584768,1,interior
0.09954800613609935,0.16619515006357657,1,interior
0.08829228951089765,0.22898162453976068,1,interior
0.10099200294795516,0.16145389825907017,1,interior
0.13454425879900028,0.3019863375897834,1,interior
0.11870727641252875,0.10248224148592398,1,interior
0.162858305616439,0.3135429747954955,1,boundary
0.11419122539706085,0.12750312912236958,1,interior
0.12989846000235628,0.06021938610908422,1,boundary
0.11254920299840042,0.1301258403387002,1,interior
0.12950157769059928,0.07414461840383502,1,interior
0.11718068703996934,0.10157604968141593,1,interior
0.11040669058545213,0.26068374156115237,1,interior
0.09863816783186653,0.177732641753566,1,interior
0.1104193651942539,0.1114134213904264,1,interior
0.09922911669878014,0.20725070934236725,1,interior
0.09278375898546068,0.20854980217274133,1,interior
0.10478289354538643,0.15746356675552942,1,interior
0.14224627771331744,0.30973382077968575,1,interior
0.1590557087462924,0.3149875233780843,1,interior
0.11226087901135748,0.26098839481394215,1,interior
0.12368754275323682,0.29620323866034515,1,interior
0.14450564679125355,0.3076552535898256,1,interior
0.11725430962018668,0.1378113317306,1,interior
0.1010437757139268,0.1795320958051771,1,interior
0.11300765030298468,0.2692503095702217,1,interior
0.10057971791304866,0.20597342429273807,1,interior
0.11459597538993278,0.11942092792218108,1,interior
0.09981102849757575,0.17032490746503573,1,interior
0.11520391428258676,0.27511989633225303,1,interior
0.15714434382724773,0.3148340279100081,1,interior
0.1305010002147849,0.0886541150171209,1,interior
0.09739201072049322,0.19041810487172278,1,interior
0.09993718430895032,0.17676861081318784,1,interior
0.10029870716925539,0.15912657121586635,1,interior
0.12214727429389557,0.2936225074252643,1,interior
0.1157135249514314,0.11838826068340498,1,interior
0.09683936521886788,0.17249277220447554,1,interior
0.1151187551404845,0.13210165925319617,1,interior
0.10002297503434018,0.15601351232965552,1,interior
0.15368765995562753,0.31730922615460927,1,interior
0.09876014397986663,0.1757804504052271,1,interior
0.1274060103769102,0.2991805793606993,1,interior
0.14625764052096413,0.3181473030671143,1,interior
0.11904276587517416,0.0906637534120806,1,interior
0.1310440616581971,0.06220044809161583,1,interior
0.09558821037714796,0.24168052170831994,1,interior
0.13411873521374876,0.061712718108833976,1,interior
0.11366290143323643,0.11331224170177473,1,interior
0.0960447716475906,0.24348995908525803,1,interior
0.09658888226039472,0.17027736402970828,1,interior
0.1291897153108376,0.0678944666305333,1,interior
0.09605201905773511,0.17899588257618745,1,interior
0.10036016359851445,0.15341187672360104,1,interior
0.1377171700284037,0.3025047547521664,1,interior
0.11848129677630771,0.09721128503898303,1,interior
0.09839441747580069,0.24753261871373994,1,interior
0.12721870003624544,0.07519618682634963,1,interior
0.10852784334555168,0.25202127973845484,1,interior
0.09120646294833604,0.2263190709882454,1,interior
0.11460541456101318,0.10991972416957646,1,interior
0.11607842416661995,0.29184052833957114,1,interior
0.11126827377417405,0.13145452126299248,1,interior
0.10858021117214894,0.25398394043532546,1,interior
0.14136165241263293,0.31472065282659284,1,interior
0.1302646053813992,0.07858993715584675,1,interior
0.1155203672399069,0.13558569750431043,1,interior
0.1354183518726676,0.056543156050241905,1,boundary
0.13516237393032315,0.08667331406543465,1,interior
0.09691944661869414,0.18126764972839668,1,interior
0.1097425528521589,0.11290191342437253,1,interior
0.10319088764579556,0.16971236342676393,1,interior
0.1392343941906665,0.3134131370484132,1,interior
0.11468905618893545,0.12176760882499778,1,interior
0.11442359606336575,0.1386899893028981,1,interior
0.09779707167567597,0.167612642576214,1,interior
0.11187318671518909,0.15132207607205364,1,interior
0.1357340041975863,0.058912443335375195,1,interior
0.09725266147434326,0.24598870294341665,1,interior
0.13090862405496176,0.06821927339856954,1,interior
0.11972908753255537,0.09241364659501396,1,interior
0.15537617464178236,0.31977257789254365,1,interior
0.12733891744888703,0.2931690538028041,1,interior
0.11519757898636179,0.10214564594657745,1,interior
0.11506523753391151,0.1074231904062425,1,interior
0.09820782459601413,0.18640486037678683,1,interior
0.11360743879367316,0.10471766970508267,1,interior
0.11185085530257119,0.266108660591372,1,interior
0.09479862621021627,0.2460771064273484,1,interior
0.1610275113019045,0.31681755568595416,1,boundary
0.10009502204715515,0.25009672673674327,1,interior
0.09298645184046381,0.23498029065393428,1,interior
0.09103519068514679,0.2118326419541368,1,interior
0.11143248006605964,0.11505085595511025,1,interior
0.09674900521992388,0.18319729779920618,1,interior
0.11041857207430392,0.26285107750432557,1,interior
0.0894583884051248,0.237283935579064,1,interior
0.15178088028611753,0.319479352420818,1,interior
0.13017578916750405,0.2980783886368352,1,interior
0.09274856306740602,0.23792652632558794,1,interior
0.14175015685346196,0.3164237670933473,1,interior
0.11503698355998108,0.14030369941286772,1,interior
0.10763296475655484,0.1529602482976192,1,interior
0.11485341079120354,0.12558471502696916,1,interior
0.10927502855404174,0.2586627289250217,1,interior
0.1333398384064048,0.07820139939680486,1,interior
0.10897955285210403,0.2616331251134041,1,interior
0.12407518353306676,0.08939459314857114,1,interior
0.1393925957745211,0.060206214824883,1,interior
0.09762418709277923,0.22337630298020666,1,interior
0.08905961216212602,0.22565442441759742,1,interior
0.09764941634655815,0.1972306015133565,1,interior
0.0996886162335682,0.19837907043566416,1,interior
0.1327564132824006,0.07674871778634153,1,interior
0.14256577641150983,0.31857051470752135,1,interior
0.1501955298468716,0.3196815844893621,1,interior
0.12889406085155952,0.06270773368664037,1,interior
0.10305590859904004,0.15402291094429124,1,interior
0.11287702688908709,0.13946702401395242,1,boundary
0.10103043972984257,0.1997329782622202,1,interior
0.1316169327127248,0.2993804014057539,1,interior
0.09487063869860572,0.23979990004504936,1,interior
0.1334436072121214,0.07521673755693886,1,interior
0.11863953296178825,0.29184132118855777,1,interior
0.1056999137455316,0.15159240490403975,1,interior
0.11680629715012447,0.10428772591951987,1,interior
0.1133471887359714,0.10744975951043292,1,interior
0.13069435300310905,0.29314164817512567,1,interior
0.11569695692494349,0.29371138151702425,1,interior
0.10359172844683177,0.15223496005526221,1,interior
0.09151793566450094,0.2201844959212239,1,interior
0.12783652178206353,0.061097282203607606,1,boundary
0.11656774489642596,0.2651970814783144,1,interior
0.09526289925345559,0.24804739061933467,1,interior
0.08800841808381486,0.2308923295247967,1,interior
0.09540111687168432,0.161586964222061,1,interior
0.10678886876520692,0.17695443598424304,1,interior
0.1405732930330991,0.3189771240405876,1,interior
0.08992809081984132,0.20891393696008428,1,interior
0.11564927372596329,0.1373300914833931,1,interior
0.13721104820222227,0.31344991795454485,1,interior
0.10007539789381309,0.20331470216309042,1,interior
0.09315821367715693,0.24807409294041702,1,interior
0.13055738468486086,0.2960317907768658,1,interior
0.1074741197469122,0.20091242474293824,1,interior
0.09289792852982212,0.21584175393107619,1,interior
0.15150379090063637,0.3158282365236058,1,interior
0.12813092873376777,0.06526896868555074,1,interior
0.12449910481387728,0.2939757122493271,1,interior
0.10032270400722848,0.1687754486156625,1,interior
0.13168627842013644,0.29712045456025515,1,interior
0.0982649491438451,0.24991207955438605,1,interior
0.09177827997062632,0.22305245369559495,1,interior
0.11745974208744457,0.09328858318154568,1,interior
0.12663821647079287,0.08711844143715604,1,interior
0.1535301882191711,0.3202821514209771,1,interior
0.12977992933882435,0.30089745398572765,1,interior
0.13944582687091472,0.3149997255097177,1,interior
0.1608067538314915,0.31848373723475787,1,boundary
0.11600443365267048,0.2636367831150872,1,interior
0.13882640994674994,0.30563732623036843,1,interior
0.1261826079762706,0.3001971716786707,1,interior
0.1136063492712701,0.2638139149497432,1,interior
0.0994009960748014,0.1578063047750401,1,interior
0.10024689397613068,0.18587464836873285,1,interior
0.12820032483855848,0.07029328666493254,1,interior
0.12479461997566539,0.08796067521363646,1,interior
0.10197153221526037,0.2585164100023686,1,interior
0.09486441364761011,0.1804535180362564,1,interior
0.09270350659818556,0.21419541639915252,1,interior
0.09408983830228683,0.2284230625817139,1,interior
0.11540004250681038,0.0982767617203211,1,interior
0.09008161487820589,0.21429128078793194,1,interior
0.13057702922893602,0.07054855600882567,1,interior
0.09265002664256662,0.24180425574497447,1,interior
0.11356640656670026,0.1342346813087698,1,interior
0.09667013046979725,0.20720911216004506,1,interior
0.09056489071697119,0.22185759099550426,1,interior
0.111397967180864,0.11790165356985102,1,interior
0.14240660606848482,0.30818677880425527,1,interior
0.1012523804623818,0.1547833141432122,1,interior
0.12039796916882961,0.0998353529734112,1,interior
0.11064580634930328,0.27372382944774354,1,interior
0.09816728682546683,0.2557067328410565,1,interior
0.1208377513934706,0.29219653378005933,1,interior
0.13449759753126306,0.3143451874183726,1,interior
0.1587521826804075,0.31726292867815437,1,interior
0.13592890461758955,0.3031192964137174,1,interior
0.08822469109671144,0.21169198275452028,1,interior
0.0945100226458612,0.17114842107273803,1,interior
0.09678206113520464,0.24849515565994093,1,interior
0.09252891127141588,0.21077233164699682,1,interior
0.0924056431302361,0.22958916276086144,1,interior
0.14487565265442268,0.3187813323273846,1,interior
0.10622111303537699,0.26261926040019257,1,interior
0.12298233786898707,0.2900012001685727,1,interior
0.09728278180838214,0.16132031083745707,1,interior
0.14685747703490967,0.3196500846533533,1,interior
0.15510590800013496,0.31618832233888217,1,interior
0.10478724986559436,0.15011026901377153,1,interior
0.11340076009591765,0.1183546431274465,1,interior
0.13169265722039974,0.08468683985495112,1,interior
0.11307934538983035,0.27619280352704195,1,interior
0.10778687267535801,0.11419557492598778,1,interior
0.09797253990264075,0.15661116769866518,1,interior
0.14008544297857917,0.31638750750207556,1,interior
0.09664505611235555,0.16510241042485163,1,interior
0.09924615035192921,0.1967192454961988,1,interior
0.14355951596697583,0.3202131813896558,1,interior
0.1320614010973642,0.3017323217098128,1,interior
0.11242223870841363,0.28223569501900503,1,interior
0.09735519973614555,0.2518307808925476,1,interior
0.09143108397391263,0.23934823897712595,1,interior
0.11236795760584842,0.1205151749064379,1,interior
0.13900245913633416,0.30863788219974786,1,interior
0.09342023971243756,0.2449771650705675,1,interior
0.13692118181097065,0.31584838298972917,1,interior
0.11512691005264196,0.14224229807910213,1,interior
0.09564490079623715,0.25068427604285176,1,interior
0.11267115326042951,0.12657450819008034,1,interior
0.1582041978620535,0.31883970131836065,1,interior
0.08894200018230229,0.21965865806117094,1,interior
0.09492767592251478,0.20747435307754142,1,interior
0.1389092069737281,0.3103407431746129,1,interior
0.16012060601417932,0.31987248474125807,1,boundary
0.09431580771943796,0.18279421012140998,1,interior
0.1485028530486753,0.31968790929158686,1,interior
0.13686145164971755,0.06468383429561157,1,interior
0.11615819703675787,0.0998493498376097,1,interior
0.11227050424439901,0.10919391954716655,1,interior
0.0982001180550843,0.16992043387285277,1,interior
0.11194445735903087,0.2676851646647716,1,interior
0.12527456880170854,0.2953988501920599,1,interior
0.10265044127910058,0.2607510577292713,1,interior
0.092903970491655,0.23992281686000208,1,interior
0.09466812839201229,0.204960888188106,1,interior
0.10194180095234044,0.18644966621288475,1,interior
0.15669665204241115,0.3166809563117545,1,interior
0.11322140045877808,0.13594414735487184,1,interior
0.11189673064165895,0.2712649570077687,1,interior
0.09923560527401493,0.1519850931671075,1,interior
0.15702261539552162,0.32048072056844784,1,interior
0.11011572802991111,0.12879263825012047,1,interior
0.09670385163270151,0.16873497673184107,1,interior
0.11562649610873771,0.09572744509277877,1,interior
0.11258181021168141,0.13744936280809916,1,interior
0.10610805457381933,0.2542336620410357,1,interior
0.11222464902635212,0.11113027922935213,1,interior
0.10094687515950594,0.2569716432002971,1,interior
0.09868204132807776,0.20495742556823154,1,interior
0.11698593085817327,0.09688201941699642,1,interior
0.09772105800253734,0.25743277585976554,1,interior
0.0969385365110913,0.18479531950526323,1,interior
0.10172186264803423,0.2038569502555334,1,interior
0.09462784298557328,0.20295288097244923,1,interior
0.08882390064364054,0.22121703255288377,1,interior
0.10413769540815515,0.2645035413751347,1,interior
0.1079236630272657,0.25966991729686617,1,interior
0.09810673125364443,0.1989684654321045,1,interior
0.15493028558869715,0.318318870627187,1,interior
0.11274572510841667,0.12391029201667528,1,interior
0.13735796883436238,0.30520275417152837,1,interior
0.10130351201757476,0.15205843331029198,1,interior
0.09347917230411162,0.16124278612133897,1,interior
0.08741671357040597,0.21504928695834993,1,interior
0.0941818193656174,0.2436158774783615,1,interior
0.09789995172882973,0.15364310210794654,1,interior
0.12054851877250358,0.11635164055546307,1,interior
0.11013135628211286,0.1212508876997104,1,interior
0.11276517539459749,0.13213291263651694,1,interior
0.13725208444538806,0.30757585259748255,1,interior
0.10881958778663361,0.2475972091774155,1,interior
0.1401389614685146,0.31209762113700434,1,interior
0.12266233492687142,0.2919065865610796,1,interior
0.1548255509955569,0.321698509645888,1,interior
0.0986815079552211,0.20219835564426328,1,interior
0.09519475327141355,0.15930839299181018,1,interior
0.08825845360781867,0.22722024389230772,1,interior
0.11346670935462166,0.14109294951398857,1,interior
0.11479648275231061,0.2688758869534346,1,interior
0.09071063747298203,0.24069330052737004,1,interior
0.13819545216516618,0.311755721922054,1,interior
0.15022068668504066,0.32129670307732855,1,interior
0.08967432557038303,0.23878737256539437,1,interior
0.11451846365096761,0.09460148174818186,1,interior
0.10957235961133245,0.2720408982978828,1,interior
0.10976047648458487,0.1303736937308866,1,interior
0.12855014078389337,0.07803398438249383,1,interior
0.12442674227711265,0.08571642830938514,1,interior
0.12319901142396535,0.08721161892710669,1,interior
0.10799115276547659,0.11068212154355206,1,interior
0.11453192123466789,0.2916219944696385,1,interior
0.11826571124059508,0.09564528843837065,1,interior
0.1129867559876735,0.12860255235279325,1,interior
0.08960030436628275,0.21762949962690925,1,interior
0.13464079329298598,0.31707476564977355,1,interior
0.09750292540431973,0.25377692888904796,1,interior
0.1082628091192611,0.11642600857992476,1,interior
0.11471634748475489,0.2872613438384712,1,interior
0.09488947059756751,0.17266342927883846,1,interior
0.1476739498045157,0.3210397321866083,1,interior
0.11351929218041576,0.10292314616384031,1,interior
0.11025091847127125,0.2816075428980939,1,interior
0.09349675965815002,0.17927123382580992,1,interior
0.10885099483202475,0.13282554160724142,1,interior
0.14671050997098972,0.32250124436108646,1,interior
0.09668836312173947,0.2562555103514258,1,interior
0.10689880854891406,0.26102489925091493,1,interior
0.11481879978065979,0.2651402335697078,1,interior
0.10026363216019799,0.25842948242422975,1,interior
0.14526263699833597,0.3213486116328694,1,interior
0.0968573112715968,0.20381362384733584,1,interior
0.12579404079228887,0.07197553905318879,1,interior
0.09494396655864769,0.16859607153207237,1,interior
0.09466723067352084,0.16585091291075346,1,interior
0.09502976444795616,0.18518937095806298,1,interior
0.11143642313728364,0.10617403879117034,1,interior
0.14196550153142937,0.3218965578007548,1,interior
0.12895717647350424,0.08622848427904191,1,interior
0.1172554072124749,0.09173085587415884,1,interior
0.12692945147184992,0.0664677064303226,1,interior
0.10450848537682644,0.15518316474017702,1,interior
0.09561610723434814,0.18697789675704807,1,interior
0.11020938433480537,0.2688846078569878,1,interior
0.09917724032757846,0.1545988484771241,1,interior
0.10910680622654528,0.11988851268104408,1,interior
0.1108396656066434,0.2838103893247493,1,interior
0.12771235450830964,0.30111668882159043,1,interior
0.12066781923677412,0.08808408244557261,1,interior
0.08956732436379557,0.2356962607682599,1,interior
0.12593151726970295,0.3032644261923929,1,interior
0.12964076010163855,0.08403600866129678,1,interior
0.14537865967664085,0.3233149626579872,1,interior
0.0944294543748038,0.1633589099980744,1,interior
0.09668417437558595,0.19281917166841134,1,interior
0.09154953821828204,0.24331578754660238,1,interior
0.09391129181389155,0.2232877511378762,1,interior
0.09570252761313433,0.25244141645105106,1,interior
0.14543370725140517,0.325071301229617,1,interior
0.10456194134559213,0.15345144278651104,1,interior
0.10811866701600281,0.1179840523441426,1,interior
0.08997185386132545,0.24240714456958054,1,interior
0.13668614732437004,0.3179144436673675,1,interior
0.12041693462730672,0.08976135539880273,1,interior
0.08782954105263015,0.21719547170979597,1,interior
0.13852640407058586,0.31704367154953134,1,interior
0.10775509114877688,0.13172723112115697,1,boundary
0.10153805321372142,0.1493767564169571,1,boundary
0.11306038463732929,0.28527808576775426,1,interior
0.13321888019652228,0.30295858044188284,1,interior
0.11870008051144577,0.08882272436328124,1,interior
0.08883556732869499,0.21012572851655512,1,interior
0.13722463474712948,0.3095534852306005,1,interior
0.09124200600630022,0.20972605102034203,1,interior
0.10985203088496735,0.10987897657190852,1,interior
0.09817906621025774,0.16443355577722674,1,interior
0.09572930443069394,0.1954305999199053,1,interior
0.1196936211600261,0.2932305686013057,1,interior
0.11160884793736772,0.13464589339484256,1,interior
0.11836454559248098,0.0871212162025563,1,interior
0.14813437823511177,0.32339524580615936,1,interior
0.09412792823743825,0.25111433629410657,1,interior
0.12967422227584804,0.3029540176736535,1,interior
0.1149620408693136,0.2893881675588595,1,interior
0.11078651241617818,0.1366211036960361,1,boundary
0.09876992102466613,0.2594355623627697,1,interior
0.11587382026408842,0.27280129205013154,1,interior
0.09601079475321618,0.16664401413420799,1,interior
0.1045165787858543,0.262397718321859,1,interior
0.08914831395592743,0.24076409124184048,1,interior
0.09627934493532544,0.17615217074210437,1,interior
0.09593639988515601,0.15783233816642323,1,interior
0.08862030533776202,0.21328515932563644,1,interior
0.09272869056453882,0.20225670533423112,1,interior
0.13667223118436375,0.31112974562055473,1,interior
0.10490991108531593,0.26599038399453667,1,interior
0.10289294903564689,0.26269131910962,1,interior
0.09543740349346527,0.15439958120904052,1,boundary
0.1057545155177659,0.11694701664472917,1,interior
0.10078557936947041,0.2610095433288555,1,interior
0.10996942776457756,0.10764876710560103,1,interior
0.11097367050754449,0.1329545581188577,1,interior
0.09163424780120026,0.17107833997665806,1,interior
0.15206837916870433,0.32243824112425784,1,interior
0.1000571608181359,0.15033870362139184,1,boundary
0.09273079147387599,0.2501134233490077,1,interior
0.10137802701542538,0.17628810278625642,1,interior
0.12465962811401692,0.06618667801117012,1,interior
0.11034760464916236,0.11655550768299786,1,interior
0.09107939288824522,0.207576770028895,1,interior
0.09624917220929888,0.2020403102703009,1,interior
0.09725201489570053,0.20563509628238175,1,interior
0.10627943341584531,0.11037791669957182,1,interior
0.10834442115400325,0.10868637740275255,1,interior
0.12731770993986613,0.07367610178841988,1,interior
0.11440093876210154,0.10053581451710404,1,interior
0.1276609458519196,0.30334009787226135,1,interior
0.15095933188656316,0.32514699917036033,1,interior
0.09580497107129063,0.25801771109700083,1,interior
0.09547386524617978,0.19140024930384414,1,interior
0.09284125333925865,0.20063152022364203,1,interior
0.15655338767067956,0.3183337417434746,1,interior
0.09481882598850151,0.25518962600630324,1,interior
0.1266199682861659,0.06380606210381827,1,interior
0.10100092095683874,0.26304374785018847,1,interior
0.16075364838295209,0.32150888605669076,1,boundary
0.1278729901804574,0.0804619337001453,1,interior
0.09808368623737852,0.15083291601852794,1,boundary
0.10982022410950917,0.13486385827341454,1,interior
0.08990294445996293,0.22938894448822633,1,interior
0.1222660589048171,0.2980560745037777,1,interior
0.12617408344122558,0.30480013867451833,1,interior
0.11157518364367164,0.10772144674769961,1,interior
0.12128594510800322,0.2952525634254755,1,interior
0.11290562711400473,0.2925372993301519,1,interior
0.1229752596710038,0.07295572044783318,1,interior
0.11920448757677438,0.29471179890686067,1,interior
0.09825581990531428,0.26225304404538907,1,interior
0.0891989092278102,0.20638449096484196,1,interior
0.09066360038846819,0.24587340503945146,1,interior
0.08975457387985557,0.22780340198610535,1,interior
0.12286370616440351,0.28786928654636323,1,interior
0.1209418178474983,0.10954672279769916,1,interior
0.11207920149581085,0.10372336140307804,1,interior
0.12631670011965454,0.061904649350986794,1,boundary
0.11968129996729415,0.0855531771856986,1,interior
0.09197047697939167,0.16066399159360562,1,interior
0.08586666264758847,0.22910107196620258,1,interior
0.11611898569725347,0.08911555059093947,1,interior
0.13564190438767862,0.3052312816192809,1,interior
0.13866919630104033,0.3007285813472108,1,interior
0.12622591786208945,0.07035377494496754,1,interior
0.09685368155933537,0.2604554223845665,1,interior
0.1134520747964385,0.28967047686861913,1,interior
0.10915077520230418,0.12747858420246438,1,interior
0.09204597945390937,0.17336545622781527,1,interior
0.09239338424713402,0.17492395819531914,1,interior
0.115981372242826,0.10613833873356363,1,interior
0.09431345442996719,0.19007541085060056,1,interior
0.10173931783559485,0.15972163357378444,1,interior
0.1335094656135079,0.31922447772337237,1,interior
0.09594890129755226,0.1562619256519311,1,interior
0.11295406903840015,0.28698101354655814,1,interior
0.12568365168011197,0.06758420790562798,1,interior
0.08657475562292626,0.22673460959786798,1,interior
0.09780883793493847,0.20065041273060033,1,interior
0.08756611082492768,0.2078294229606732,1,interior
0.11730722915523228,0.29380281077168,1,interior
0.09208637991956857,0.24668097494022984,1,interior
0.10916920620657429,0.1031584967325406,1,interior
0.09381634597697124,0.2566954513163768,1,interior
0.09249148091350684,0.16358478699936524,1,interior
0.1231917877187222,0.30406416061502456,1,interior
0.11078891405614343,0.12669924471292185,1,interior
0.12140989580612929,0.2905802683845153,1,interior
0.13312879423195503,0.3045069220084024,1,interior
0.1098044965981015,0.11805694120174706,1,interior
0.12303636869740703,0.08379939676628687,1,interior
0.0925360351116261,0.15882288201283012,1,interior
0.13260331453941968,0.05808219370920888,1,boundary
0.10974786267091344,0.26434451587915775,1,interior
0.10797530745897162,0.2632984428679476,1,interior
0.09522306513947358,0.19688716615497928,1,interior
0.09305327898927711,0.16534878100007036,1,interior
0.11363764229254478,0.09597979618067419,1,interior
0.09059428675023355,0.2188453662791765,1,interior
0.1184634786342079,0.08299626856314651,1,interior
0.08827763617802756,0.23257104446927254,1,interior
0.09259019849694365,0.2522492382940385,1,interior
0.09372780015763402,0.1922388817286236,1,interior
0.104251059343459,0.11928942382849853,1,interior
0.09472035807887794,0.17822519444665452,1,interior
0.11190668406000016,0.10204963608355025,1,interior
0.11701257145559621,0.0859831375700011,1,interior
0.13200013546957493,0.31567863412641217,1,interior
0.1376792010015388,0.3191902595976785,1,interior
0.15790363164237234,0.32251809221700706,1,interior
0.09333044322784913,0.19683234293383703,1,interior
0.10772654218504196,0.12882366854265878,1,interior
0.10945671885560176,0.11445486065711145,1,interior
0.1053006375531409,0.1217928321737251,1,interior
0.09532968896137464,0.198943273818106,1,interior
0.08778018801613721,0.23603904059017497,1,interior
0.09443854566324761,0.1944006674993678,1,interior
0.15960595292296084,0.3242846741078022,1,boundary
0.1019407120147003,0.11961850557010567,1,boundary
0.08857785208579305,0.2341741352722079,1,interior
0.08646616188484683,0.20994492767738807,1,interior
0.12826852848661655,0.0718669431390201,1,interior
0.10609689000542467,0.12695023358692373,1,boundary
0.08799281956420135,0.24286904687736652,1,interior
0.1590275201340168,0.32143653132181504,1,interior
0.0846783611158193,0.20747373472407582,1,interior
0.09507347404419877,0.17451774024166478,1,interior
0.13354879684074603,0.08260869229812545,1,interior
0.12872130203718085,0.08244653952513742,1,interior
0.10881997524725932,0.12594467387019972,1,interior
0.10907815914066629,0.2780155304210245,1,interior
0.10683684310612943,0.10471215081594942,1,interior
0.09021745128850482,0.2310312251764873,1,interior
0.09365294050986372,0.25340408463005165,1,interior
0.12842357953958064,0.07623181204889189,1,interior
0.10295198650138786,0.15068820657385254,1,interior
0.1136008351911902,0.09774945968405055,1,interior
0.1074033668006814,0.2647969303387282,1,interior
0.0917413080742891,0.20491739638583867,1,interior
0.10464119037764047,0.10997651252798515,1,boundary
0.12715119934061145,0.08297343139380757,1,interior
0.12482735770521076,0.07534913458760567,1,interior
0.11567993098845894,0.08701377050599977,1,interior
0.08967218559554042,0.16297348637457476,1,interior
0.09332120166002741,0.1856155186129197,1,interior
0.11515467073634843,0.08445261364508212,1,interior
0.11289950376092536,0.12198972222473559,1,interior
0.09320184377324539,0.20686057315185982,1,interior
0.14960252595222012,0.3240722363277557,1,interior
0.08953256120591066,0.22337496537425994,1,interior
0.0897430424236501,0.16087346230881056,1,boundary
0.09174917596890052,0.16220858532284646,1,interior
0.0920436159905354,0.17989218126267434,1,interior
0.1315255921367254,0.3046870785615589,1,interior
0.13091359088768265,0.08021893520430301,1,interior
0.12867733967968692,0.3054352389247489,1,interior
0.08698234863841402,0.23437606216796114,1,interior
0.11849360126379888,0.2968751580600102,1,interior
0.08528398551436596,0.23299208108879993,1,interior
0.11734269708402166,0.2953312485772409,1,interior
0.09335283439972608,0.1808761950652542,1,interior
0.10362884377009651,0.12246173139547509,1,boundary
0.1036169099573478,0.268223485653617,1,interior
0.09193537766578891,0.2543868863232323,1,interior
0.10679604327021093,0.1189785133923521,1,interior
0.132047353522263,0.3212994361751737,1,interior
0.08719002900382085,0.23956101343416766,1,interior
0.12525351217104713,0.3017188252005266,1,interior
0.08790561344459596,0.1631753095209752,1,boundary
0.10177605273878372,0.2646534738127252,1,interior
0.11111128485345108,0.1251711061830191,1,interior
0.09612659393619173,0.20035483791973274,1,interior
0.09115924771201112,0.20003890452452025,1,interior
0.09044350323291078,0.2015718534936311,1,interior
0.10969995334308234,0.10466496417972632,1,interior
0.11058176764404423,0.28688635303941645,1,interior
0.08507268485541664,0.24068383636829457,1,interior
0.10408107663598744,0.11213324556456057,1,boundary
0.10608619521528027,0.12960169401094318,1,boundary
0.09317998772588626,0.176762419454708,1,interior
0.12370116062275194,0.3061141804754768,1,interior
0.09288369237843223,0.1945438372609421,1,interior
0.09649475037645298,0.2631231111571656,1,interior
0.09200561531873708,0.19047775680786283,1,interior
0.13477189872973713,0.3067232113394342,1,interior
0.08994615864875528,0.17132162614397442,1,interior
0.10693627863785586,0.11192527040197678,1,interior
0.1298679166956661,0.07242587257929235,1,interior
0.09021164491238368,0.19188121537188654,1,interior
0.15289660859680687,0.32741543245746724,1,interior
0.08378713594098108,0.22692829789808333,1,interior
0.08691992052867646,0.20611739341561722,1,interior
0.13462773296582312,0.31070366022664775,1,interior
0.08857579054179766,0.2456071862029386,1,interior
0.09370464807615239,0.18811273030295014,1,interior
0.10823247681390945,0.1353871107385339,1,boundary
0.08875668803097715,0.215903236998188,1,interior
0.09303649484259624,0.18396049136478668,1,interior
0.1119809484170355,0.26445541596573574,1,interior
0.13250054305415143,0.3072719509802973,1,interior
0.13211543503506057,0.3133704223638731,1,interior
0.10739416889415121,0.12050284538362281,1,interior
0.09593590993925297,0.18991830042968336,1,interior
0.11132202440213337,0.09801942690696049,1,interior
0.09356326134029179,0.17371439540787045,1,interior
0.08556897110730377,0.23094780131534554,1,interior
0.13305681655319948,0.3111719043516897,1,interior
0.13275740348889384,0.3170332889294629,1,interior
0.12985050475915907,0.3136523052123185,1,interior
0.13511690255659972,0.31251479933147874,1,interior
0.12223931110551059,0.08600820813385487,1,interior
0.08623335713786637,0.21363604156418747,1,interior
0.10825027166417674,0.2754193526977071,1,interior
0.11089489718851225,0.2787617197847115,1,interior
0.1095251165244083,0.12335958574712586,1,interior
0.13352007572819571,0.3127463426932209,1,interior
0.09021295863155673,0.24732548226410161,1,interior
0.09099228845466899,0.16967193799743147,1,interior
0.09071246569117039,0.1596169004980364,1,boundary
0.11582991043337146,0.092569847608949,1,interior
0.0866925655056248,0.22057331807409492,1,interior
0.08818548648358834,0.22265166985586526,1,interior
0.08414249569611515,0.22929020204493256,1,interior
0.12182638224946293,0.0705276176682667,1,interior
0.10656581002805918,0.10862137161769637,1,interior
0.093600129727232,0.15750448115571405,1,interior
0.08715232824454218,0.21891190688858253,1,interior
0.08961801654068118,0.1976215764318289,1,interior
0.09429136819909359,0.20108351963203966,1,interior
0.09189310407067941,0.19256651864565102,1,interior
0.08933098344149291,0.20468176212112021,1,interior
0.0980117792166868,0.15864406288210295,1,interior
0.14092666058330106,0.3207267477685874,1,interior
0.09288900852404021,0.16767646013362802,1,interior
0.11120326727676536,0.12301382887505695,1,interior
0.09053089335592415,0.188222814933597,1,interior
0.15585290667964014,0.3247382415152004,1,interior
0.08259620412327705,0.23297844786468733,1,interior
0.08648869148650223,0.2477948611352961,1,interior
0.11714525392072273,0.08405499439857558,1,interior
0.09083507124805788,0.17492876397636398,1,interior
0.08796077397652743,0.23760148530199113,1,interior
0.08631189811331591,0.23764670939186705,1,interior
0.12021669187399234,0.08339277071786359,1,interior
0.09370693240624242,0.19906604341509085,1,interior
0.12609932353046155,0.08133364749738844,1,interior
0.09042830809163611,0.1859563900914385,1,interior
0.1261843059459664,0.08540668439671645,1,interior
0.12565681033538256,0.07945280560761253,1,interior
0.13260410401051645,0.32322698863230825,1,interior
0.14215920784339958,0.32481855269710547,1,interior
0.0854564071719844,0.23464925786177426,1,interior
0.10499361756032023,0.12460267456839688,1,boundary
0.10648783205602312,0.12319863585198564,1,interior
0.10863478695066346,0.1060095437580491,1,interior
0.10608369215345938,0.11338281014707109,1,interior
0.11608422635344981,0.2985803575013416,1,interior
0.08593156665358834,0.21646739191443315,1,interior
0.08672093766641537,0.2247707003602097,1,interior
0.11830442086501905,0.29917261115066723,1,interior
0.09075411051946615,0.22456099886423822,1,interior
0.12140914964264107,0.29960889316675476,1,interior
0.10965358279672473,0.2705143906916387,1,interior
0.10721035681107692,0.2735497203933489,1,interior
0.09973405759960066,0.26397096229281264,1,interior
0.09151312959446371,0.24895897694805919,1,interior
0.0948193286061025,0.26210872281979464,1,interior
0.12484023061716605,0.069082640529495,1,interior
0.11106744789112835,0.28844732885383834,1,interior
0.0964117531942608,0.1530258624556776,1,boundary
0.12813651691133301,0.31431706536830667,1,interior
0.1083939366012067,0.12166294583229664,1,interior
0.11603061869448857,0.09079201600598763,1,interior
0.12827530016785224,0.3163305490973055,1,interior
0.11345106308277818,0.0899189680447192,1,boundary
0.10114202683967584,0.26620034906586176,1,interior
0.09150313613507625,0.1985017927363292,1,interior
0.1236360314877385,0.06401673843347643,1,boundary
0.10825581800292122,0.28258828220999893,1,interior
0.11321632968249729,0.08605497210842755,1,interior
0.1469999296836622,0.3245632838528714,1,interior
0.1388958600508908,0.320380450485589,1,interior
0.12265499482097816,0.06846769375888032,1,interior
0.10759754827385669,0.12499505897289262,1,interior
0.129436535426918,0.08101189456457135,1,interior
0.08444856100421211,0.23699467763009763,1,interior
0.1116480481905034,0.2911367017425587,1,interior
0.08801176992533728,0.20143528454046064,1,interior
0.08231109528718536,0.22917717814283817,1,interior
0.11007369298391284,0.10180817700011052,1,interior
0.12401549847895285,0.0776782086757058,1,interior
0.10847704722970888,0.2800701747673863,1,interior
0.09212071173128382,0.18860245986874097,1,interior
0.10592221505216458,0.27220396621743803,1,interior
0.11335980577492907,0.08817271567298461,1,boundary
0.11210594169884479,0.10039374541609986,1,interior
0.12499923167134373,0.08306373272664143,1,interior
0.1279397020141527,0.08441055513359141,1,interior
0.10754125398655721,0.10279255302009144,1,interior
0.08641650784690634,0.21161805159740527,1,interior
0.10634875122622134,0.27979813600253267,1,interior
0.10924017748501474,0.09893819958904376,1,interior
0.12472570106566574,0.3042468137813575,1,interior
0.12639352836723342,0.31351527947256264,1,interior
0.10633073690723842,0.11519048706206114,1,interior
0.1116650269548504,0.08527794549382724,1,interior
0.08571763924089863,0.2447619823574744,1,interior
0.10864244703186562,0.2889403659047777,1,interior
0.11598990327345376,0.08138981065296166,1,interior
0.10912127622620331,0.2846141483076514,1,interior
0.12000291062749442,0.3004906135990267,1,interior
0.08460860322698761,0.2148594450002142,1,interior
0.11618717020763161,0.2963680782979671,1,interior
0.09799000802872732,0.2651066585954733,1,interior
0.08955797698491791,0.16880482697045815,1,interior
0.15471961310163426,0.31309699357535054,1,interior
0.09125507683896963,0.25698534673094175,1,interior
0.12361834403320823,0.07100218301230667,1,interior
0.08387232389934728,0.2440169258623668,1,interior
0.08242738657167864,0.22504217671085547,1,interior
0.10487657828876099,0.1143506473799273,1,interior
0.10833460073487608,0.287181197948999,1,interior
0.09251271675930602,0.16951924443595878,1,interior
0.09505914429794428,0.19299809036273183,1,interior
0.09017830228725734,0.2529547136900765,1,interior
0.09718155178964334,0.1551901558227345,1,interior
0.13542023403028053,0.3197706054784634,1,interior
0.09131871513736575,0.18317102532024684,1,interior
0.10704787169189783,0.2782072218820289,1,interior
0.1057387849160965,0.27659586814301623,1,interior
0.12196282552528065,0.07517496494733274,1,interior
0.08887552115222046,0.2568881651375161,1,interior
0.08376463201470602,0.23111112043297144,1,interior
0.11015758598782335,0.290803767302092,1,interior
0.10887782942421251,0.2739109684450305,1,interior
0.12375906178166073,0.0796260971365871,1,interior
0.10895875884576832,0.2656898945515991,1,interior
0.14358725674576914,0.32182940509931807,1,interior
0.0819497728718483,0.22669855205757652,1,interior
0.13135006006189645,0.3111316321112704,1,interior
0.15574682199204595,0.32306940696098835,1,interior
0.1278101044028863,0.3118948536866973,1,interior
0.11199706037502458,0.2727880257093463,1,interior
0.12328689142249913,0.07620308673771159,1,interior
0.12373198723892752,0.3014296169288505,1,interior
0.12290381327728726,0.30848954732828976,1,interior
0.08052218539049281,0.22828256598145155,1,interior
0.1360599027915015,0.31452505450482565,1,interior
0.10669147559752516,0.10634160246341468,1,interior
0.08484884355281225,0.22493756937741663,1,interior
0.13032549265256196,0.307372408375865,1,interior
0.10279787644134104,0.26589696577372113,1,interior
0.11467977796548239,0.29541336315535877,1,interior
0.09420207025578221,0.15576998270157538,1,boundary
0.11918244142651341,0.0757484467248919,1,interior
0.09033853023683593,0.17301501469161126,1,interior
0.07930114078347962,0.2261438563853698,1,interior
0.1132058316746897,0.29926507446690687,1,interior
0.10554661355873636,0.2742936848894212,1,interior
0.11374128245678161,0.09223427468158052,1,boundary
0.08647124167591616,0.24300085956401912,1,interior
0.08474332733038176,0.2111180377904246,1,interior
0.1036562462182989,0.2775279767526962,1,interior
0.12497404716218793,0.07351821808999559,1,interior
0.08590338103524185,0.2225658708803298,1,interior
0.10653636201249359,0.2822846351466635,1,interior
0.12511384240596007,0.06448491090397634,1,interior
0.1120745014891172,0.09658710311167307,1,interior
0.08413223471017155,0.21945602957891241,1,interior
0.10310843918354438,0.11758268065497751,1,interior
0.12687636486872145,0.0784040977807026,1,interior
0.0843063946379247,0.23926368473689374,1,interior
0.12157406961601933,0.3020072200604243,1,interior
0.1054457012366817,0.10374720631203192,1,interior
0.11214697145181646,0.2949997547977597,1,interior
0.12701479668780744,0.06859799197509091,1,interior
0.11791606813967756,0.07456766148079084,1,interior
0.12125825740685292,0.07957017460193057,1,interior
0.1345652415526838,0.3087098993623537,1,interior
0.09490737805016396,0.2597524303950124,1,interior
0.10704304103786454,0.27064996138071257,1,interior
0.09696153487022688,0.26777284857132727,1,interior
0.10680088256161806,0.2839910363516852,1,interior
0.10877875245878481,0.26829175413741674,1,interior
0.12356145813624143,0.29982772297562366,1,interior
0.08536051117902074,0.21796882994352387,1,interior
0.08971136757876283,0.193451708706982,1,interior
0.10391082042434076,0.27248841748201447,1,interior
0.08724987209674019,0.20277876096402056,1,interior
0.12110878409646289,0.0681424723282071,1,boundary
0.1320523447400743,0.3186558549818118,1,interior
0.11046914607707682,0.26716106700923264,1,interior
0.08824506306121724,0.17045712030941867,1,interior
0.12212290740150898,0.07783796421598257,1,interior
0.11853728547747104,0.08017082923330088,1,interior
0.10501120838995538,0.27894953301160225,1,interior
0.09096128073018564,0.1772295527848613,1,interior
0.08095944560640513,0.23080252283876693,1,interior
0.11147708290361617,0.28552633746698985,1,interior
0.08946318201609853,0.18143839987029878,1,interior
0.12703829931172894,0.3153790318586997,1,interior
0.09028211045511111,0.25929683890850436,1,interior
0.08841124459522022,0.24776009812662506,1,interior
0.1244689316929046,0.3147722106567948,1,interior
0.08107603748788479,0.2434579592809194,1,interior
0.10312711765460662,0.1151989973612457,1,boundary
0.0837001397438824,0.23521341940741253,1,interior
0.08207739371047554,0.22334183761903548,1,interior
0.13521481298465365,0.32252336713480445,1,interior
0.09122904145757367,0.19476049783437033,1,interior
0.08824890040827703,0.22424268656791327,1,interior
0.12740886235720703,0.30706240534191787,1,interior
0.08977085552690009,0.2489233356532275,1,interior
0.11248802186000356,0.0949591825338114,1,interior
0.09135377747767162,0.2511581863423731,1,interior
0.09085727178751404,0.16645914114622765,1,interior
0.09166762343454672,0.18689686936369876,1,interior
0.12626009251033277,0.0764273171607468,1,interior
0.08180218187643516,0.2349682966949163,1,interior
0.119698570832634,0.07358231468212886,1,interior
0.09302460793620831,0.17170363381295017,1,interior
0.08876038027910606,0.2514130316295862,1,interior
0.1365799675205281,0.3207988348968194,1,interior
0.12345096939548192,0.08182872921255427,1,interior
0.09113928828454881,0.1679915882634688,1,interior
0.09326396938566718,0.2589207134361753,1,interior
0.10458194378127685,0.11584784056735473,1,interior
0.15300894188517325,0.32445823919799627,1,interior
0.081380468618366,0.2368410152131564,1,interior
0.08783983618606281,0.19518109949093268,1,interior
0.15707077716062978,0.3238261807586482,1,interior
0.11853511113611587,0.3015769520946438,1,interior
0.12044239118726931,0.2966437211706102,1,interior
0.08989315346463214,0.16456162746697997,1,interior
0.08676785819348233,0.24113288115556888,1,interior
0.08954699133913589,0.24414234516113373,1,interior
0.11230553758325407,0.2629321724246991,1,interior
0.09214469357945966,0.17832242597929857,1,interior
0.13196218842025975,0.3093957808802462,1,interior
0.10596335467752299,0.2678475536597148,1,interior
0.13032311702226834,0.30573579919613764,1,interior
0.10432693852084444,0.10500070858947094,1,boundary
0.11030888727388206,0.09665314275038635,1,interior
0.11818883442639078,0.07744372311421417,1,interior
0.11335776544090226,0.08340956539902093,1,interior
0.08997687557781464,0.1897962441251769,1,interior
0.0837264779501883,0.21229119305285038,1,interior
0.09038886336104583,0.2547379273542204,1,interior
0.09134216137216694,0.26101624114772737,1,interior
0.08842296602885398,0.16677688752626144,1,interior
0.09180840107428268,0.19698209504557246,1,interior
0.13114746708729963,0.317227603903672,1,interior
0.0861455518954705,0.16537960636721474,1,interior
0.11992641227607949,0.06914848369456643,1,boundary
0.08724318235734126,0.24987598716192014,1,interior
0.0883325946873279,0.1890151402730942,1,interior
0.10271285110559579,0.27100103996756114,1,interior
0.11433355468964114,0.30055518319023167,1,interior
0.08090206465872837,0.22160977760495174,1,interior
0.08839326376187606,0.164880004547403,1,interior
0.08777169084291084,0.2046265280459628,1,interior
0.12009660700373781,0.07751737583387462,1,interior
0.15987360449205767,0.32704030309165,1,boundary
0.12971768866510103,0.315265245066771,1,interior
0.12008189702162653,0.29831776959517425,1,interior
0.10523536910635264,0.10723994756302205,1,boundary
0.11166999476911278,0.2999788955859542,1,interior
0.12887567920439885,0.308016478194692,1,interior
0.0886727918460835,0.19168954721348946,1,interior
0.11577125448569053,0.3010867215109718,1,interior
0.10764421734824565,0.26648683411744906,1,interior
0.08919004379433525,0.17421368088210346,1,interior
0.10165852576653318,0.1211424370581626,1,boundary
0.1226163163332389,0.06526649529218961,1,boundary
0.08017123330152855,0.23218538989717577,1,interior
0.10367328634028897,0.275683279046629,1,interior
0.08368314525671942,0.21792515876132387,1,interior
0.10339853906793563,0.12095965486168109,1,interior
0.10120367510695662,0.27328729918906636,1,interior
0.08223607323467005,0.23870111285422718,1,interior
0.08262355146653635,0.21343946635261163,1,interior
0.1213280411967022,0.30544091108455595,1,interior
0.14950581329336896,0.3260967071491772,1,interior
0.08914944908338496,0.18708999140934085,1,interior
0.08505238364279562,0.20930214415247006,1,interior
0.11367935552697929,0.2940250309490453,1,interior
0.11649322713272312,0.3031013918133315,1,interior
0.12019230859753416,0.07077884268402276,1,interior
0.07947522229936126,0.24400105200310931,1,interior
0.07727590855103243,0.2326941263618102,1,interior
0.12132014016430237,0.07258310742870698,1,interior
0.08700905868617007,0.24636651575107105,1,interior
0.0896785121790124,0.19956092262800934,1,interior
0.13421266381830801,0.3236686275252544,1,interior
0.07898038770023973,0.2305552330266679,1,interior
0.10532489540544758,0.270667060973679,1,interior
0.13381123205006204,0.32531048225726295,1,interior
0.12219096749847179,0.31412094888921593,1,interior
0.08624716020048548,0.2360107955232324,1,interior
0.07856700434355708,0.23710748230236042,1,interior
0.12013373678441683,0.0811885246673293,1,interior
0.14341187590057444,0.3233475978831895,1,interior
0.0837296930960357,0.22386412820470114,1,interior
0.14777497568165632,0.32776634933300397,1,interior
0.08691986419949971,0.19868425711419793,1,interior
0.10492335349428553,0.2848686140452596,1,interior
0.13950171316831525,0.3233974488478825,1,interior
0.0834626352930247,0.22221677637375592,1,interior
0.1107295207040855,0.09475200629882181,1,interior
0.08212306940496418,0.24159693440646335,1,interior
0.13356357331972557,0.3155477174516327,1,interior
0.10765071163656521,0.2904620090930698,1,interior
0.12910096058023515,0.3109583630367165,1,interior
0.12722887104329686,0.310010150613749,1,interior
0.08079885178555488,0.2256191295800864,1,interior
0.11385402071209205,0.08179718610848329,1,interior
0.07860968556685648,0.23910722270303358,1,interior
0.08361338115429097,0.24636204667219824,1,interior
0.10211653242785104,0.2695200007918867,1,interior
0.13680797686652568,0.3247876523183096,1,interior
0.10909814674619997,0.09432470060167433,1,interior
0.12353927833000757,0.074433902953318,1,interior
0.08040739512575416,0.23424610782002084,1,interior
0.09114097578088302,0.18160648279249147,1,interior
0.08547742396907884,0.20006678891001436,1,interior
0.08855734925539997,0.17251409896988512,1,interior
0.13403565888617697,0.32103331778301375,1,interior
0.08403696935663588,0.16749125588488273,1,interior
0.13020643124107037,0.31861968463529033,1,interior
0.0824997562692912,0.2208486099742814,1,interior
0.0846858435415743,0.24889154591328566,1,interior
0.10902890447785656,0.29985280924271596,1,interior
0.10803562209496496,0.2719279420145804,1,interior
0.11944140175786178,0.30330107485301117,1,interior
0.11200617247674148,0.08126805622814834,1,interior
0.09366976460013601,0.263301128869857,1,interior
0.10712547297610711,0.10009340186375963,1,interior
0.10133825922807159,0.27803919907159547,1,interior
0.08266245092096801,0.21676492298489156,1,interior
0.0992621016910439,0.26630807406414025,1,interior
0.0854234975425382,0.24645664472920464,1,interior
0.11290348874759829,0.2968801173927118,1,interior
0.1482004001776136,0.33033258410739536,1,interior
0.15125622655133664,0.3267485531206876,1,interior
0.08714846541595943,0.17530132874340834,1,interior
0.11143397080528965,0.08295431060935568,1,interior
0.11712727449516162,0.07620071193094213,1,interior
0.12157598800924578,0.3077350998921795,1,interior
0.07568460805295937,0.23661066239073777,1,interior
0.08114993302363846,0.24034545546975103,1,interior
0.10022941463968346,0.26847696718956565,1,interior
0.12429017297977872,0.3108123675029441,1,interior
0.12547801872067338,0.30685339854236504,1,interior
0.09521637924514614,0.2640654906743636,1,interior
0.07765231512501476,0.23522007406535114,1,interior
0.080437458051329,0.21893773867143745,1,interior
0.07725909571084945,0.22422250370463165,1,interior
0.08873226159760234,0.25873069088248896,1,interior
0.08044059965351688,0.2231170040654086,1,interior
0.15433444648902792,0.3265511495516694,1,interior
0.13832587598840465,0.32600653441168,1,interior
0.13824624398275764,0.3218441669193998,1,interior
0.08940673454862094,0.17573410597831676,1,interior
0.08949400982818378,0.20280075197665937,1,interior
0.0858233391535391,0.20484163513426978,1,interior
0.0881539347978974,0.16148464866153447,1,boundary
0.08813402517212535,0.17784595463158606,1,interior
0.1027015756498429,0.274098681066528,1,interior
0.07926738204104616,0.23556317298889304,1,interior
0.08297611065107906,0.24013055829299682,1,interior
0.12892482886446927,0.31777780587919563,1,interior
0.14375516294240792,0.3252573952338988,1,interior
0.12964590109200064,0.30940069065213494,1,interior
0.10958005793595929,0.08386895866708563,1,boundary
0.11923429265801774,0.3054821868254126,1,interior
0.09470844076141875,0.1760805915114814,1,interior
0.1373521147313033,0.32335005626924684,1,interior
0.0880453051011253,0.2536513762692325,1,interior
0.12137069556268412,0.08235108468163392,1,interior
0.08653585846197996,0.17347049907833798,1,interior
0.08240780019640591,0.21106769745630327,1,interior
0.11403153173802626,0.3027542536784149,1,interior
0.08300075422038107,0.24922454208182226,1,interior
0.08521173481522967,0.22107265697015155,1,interior
0.08649178352632114,0.16710484399480047,1,interior
0.10734838119846168,0.2688039644773257,1,interior
0.08755321673160345,0.25972324263683816,1,interior
0.10377600699106966,0.26977690470135096,1,interior
0.15390031621686728,0.32294223635233266,1,interior
0.1271620668145087,0.31832618080677505,1,interior
0.12247511412730328,0.0805542180382261,1,interior
0.11093026021519738,0.2983172186673263,1,interior
0.12823006546184573,0.31943286652907527,1,interior
0.10544497160013065,0.2810564455890571,1,interior
0.08782790262406608,0.1974346821486681,1,interior
0.10060380064126749,0.27150603699207154,1,interior
0.12301503721111245,0.06695652945855259,1,interior
0.1156663750394969,0.0829392505112024,1,interior
0.08992872496922988,0.19570416603111165,1,interior
0.13972076933770888,0.3253570029823118,1,interior
0.08091134105872971,0.21647478771391793,1,interior
0.10447599948707355,0.2825156243498708,1,interior
0.08522362326409597,0.20173554620835263,1,interior
0.0988426467122968,0.270578700060639,1,interior
0.11549042083718845,0.3045876479635085,1,interior
0.0843564264089623,0.17462471122596632,1,interior
0.11881437197615909,0.072113350939743,1,interior
0.0877668792750461,0.18608268017862334,1,interior
0.08017497216318366,0.21215135785345005,1,interior
0.08549610805587966,0.2504136452020763,1,interior
0.09163680148922562,0.2033431855073417,1,interior
0.11673973839190055,0.07893690753005024,1,interior
0.1474599900712767,0.3260534203456717,1,interior
0.08017288457125192,0.238637164016527,1,interior
0.15836215523841746,0.32577091424642374,1,interior
0.08291828617530109,0.23713538881406718,1,interior
0.10075101983550797,0.28060354691139644,1,interior
0.12406579755292117,0.31305823143322176,1,interior
0.15021126007511273,0.328347633208406,1,interior
0.13004201934140008,0.3202821044152448,1,interior
0.12449811370735973,0.30844040536941547,1,interior
0.11924056305176613,0.3086208663798493,1,interior
0.07888673898879166,0.23387100739417088,1,interior
0.08411576924566545,0.20568615711125154,1,interior
0.11017205136375723,0.3014667607176324,1,interior
0.11492147191720498,0.07815697497620716,1,interior
0.0864277372938177,0.19675926564733323,1,interior
0.08782194377048819,0.19334636500610533,1,interior
0.08655276943737208,0.25322083733083367,1,interior
0.09641792874754682,0.2655369302164004,1,interior
0.08611379524578616,0.2558442610195889,1,interior
0.12268231959638845,0.31100787120161705,1,interior
0.0889403182984837,0.179663371434379,1,interior
0.0871481536909867,0.19033730501332183,1,interior
0.12587720083769097,0.31175412104783173,1,interior
0.0828618385420292,0.20753203880311896,1,interior
0.11109424046515685,0.2937145519075047,1,interior
0.11000281799780356,0.0927870841743214,1,boundary
0.12123036124489046,0.3037104341804195,1,interior
0.10839082468786011,0.10117723183096801,1,interior
0.08638943258464873,0.1634466026679651,1,boundary
0.10260148884243214,0.10318032879116257,1,boundary
0.08408521835859567,0.19817280970211323,1,interior
0.11062849540160855,0.09975556394932171,1,interior
0.10825418444308053,0.3013542428746133,1,interior
0.10536382691923836,0.10105672622455066,1,interior
0.0833275715087765,0.25079675878123137,1,interior
0.08106524489624488,0.24678554524239324,1,interior
0.08211946618165655,0.20032214990750208,1,interior
0.11839164074258211,0.06995636683009142,1,boundary
0.10591656502337586,0.09887078000796604,1,interior
0.10584088475539734,0.2863512033295705,1,interior
0.08962624826927308,0.18461414994490802,1,interior
0.08265115859677524,0.20955550340943846,1,interior
0.10905728831443452,0.29755113191644017,1,interior
0.08223409634729269,0.2150234087328382,1,interior
0.07651385441636273,0.23111064625456493,1,interior
0.08257448160529773,0.16957403321407177,1,interior
0.08493257711586646,0.25812424242949594,1,interior
0.12739586661936114,0.32125541378479816,1,interior
0.08221188973502777,0.2183940485540087,1,interior
0.09429310696489805,0.24955132938680602,1,interior
0.08378199891284402,0.2416185984910981,1,interior
0.09136246787390771,0.21337034226118942,1,interior
0.08751875484309296,0.1691061316089544,1,interior
0.08618669894556844,0.1705276023440316,1,interior
0.08031923864844058,0.2092157723966733,1,interior
0.07983386051926318,0.20759158051996696,1,interior
0.11270779582072617,0.30145725217227787,1,interior
0.11063030718135647,0.29673395591078233,1,interior
0.1584112785217938,0.32885841409160826,1,interior
0.08637122076490462,0.18875429055977266,1,interior
0.11341409863664792,0.07992228946578463,1,interior
0.10539495865109366,0.29099548099033096,1,interior
0.10796870037545582,0.0975679867574454,1,interior
0.12123395171516821,0.08482033176673176,1,interior
0.0994759653920393,0.2740065315216987,1,interior
0.08029700817612435,0.21488871452376426,1,interior
0.07732141856538878,0.23804171687964853,1,interior
0.08084083888191647,0.20502753520788025,1,interior
0.109560901125877,0.2944519122812521,1,interior
0.1413433763859683,0.3261461119861272,1,interior
0.08768586150053446,0.25519540690978315,1,interior
0.14120433766911802,0.32861376838618517,1,interior
0.107335878062852,0.2976388917328955,1,interior
0.10965762204323808,0.292396616948415,1,interior
0.07680093556766167,0.2413912241010895,1,interior
0.08720156060141057,0.25785652630731254,1,interior
0.10405440068176391,0.2802544020230613,1,interior
0.1514773328130174,0.32968467351653125,1,interior
0.08570983954047924,0.18686064974007147,1,interior
0.12102799635114142,0.3106447053634958,1,interior
0.1258154331451575,0.30929075354164104,1,interior
0.08857626023455853,0.18301345093765306,1,interior
0.09906146230898698,0.2817610991670321,1,interior
0.14570518555616016,0.32759545903244863,1,interior
0.08762337644483394,0.26253054352163,1,interior
0.12569650579828498,0.3224047493308503,1,interior
0.14686945400298934,0.33109018760842274,1,interior
0.0955705589287673,0.26882752311763214,1,interior
0.10280100450905966,0.2815824610688971,1,interior
0.0797346122505444,0.24120262718050503,1,interior
0.08715501265366452,0.17189419981668724,1,interior
0.09990400119795205,0.2830322493166034,1,interior
0.11452523598354646,0.2970961224990412,1,interior
0.10581338335311338,0.29731511421340034,1,interior
0.14578553039485148,0.3295912506401729,1,interior
0.15612167528363943,0.33083351996820665,1,interior
0.09518926617821644,0.2670445983811734,1,interior
0.096090507008094,0.2706182741139611,1,interior
0.13084276078864288,0.3223013707910628,1,interior
0.11540642255024505,0.07968054642183063,1,interior
0.08453242540105514,0.19662481561548786,1,interior
0.10691394176602695,0.0961687064090103,1,interior
0.11118065015164261,0.11940452021068294,1,interior
0.10918842342718105,0.29598436883658974,1,interior
0.07846429927519319,0.2113888241922414,1,interior
0.08469150431866918,0.16927481367614236,1,interior
0.07793530813424872,0.2447936601597629,1,interior
0.0812794672797751,0.20698118382240402,1,interior
0.10657190854885616,0.2878984895549613,1,interior
0.08243009493395533,0.17130538736543408,1,interior
0.07810722641552442,0.22838133997613466,1,interior
0.11341668242601,0.09930896894373986,1,interior
0.1554432639405112,0.3288868775070728,1,interior
0.11767158007944487,0.30470329528005685,1,interior
0.10639145321683473,0.0940755322031943,1,interior
0.0824220989530172,0.24463473612758346,1,interior
0.1118603128469461,0.093279583842668,1,boundary
0.15326430814785313,0.3293702492490729,1,interior
0.07884095886532742,0.22404708087896477,1,interior
0.11601755500921092,0.07403245698351923,1,interior
0.11074750622744656,0.08025682634430718,1,interior
0.1576521184489329,0.3272992568734376,1,interior
0.08641809614874309,0.17866941699689923,1,interior
0.09302822674224377,0.2608795140162806,1,interior
0.09180274812544806,0.24482298400262245,1,interior
0.11677290794717364,0.07217641045052921,1,boundary
0.088869385177621,0.2607400973006552,1,interior
0.08357226141320492,0.20144452772209193,1,interior
0.1560731551362084,0.32719130643399214,1,interior
0.07453493950966159,0.22328457413143754,1,interior
0.08464152297127221,0.25329762223529695,1,interior
0.07831051023571815,0.24067225697731343,1,interior
0.10168918987678123,0.2755188860185803,1,interior
0.15443683442369135,0.33144819889327193,1,interior
0.07805723933622803,0.20705734182328747,1,interior
0.08791069769603466,0.2642873125422433,1,interior
0.11991427082970581,0.3069532076674225,1,interior
0.07806784126879913,0.24262121210425,1,interior
0.07873988999862962,0.21565023081169563,1,interior
0.10939291582393605,0.08144638675947231,1,interior
0.09442018976800924,0.2705632913969957,1,interior
0.10666810559031822,0.29223415241586165,1,interior
0.10718708308876837,0.2856058685823945,1,interior
0.10189076215427063,0.10164375878668852,1,boundary
0.15700557003721524,0.32949704275053243,1,interior
0.07769187895786704,0.2128997489997987,1,interior
0.084377448658563,0.1715182267378615,1,interior
0.08267448241394859,0.24763107968518974,1,interior
0.09392382033722695,0.2650689989514596,1,interior
0.10422698564102711,0.09671662195449879,1,interior
0.083867505661674,0.1731391855568607,1,interior
0.09852965881602321,0.27235613898648425,1,interior
0.13559161698697297,0.32590780896751703,1,interior
0.10769667653225229,0.2946835826207938,1,interior
0.1256238932950537,0.3190962930105029,1,interior
0.0773064425951566,0.21479749896912984,1,interior
0.11764335986025709,0.08161708303980042,1,interior
0.08610562817213542,0.1931006152857932,1,interior
0.0846643659867323,0.2553411024295407,1,interior
0.07645659581639067,0.2434625364073484,1,interior
0.11734849673299176,0.30721712756817304,1,interior
0.1063409628838678,0.29570800250767465,1,interior
0.10649409849842972,0.2894401012140045,1,interior
0.10229038976783994,0.2835544763924567,1,interior
0.0830304313800131,0.25278696893783137,1,interior
0.07596885368214784,0.23922202540380733,1,interior
0.14408255900717834,0.3288500259274791,1,interior
0.13450086397631322,0.3270829204045391,1,interior
0.11482628290678372,0.07600843318257626,1,interior
0.07760918638168825,0.20994891074383734,1,interior
0.0860030587802727,0.18274140564332164,1,interior
0.08675852712892514,0.25157986584321984,1,interior
0.1204412251127932,0.31352009689599125,1,interior
0.10771449393095624,0.09283105692025054,1,boundary
0.09723738504677966,0.279449904787934,1,interior
0.07570148341252944,0.2113821476312351,1,interior
0.07911523279651968,0.2137944371068349,1,interior
0.1019411926024362,0.09757763100775742,1,interior
0.10375866998896913,0.29730191721096927,1,interior
0.0778166724412729,0.2464276248511495,1,interior
0.07922026982658295,0.20571090512970444,1,interior
0.10207787326908166,0.2678521211099733,1,interior
0.11855730020295722,0.31422139997276133,1,interior
0.12867892426043628,0.3220835711526321,1,interior
0.08493823742999969,0.17727504684942058,1,interior
0.10398839543169504,0.09933107232713263,1,interior
0.10868086930117775,0.09616390548862815,1,interior
0.08603165164713263,0.18426314938946095,1,interior
0.08003569225841854,0.16974244428936547,1,boundary
0.15702662267559628,0.3330114608227744,1,interior
0.08058925772028905,0.250685127786016,1,interior
0.08430672373637527,0.18869969194795505,1,interior
0.11148823937364054,0.2697573909603528,1,interior
0.08697935020273638,0.20029802851679732,1,interior
0.0911721126721464,0.2636522563708206,1,interior
0.16006352067814655,0.32914101769539944,1,boundary
0.11303159608281162,0.3055014193310961,1,interior
0.10866114073892301,0.07906124197615122,1,boundary
0.09341829181145889,0.2667099545108494,1,interior
0.1369058472967967,0.32793907239309755,1,interior
0.11384245811732098,0.0740666307352677,1,boundary
0.13211801374953422,0.32480972262185215,1,interior
0.12569364320187965,0.3207238169727538,1,interior
0.08573129091655123,0.19153364134403067,1,interior
0.07755554265613221,0.21842652513945537,1,interior
0.10522473353777917,0.2938981710699875,1,interior
0.11356740086885495,0.07741333805090568,1,interior
0.09839434199081448,0.2688593679009457,1,interior
0.10139942581437836,0.09956932309878326,1,interior
0.0866448071285556,0.26577723739125203,1,interior
0.073123541767773,0.23817339685429942,1,interior
0.15004783198888583,0.3314838574385737,1,interior
0.1195942010939388,0.07897258729032318,1,interior
0.08664268906410019,0.18104367958575174,1,interior
0.08282863512802272,0.20437572174848873,1,interior
0.1027813470312527,0.2791775113833837,1,interior
0.10452778452459786,0.2877857218228715,1,interior
0.14270937076519474,0.3272690077160823,1,interior
0.07477195526946549,0.2217346933274306,1,interior
0.1029662601290212,0.2882914330452518,1,interior
0.11996896273253126,0.31192705542974075,1,interior
0.11154438330720351,0.07874270060307632,1,interior
0.08348017532320187,0.2564254352312722,1,interior
0.10958053915282887,0.3029372517344211,1,interior
0.1289020089197152,0.3244190420831461,1,interior
0.08417346732157224,0.18668032983284263,1,interior
0.08205243020763123,0.17771065573166914,1,boundary
0.08319358606563777,0.19543842525985397,1,interior
0.08130207590582043,0.1970873692452738,1,interior
0.07581464616577391,0.22024565057512233,1,interior
0.07231796362406065,0.22378432560364236,1,interior
0.08401772383355105,0.19205210136035825,1,interior
0.10631595999528919,0.3009103574403407,1,interior
0.09210848162848946,0.26827758426178266,1,interior
0.13041337140131576,0.3247010295124066,1,interior
0.08623202815456725,0.1952423448984381,1,interior
0.09394733071580848,0.26857334985982856,1,interior
0.13276247244228004,0.3279981441118985,1,interior
0.08479462131355431,0.2616593085564805,1,interior
0.08175477746174263,0.2579635853672263,1,interior
0.08133583765057253,0.24899935568045034,1,interior
0.08181271917812998,0.2548933478688873,1,interior
0.11730286015236391,0.3004223293385845,1,interior
0.12754902836059365,0.32357369614574705,1,interior
0.09936479366166907,0.27799662272502,1,interior
0.07443927942310287,0.2312049786722465,1,interior
0.13271591216364212,0.32640220927218877,1,interior
0.1450213739343822,0.3310010306220649,1,interior
0.09037566672051374,0.17899518501213976,1,interior
0.07227704661525525,0.23196291732187893,1,interior
0.08243001079812717,0.16798093428254185,1,boundary
0.08519352610827999,0.1802804135033382,1,interior
0.08228677822347204,0.17596967015238094,1,interior
0.139305305846829,0.3278188214205499,1,interior
0.08515105364941274,0.22759615430889182,1,interior
0.08808331554027479,0.1845251312701065,1,interior
0.0916675532672275,0.2651472356689594,1,interior
0.0770233895598876,0.216718552967028,1,interior
0.0897639323075759,0.261984342531226,1,interior
0.09716266391635375,0.27426162260515136,1,interior
0.09214655272710134,0.2722079461339227,1,interior
0.09155109847597352,0.2668536686028933,1,interior
0.08137507880170287,0.2017557810369557,1,interior
0.07765811665166675,0.22613854300337333,1,interior
0.12892682419437512,0.3262068272698864,1,interior
0.1422244439744119,0.33061066713232645,1,interior
0.07946476587494532,0.2523096208956488,1,interior
0.10794447023969246,0.29316218683573686,1,interior
0.13036739453050353,0.3270823412329075,1,interior
0.12293483074342679,0.3161447518885753,1,interior
0.08354877647189482,0.2601847569857346,1,interior
0.08674435788606366,0.2610441592224533,1,interior
0.10406921979121074,0.2861449606499127,1,interior
0.08560042709752606,0.26429217109691583,1,interior
0.11193586434770594,0.3031069224578687,1,interior
0.09234110741209563,0.26255969672907653,1,interior
0.09713895892271483,0.2827015201835084,1,interior
0.10995291898981248,0.30445049429207066,1,interior
0.1261292769057116,0.31687838100095883,1,interior
0.10535741874135163,0.2988314591436626,1,interior
0.10320522805165674,0.29057319548337207,1,interior
0.07596017498182153,0.21303206601290509,1,interior
0.10285906336724213,0.09523634569143576,1,interior
0.10389268625584457,0.10235592250684263,1,interior
0.15260738787230393,0.33153909322330605,1,interior
0.09915167310598033,0.285519212484248,1,interior
0.10350289138567377,0.09278040195980201,1,boundary
0.07437596861188235,0.2419928159924085,1,interior
0.10317346971650086,0.28488479839957415,1,interior
0.07922473954357048,0.21773344822169585,1,interior
0.0751660545700587,0.24056849225187357,1,interior
0.07636158218607997,0.22866375893773785,1,interior
0.08364871276942443,0.18142201904241753,1,interior
0.08360351069287933,0.19978616862262336,1,interior
0.10707658874047198,0.0796610735640236,1,boundary
0.10245199785072888,0.2992254634354576,1,interior
0.08436000392296135,0.16572195640193368,1,boundary
0.08370899912539143,0.1783334487812775,1,boundary
0.07825807958867662,0.22149341008743692,1,interior
0.12409999864137347,0.3176457821806214,1,interior
0.10712275979960928,0.299312326832095,1,interior
0.1511487852324649,0.33368046935648943,1,interior
0.08530773427083388,0.2674549518679209,1,interior
0.07671734617615,0.22242979987706488,1,interior
0.09643229650841102,0.2724782259837451,1,interior
0.14936966304633367,0.33311282258149344,1,interior
0.1168312716068472,0.30984886585338683,1,interior
0.07971249771459248,0.24894006756788672,1,interior
0.14447090001776342,0.32670411736495847,1,interior
0.11231596174899885,0.07546416679438044,1,boundary
0.15840075018645583,0.3313144759979033,1,interior
0.07385616710374786,0.23960037984267646,1,interior
0.10790075615834864,0.3028777699553804,1,interior
0.127118190116352,0.3256625968674007,1,interior
0.11080204615715215,0.07722477899547492,1,boundary
0.09905355261006481,0.28019222399006566,1,interior
0.08474578985624255,0.19456608774111073,1,interior
0.10519292517350856,0.09510887641655554,1,interior
0.08168316209620952,0.1948228952359469,1,interior
0.0867946408326404,0.269007876471134,1,interior
0.09958006968270582,0.2758514812918618,1,interior
0.08240776242675912,0.19097893043797562,1,interior
0.13686143522653765,0.3307094430865888,1,interior
0.09533063697572705,0.28044246856608485,1,interior
0.08510953310308052,0.2659321270927653,1,interior
0.09845941669526538,0.28372804797523266,1,interior
0.1155783589390966,0.3069623060651998,1,interior
0.09370822373662804,0.2724411253330738,1,interior
0.0701171046227973,0.2320680554281531,1,interior
0.1237551474798168,0.31963623848929074,1,interior
0.15952609914506483,0.3330301890293197,1,boundary
0.10418806498137284,0.2956472242775228,1,interior
0.09335630805143344,0.28046810724889576,1,interior
0.0882646144501936,0.26856702826520196,1,interior
0.10138272977643478,0.285760799713367,1,interior
0.10453779280168647,0.30093603214305203,1,interior
0.12418633188622683,0.3252468362271577,1,interior
0.10662704678134825,0.08164575376810705,1,boundary
0.07510821400868478,0.21546703544971135,1,interior
0.12053262046478025,0.3165284363698077,1,interior
0.08036034576562204,0.254269306361331,1,interior
0.07523730653507123,0.21717649776780729,1,interior
0.10044943398508023,0.09816304607438678,1,boundary
0.07264110905718876,0.2432482712945602,1,interior
0.10782352358308765,0.08319833612151536,1,boundary
0.07938928645425525,0.19304173535359423,1,interior
0.1037830985710541,0.29244545636189495,1,interior
0.15430735962269768,0.3331620111805124,1,interior
0.13165069694343864,0.3300941695199574,1,interior
0.14306246184978663,0.3324519928528007,1,interior
0.10131638479561081,0.29670337280566667,1,interior
0.07918391485340238,0.19836773154125148,1,interior
0.07423771417394472,0.23407219354042283,1,interior
0.13377731203343599,0.329194592484756,1,interior
0.14130753566951354,0.3325729705058531,1,interior
0.15453403192694323,0.33498066521991404,1,interior
0.07570543713650893,0.2347191315785878,1,interior
0.07867829140207792,0.17191813386485055,1,boundary
0.07895381768838224,0.21939239904206492,1,interior
0.07938907810649867,0.20004593207849766,1,interior
0.07508894131907773,0.22545840051233607,1,interior
0.09559513303385009,0.27799874964093535,1,interior
0.09715342833047622,0.2810643113039931,1,interior
0.07914315894640209,0.19513713357846507,1,interior
0.07988132776910874,0.25628784709157626,1,interior
0.11721339751289385,0.31535584843162084,1,interior
0.07346739200152909,0.22068048335752935,1,interior
0.07449710761544312,0.2124799021242314,1,interior
0.081298291790197,0.1924634461530118,1,interior
0.13548029217326427,0.32968374020096425,1,interior
0.07738247924861791,0.22023395222696268,1,interior
0.13205820226762646,0.33171147570157783,1,interior
0.09274816810460386,0.2744937646274863,1,interior
0.08252590679450582,0.19802499973316381,1,interior
0.073294222756772,0.21915588878837433,1,interior
0.088956821319637,0.27040049262972327,1,interior
0.1451633888345636,0.33354337536665296,1,interior
0.07486604083659826,0.23797767955861196,1,interior
0.12949876037129673,0.331270176209129,1,interior
0.08485108975220598,0.1852261890985908,1,interior
0.08466312246080618,0.20326891141163536,1,interior
0.07368114977342588,0.2162732109191755,1,interior
0.10108659307748821,0.09558739740371769,1,boundary
0.08170153047732862,0.18914687733298902,1,interior
0.07510540209245767,0.23271994014699515,1,interior
0.11353573060317143,0.30871122590055206,1,interior
0.11817507952543274,0.3124829278684609,1,interior
0.14378155094526548,0.33479341482599456,1,interior
0.14650250575347462,0.33571450014168347,1,interior
0.07594645669339738,0.21866410856505078,1,interior
0.08897281603357984,0.26606585345831,1,interior
0.11170811959452843,0.3081953657140878,1,interior
0.10127195971529698,0.2931358082154049,1,interior
0.10939815163204114,0.30739758076206153,1,interior
0.1405956065937287,0.33014691186605516,1,interior
0.11278162704418265,0.3112136648143417,1,interior
0.08561740375613336,0.17562166797491413,1,interior
0.09667283800406527,0.27676813251838894,1,interior
0.12247904374601161,0.31252488518824467,1,interior
0.14533795859640336,0.3368543439637513,1,interior
0.08950351939308937,0.2639795373739742,1,interior
0.0835215386111585,0.267811840883019,1,interior
0.08025337881432232,0.2599879192338503,1,interior
0.0941838795372512,0.2765172180563749,1,interior
0.09473095425464252,0.2824520739833077,1,interior
0.07229886773215512,0.23988077020580126,1,interior
0.07703384897675881,0.25259607121627503,1,interior
0.11926226112498511,0.3156940078797737,1,interior
0.09199876512345731,0.28296846048520446,1,interior
0.09347059788107828,0.2783576842329801,1,interior
0.10149693496675147,0.2879087470602342,1,interior
0.08330278969840527,0.18419264333164637,1,interior
0.09045749007409178,0.2679921471657247,1,interior
0.09299950901042027,0.26986593509046436,1,interior
0.08689585140678224,0.1768319987942617,1,interior
0.10319481844462462,0.2941990107254009,1,interior
0.08280299543133934,0.2636886960081848,1,interior
0.09537851745350279,0.2754960318632807,1,interior
0.083817241126169,0.2694159201724625,1,interior
0.08464345792713047,0.19029785514178724,1,interior
0.07269922381782,0.2334240798453489,1,interior
0.07552302197292664,0.24517526870514525,1,interior
0.07119451667948094,0.2263209918870695,1,interior
0.11503220010672403,0.3094140433009543,1,interior
0.13936395418074035,0.331561800660685,1,interior
0.0869645986136822,0.26735236821512487,1,interior
0.07199355081949055,0.2417812811359796,1,interior
0.07943379228824786,0.24646832430346913,1,interior
0.07831084845644222,0.1906662345706123,1,interior
0.10591904027647187,0.3024559188987409,1,interior
0.14798179831771002,0.33440684231724704,1,interior
0.09047887464955909,0.2822866294777765,1,interior
0.08053632388146169,0.17157770205951892,1,interior
0.13787616585097587,0.3295401405685151,1,interior
0.07106799485649268,0.23885911626703013,1,interior
0.08053676919139979,0.24523573205247184,1,interior
0.09086079371081938,0.28038921539247913,1,interior
0.08212868633050861,0.1731397382981401,1,interior
0.07018820694371798,0.23402152536605422,1,interior
0.14638696855228076,0.3325755682243899,1,interior
0.09500637487719833,0.2735283614608602,1,interior
0.10127456969945754,0.29100211126505066,1,interior
0.12308803200656415,0.32142562587099527,1,interior
0.07699934475710093,0.19538193327379186,1,interior
0.12170261755599343,0.31837439903420434,1,interior
0.08250316189789554,0.18629581690171568,1,interior
0.10469019251119041,0.3045988147203592,1,interior
0.07875313768826553,0.19660638614220388,1,interior
0.09109857763137251,0.27017049896783507,1,interior
0.06996090650057392,0.22754743549928563,1,interior
0.07812969128979473,0.24823246010690375,1,interior
0.08183872028763209,0.25163776069092364,1,interior
0.07201598968817585,0.24479368712781024,1,interior
0.15672606155188026,0.33499366064115005,1,interior
0.07890841287178355,0.2030269277988658,1,interior
0.1216503996860257,0.3201345023615694,1,interior
0.0914046105963534,0.2782107762756669,1,interior
0.08254102140246893,0.1825133139294366,1,interior
0.08950544056881482,0.2720462411863306,1,interior
0.08135474311824882,0.20338621463229392,1,interior
0.07752655940032908,0.25073009308290856,1,interior
0.10286139193889696,0.10042289972707225,1,interior
0.09858743553283023,0.2872879843390352,1,interior
0.11146137013515428,0.3103539520845092,1,interior
0.0761684432288542,0.24655683121731903,1,interior
0.1278004282039163,0.3275874023283225,1,interior
0.0738118782207315,0.2359924619218309,1,interior
0.1145692655893278,0.31564210988062097,1,interior
0.06822159988963825,0.23387271990420988,1,interior
0.11928014923844435,0.31048758518839636,1,interior
0.08182405467233103,0.1805729218498895,1,boundary
0.08050099173082116,0.19029012280504254,1,interior
0.09781215801369209,0.2778101757011591,1,interior
0.07077136661409585,0.22344557027720688,1,boundary
0.10306434084013985,0.3059664593117677,1,interior
0.07715967368853323,0.17446853365715506,1,interior
0.06873805661416063,0.2285464256103274,1,interior
0.11948732413775229,0.31846748875933734,1,interior
0.08180533596972511,0.26195056734945826,1,interior
0.07207812792164078,0.2118840839526129,1,interior
0.07840923855096361,0.2549454330428732,1,interior
0.12978770575914225,0.32935120214232844,1,interior
0.09197404170301994,0.27596439642455955,1,interior
0.07800785688656944,0.2046307630003692,1,interior
0.07450968097097449,0.22931179769764842,1,interior
0.08113480581324987,0.19892298575483353,1,interior
0.07959352827273834,0.18745095197210165,1,interior
0.12431906750300928,0.32794855411671037,1,interior
0.11739349356966801,0.3187190311713901,1,interior
0.13867920132240102,0.33407028845693904,1,interior
0.07457369889264606,0.24377841220106355,1,interior
0.11677247850093944,0.31725093855414543,1,interior
0.11516979417345628,0.3109377188865174,1,interior
0.07386005547138233,0.2460991907398312,1,interior
0.11664223949339277,0.3200405799985628,1,interior
0.10531255674948126,0.09269048019118514,1,boundary
0.08040484252581179,0.17407319233269275,1,interior
0.08036016345632883,0.2638096594162895,1,interior
0.07243150974116183,0.23494592494574518,1,interior
0.07735822952891482,0.19726141546270187,1,interior
0.07049030012828414,0.2409704384147782,1,interior
0.06901551274004275,0.23816735303705644,1,interior
0.07074906541878401,0.23736841370691464,1,interior
0.07094035162983829,0.24357033182104817,1,interior
0.13711883229960733,0.33279269038621767,1,interior
0.1531104098987413,0.3342694509615647,1,interior
0.14786807560664425,0.3366979995069286,1,interior
0.07650774542759615,0.1937639530612251,1,interior
0.1411757696536179,0.33422072280154586,1,interior
0.10102981414159157,0.3006165674258789,1,interior
0.08519279903936569,0.27034147508025436,1,interior
0.1009236465527768,0.29506459237814725,1,interior
0.07176454163365766,0.2300608542692132,1,interior
0.15918407850650995,0.335004119223109,1,boundary
0.07600969112393019,0.1729893705129868,1,boundary
0.0851005227692985,0.26011123812177095,1,interior
0.07651422955260836,0.19922874190946027,1,interior
0.1033510754617756,0.30356475810406874,1,interior
0.06936753036936041,0.24326822311041885,1,interior
0.0680829937356009,0.24410708180549945,1,interior
0.11278469109831271,0.3162612616125486,1,interior
0.07990396424724804,0.26223563319513293,1,interior
0.08605984495113352,0.26261213424943175,1,interior
0.1338519524565947,0.3311372522012116,1,interior
0.07725360417604131,0.20219855653968555,1,interior
0.1556511976056085,0.33657078274180974,1,interior
0.09080568413356925,0.2844753373839575,1,interior
0.09873251824479995,0.29010410984778723,1,interior
0.07705389344944108,0.19223486282854138,1,interior
0.11520264746416872,0.3172197039661484,1,interior
0.0786603448841586,0.17391952180643805,1,interior
0.09115498664560134,0.27391324788249793,1,interior
0.14557125959453823,0.33860077387198007,1,interior
0.12648702180708019,0.3297230914930176,1,interior
0.07773530362603016,0.20032504634781403,1,interior
0.089722416177074,0.27633202915381244,1,interior
0.09798679197502166,0.27588153300284635,1,interior
0.12280411382260664,0.32750219281389564,1,interior
0.07875141468358585,0.25755301897513094,1,interior
0.12143122271037202,0.3237604381349771,1,interior
0.14972814656723724,0.3349578415735534,1,interior
0.10715534585874582,0.3048283063603716,1,interior
0.0712770720820696,0.2202636530001887,1,interior
0.09682801845147462,0.28613450038051136,1,interior
0.08907743062565698,0.2735915158082636,1,interior
0.08090718978437289,0.18469212860190612,1,interior
0.07623789015016119,0.24824214503654027,1,interior
0.0998511020179633,0.29620573222123175,1,interior
0.11697999502173598,0.3138076911001431,1,interior
0.09912458337059482,0.29801370149289785,1,interior
0.06552199233900631,0.23363296655940918,1,interior
0.08335498295636863,0.1934250365510374,1,interior
0.08670935681406677,0.27102787847251053,1,interior
0.07270529741640343,0.22789617811495216,1,interior
0.10896834174703814,0.3058739740687964,1,interior
0.12061019293760337,0.32543941748284233,1,interior
0.07052813481845298,0.23577414018985868,1,interior
0.10263291871726413,0.29583810173846514,1,interior
0.11916659029260089,0.32023913802381726,1,interior
0.07520567028337513,0.20851979885951422,1,interior
0.11577479104581351,0.31249939368390406,1,interior
0.07702798915109504,0.2571296084433783,1,interior
0.08447070620342753,0.18291726020787744,1,interior
0.0783722246624348,0.2609747812738223,1,interior
0.07186376958236344,0.24673942531407497,1,interior
0.14791572043642026,0.33233183839046443,1,interior
0.07531268537694778,0.19225847125492337,1,interior
0.07225011761837268,0.23681272283979235,1,interior
0.11488128480227379,0.3141158899979178,1,interior
0.07694944549985,0.20842592223434533,1,interior
0.12797849416905707,0.3293711660724063,1,interior
0.08770278758233008,0.2767924153854451,1,interior
0.13465041443776957,0.33369797394783707,1,interior
0.1410352035411849,0.3234593691931374,1,interior
0.08407037681492437,0.2725698917862283,1,interior
0.07514269426148527,0.19033906627686142,1,interior
0.08069219573914672,0.18221192346454282,1,boundary
0.06752427605526454,0.23246177523788752,1,interior
0.07493849129599375,0.20065820470914425,1,interior
0.1476417750125612,0.3383512644957646,1,interior
0.08329874028290418,0.26624455669130215,1,interior
0.08276606006830783,0.270991727013502,1,interior
0.0691158560699873,0.230881437947361,1,interior
0.07232370951716162,0.21746985767585825,1,interior
0.07258443765983433,0.22548135681982068,1,interior
0.1513475868327159,0.3363071024468962,1,interior
0.0746887126370163,0.2477916287826444,1,interior
0.10075462937627397,0.28435019764796376,1,interior
0.0702520720105755,0.2292627294640689,1,interior
0.07129530627576944,0.21453662076963806,1,interior
0.08154365012604863,0.26489623891545544,1,interior
0.11182392511243072,0.31454761228289657,1,interior
0.08947372562547053,0.2794480061345008,1,interior
0.1236754560934373,0.32354076240434115,1,interior
0.10935449302430929,0.3130279532694709,1,interior
0.11071778031392923,0.31727063719446946,1,interior
0.07627376988638648,0.25528468734927434,1,interior
0.09518505255445361,0.2872285847121323,1,interior
0.07503705591973749,0.2498698803566676,1,interior
0.07321285756439656,0.2143238246280179,1,interior
0.08833457288680753,0.28066974089894103,1,interior
0.06767371861341305,0.24012884779719432,1,interior
0.06863763892845631,0.23612239574345617,1,interior
0.08543921103577963,0.2807134342696126,1,interior
0.07311752398560646,0.2011462145647636,1,interior
0.06661317218145353,0.236595489082231,1,interior
0.11016565905858912,0.30932445673475295,1,interior
0.0675943429720982,0.23045276962136832,1,interior
0.08829219491193133,0.28335623595593723,1,interior
0.11340763319326003,0.30718221868903134,1,interior
0.11277238843258153,0.3130643693443682,1,interior
0.07321518416010199,0.2222078783451941,1,interior
0.06724995067351801,0.22759745731886763,1,interior
0.07463841945254546,0.2269125183271223,1,interior
0.06990314809650201,0.22152711954794657,1,boundary
0.1261140508998089,0.3241315301021163,1,interior
0.09669798291570315,0.2844302359774989,1,interior
0.08162332714735247,0.2672807907763097,1,interior
0.10965051896287557,0.31966948752979946,1,interior
0.1109667152594244,0.31218594595390703,1,interior
0.07538177907414183,0.25137714869812916,1,interior
0.06299076658299435,0.2352713827821634,1,interior
0.10511598058523511,0.08042831564858789,1,boundary
0.07581962790508247,0.20680093357233378,1,interior
0.11193228086063685,0.3066846537025001,1,interior
0.07982682051004066,0.18582725366113015,1,interior
0.07342580937562661,0.24932601337746424,1,interior
0.10074976021819315,0.28938498722279543,1,interior
0.10944883668747746,0.315998762382698,1,interior
0.06990881521744334,0.24480382374962803,1,interior
0.10892207526546849,0.3113482540995434,1,interior
0.06894258269065884,0.2417772657093398,1,interior
0.14971441814026956,0.33754425352712236,1,interior
0.08083848615806012,0.2710829588261887,1,interior
0.0772008078578123,0.17601858470888665,1,boundary
0.12577762420771307,0.3313838512630802,1,interior
0.12099291886493838,0.321855036168398,1,interior
0.09387599619969947,0.28533465552802756,1,interior
0.09620298752920471,0.29100778012118395,1,interior
0.07832331857488313,0.26493716282568813,1,interior
0.0787565700389067,0.20871648647499186,1,interior
0.10016712531702696,0.2867458326631286,1,interior
0.09926013873410344,0.29175007763173066,1,interior
0.10715352620183227,0.30731116955929977,1,interior
0.15213895924551546,0.33903137917709497,1,interior
0.12550351168880938,0.3269527377963368,1,interior
0.15049928149545286,0.3390089696953285,1,interior
0.06564010237687115,0.23525666706668422,1,interior
0.13182655481719938,0.3344608895053213,1,interior
0.12054515836962491,0.32714687659710046,1,interior
0.08193152643908529,0.26008193055091144,1,interior
0.10127531035850147,0.28210985380487796,1,interior
0.0829220696877681,0.1879973204732067,1,interior
0.10223566895761793,0.3022925173276187,1,interior
0.07864510391280667,0.18376730379117676,1,interior
0.15849638496305268,0.3371372505719322,1,boundary
0.09703025947618661,0.287922701677847,1,interior
0.07763833332186872,0.2628005858340598,1,interior
0.06950113956527226,0.2396177574397092,1,interior
0.09923413488682317,0.29470164773343344,1,interior
0.06736339648672604,0.24554498638666375,1,interior
0.06463729767386059,0.22832225289791822,1,interior
0.08443128945942677,0.274111916954864,1,interior
0.07441139776982203,0.19783082476166003,1,interior
0.07721326816300925,0.18745195350002863,1,interior
0.07754534673779435,0.1848917950006931,1,interior
0.12086744971784169,0.3297063093683846,1,interior
0.13014333909913045,0.33289061837884876,1,interior
0.07977243429536723,0.26660451435325966,1,interior
0.13635458600808312,0.3350134008550153,1,interior
0.07482705910429649,0.194158399788296,1,interior
0.1330017022075053,0.3330558465368007,1,interior
0.15714083042168245,0.3397232665901417,1,interior
0.10749219035853039,0.3094203536971866,1,interior
0.06419531367730635,0.22998768398554406,1,interior
0.11806483246233905,0.32290439383181946,1,interior
0.06882368831005377,0.2459753950661162,1,interior
0.09976893898064484,0.2996876847272267,1,interior
0.09537525766355091,0.28566312024784085,1,interior
0.11907491768300753,0.3276247150051272,1,interior
0.07039840967412248,0.24630818763740422,1,interior
0.0891652252557731,0.2846220465371189,1,interior
0.08870478586708994,0.27802002440833246,1,interior
0.07355295127226916,0.19934994520404453,1,interior
0.07626643227198622,0.22684519437973066,1,interior
0.07373399796301051,0.19212492673423814,1,interior
0.10598623874651601,0.3062780946180393,1,interior
0.13535800221802263,0.33166716524059314,1,interior
0.08716924722112443,0.2734649106220073,1,interior
0.15653139969890728,0.33796416283379577,1,interior
0.06909477031098524,0.21174329003468847,1,interior
0.07971092854612857,0.20170373925791538,1,interior
0.07097935074481188,0.20924810180130607,1,interior
0.14884189717448204,0.33995408514706116,1,interior
0.07568374648884796,0.1882888047019048,1,interior
0.14265507438283143,0.3380730797046622,1,interior
0.09464798406157834,0.2887903201194742,1,interior
0.06595221832648678,0.24038214116709372,1,interior
0.08627541482584235,0.2786044436430242,1,interior
0.12256560247918706,0.32901885426331984,1,interior
0.08819804638407902,0.27508303103148685,1,interior
0.14609984085647457,0.3411019357346365,1,interior
0.12319047237708218,0.3312672842075166,1,interior
0.09100064503377778,0.2863449101529745,1,interior
0.09855624542153536,0.3006420664387614,1,interior
0.10149788004817759,0.3071505374274393,1,interior
0.11024718390186286,0.31433812952000395,1,interior
0.11423294207745822,0.3186294983462131,1,interior
0.06864048397348796,0.22446619994521358,1,interior
0.09785727367490807,0.2928438005862793,1,interior
0.06691611879749841,0.23876555275541023,1,interior
0.10162056113772734,0.30430580063355905,1,interior
0.07286606818336543,0.19353836006724362,1,interior
0.07590424750550931,0.18627468853578186,1,interior
0.0715751973518342,0.19838489222242253,1,interior
0.08028582854536831,0.17572152107386238,1,interior
0.07747976868883534,0.26848432864566596,1,interior
0.1345007137054828,0.3358235127273431,1,interior
0.09928970712505336,0.28867210617566,1,interior
0.08409346511908718,0.2779546769845979,1,interior
0.07686561649219309,0.1900755744741351,1,interior
0.11931539626478077,0.32200218319424484,1,interior
0.08280604799189932,0.27352007338775197,1,interior
0.06668992252365903,0.24245726018768543,1,interior
0.15337542845796268,0.3401005801619012,1,interior
0.07703854754692302,0.26018809631540296,1,interior
0.14969538521022624,0.32985033576429895,1,interior
0.07068955218338911,0.21280194393309504,1,interior
0.1440142617091785,0.34060597324536596,1,interior
0.08662165968533458,0.2749718287614686,1,interior
0.0856878791867816,0.27250885819645765,1,interior
0.10477906139922583,0.30752699111613707,1,interior
0.07648124586078167,0.20383147730599133,1,interior
0.11424486620267477,0.3124414142626609,1,interior
0.07513441285510701,0.26337955460540446,1,interior
0.11989210776096358,0.32374459658851545,1,interior
0.0683148156749084,0.21948170829899336,1,boundary
0.07524594903947113,0.2024529210216359,1,interior
0.06375040190461082,0.2423019181552543,1,interior
0.10646299592399773,0.31123369057157163,1,interior
0.10732081907645769,0.32049322814329734,1,interior
0.06844304110319274,0.2261239086919736,1,interior
0.09905968206789979,0.3026939072010932,1,interior
0.1536511088952896,0.33819876255583187,1,interior
0.0747789032028703,0.20501356282886876,1,interior
0.06676703650074568,0.22412397039416626,1,boundary
0.0924218758957261,0.2846719906052262,1,interior
0.0690985323575268,0.21411687368329108,1,interior
0.07476202102243124,0.17417881310907982,1,boundary
0.12350833631685043,0.33309769237327835,1,interior
0.0692775184885713,0.208812728948409,1,interior
0.11641692288058213,0.32288892344134307,1,interior
0.11233320359169979,0.318780499398291,1,interior
0.10812583228957272,0.3148597013435635,1,interior
0.0727091982794556,0.20822152033503255,1,interior
0.11032597801349134,0.3214006667721015,1,interior
0.07082717411866732,0.24822315561320604,1,interior
0.07634667510492227,0.20536742894281754,1,interior
0.07545452161582678,0.19559282986745927,1,interior
0.07219769880257064,0.2159346401426672,1,interior
0.07526975151268843,0.25881759475605015,1,interior
0.0741249279965887,0.2570623625764378,1,interior
0.07038483951806845,0.2182553901581458,1,interior
0.07613682339692397,0.2653006778459984,1,interior
0.1328491554149359,0.3359263517233188,1,interior
0.09761141448594034,0.29484800770045744,1,interior
0.11816581104530575,0.32451475901817173,1,interior
0.1171058990642133,0.3215245271464637,1,interior
0.08389716548904169,0.2823993640753705,1,interior
0.10051318886726002,0.3058264688493152,1,interior
0.13991033482443255,0.3351159188032492,1,interior
0.12888401325641183,0.33450280312832814,1,interior
0.0742957520692883,0.2098310449975795,1,interior
0.10904027098907708,0.3180516619885278,1,interior
0.14149676894141264,0.34075204107239443,1,interior
0.06645949775883063,0.24421523856612745,1,interior
0.13910209693841633,0.3370383049293337,1,interior
0.10272265436834159,0.30857440539006686,1,interior
0.12465144554459696,0.32950622801566487,1,interior
0.1263850199658819,0.33293973181780945,1,interior
0.12807860160426615,0.3323563236049932,1,interior
0.08780418543781632,0.28567010524140946,1,interior
0.12153824881349375,0.3311155019261332,1,interior
0.07975970685801616,0.26927107351373286,1,interior
0.10822235706283502,0.32187075194262277,1,interior
0.1379694222632339,0.33560630152579285,1,interior
0.0744651203873815,0.2549198836925375,1,interior
0.07834264158617427,0.25913350155939247,1,interior
0.09335992989554948,0.2878419014611715,1,interior
0.08390872074368545,0.2648227896153531,1,interior
0.10065693793469509,0.3028176868755885,1,interior
0.06637478434276313,0.2105580453688508,1,boundary
0.06604123882342357,0.2319574061608293,1,interior
0.13407127200675723,0.33774508213782584,1,interior
0.11929234192432875,0.3295721833107618,1,interior
0.07397472882175593,0.20361932336844157,1,interior
0.0638171316854616,0.2254164027064069,1,interior
0.06717314750533954,0.21223834639320688,1,interior
0.10077270057795672,0.2981438519959585,1,interior
0.07400225753540779,0.2069716004738347,1,interior
0.07578416680760224,0.2615611833196797,1,interior
0.08604181296893297,0.28280254713690917,1,interior
0.06720829435449131,0.21435214890593657,1,boundary
0.1115526595724377,0.3201936939225339,1,interior
0.07206140040089123,0.19597197252330315,1,interior
0.06188852666175571,0.23300832303079477,1,interior
0.14509241507577741,0.34283980425530564,1,interior
0.11159429120044137,0.3047630202737741,1,interior
0.09878849870461093,0.305415430502917,1,interior
0.14774942957905582,0.34143586409279714,1,interior
0.08668404742999404,0.28430966062363183,1,interior
0.14221207467362607,0.3430258400761673,1,interior
0.06792491299043117,0.24796671746991705,1,interior
0.07901528241794636,0.1888702634806094,1,interior
0.1166870406612491,0.3290011670859405,1,interior
0.09762535001809301,0.2990914616580254,1,interior
0.099864248030596,0.3075322141047438,1,interior
0.08509302438656699,0.2760442387373088,1,interior
0.08998349823940235,0.2880814193036011,1,interior
0.09642338030381856,0.2893779684065231,1,interior
0.11337055632291024,0.3144857132064035,1,interior
0.08384003099897092,0.27995036286718966,1,interior
0.10655563784075489,0.3131590411812035,1,interior
0.0739460272131786,0.19628260693448182,1,interior
0.10454344733063782,0.3090968868637032,1,interior
0.07016970227199971,0.22511855954463683,1,interior
0.10257562848727513,0.30073985801739395,1,interior
0.07319823110510154,0.20498048529233379,1,interior
0.07296982003801193,0.2620812490893316,1,interior
0.06585122244761765,0.24821245567800473,1,interior
0.12222924412317243,0.3251560909803003,1,interior
0.08926142732063766,0.28615910482092727,1,interior
0.1154494103424413,0.32157274282549814,1,interior
0.07356182441636737,0.259504568225779,1,interior
0.0745007139366057,0.26545813829645615,1,interior
0.11830795753393505,0.32628093630818245,1,interior
0.12711237439417755,0.33510338869535683,1,interior
0.13001135330261518,0.3355470425674613,1,interior
0.08544496097051796,0.28686130205490057,1,interior
0.0726360276283425,0.25793575902064547,1,interior
0.06435119339820691,0.2398548420732766,1,interior
0.07804563200063563,0.19406167850173917,1,interior
0.09650517804816344,0.30342874823122523,1,interior
0.09780020973242295,0.29699926808524824,1,interior
0.07053525794981129,0.21086086512744667,1,interior
0.11636271928067861,0.3252544789856527,1,interior
0.15369693880989105,0.33645245396850276,1,interior
0.06600592006102667,0.22565973586515856,1,interior
0.11663350583308013,0.326945303033494,1,interior
0.08059882045069082,0.27263268386580103,1,interior
0.15417528444156947,0.34210137080341424,1,interior
0.0726206473787125,0.2526376381916874,1,interior
0.07001465176939269,0.25024132040920155,1,interior
0.07238336473208208,0.2635966466220759,1,interior
0.06840806416300428,0.2507527807822264,1,interior
0.08427813172148474,0.284035420210168,1,interior
0.14033518471328976,0.3388716301806175,1,interior
0.10675854230181461,0.3160101500383253,1,interior
0.07028730704380093,0.1941146647448997,1,interior
0.07171011270034511,0.20590071801213594,1,interior
0.09588972163361807,0.29579871711084355,1,interior
0.06411210063515072,0.24458291597088844,1,interior
0.12858463831437142,0.33669512388249717,1,interior
0.07243376147254278,0.2509817020250621,1,interior
0.11357470990850715,0.3207395816998952,1,interior
0.08769526064627234,0.2883482510477734,1,interior
0.13598392098082054,0.3373102138835906,1,interior
0.12565532286723577,0.3344445841844056,1,interior
0.09665789960362146,0.3060877476570357,1,interior
0.13006024309618283,0.33719247001343716,1,interior
0.08271350391780716,0.2836510110869055,1,interior
0.141903549394446,0.3364299276315951,1,interior
0.07885525563579752,0.17644197602878883,1,boundary
0.1143837531077815,0.32383722112780555,1,interior
0.06670647273097696,0.22915307135575197,1,interior
0.10098250584986454,0.3096993018709306,1,interior
0.06245570576742542,0.24366177659876723,1,interior
0.15064917073473433,0.3408962563502346,1,interior
0.07593377184231104,0.18463679287594437,1,boundary
0.0727614922978133,0.21024453494856224,1,interior
0.103908061914966,0.31063619638753903,1,interior
0.1137112755375617,0.3264099504788185,1,interior
0.06786345365659047,0.20804811795384567,1,interior
0.14879078557616265,0.34325662776494337,1,interior
0.09803946500386006,0.30753001473070735,1,interior
0.07570175995051254,0.17549156690447681,1,boundary
0.10424530592312427,0.313011380339375,1,interior
0.062028052638975054,0.22437107948781762,1,boundary
0.07337784679732941,0.1893287560136911,1,interior
0.07040315191831273,0.20210650984942202,1,interior
0.06192075106941722,0.22909803936514694,1,interior
0.08267302300410459,0.28632146053724516,1,interior
0.1438688175900573,0.3363224300790691,1,interior
0.1522554950243558,0.3417033001709919,1,interior
0.08119892693206514,0.27470083250345084,1,interior
0.06449466973223277,0.2462718816337047,1,interior
0.08530974484610787,0.2852842654624402,1,interior
0.15548609729395596,0.34048556821738957,1,interior
0.0647394187270202,0.22405028248135422,1,boundary
0.09390605272216324,0.2905690057720011,1,interior
0.09371573714782076,0.29283219341067257,1,interior
0.08032888252263903,0.28476900271437433,1,interior
0.0785999623582132,0.2848461690375039,1,interior
0.0841095394288915,0.288811881413223,1,interior
0.06219347129522483,0.24557194115029424,1,interior
0.05953919992820662,0.24326348014994983,1,interior
0.10737795257479132,0.31740031978203764,1,interior
0.09409856147870307,0.30743457416267533,1,interior
0.07195287401733735,0.2557274934942022,1,interior
0.060477505842351655,0.23404883152363637,1,interior
0.15885108618070462,0.34001996363111947,1,boundary
0.06660377722376865,0.25035777577732715,1,interior
0.06602482202165283,0.2464742134625441,1,interior
0.07678051728298808,0.2586471481450393,1,interior
0.10597783716648021,0.30964710657759487,1,interior
0.11963029568715905,0.3321886364407411,1,interior
0.09639852944721106,0.29353334221457483,1,interior
0.09686138984186987,0.3007351387681556,1,interior
0.07824073002013007,0.27201619091499146,1,interior
0.13896684598159864,0.34111369901954847,1,interior
0.0651513859914446,0.2374081534502806,1,interior
0.06432310226745687,0.24794195997810944,1,interior
0.09048183374070427,0.28959531787069814,1,interior
0.07427079074102227,0.18680879766497363,1,boundary
0.07499095183308963,0.25345706592776224,1,interior
0.07015864656870299,0.2043805007756332,1,interior
0.10437178291498131,0.31463739466945095,1,interior
0.07189232393582948,0.20349357255898629,1,interior
0.07583797158506855,0.27134695082621274,1,interior
0.13864561122150543,0.3392479225282259,1,interior
0.06369250234900338,0.23354452583034543,1,interior
0.1018425161689622,0.31484883826856713,1,interior
0.10156784477290784,0.3128830717472327,1,interior
0.11842735960332562,0.33095435641728127,1,interior
0.09787026404731033,0.30409451742099586,1,interior
0.08103641910462507,0.2804637662812775,1,interior
0.0626636963395439,0.2472287108096907,1,interior
0.14359321946604056,0.3441956838352585,1,interior
0.1209511164521115,0.3330587369044326,1,interior
0.08185195281150406,0.27804484527124884,1,interior
0.09176662027844674,0.3059627672988816,1,interior
0.07375465160615959,0.26932568560741954,1,interior
0.06839061147272749,0.2102114523611905,1,interior
0.1398540486137259,0.3439161768377747,1,interior
0.06549105860361565,0.20806317533610805,1,boundary
0.06998458228405427,0.20689613161108997,1,interior
0.12621004890817505,0.33718583266942354,1,interior
0.09649964644621638,0.29789974347537823,1,interior
0.09864383898005417,0.30947557460787933,1,interior
0.08276310950424813,0.2752033100585778,1,interior
0.09520675014838433,0.3050856404722999,1,interior
0.07225650084059335,0.2655383473043405,1,interior
0.11653609834833745,0.33198184303869643,1,interior
0.07161890086599908,0.19107978586876367,1,interior
0.14349035082792924,0.34212744774284626,1,interior
0.07240713679180398,0.18752309380775323,1,boundary
0.14506521811064116,0.34459968950629616,1,interior
0.0673046022274266,0.20597484270367442,1,interior
0.11495917061097845,0.32743989440864996,1,interior
0.11510548623245911,0.3199929387752082,1,interior
0.0721200157110961,0.2677273195315798,1,interior
0.07317524747599242,0.2715227469870902,1,interior
0.07096914160376505,0.2532865682966059,1,interior
0.06882866457249878,0.21741587522099445,1,interior
0.1248865197938254,0.33612477177998784,1,interior
0.12230846881964451,0.3345431636204739,1,interior
0.118753971784163,0.33444181821625635,1,interior
0.06110200128536558,0.2257130236432649,1,interior
0.07043956790044534,0.18981068774625487,1,boundary
0.09495577998916498,0.30007913535757874,1,interior
0.09465590521915176,0.2946646626767957,1,interior
0.0716188175311416,0.18882559262078927,1,boundary
0.11692804812396011,0.33432774863118325,1,interior
0.07525868354810225,0.26689790961454735,1,interior
0.10437170620885285,0.3205793403134013,1,interior
0.10474154368692946,0.3171576911908484,1,interior
0.06434421993148767,0.2316198634230374,1,interior
0.07027031617754796,0.21595449825856167,1,interior
0.07743484757661272,0.27009816220607735,1,interior
0.1322935223737191,0.33789002635052245,1,interior
0.11181929360500377,0.3256586043974934,1,interior
0.10618667038877144,0.3230723881019021,1,interior
0.1132414214968035,0.3226464449458355,1,interior
0.07077041849812984,0.2568962055455927,1,interior
0.07687234785372198,0.2669782016702365,1,interior
0.08688340172317457,0.28009537957978003,1,interior
0.07121854843365931,0.27343680145576615,1,interior
0.1470322593417128,0.3437402087029908,1,interior
0.08115845815877741,0.28310498299414083,1,interior
0.06029022512985922,0.24615313617170023,1,interior
0.1017583552166297,0.3111977871689877,1,interior
0.10000198333625607,0.31230318254933304,1,interior
0.06095119837615454,0.2490554219171993,1,interior
0.12088663079217751,0.3354720532898935,1,interior
0.09894188230915225,0.3112137014286083,1,interior
0.07168419303218586,0.22216728057900867,1,interior
0.060294821902903785,0.22947084561261208,1,interior
0.07305834119449747,0.2541581400486392,1,interior
0.12863212041034597,0.33853741052609615,1,interior
0.1376953820077462,0.3378366377705226,1,interior
0.0699934320088885,0.2647968034116699,1,interior
0.058376151161479234,0.22736127871955994,1,interior
0.06094118218468894,0.23169339134248426,1,interior
0.0823963438578889,0.2820784214121357,1,interior
0.058646639364446855,0.22959230738699313,1,interior
0.07567487804933241,0.2691579363950947,1,interior
0.06804137140194108,0.2157976595772506,1,interior
0.062192759493574425,0.23060675897559516,1,interior
0.147574493842091,0.3452909791552521,1,interior
0.06253658944304556,0.23835703164180266,1,interior
0.06542351304737792,0.2518348925970024,1,interior
0.0975580916664459,0.30226198778570806,1,interior
0.09464560378921645,0.2979308384902313,1,interior
0.1229189749596001,0.3360164588267025,1,interior
0.07918897801765568,0.2810303355510545,1,interior
0.10590440999978308,0.318601424282423,1,interior
0.11101239184420546,0.3230882557411259,1,interior
0.13448077006175455,0.3398085816396224,1,interior
0.07035741200258532,0.2553335287892634,1,interior
0.07146389961488503,0.20081327564276083,1,interior
0.11508882168002113,0.3338668518146673,1,interior
0.11251873477735937,0.3275864803130299,1,interior
0.08228094024795231,0.26876861617520414,1,interior
0.07126706373436979,0.2590062132707557,1,interior
0.06717856497225512,0.2171143852151278,1,boundary
0.0955937222920024,0.3083255724305743,1,interior
0.13628401000382973,0.3393297840001824,1,interior
0.07370757143749457,0.26717128168665844,1,interior
0.09755309546416611,0.31056720436138247,1,interior
0.11387979722786926,0.3311232974061276,1,interior
0.06749124189898945,0.25263576875053406,1,interior
0.09440015181439364,0.30345058736903546,1,interior
0.06179682254711489,0.25057035955580437,1,interior
0.10315029867068105,0.3193907461171002,1,interior
0.14585445163175464,0.34733028332688387,1,interior
0.059024032771203626,0.23185000111412454,1,interior
0.06490278504964084,0.25003866954764165,1,interior
0.06894896004385505,0.2634033010922333,1,interior
0.0671904608784593,0.23502602910479728,1,interior
0.07888352595093526,0.28319332136809905,1,interior
0.11769966388103661,0.33672530060040656,1,interior
0.15777251594249175,0.34110678291572627,1,interior
0.08025952688230842,0.2791071464373967,1,interior
0.07049951609882169,0.25181287565479965,1,interior
0.1376804851688815,0.3436002024651828,1,interior
0.07106437422308069,0.26660684485406916,1,interior
0.06578436189702036,0.20634893375829053,1,interior
0.061850488060972035,0.23672116392309267,1,interior
0.12343016099856094,0.338756638845766,1,interior
0.12109264554239947,0.3384362350867404,1,interior
0.13550214072993141,0.34212068305878157,1,interior
0.11254530338266594,0.33277784420104206,1,interior
0.14386855111251554,0.3390461437786127,1,interior
0.10289878333177668,0.3169484151481644,1,interior
0.06368153962080321,0.25099466019102956,1,interior
0.09220770450762936,0.28893456347617785,1,interior
0.1468586257930914,0.3397010519821599,1,interior
0.07494439470531263,0.2726219513192777,1,interior
0.08127667798822363,0.28810319551992364,1,interior
0.09219449666565147,0.3091814119856102,1,interior
0.11430539796427824,0.335225517191187,1,interior
0.09370955922923523,0.30582205989116495,1,interior
0.05878778886614475,0.2451367008543236,1,interior
0.07009457074104274,0.19159526768181476,1,interior
0.05688492872682959,0.22794032791349791,1,interior
0.08147650462049781,0.1875045029765943,1,interior
0.10761054452336664,0.323770470040526,1,interior
0.14394350506913015,0.3484002772632388,1,interior
0.1454822942120254,0.3493426936284648,1,interior
0.15234927180881902,0.34441032793047,1,interior
0.07752760517190097,0.2871440092695612,1,interior
0.11591131465833904,0.335755216058456,1,interior
0.09566251630321333,0.30216082851498977,1,interior
0.07973244883479998,0.27516266753139773,1,interior
0.10921600899330555,0.32352730870795277,1,interior
0.12032346932209328,0.33690475372666473,1,interior
0.11810345115132526,0.3326264590122243,1,interior
0.1542872051989898,0.34393167289572785,1,interior
0.06029602794226765,0.2370231715597053,1,interior
0.0771575595481922,0.2749329818320538,1,interior
0.0689637258363767,0.20564194644059447,1,interior
0.11510301294668543,0.3297336353479784,1,interior
0.11906386676388721,0.3387983027376676,1,interior
0.1406909233814339,0.346362745003066,1,interior
0.0682065135015763,0.20102698392351395,1,interior
0.156029526226785,0.34216766353629435,1,interior
0.07004692209487431,0.26147206381740484,1,interior
0.0955403693984433,0.31025107043119393,1,interior
0.10208815106994346,0.3210308079712356,1,interior
0.07774483351690688,0.27707828381536725,1,interior
0.12403150804905777,0.33481952441841667,1,interior
0.07289694271924589,0.19739890936160498,1,interior
0.14948559790254873,0.34471644758778996,1,interior
0.06883857952228764,0.25548577439889386,1,interior
0.09483503404737736,0.311641094071425,1,interior
0.06301857269158567,0.22782000608431383,1,interior
0.08721190716594907,0.28179951835840694,1,interior
0.08777927637142591,0.28999501811116357,1,interior
0.06748886117748398,0.20383220302093458,1,interior
0.055597652100093035,0.22615278970873026,1,interior
0.0657175868948703,0.23041283667914111,1,interior
0.06888592641480004,0.26681785983137807,1,interior
0.09259763098247059,0.2915514574608652,1,interior
0.060974325772932624,0.2279029725724077,1,interior
0.07700272721209703,0.2844272657587128,1,interior
0.1254309162130875,0.3389303811362133,1,interior
0.08588899558987319,0.2903873610891096,1,interior
0.0730798288376427,0.2736160443019183,1,interior
0.10155513841317403,0.31894271247407113,1,interior
0.06286444396510683,0.2491102959285283,1,interior
0.06734451785310444,0.2662951912487826,1,interior
0.1370897043054127,0.3409429763118524,1,interior
0.07825246540102909,0.2796317946739246,1,interior
0.13100574344118937,0.34057075890331284,1,interior
0.1520820405796615,0.3465182980693326,1,interior
0.15036181561943424,0.34250730659368506,1,interior
0.0647104796269027,0.25347816781633165,1,interior
0.09180020187653248,0.30763461407176984,1,interior
0.14840987516322957,0.3465697318672729,1,interior
0.09742048722763184,0.3122512600015665,1,interior
0.056272213267927466,0.23038582982477818,1,interior
0.12736120877578153,0.34090465354076954,1,interior
0.11938457640606377,0.34038292909857437,1,interior
0.13727925821984663,0.34531076543283756,1,interior
0.0750865826641811,0.283651907567272,1,interior
0.1353146071392597,0.3448749922698122,1,interior
0.0713330981371936,0.2751992124075747,1,interior
0.09580430973264736,0.31341606099058106,1,interior
0.057922484526407705,0.23485417640409376,1,interior
0.14331497432343102,0.3467844742947567,1,interior
0.08049446237412135,0.27685385010735486,1,interior
0.10120354758080627,0.31700204401660914,1,interior
0.15385839096029155,0.34808844454061644,1,interior
0.1404955380794764,0.34233493935459813,1,interior
0.15866687119968975,0.34307185378083366,1,boundary
0.07865260260805183,0.27376816200350484,1,interior
0.06760477818094432,0.26229802281910874,1,interior
0.11812199086183361,0.34181679444936985,1,interior
0.07527779412690357,0.28620164796205383,1,interior
0.0574578076650745,0.22588455721268316,1,boundary
0.11780730647716305,0.3398631714645742,1,interior
0.07628047688662726,0.2763852858918023,1,interior
0.06901729859426252,0.2570213958927829,1,interior
0.07639338458223244,0.2824170799243518,1,interior
0.1291399501267152,0.3416137519380073,1,interior
0.07598764145501528,0.287839989062233,1,interior
0.11561153533790995,0.33756158078636234,1,interior
0.06936678520426752,0.2529781092007749,1,interior
0.09395397709263702,0.30900430743600515,1,interior
0.1421092908924718,0.34535306963154827,1,interior
0.0724106168375791,0.26056866913171617,1,interior
0.09702457568179816,0.3091332991585704,1,interior
0.12124306664931153,0.34000770452548884,1,interior
0.0649180591123689,0.20503272588612093,1,interior
0.14982509664853677,0.3471881739786772,1,interior
0.06830969041730449,0.26504886454762877,1,interior
0.06586178249071425,0.26357741471547147,1,interior
0.09936960072165428,0.3162247136593276,1,interior
0.09462510545699214,0.31478348201572665,1,interior
0.10376170843795963,0.322565665129687,1,interior
0.08285483091324013,0.2911847493813208,1,interior
0.061068001388568174,0.24199644888865776,1,interior
0.12664489422026579,0.34275568564154296,1,interior
0.06479455119254975,0.20350453067305999,1,interior
0.09193183494469756,0.2932793173534,1,interior
0.0763885110285872,0.28016358811182457,1,interior
0.12017060295867936,0.34262615429356913,1,interior
0.05938466640379104,0.24895970844304843,1,interior
0.08884585202548638,0.2915747825110247,1,interior
0.10590934123153378,0.32106325471172076,1,interior
0.1170566522029172,0.33816875813051184,1,interior
0.06512107485764883,0.24302172522103108,1,interior
0.11519899219511054,0.3425857824362254,1,interior
0.06625305627713352,0.2544703205076204,1,interior
0.1482985558595014,0.3484469321003946,1,interior
0.07166490157503554,0.27760790743116454,1,interior
0.1335335427307362,0.3419313346293394,1,interior
0.06890447742221249,0.2589121132696593,1,interior
0.0927433602089617,0.30333157942632083,1,interior
0.06895704567104842,0.20262402527453008,1,interior
0.07303605939792757,0.2754229576974121,1,interior
0.06603653657340176,0.20201922865355817,1,interior
0.05721316145191854,0.2437225830155847,1,interior
0.09113440843099603,0.3008815234656263,1,interior
0.06811531690008596,0.1926522121876997,1,interior
0.07431202919340131,0.27452276784522556,1,interior
0.0657826736971536,0.1993592336536709,1,interior
0.13308072658283643,0.34557604436428724,1,interior
0.07160627954458922,0.2497059194704844,1,interior
0.07042827220423035,0.1973383100603741,1,interior
0.06273937086939713,0.25222327076791573,1,interior
0.0734773916928527,0.27751250668654587,1,interior
0.09296115954316997,0.29512358297145,1,interior
0.09265377946787459,0.30069827972042684,1,interior
0.09792879807611382,0.31696982174127847,1,interior
0.07102995380623173,0.27179993953968234,1,interior
0.1234973148869878,0.34125581834079766,1,interior
0.05850748297777341,0.2505448027753939,1,interior
0.0708970205365517,0.2803921648471887,1,interior
0.13918638919434398,0.3458788473725502,1,interior
0.062374317593162615,0.2405496427744284,1,interior
0.1302589138829325,0.339176981751945,1,interior
0.13008972974660005,0.34411947061266607,1,interior
0.05723840838487548,0.23173554694765894,1,interior
0.10755513127929654,0.325965115120943,1,interior
0.05899116250295695,0.2533985497048046,1,interior
0.1060031314538003,0.3249490050164979,1,interior
0.15597298359143724,0.34446360573740864,1,interior
0.07696361345150377,0.2731611221051811,1,interior
0.11291758099683676,0.344341377127798,1,interior
0.05753869438540855,0.24731836997358142,1,interior
0.1016041603779148,0.3241301757035643,1,interior
0.08985141748219948,0.29271634159103416,1,interior
0.12535810469748135,0.34102326497905827,1,interior
0.05343370031008907,0.22573590411018085,1,boundary
0.05185639942922096,0.22699887764369442,1,boundary
0.06922082206140785,0.27411075303484833,1,interior
0.06744800930140908,0.2568878782963722,1,interior
0.07430621488693435,0.28821606410654144,1,interior
0.07049352139568148,0.19570270190325367,1,interior
0.0899250740734258,0.307710123615554,1,interior
0.06730110011981448,0.19069856027740487,1,interior
0.11428268028411137,0.33899973764397195,1,interior
0.09043812020647977,0.3052272933338726,1,interior
0.15474979379498463,0.345682335304433,1,interior
0.09979674884401353,0.3139293487657703,1,interior
0.06923650538015384,0.19832090198105587,1,interior
0.13817976164443685,0.34851884667278743,1,interior
0.12340597400802494,0.34360614037027304,1,interior
0.06408648766774412,0.19854533038852648,1,interior
0.08826647420831443,0.3045538820195323,1,interior
0.05915455668569147,0.22455810073550123,1,boundary
0.05804862274016186,0.2552063124655269,1,interior
0.07613256564760616,0.2786206904914467,1,interior
0.10361232983101365,0.3253392231585762,1,interior
0.12172664770483492,0.34257998263046563,1,interior
0.09018131503132215,0.29462365413724284,1,interior
0.06352962559394232,0.23675392393343545,1,interior
0.06072078927438908,0.252900401887951,1,interior
0.06944976315934091,0.20015025968645828,1,interior
0.05980159879118282,0.25747915890369755,1,interior
0.0699042682863495,0.26952654559164085,1,interior
0.059713314674461664,0.2515459358430584,1,interior
0.09003375992401964,0.30306322159979315,1,interior
0.14765088288429798,0.34988613567808846,1,interior
0.09390228903915905,0.2964630262646957,1,interior
0.13827100259647432,0.35144902049821986,1,interior
0.059849602624425007,0.25555333322803353,1,interior
0.059602439963469804,0.22636890728955195,1,interior
0.07172070496997991,0.2694453814604492,1,interior
0.0665729673775048,0.1980376926288726,1,interior
0.05723064920088411,0.2529719718640096,1,interior
0.15746527233616242,0.34494516787508156,1,interior
0.07423095774417232,0.27947736567658765,1,interior
0.11400873007575575,0.33692749905761593,1,interior
0.14075811944660338,0.34895911895174986,1,interior
0.06140729011564038,0.25441324480432204,1,interior
0.12255851629488287,0.3457267923900217,1,interior
0.10008840642240832,0.32203665023228006,1,interior
0.13693960011342965,0.34707767493250047,1,interior
0.10906536772757523,0.3252744952001853,1,interior
0.07065480717806515,0.26814295579132064,1,interior
0.06714076405397458,0.2690630360543698,1,interior
0.06844117216192312,0.19577374032675315,1,interior
0.05667313069069113,0.24865190457976885,1,interior
0.0744592011351948,0.2762510723414162,1,interior
0.13263145935731974,0.33972826622152597,1,interior
0.09127967120628719,0.3106655709707755,1,interior
0.057102512498445834,0.25703127289776034,1,interior
0.11552442655723297,0.34039247282498236,1,interior
0.11382065134422507,0.3288221699518374,1,interior
0.0876365202440644,0.29400061349390505,1,interior
0.12706333696753624,0.3389246247988915,1,interior
0.11104653492376855,0.32941513721084054,1,interior
0.11230711004509578,0.3307370940070985,1,interior
0.07092890632719488,0.2630376380073704,1,interior
0.15598479392348494,0.3481905140432149,1,interior
0.09817424219623563,0.3194652773255328,1,interior
0.15108371390112152,0.3484122725418501,1,interior
0.10211954533156342,0.32701194619656976,1,interior
0.0919706246280904,0.2967364766132691,1,interior
0.05330145479627156,0.22924768203302384,1,interior
0.11124802543683342,0.3318894943058631,1,interior
0.09093147842018157,0.2914870216446563,1,interior
0.05813432717369382,0.2415762713736352,1,interior
0.07260425100053379,0.2837698687150167,1,interior
0.10368373598103144,0.32716343744932513,1,interior
0.11211963193010455,0.34617702895327696,1,interior
0.06632003744507105,0.19424409382413568,1,interior
0.1210028239253212,0.34438156921504903,1,interior
0.08998538136564638,0.2962441080658825,1,interior
0.09192237276847827,0.298344486390686,1,interior
0.05618062536471974,0.24509679469181767,1,interior
0.1013304904318733,0.32847825106012507,1,interior
0.11167335060144193,0.3362249854349044,1,interior
0.1550431269140634,0.35074539193761,1,interior
0.11265450401742019,0.338616021967587,1,interior
0.08828634167206341,0.30792236493180003,1,interior
0.13731213786314803,0.3497964144899898,1,interior
0.08270356015277666,0.276741464818693,1,interior
0.059342850454088804,0.2356414943341548,1,interior
0.11052787424212471,0.3268874579239713,1,interior
0.10943671007907504,0.33132789302712384,1,interior
0.07397968126273723,0.28523392138483805,1,interior
0.10902605786495799,0.32891386191200445,1,interior
0.0692702585622517,0.27661519808038787,1,interior
0.05005005130780743,0.22790324783749172,1,boundary
0.13541303061109425,0.3508405859228081,1,interior
0.06938151022441483,0.24870556543739164,1,interior
0.08252606583845265,0.28916307085999904,1,interior
0.06695558221827133,0.27415999461985824,1,interior
0.11056584709372874,0.32476612586405496,1,interior
0.08693027158564492,0.3091939628804124,1,interior
0.05496206981289123,0.25376284385710063,1,interior
0.06083612015980086,0.24411439036826996,1,interior
0.087125826848297,0.29147501905347095,1,interior
0.06640018248912674,0.27630124177628784,1,interior
0.1073730243136787,0.33039813927242606,1,interior
0.06548761125727703,0.19578372254966872,1,interior
0.06594230878759538,0.26159507480825694,1,interior
0.09643567932989722,0.31563018145898264,1,interior
0.08814981212460378,0.30293849720541316,1,interior
0.0887466759780074,0.29782571452530254,1,interior
0.0629748711276291,0.2540703408252035,1,interior
0.05519013870818781,0.22809212139785967,1,interior
0.09370401073917368,0.2991962626391078,1,interior
0.1209594044156658,0.3462955600608543,1,interior
0.14243940443731645,0.3480467679557408,1,interior
0.11316707745939464,0.3416964336194428,1,interior
0.05430319104267272,0.23087242890772322,1,interior
0.06311872431294528,0.2641515536131991,1,interior
0.0641625143939743,0.20164467809124625,1,interior
0.11195231479261102,0.33462031803950815,1,interior
0.14961024265615924,0.349562659160292,1,interior
0.07901774135775033,0.2780497626455236,1,interior
0.09008211900598595,0.2992606827762358,1,interior
0.08449728951762524,0.2912753506474019,1,interior
0.1077694856227646,0.3277296341086731,1,interior
0.14041327322852232,0.3506625626822085,1,interior
0.0806822993140398,0.2908213908189784,1,interior
0.07922686006537255,0.27074167567362684,1,interior
0.10396583818287446,0.3295997141679596,1,interior
0.06950103881831046,0.27103203337062776,1,interior
0.10858904148412965,0.3327270731942096,1,interior
0.05599505791420722,0.2504085296542985,1,interior
0.08640085793849034,0.30188938374555246,1,interior
0.05192564435206882,0.23157010112506524,1,interior
0.10184493479993906,0.33118721814362556,1,interior
0.08624191356816496,0.2957664076047107,1,interior
0.07141091722757228,0.19278141035364865,1,interior
0.06161550117468419,0.26261951004576617,1,interior
0.09817415163273155,0.3143739773735396,1,interior
0.1108474420171704,0.34342862609394914,1,interior
0.11005524801979841,0.3335213270958959,1,interior
0.09296630549101234,0.3119124271222383,1,interior
0.0678777051641156,0.2606622103247815,1,interior
0.1532312292360977,0.3503626918677443,1,interior
0.10008551457053157,0.31839934624171534,1,interior
0.09769092899708622,0.32192935687818214,1,interior
0.06152562238613328,0.19747865642361778,1,interior
0.054339807111670635,0.2489457244035096,1,interior
0.1352745273490695,0.3481197194362532,1,interior
0.06604054332782043,0.2679397782451024,1,interior
0.06954860018962629,0.27261584048200777,1,interior
0.06631705104936426,0.2586381102174918,1,interior
0.058453985239595434,0.2333501772604261,1,interior
0.055440783449586806,0.2469797786807026,1,interior
0.0644697083829731,0.27625184746774994,1,interior
0.06388026527935237,0.2600113704992542,1,interior
0.057827394692419175,0.25978338372757837,1,interior
0.10642469665478803,0.3286766479315909,1,interior
0.06360378566691259,0.195207364957884,1,interior
0.05485669213683959,0.24209586872280842,1,interior
0.06017619212716482,0.24042172543362073,1,interior
0.055447149180703134,0.25592868799365104,1,interior
0.08592837807758823,0.30633253059079496,1,interior
0.07915371436389633,0.2876612916960333,1,interior
0.06542885963678,0.26637183758158844,1,interior
0.05247281797487192,0.24781825129364332,1,interior
0.10627373727243282,0.3271538538999958,1,interior
0.0643648988129406,0.2624942583987036,1,interior
0.10015472504970918,0.3302855864204942,1,interior
0.15060679519116912,0.350912067096748,1,interior
0.06602523906868776,0.27072048064950766,1,interior
0.07476967454372506,0.2812721048423078,1,interior
0.15108921289701197,0.3453525743134086,1,interior
0.06755319338587638,0.27259023928001913,1,interior
0.13317941737474592,0.34359015830669615,1,interior
0.1382826220235018,0.35296728991390985,1,interior
0.06541312727299436,0.25656448887977484,1,interior
0.053538634653068115,0.24577391631784612,1,interior
0.10497242655624471,0.3262743558136752,1,interior
0.0643602634410434,0.2580876569045678,1,interior
0.0604623058390712,0.2387994994154523,1,interior
0.06455957899985773,0.26903419053665295,1,interior
0.09482703559584223,0.3170424684167277,1,interior
0.1009500469945558,0.32570472521601623,1,interior
0.0939094109978121,0.3133680677655092,1,interior
0.0936955167859456,0.302037483845364,1,interior
0.05901898956877586,0.23832380084332216,1,interior
0.10058626093365841,0.333880583857184,1,interior
0.056625692755201,0.2545387497619415,1,interior
0.15807111260278786,0.34784950684228394,1,interior
0.11819759629064328,0.3445228534654127,1,interior
0.10588895944840514,0.3314121742117015,1,interior
0.06758769525807347,0.19941572306491287,1,interior
0.05376672236290119,0.24008760048796274,1,interior
0.14856458026841288,0.35204753736666794,1,interior
0.13198065500642667,0.3418199733896136,1,interior
0.10640026025796158,0.3347498917434515,1,interior
0.05499405013392345,0.251844655673623,1,interior
0.05637641464927703,0.23550762141652254,1,interior
0.15672851482074104,0.34628448192930517,1,interior
0.08581187363747254,0.29251957543070417,1,interior
0.0767781257923195,0.2898351429259533,1,interior
0.051805845219386824,0.24421144333432596,1,interior
0.0922314199360622,0.31377365437896393,1,interior
0.06793712156282512,0.25415714570963716,1,interior
0.0880523541765871,0.3103194300479737,1,interior
0.08397237694233152,0.29341107795468646,1,interior
0.09341721148853999,0.31045666209885137,1,interior
0.12408997430652208,0.3453102598237539,1,interior
0.10627639416990059,0.33307862754781903,1,interior
0.05394878639296907,0.25685146811657106,1,interior
0.08090410749440603,0.286318356983325,1,interior
0.05778493428772586,0.23675489324553772,1,interior
0.13943853550775806,0.34761100496225233,1,interior
0.09967799008267253,0.32757625537691687,1,interior
0.07218270429289499,0.2857800704138512,1,interior
0.1087052092627763,0.335231037300429,1,interior
0.05335196831202378,0.22743894455658994,1,interior
0.06422432600051751,0.25530901162772307,1,interior
0.09021400953782516,0.3117633759097239,1,interior
0.15226684806179575,0.35225427825752814,1,interior
0.14346422675999526,0.3510366366473458,1,interior
0.08254770277728592,0.2927659044972382,1,interior
0.09637351482480011,0.31748244347707893,1,interior
0.1585030551801184,0.34619472772563814,1,boundary
0.06550592008576478,0.19157475612622848,1,interior
0.10239550893513047,0.33322541155799684,1,interior
0.055599177024502185,0.2436043119543673,1,interior
0.05409534063522491,0.2552320060565946,1,interior
0.05925856781352142,0.2473479449087312,1,interior
0.08347908958711615,0.2956880608161206,1,interior
0.06432003835895099,0.2652152825571343,1,interior
0.12635447547887554,0.3448822634889532,1,interior
0.11023415463442128,0.3369508538647602,1,interior
0.08056855779920971,0.2947257520863508,1,interior
0.09055617223383013,0.31367463589307737,1,interior
0.08494638392095584,0.30321309808658814,1,interior
0.10818297146594386,0.3385413574525435,1,interior
0.06233694375137972,0.2604762414702187,1,interior
0.0626622911706542,0.26616497568858033,1,interior
0.052363633722272575,0.25076887188579244,1,interior
0.06304503148985004,0.2567218659165267,1,interior
0.15428273932276604,0.3531400229216726,1,interior
0.056921403228415685,0.23366424082375986,1,interior
0.07838257982741276,0.28936689153702877,1,interior
0.07285237172151458,0.287191129630646,1,interior
0.09934697807650532,0.3257809311083461,1,interior
0.05650910032209274,0.24088855913637497,1,interior
0.10853841663243663,0.33700643407734143,1,interior
0.14171594619609956,0.3518857987847421,1,interior
0.09268051995922988,0.28629622500749896,1,interior
0.11460011135871212,0.3445043894655863,1,interior
0.05334057433526402,0.24234990188477565,1,interior
0.14004855091934887,0.3527011682266961,1,interior
0.09909403335463826,0.3233999865846635,1,interior
0.08494866195323268,0.2947635080836672,1,interior
0.09511767567354955,0.32310717188970217,1,interior
0.09413777424083748,0.32550967331621317,1,interior
0.08405982083347849,0.30837523104680686,1,interior
0.0833887944460999,0.29734870078587305,1,interior
0.05437866016735794,0.2369964804847322,1,interior
0.06854367906115376,0.19424418151031084,1,interior
0.07875662330891196,0.2909257866643492,1,interior
0.09117765064161491,0.31598832914057856,1,interior
0.10436754602719894,0.3317389872120087,1,interior
0.051710029491663534,0.254227621057855,1,interior
0.05182640275579725,0.23837107758750053,1,interior
0.10036098270177661,0.32036678882954045,1,interior
0.08217149620564594,0.2947768845173582,1,interior
0.09617448343546615,0.3191208500773539,1,interior
0.05754711444316643,0.23966439117461968,1,interior
0.0896691630403218,0.31537393425408455,1,interior
0.06478358891804696,0.2722483862753416,1,interior
0.0975230400376528,0.3283366665383111,1,interior
0.11397552032414392,0.3468717529891155,1,interior
0.0531499566717733,0.2533566672615236,1,interior
0.09257530769692857,0.32278213610846346,1,interior
0.05577833259326326,0.23861554097748255,1,interior
0.06555595806661925,0.27904369424914993,1,interior
0.08798609624432294,0.29558766589942015,1,interior
0.05428834371769991,0.25047243942420133,1,interior
0.13600785504437837,0.35466940027601385,1,interior
0.11610810568250123,0.34660117946616115,1,interior
0.08186784732540334,0.29628119713246004,1,interior
0.10237263501013756,0.3297351132280464,1,interior
0.05813168604127828,0.2615480217849865,1,interior
0.11482477728917653,0.3323548637565486,1,interior
0.05632615611780131,0.26203248577822935,1,interior
0.10183165751734745,0.32256544336643456,1,interior
0.08605822807489827,0.2882711546863866,1,interior
0.09987830516045249,0.30424041710430255,1,interior
0.06072878564861857,0.2662818445714041,1,interior
0.060313439736285133,0.2603046046261613,1,interior
0.07334541130431782,0.28231324537586405,1,interior
0.13524628274547254,0.34649405913920656,1,interior
0.06254399784911842,0.2587717992104586,1,interior
0.12493741497370495,0.3433411072362355,1,interior
0.0956489283897237,0.3211377627866147,1,interior
0.061543400476725414,0.2574385801005154,1,interior
0.11026503835541115,0.3385171800140697,1,interior
0.07470498533994531,0.2897346018852912,1,interior
0.060065406678335355,0.26182807333250224,1,interior
0.08505643768251615,0.29715723382204506,1,interior
0.13303705395987017,0.35270729437807913,1,interior
0.11039415372470206,0.33530902576513344,1,interior
0.05845946346692194,0.2582935973674313,1,interior
0.13439722855813918,0.34951202210903043,1,interior
0.11172151235332553,0.34032976977772866,1,interior
0.11033760066017295,0.3412470958903455,1,interior
0.08793297285474616,0.3002740933116508,1,interior
0.063211422341958,0.2003522201583829,1,interior
0.05252357408680113,0.23587104556612537,1,interior
0.049236022974953005,0.24271344060497588,1,interior
0.13900696931603684,0.3500434177148232,1,interior
0.08927777019859122,0.30124753805889926,1,interior
0.15012995139947455,0.35342104210905156,1,interior
0.06383253110308179,0.19685661937392113,1,interior
0.08718506706493727,0.29781298842351095,1,interior
0.1447099764092036,0.35222777512948455,1,interior
0.0929091199099398,0.3280223336737727,1,interior
0.13677227736577602,0.35181190656583283,1,interior
0.10509739767110232,0.3358211808839059,1,interior
0.13280419218612954,0.3475428368931437,1,interior
0.08701691368519207,0.31166993154903255,1,interior
0.1047678974574284,0.33423023313858935,1,interior
0.08894911367782422,0.30615541884800823,1,interior
0.09270478686084152,0.31536104003402826,1,interior
0.13248936637337105,0.35004723038882385,1,interior
0.06321396998682462,0.2698399751082705,1,interior
0.07918511477293327,0.2969488512185054,1,interior
0.08050831890023179,0.2929485997053811,1,interior
0.14130223987422935,0.35433363955351205,1,interior
0.07545512586630829,0.2915468468694587,1,interior
0.06024920496683456,0.26461855718351196,1,interior
0.0710888063899189,0.2893555453522802,1,interior
0.05181822058544455,0.228735231302158,1,interior
0.06604358452520381,0.18950697544918754,1,boundary
0.06151274716922208,0.1994054857627713,1,boundary
0.13760099129246597,0.3543822736975559,1,interior
0.09374870671401454,0.3194410234899131,1,interior
0.10295498113550436,0.3361027478828695,1,interior
0.12830409848427116,0.3434545979584641,1,interior
0.13170348989623243,0.34441976768388405,1,interior
0.09897119845379974,0.32895436544744383,1,interior
0.10484717293253346,0.3239627088305481,1,interior
0.07850186943670726,0.2939939227809658,1,interior
0.09741135566860447,0.3252426302013188,1,interior
0.13130439215655249,0.34714441625237874,1,interior
0.08657041184459995,0.30471303033383884,1,interior
0.14713407331271977,0.35132199704192135,1,interior
0.10594374663527117,0.3374298507806363,1,interior
0.116617962891089,0.34467777330952304,1,interior
0.09848318918099463,0.33096573303310695,1,interior
0.07309095170028286,0.28983217982184145,1,interior
0.061823955914866606,0.1958720269527457,1,interior
0.13880643660729347,0.35576255214323277,1,interior
0.15007246271660163,0.3557481539380951,1,interior
0.05574202713637701,0.2325022223252673,1,interior
0.08265721153245606,0.30517218919402717,1,interior
0.0634404301419363,0.193695567376938,1,interior
0.1048567376479779,0.3282612754400246,1,interior
0.07285246030114889,0.2913337711183723,1,interior
0.1567131070478568,0.35016561009133024,1,interior
0.12321003372875405,0.34788741608415596,1,interior
0.050364222066946476,0.22945411346854497,1,interior
0.0637162822259407,0.19088230898336753,1,interior
0.1589204254447243,0.34935810758053304,1,interior
0.05089221283484082,0.24934415619094438,1,interior
0.08632578859048905,0.2999365959465786,1,interior
0.08537074678736435,0.3107817606930084,1,interior
0.08957632606164644,0.31010138567129125,1,interior
0.0919931632661462,0.32465799223340447,1,interior
0.04973322452432989,0.2321203146889949,1,interior
0.15254218363374045,0.35409413231675724,1,interior
0.11143328113694373,0.3478158462035419,1,interior
0.05774074106603321,0.2639030367974159,1,interior
0.08382983273154206,0.30656533193580177,1,interior
0.16044064439951464,0.3517257105286667,1,boundary
0.13470863081731319,0.3522792532884948,1,interior
0.11389572881550591,0.348919266067543,1,interior
0.10833697739363646,0.34417018693854895,1,interior
0.11858080232554938,0.34673291079798535,1,interior
0.1427573269669976,0.35373378124183597,1,interior
0.15313846318931096,0.35650829274841467,1,interior
0.06448185638890541,0.27786306199415967,1,interior
0.08462592773623887,0.30472831343421347,1,interior
0.08227299116732464,0.30703821460052705,1,interior
0.13643668888604088,0.35653510897076046,1,interior
0.06429336710331605,0.26751224468018675,1,interior
0.09531394693038919,0.3269542962084234,1,interior
0.0519374260908545,0.2333677810350703,1,interior
0.05640350720740722,0.25907252168061545,1,interior
0.10635756015023659,0.34065781238812265,1,interior
0.08289545281130903,0.3034896106647268,1,interior
0.05874736036477792,0.2660268312228934,1,interior
0.05140213854153199,0.2522723863401341,1,interior
0.1288359103357556,0.3456463726325995,1,interior
0.08255973100820362,0.3090071066491506,1,interior
0.06473098518092243,0.27395873218474026,1,interior
0.09597036506418957,0.3245140191459223,1,interior
0.08146750350371365,0.29780953107750424,1,interior
0.04863211234740308,0.23426663934793163,1,interior
0.05088868280119617,0.24148782044703287,1,interior
0.06171665760622579,0.26790835402807983,1,interior
0.12305263841088279,0.34948029704305145,1,interior
0.07792236694337425,0.2819510073128485,1,interior
0.07284792505578344,0.2801395619039653,1,interior
0.10045797344678509,0.33215634439394953,1,interior
0.10080874074271455,0.3357463313087961,1,interior
0.05979551330729798,0.2697172468372608,1,interior
0.10537021031433566,0.3390377619843103,1,interior
0.08904048297330276,0.31324718834602905,1,interior
0.05444493148845249,0.26259311129143037,1,interior
0.08841390420385531,0.31706603324397137,1,interior
0.13436471233464162,0.3585867351222733,1,interior
0.15082432021501452,0.3580002686338689,1,interior
0.08341864300390918,0.31047310955873675,1,interior
0.05227531946053371,0.25570036356102427,1,interior
0.054866797888738064,0.25929822988919454,1,interior
0.08950243518912447,0.31911651108746675,1,interior
0.08778817892059695,0.3196335491719877,1,interior
0.0900302267079432,0.32281787111593585,1,interior
0.05063939949209925,0.23936530675163048,1,interior
0.06698854071136698,0.27797633296816404,1,interior
0.12540546396442218,0.3467893338883699,1,interior
0.06925818132226606,0.2888862872659186,1,interior
0.061191873831775004,0.19381555465945144,1,interior
0.04987468739165415,0.2518741544002484,1,interior
0.052101050885940046,0.26137696850574954,1,interior
0.0971979912491095,0.33007946393221826,1,interior
0.06297192562282533,0.20370661943632737,1,boundary
0.08688756556920221,0.3148094160362285,1,interior
0.08341111236981032,0.30005207639417425,1,interior
0.07387640485802179,0.29352505143757784,1,interior
0.05433044198413557,0.26074776868155264,1,interior
0.1346693405735832,0.35681456325616007,1,interior
0.13123159930478498,0.35193516194135244,1,interior
0.09733422808791334,0.32348927874942207,1,interior
0.11023613485455062,0.3449120535301791,1,interior
0.057360009455253234,0.26681720446933294,1,interior
0.049550584936228034,0.25431461375736975,1,interior
0.10368889654147831,0.3381615701870284,1,interior
0.08008352984541893,0.2993354747947881,1,interior
0.061669616023885744,0.2702893599001878,1,interior
0.08598545548067316,0.3195241815915431,1,interior
0.07585135610031744,0.2933615607488956,1,interior
0.058996036964633826,0.19569376820030546,1,boundary
0.135843554678011,0.3581202906604537,1,interior
0.14696979356544845,0.35335102064045276,1,interior
0.05337263411279974,0.23820992160399157,1,interior
0.14766421008127903,0.3559943610980882,1,interior
0.08960714841383878,0.32099276182149633,1,interior
0.08352141836848237,0.30163998003003345,1,interior
0.12746329714629814,0.34664062180555744,1,interior
0.08180212009322807,0.2997990802386527,1,interior
0.09821335292240252,0.32692267103320977,1,interior
0.055184303480501254,0.25777571186774406,1,interior
0.1422417979725794,0.3498255685645388,1,interior
0.12478430597242425,0.34904809683154686,1,interior
0.05050072658581872,0.23714069181726016,1,interior
0.14569052130730772,0.35085030427553754,1,interior
0.052557179718985346,0.26285503448229,1,interior
0.08862016881989185,0.3235628550195192,1,interior
0.13401087376353082,0.3543522142072667,1,interior
0.05928536150605985,0.2676641737381106,1,interior
0.06281804195815865,0.1894487814679677,1,boundary
0.09116208074265932,0.3271788403610007,1,interior
0.05181253930532982,0.25983671033627503,1,interior
0.07769735845113127,0.2920320208395055,1,interior
0.068811561160822,0.19036014601260817,1,boundary
0.14833696187122752,0.35408273098970705,1,interior
0.14511854672424931,0.35548180036039534,1,interior
0.07020401227727274,0.2784235401497327,1,interior
0.10883245435326233,0.34621373119141446,1,interior
0.10726489208615454,0.3452804388211439,1,interior
0.048501836469639424,0.25116431110642107,1,interior
0.09202637474148492,0.3174315505523346,1,interior
0.0687676337822842,0.27955650676924093,1,interior
0.1157403540793562,0.34833494799724773,1,interior
0.06490833385676155,0.2808941954474018,1,interior
0.05509660631094853,0.23464581050205394,1,interior
0.061466642303429984,0.2730947374149836,1,interior
0.05962357169070672,0.19778203613975223,1,boundary
0.10810736249279272,0.34046868663412855,1,interior
0.06292447317355279,0.277459545918947,1,interior
0.08929537771127438,0.32749356759069903,1,interior
0.10515045906845052,0.344348753850728,1,interior
0.05573748714138019,0.26485630365018376,1,interior
0.05008720592767873,0.23536714975016634,1,interior
0.061981425464306225,0.2020045701146468,1,boundary
0.09043726935202187,0.3176477726566811,1,interior
0.14545289539699746,0.353786663406008,1,interior
0.10866349978270554,0.34210586012885325,1,interior
0.049061179365343544,0.23892186501776363,1,interior
0.10398977052622825,0.3406990510178966,1,interior
0.13170508684843146,0.35680017700311467,1,interior
0.0802579902449221,0.3057648989380869,1,interior
0.049736908890300524,0.24423096827095592,1,interior
0.08557692862150967,0.3176424773667343,1,interior
0.10826598041902799,0.348853659425917,1,interior
0.10199840189927296,0.34257404309100514,1,interior
0.09448417017483714,0.3295601555227431,1,interior
0.06908540556859125,0.2907407299782825,1,interior
0.06239912210997949,0.1918306243023628,1,interior
0.16230840906925412,0.3529105044976386,1,boundary
0.06824531887855748,0.2809872231487496,1,interior
0.06063028688642224,0.19074431524543117,1,interior
0.051885446103488525,0.25816333189089685,1,interior
0.0775359381033179,0.2968508528348849,1,interior
0.06332922133222277,0.2801983221935521,1,interior
0.05306243160493488,0.26523999720126745,1,interior
0.13810374566623293,0.35812660291832815,1,interior
0.0611709725833695,0.27822466370385307,1,interior
0.08509808892114724,0.3161046614699668,1,interior
0.053830988512796385,0.23239065785407054,1,interior
0.05899124523067928,0.1938189636943422,1,interior
0.08201781602423458,0.3116643372416876,1,interior
0.07972583988344137,0.3072201308647325,1,interior
0.06782205538821148,0.2706994858282906,1,interior
0.07162592681572999,0.28211627599015937,1,interior
0.15739718165978603,0.35156450160484554,1,interior
0.09360124068890142,0.32400404914383746,1,interior
0.12257707024745666,0.352282789758341,1,interior
0.08677945731313613,0.31644926596116224,1,interior
0.11637359981378897,0.35015951691415753,1,interior
0.08081356928525325,0.3025671871380088,1,interior
0.10552635134246557,0.34259803507575004,1,interior
0.058807658946079734,0.19140959809556632,1,interior
0.08493499640429107,0.31337828169528226,1,interior
0.13725995912138225,0.36076183492882496,1,interior
0.04853310190535976,0.2306160753281283,1,interior
0.08122187943931096,0.31010384395407536,1,interior
0.07639347125803984,0.2952015446175102,1,interior
0.05034126474411452,0.2466893429032391,1,interior
0.13041140359965459,0.3499518505905396,1,interior
0.10711881798262114,0.34326193712636927,1,interior
0.12036250300223754,0.34854478279037654,1,interior
0.12100827137395466,0.35111548196064224,1,interior
0.10720621677398431,0.3469424473427683,1,interior
0.04794522274489941,0.23235286558126098,1,interior
0.06789544719971259,0.27538806426126566,1,interior
0.08479706534848794,0.29868122680539494,1,interior
0.15635848046913997,0.35316178066810877,1,interior
0.09575061990647792,0.32841027032084147,1,interior
0.07247002399596483,0.29294940779244527,1,interior
0.10548159254468803,0.3465162844060443,1,interior
0.05354768242462012,0.2441947460160983,1,interior
0.11832136147814597,0.3487632629687793,1,interior
0.09926764121190919,0.33589006994429665,1,interior
0.13134600397329682,0.35488817224673985,1,interior
0.07967300388488258,0.3123660169996481,1,interior
0.06275247108399531,0.27539782110860817,1,interior
0.06302550432391295,0.2733597507495217,1,interior
0.09154556775879424,0.32162830261815273,1,interior
0.10583994479732596,0.3481798840801309,1,interior
0.09035247326320307,0.3248753927070981,1,interior
0.05109016083348019,0.25679671039395213,1,interior
0.05814783989805636,0.2687618873187614,1,interior
0.1297274827937693,0.34825449195205027,1,interior
0.07011363302791024,0.2817851829564278,1,interior
0.07966164664951468,0.3010522600876157,1,interior
0.06859170064578139,0.28711653346787125,1,interior
0.09100377259298986,0.3194767969771271,1,interior
0.05670597422964216,0.19246759997460947,1,boundary
0.05342530630134885,0.23455867603328878,1,interior
0.14034702316874828,0.35656246655612883,1,interior
0.08510769173574634,0.3010103372969311,1,interior
0.04843647548231818,0.24506831132493018,1,interior
0.09574952362400561,0.3308586684114962,1,interior
0.05774508915836952,0.270240751729311,1,interior
0.08295649092848113,0.31852190021492843,1,interior
0.05173936978833948,0.2460571548079308,1,interior
0.048049278754479924,0.24763599810047238,1,interior
0.05739393844694083,0.19461588149897013,1,boundary
0.08353627871742053,0.31239772297685336,1,interior
0.12675651663936605,0.3484083491816426,1,interior
0.0626298851647322,0.2828882919155249,1,interior
0.09319445956990889,0.3308860148373254,1,interior
0.09790020351728149,0.3331968831822333,1,interior
0.0475221436821827,0.24353177886662125,1,interior
0.09388987602503088,0.32148578387296645,1,interior
0.14843900828760662,0.3582830598688232,1,interior
0.05476500835256425,0.2660589786721801,1,interior
0.07834201917955037,0.2987419720061426,1,interior
0.05626948368497009,0.2680146380950303,1,interior
0.051059653340861606,0.2633173364954088,1,interior
0.06140238391264648,0.2767130194643396,1,interior
0.08166079947408418,0.31749290064569735,1,interior
0.09110375186020096,0.32882477248679404,1,interior
0.06055727028916533,0.2807636380598866,1,interior
0.0591080895473769,0.2710873695877116,1,interior
0.06716636717768304,0.29183790006153154,1,interior
0.0534213679376735,0.26760374636400774,1,interior
0.09543513211516312,0.3324046464204906,1,interior
0.06451376934234702,0.18894129278180322,1,boundary
0.14163811228044484,0.35909847677297696,1,interior
0.10374583212006304,0.34288420664602554,1,interior
0.04906371763671478,0.26314512585089184,1,interior
0.05512338122342848,0.19149479457821733,1,boundary
0.09897473725014551,0.3374172563915367,1,interior
0.08073138003738632,0.31361763304966034,1,interior
0.08128461845024146,0.32084467971155833,1,interior
0.07000494561085134,0.29221630595759635,1,interior
0.11819205192098513,0.35044987636471153,1,interior
0.0834353536209375,0.31609975242586424,1,interior
0.048940425131063225,0.24890948979592453,1,interior
0.08147313933092884,0.3040920762278354,1,interior
0.052085766084595475,0.2403030358913282,1,interior
0.1430148153450801,0.3561992435143418,1,interior
0.05352008943998038,0.2583096178055796,1,interior
0.0787903081234249,0.3042202163936174,1,interior
0.10374333444351078,0.34700550091468885,1,interior
0.09277433239475914,0.3263037018581178,1,interior
0.05902653193397583,0.28210028530408054,1,interior
0.12767280341746326,0.35010958142111254,1,interior
0.0493355119322473,0.25968966538253135,1,interior
0.12933340881099487,0.35662022527680004,1,interior
0.11243156230118118,0.3494327739311453,1,interior
0.0824583569944032,0.31446654460603024,1,interior
0.04856646833804457,0.22885713081260226,1,boundary
0.12215704054816974,0.35393920108275084,1,interior
0.11498678210254483,0.35099629377684355,1,interior
0.047488177902753406,0.23526599517103625,1,interior
0.15781818316320087,0.35422319180262263,1,interior
0.15870623412587442,0.3524127081640876,1,interior
0.04758809430048947,0.2499452176105115,1,interior
0.11051844622551456,0.3494022166424412,1,interior
0.07063689440984723,0.28715018371037926,1,interior
0.11719823165989751,0.3516646493480323,1,interior
0.11304731723731551,0.3512022434151257,1,interior
0.0767270721399779,0.29856971666094406,1,interior
0.06723006878557095,0.28869858787818875,1,interior
0.12821087194655437,0.35493882497713586,1,interior
0.0462351164502632,0.24835267964839092,1,interior
0.05849271882026141,0.2800611133684642,1,interior
0.10097160875265825,0.3384410792484689,1,interior
0.07415674797666366,0.29530493314406747,1,interior
0.04726712004151963,0.2598378230716541,1,interior
0.08260290359012827,0.3200843098110154,1,interior
0.13454171219316632,0.3606130572517508,1,interior
0.13498158396151713,0.36329653572616033,1,interior
0.06696897638390235,0.28000539595802293,1,interior
0.04671168681800861,0.24660425496034383,1,interior
0.129163942029862,0.35144571842062516,1,interior
0.045742059568269024,0.24303431658214425,1,interior
0.06561691993375443,0.2600745113040094,1,interior
0.10119383765141601,0.34056768773856005,1,interior
0.04718963715639688,0.25574924559116996,1,interior
0.11045432287273188,0.34657104698114255,1,interior
0.08677812645205941,0.31323442129060985,1,interior
0.05083165478761344,0.26607894746997707,1,interior
0.07520830592869623,0.2979411602823733,1,interior
0.07048456022030015,0.2854747706579562,1,interior
0.08731114734140787,0.3220922839038125,1,interior
0.07810599854434606,0.30727483096284297,1,interior
0.04751149832686856,0.2417869851049786,1,interior
0.048209325343936085,0.26583975139135785,1,interior
0.05359177735759497,0.27042986690692067,1,interior
0.07891668019036842,0.31012194183740366,1,interior
0.1108316930116727,0.3510983606158605,1,interior
0.0455530429374022,0.24456872460846094,1,interior
0.05018110204080769,0.23381221911777775,1,interior
0.10296374143543918,0.3453260964070346,1,interior
0.05218443057154617,0.27234507394194163,1,interior
0.04575932378489937,0.23316140148154443,1,interior
0.060090057793923506,0.2742487928211773,1,interior
0.0783414864126385,0.2955622418168097,1,interior
0.05063698487934259,0.27105080356908096,1,interior
0.08540369284918288,0.3091738188811325,1,interior
0.0747643882436808,0.30001389631711317,1,interior
0.10816704161270507,0.3512735751159562,1,interior
0.045815736649360714,0.2409357212391845,1,interior
0.09564152370181357,0.33396259639890247,1,interior
0.13175289044975985,0.3486501508651995,1,interior
0.06634661167461528,0.2826467487316353,1,interior
0.09711237142688584,0.3318467718882889,1,interior
0.04797572968854723,0.24015987606773725,1,interior
0.10317106480636493,0.3484323167775188,1,interior
0.04917136584311941,0.2578926245449649,1,interior
0.05132523157599674,0.26754642052613015,1,interior
0.07370877872315977,0.29847283207404096,1,interior
0.054290051681953166,0.2729527199381127,1,interior
0.07288053427736875,0.29705298486387943,1,interior
0.07160452346883112,0.2961128986360264,1,interior
0.07322844346411865,0.3004548281044961,1,interior
0.049466325150697585,0.24086508840059415,1,interior
0.12906243192142294,0.3531942134359802,1,interior
0.08741200976453828,0.32947184082014314,1,interior
0.09692540072585844,0.33508607519511785,1,interior
0.16068560839618815,0.3537858367144899,1,interior
0.055068150096989926,0.2710484775873372,1,interior
0.04406151240428516,0.24823923820135202,1,interior
0.125577961286078,0.3507138737144725,1,interior
0.06853708499735418,0.28334725758923757,1,interior
0.09640495141052857,0.33669070031055776,1,interior
0.12392607456353738,0.35081142906611157,1,interior
0.07840695248815735,0.3057558427016226,1,interior
0.0666956831997477,0.2901917222903355,1,interior
0.07008628975256573,0.2838928374619102,1,interior
0.0751754180512149,0.30694514208499474,1,interior
0.10114230502877852,0.34425082750377,1,interior
0.1444808632487073,0.3578083231365364,1,interior
0.07170497594578669,0.2944548040684842,1,interior
0.09984724514215171,0.342690774045043,1,interior
0.07919339017134996,0.31484520550146883,1,interior
0.10060379653929673,0.3465506387313756,1,interior
0.11152427454974759,0.3533460963100019,1,interior
0.07708363721928504,0.3109820093840221,1,interior
0.0566721842783578,0.2789015958581524,1,interior
0.08664639326397786,0.3239678695988202,1,interior
0.05042485291967072,0.2732204581965665,1,interior
0.09463156545915627,0.33580464039756286,1,interior
0.06625867270757033,0.2864641969220398,1,interior
0.05550458335964906,0.2693574369196835,1,interior
0.05106447457811011,0.26943985032435136,1,interior
0.04916151941346344,0.2560486645593599,1,interior
0.07694580176765732,0.30844470979899763,1,interior
0.10081062450572766,0.3481047478608454,1,interior
0.10274365811036183,0.339358514471033,1,interior
0.0568768679215196,0.27258861092360354,1,interior
0.07787846325866164,0.30097071791391233,1,interior
0.0750413077230401,0.3099733278067185,1,interior
0.10925379605388577,0.3533623117307929,1,interior
0.08536479020862553,0.3287405225767637,1,interior
0.15758531085124808,0.3561948591664148,1,interior
0.05649429910670635,0.1908350365369993,1,interior
0.07208471172653742,0.298358603538654,1,interior
0.05670850853386161,0.2755916911848502,1,interior
0.12702454829190027,0.3518856209808538,1,interior
0.11987574338864705,0.3530900427212566,1,interior
0.0749097741237811,0.3023386094122431,1,interior
0.1306792945057889,0.3534209703962991,1,interior
0.1563597287308614,0.3549373004293217,1,interior
0.08029921549567356,0.3086566115386258,1,interior
0.14000789200951855,0.3602387492753808,1,interior
0.12050321812396564,0.3549651468038952,1,interior
0.14694291842843787,0.3589350286450777,1,interior
0.08696943975605234,0.32664813670756343,1,interior
0.08710976223054775,0.3181211409018761,1,interior
0.08107738799565062,0.3191385270156514,1,interior
0.08104542405362744,0.3152254116171075,1,interior
0.04803289207664195,0.23698398167101464,1,interior
0.05809944557014547,0.27358366691860747,1,interior
0.06302546402649167,0.2714345556759548,1,interior
0.14609671392261528,0.35693752154090463,1,interior
0.07953353398717,0.3176631805778034,1,interior
0.06738413651897218,0.2844388965013046,1,interior
0.13769913390238134,0.36272624429087663,1,interior
0.052866034723346715,0.27454898786980997,1,interior
0.049551415548075434,0.26161477760203156,1,interior
0.09906794148282298,0.3473524126964913,1,interior
0.06051549602811722,0.2833508479772808,1,interior
0.08871266689457771,0.3255059221962039,1,interior
0.06499369788599109,0.2840777688111389,1,interior
0.15442205290946154,0.35529715538238077,1,interior
0.12362972344707521,0.3563506939961203,1,interior
0.09272172308466223,0.33374154025470404,1,interior
0.1517100785792709,0.3555662232283146,1,interior
0.09365919346238294,0.332373108486092,1,interior
0.04625918095019363,0.23139512723747005,1,boundary
0.04735882618947095,0.2574684926650499,1,interior
0.13602009243742685,0.3621216441118758,1,interior
0.09155848175980094,0.3326693652661314,1,interior
0.09097249688396396,0.33091643446937485,1,interior
0.11755924470278312,0.3533827683814436,1,interior
0.13312105984619885,0.3561178500607135,1,interior
0.08314330262059372,0.32153766938035444,1,interior
0.04917353913728843,0.2686209555455071,1,interior
0.043819051540584915,0.24299773607960812,1,interior
0.06396265054907407,0.28792272666010676,1,interior
0.15676374734060372,0.35775148585457767,1,interior
0.15879318764295988,0.35843645721886885,1,interior
0.0804492525928165,0.32306595227959034,1,interior
0.07047211803149098,0.2986391540202109,1,interior
0.1254155468402201,0.3550574399633873,1,interior
0.047491041963904745,0.26248247406794595,1,interior
0.16320422327276077,0.3552391889790766,1,boundary
0.04664696486578132,0.2522098512935031,1,interior
0.13697898750749282,0.3641366583566938,1,interior
0.04806282721771771,0.2719556008517527,1,interior
0.11372518622254467,0.3528741778777517,1,interior
0.15460763992112092,0.35731751552394553,1,interior
0.0792077839051237,0.32100618433851585,1,interior
0.07160616720513537,0.30010536710055635,1,interior
0.12686161944148222,0.35583581098967343,1,interior
0.13262605426026045,0.3586876830895948,1,interior
0.13295543533376022,0.3602877019133098,1,interior
0.1011311284900361,0.3502978839611632,1,interior
0.04755784874872243,0.25344226455655944,1,interior
0.068740564565705,0.30023273535617706,1,interior
0.0905705646139725,0.335747537044693,1,interior
0.09822653069650016,0.34179774007605884,1,interior
0.0734991682384634,0.31134883023069093,1,interior
0.10605736257957095,0.35102518041573516,1,interior
0.13319279350152974,0.361866606529217,1,interior
0.04488590068270622,0.25915344311593314,1,interior
0.06089574261376819,0.27166183245560555,1,interior
0.07443989431143062,0.3085116861588402,1,interior
0.14364755546311875,0.3593719124058023,1,interior
0.07770062879070418,0.31306787912887984,1,interior
0.11868084450902046,0.35538383660577544,1,interior
0.045895902287681124,0.2547450191907115,1,interior
0.07275728358835284,0.3087088128928064,1,interior
0.0594783265437028,0.27259895572130943,1,interior
0.08928935218439457,0.3325707218951103,1,interior
0.044920633895587744,0.2502665436994127,1,interior
0.04747126054685999,0.23859124391340236,1,interior
0.06965179309388615,0.2963696129218142,1,interior
0.060068678406142155,0.189230379457429,1,interior
0.08905541203912216,0.329230825941441,1,interior
0.05958930301511882,0.277540137762707,1,interior
0.04977675798809552,0.26454137882352796,1,interior
0.08421653911350516,0.314794968050262,1,interior
0.1189895172754432,0.3580961012003589,1,interior
0.048305493394756774,0.27012793856263767,1,interior
0.15313199598763064,0.3586940208732269,1,interior
0.04614035258777244,0.2393665572149727,1,interior
0.09329246334445383,0.33710817182119307,1,interior
0.126796648656328,0.3582501173993671,1,interior
0.07624305852637432,0.3003949864581415,1,interior
0.09626411960867239,0.3391635306898633,1,interior
0.1074423598815904,0.3531490557211025,1,interior
0.044463134455247445,0.23797659586235173,1,interior
0.04622303386107438,0.2669943171336893,1,interior
0.12590981729033007,0.35340792068021387,1,interior
0.04760569941496281,0.26427321313741686,1,interior
0.11973245388702043,0.3452572151453382,1,interior
0.0861098241517087,0.32105383594289505,1,interior
0.04294041043931764,0.2443888134242635,1,interior
0.044480044789832064,0.2518060728109421,1,interior
0.07513382055956527,0.3117668525771571,1,interior
0.09871689135790099,0.3453157622259871,1,interior
0.07636121068294974,0.3059886492387496,1,interior
0.1027931824650359,0.35035477557844996,1,interior
0.12395382566975524,0.35349213275844765,1,interior
0.07206263577878896,0.3028642042307382,1,interior
0.07481598763695328,0.30521023907289013,1,interior
0.0772501263541313,0.32022363767403345,1,interior
0.05904227895045875,0.2756891407794039,1,interior
0.13164708657095625,0.3624244141342768,1,interior
0.15968241779929337,0.35701981369796826,1,interior
0.09015941059179954,0.33421256990040965,1,interior
0.07363952282192178,0.3067286768277503,1,interior
0.04608171797594833,0.23752901732245033,1,interior
0.1274617517211915,0.35355824181749657,1,interior
0.09647108335198173,0.3469733275816197,1,interior
0.0644960225637754,0.28242698655466514,1,interior
0.08427917503690686,0.3203115519204175,1,interior
0.0715277631441269,0.3113110909165646,1,interior
0.05481841061304584,0.2768453809199759,1,interior
0.07648082770349425,0.3215362759358571,1,interior
0.10435615385285385,0.35015884977390727,1,interior
0.11556982696160495,0.35276819137657756,1,interior
0.05646150447797272,0.28211571433368293,1,interior
0.04380606224538208,0.24045687040549443,1,interior
0.10680163526164271,0.3496697474287862,1,interior
0.08786179182368457,0.33504203511855396,1,interior
0.10221618540591591,0.3468932285830874,1,interior
0.07772127065255469,0.3027699348779762,1,interior
0.09985838159781832,0.3494277472820971,1,interior
0.1216769660172615,0.3571739825228046,1,interior
0.1601521636492246,0.3599890875563073,1,interior
0.04107910309254996,0.2430230739933828,1,interior
0.057476007776526575,0.18906391382754723,1,interior
0.055926578680766705,0.27396395225758063,1,interior
0.06514118566163332,0.2917521156563137,1,interior
0.11967479889929056,0.3499322207925206,1,interior
0.042534992252702714,0.24961853677347104,1,interior
0.06173542546324686,0.2849015481355743,1,interior
0.06337456211665321,0.2843837794508477,1,interior
0.0706481934676215,0.30184912129766217,1,interior
0.10150448192274908,0.35282879576557014,1,interior
0.12007110027560072,0.3594486199181743,1,interior
0.09631342942580469,0.34166363241481656,1,interior
0.09743324473107713,0.33801332108060017,1,interior
0.05799101382174071,0.2779891369200316,1,interior
0.14612841735754012,0.345809838379461,1,interior
0.08525887264870637,0.3260188400337847,1,interior
0.13081607708871684,0.3580563944483446,1,interior
0.07628192267037227,0.31448424941202135,1,interior
0.13970584098734962,0.3579847033269488,1,interior
0.13263478203073367,0.3636723800777354,1,interior
0.16180527353241494,0.35870540088021147,1,interior
0.14287852783720878,0.3578195380649346,1,interior
0.03967196875902325,0.2419992862212941,1,interior
0.1292661204567769,0.35986473614501185,1,interior
0.08220642179676015,0.3243365463906619,1,interior
0.1413692832418715,0.3621087222843416,1,interior
0.059762481026236526,0.2791557922583498,1,interior
0.11633980348849891,0.35548107570021653,1,interior
0.06992323113892311,0.2948545426782175,1,interior
0.08549839436432502,0.3226043463437718,1,interior
0.0919727393792681,0.33515778882476244,1,interior
0.04422068812740365,0.2535901198391594,1,interior
0.04198590625795532,0.2417571684919403,1,interior
0.06876677277585642,0.30302376613209503,1,interior
0.09719456986583996,0.34394424776722043,1,interior
0.1565061401578338,0.35928462585286286,1,interior
0.11882502161763331,0.35185689252022245,1,interior
0.16068322128456833,0.35545143207634183,1,interior
0.09314635828365075,0.3390226963720969,1,interior
0.06441722271354496,0.2861163614254698,1,interior
0.0988735328157912,0.33960682248962887,1,interior
0.04338869972710198,0.23661156230445562,1,interior
0.06004647945728097,0.28583608090927815,1,interior
0.09109194119164551,0.3382720732433499,1,interior
0.08902196353429959,0.33660823352751623,1,interior
0.10481961059229884,0.35212642968663843,1,interior
0.056800811153687764,0.284099991967976,1,interior
0.14298198260156952,0.3610549899250206,1,interior
0.130872616756325,0.35989468190603174,1,interior
0.1174018264196228,0.35757909180175645,1,interior
0.07152176775610065,0.3077412671577603,1,interior
0.12476801872306784,0.3584541848972432,1,interior
0.08359792456136568,0.32636454117011426,1,interior
0.08225656516039344,0.32711226495264506,1,interior
0.07477219907157513,0.3141367361953285,1,interior
0.11509979063641558,0.3545968985514679,1,interior
0.10997629701654192,0.35530667164459606,1,interior
0.061488392432890664,0.18819752221872296,1,boundary
0.07635674563427915,0.30430962826618574,1,interior
0.07380981772591735,0.303450292229389,1,interior
0.0382830925871535,0.24398217034985267,1,boundary
0.14560503456500987,0.35989389115978115,1,interior
0.12005649941443257,0.3565428098935924,1,interior
0.04714800761973644,0.2742469830407188,1,interior
0.08624204185231768,0.33509575328689817,1,interior
0.08453193622552602,0.3246410080582622,1,interior
0.14641525934475194,0.3625632619290029,1,interior
0.08184661255345538,0.3224118993967242,1,interior
0.16438590844071235,0.3590975200529966,1,boundary
0.11243098115614214,0.35514729842033194,1,interior
0.14738002235623932,0.36085639495245414,1,interior
0.04764165113923528,0.268688718149783,1,interior
0.09461430909970583,0.33830810734952693,1,interior
0.04481149456606178,0.26915676461513005,1,interior
0.10296722440576851,0.3534703708913253,1,interior
0.044704020108276406,0.255689781697913,1,interior
0.05928351510973553,0.18750161855240263,1,boundary
0.07727055507917648,0.318347594051088,1,interior
0.04245511657454944,0.25176740555352417,1,interior
0.05181437460394701,0.2771845585754979,1,interior
0.16261729184863305,0.36015619842959473,1,interior
0.06411042993737989,0.29298601206779407,1,interior
0.04406787511796989,0.24558300431162788,1,interior
0.08773041236597313,0.3386816686433429,1,interior
0.08901997395293285,0.33105513736391456,1,interior
0.08605038061939836,0.33038246085493156,1,interior
0.11451908607266098,0.35670149896756326,1,interior
0.045796081169000975,0.2705808251929806,1,interior
0.041487400037896825,0.25437125202566524,1,interior
0.09372858249917561,0.34061360129918816,1,interior
0.04529993336844197,0.2351750064580369,1,interior
0.15924179890054135,0.35487135200047915,1,interior
0.09838120888992095,0.34878489552014025,1,interior
0.08119901977979395,0.3256149127203015,1,interior
0.1629523800012772,0.3618834294058404,1,interior
0.1259210417309324,0.361143029099661,1,interior
0.06837727868915579,0.29317062738470534,1,interior
0.05454407135387455,0.27494237756217077,1,interior
0.07767981177239297,0.3151264327125526,1,interior
0.12198755045416391,0.3556393747381424,1,interior
0.06210375194594147,0.2812235106342955,1,interior
0.16131362331725332,0.3569311657046733,1,interior
0.0997642030402795,0.35137922135949207,1,interior
0.041100694247754165,0.2400123996040518,1,interior
0.03881033523874459,0.24682090586795352,1,interior
0.08741287929799715,0.3322579410090809,1,interior
0.0699685387006045,0.30905027075387015,1,interior
0.11288493453472734,0.3566451148705401,1,interior
0.056457502114762685,0.2772406504623816,1,interior
0.09480525061928197,0.3430702702362346,1,interior
0.05410871722338812,0.2788841935535841,1,interior
0.0996506799508852,0.3410611569526035,1,interior
0.0418359035466953,0.23853476147663907,1,interior
0.0419412266721596,0.246942628348282,1,interior
0.03996948264067479,0.2507537713524444,1,interior
0.06591019430404939,0.3022513032480829,1,interior
0.08574977480722516,0.33269376042512694,1,interior
0.16409768357368987,0.35726398771675527,1,boundary
0.08715114347279056,0.3368146908351688,1,interior
0.07119303406462314,0.30502921245516174,1,interior
0.1386399039823793,0.3641581801944751,1,interior
0.07524927685244862,0.2963738616663662,1,interior
0.07794619114881397,0.32267426756460577,1,interior
0.07291812416877697,0.3131933069175219,1,interior
0.05082013829779734,0.27511116901373683,1,interior
0.05840653376697164,0.2837434138337461,1,interior
0.12182312466811321,0.3589551887523301,1,interior
0.10909329490078447,0.35691230476828056,1,interior
0.0762965460543237,0.3170265545628771,1,interior
0.11853570147676167,0.36019752073897005,1,interior
0.13819883867174879,0.3656558070794647,1,interior
0.06037752285367579,0.19230917503722283,1,interior
0.06653877924096327,0.29538614343711034,1,interior
0.09739876805230575,0.3404872632392802,1,interior
0.12576284385199318,0.36413050380674383,1,interior
0.08436150800821134,0.33381939156032386,1,interior
0.08461809328746143,0.33136487295564643,1,interior
0.06424295026053659,0.2969708512074181,1,interior
0.0496625897997815,0.2670803777337843,1,interior
0.05249904709337787,0.27900949865715546,1,interior
0.039883002415828046,0.24897122149543424,1,interior
0.038235816768357495,0.2513675441976058,1,interior
0.07288480742327277,0.3149841730242179,1,interior
0.04330956824338824,0.2390132867125939,1,interior
0.15870067046258282,0.3605639573652158,1,interior
0.041752907354321446,0.23697674020690218,1,boundary
0.04150583778439654,0.24540769857242054,1,interior
0.06275552724986079,0.28645526375719144,1,interior
0.03981125577896875,0.2532590430524973,1,interior
0.15719574870851472,0.36147694146102455,1,interior
0.1137856554685302,0.3586849720476481,1,interior
0.04501796549101674,0.26160457603524834,1,interior
0.07646974218227823,0.32423605031108554,1,interior
0.06663873805262448,0.29370962074054324,1,interior
0.06940228501076758,0.3045220853892656,1,interior
0.0545621490054229,0.28536637192939013,1,interior
0.08338760169830714,0.3325009783206624,1,interior
0.12492972788772362,0.36601971049359394,1,interior
0.11590775730986498,0.3584314274498216,1,interior
0.04034191028863093,0.24750059835993146,1,interior
0.1129623850648425,0.3600538404885278,1,interior
0.04299805009712826,0.2626242200937018,1,interior
0.06791364044170504,0.29608200458382616,1,interior
0.09820918398198925,0.3508407964858478,1,interior
0.10753596227449322,0.3570995385083706,1,interior
0.0684298137633238,0.29861103679190043,1,interior
0.07078646249745539,0.31397205397503225,1,interior
0.12841126191202534,0.35856002261204395,1,interior
0.165028703074172,0.36268925522965617,1,interior
0.15884590385611447,0.36314627615108785,1,interior
0.06957188177997659,0.3067212346743565,1,interior
0.038285810315620235,0.24923816638108676,1,interior
0.07826604652358574,0.32444282256243967,1,interior
0.1546789162375865,0.3615368637073619,1,interior
0.11566676337387602,0.36005647817843706,1,interior
0.13467208214395643,0.36520978106581653,1,interior
0.09021094766615928,0.3400226562686696,1,interior
0.08209811141294168,0.33442256088772293,1,interior
0.07477644351382103,0.3177286055392505,1,interior
0.13875540149759072,0.36146230234373955,1,interior
0.06844395911141449,0.3143675503795761,1,interior
0.04168976044523892,0.256901233653659,1,interior
0.09593638866228649,0.3515304235605744,1,interior
0.11114160811574725,0.3569409418256428,1,interior
0.09275476790355032,0.3429490180303791,1,interior
0.12662057452635508,0.36645081444749517,1,interior
0.08927951230392907,0.33815997376042484,1,interior
0.1504386951190107,0.3601623434907213,1,interior
0.04496323944578904,0.25750913370212036,1,interior
0.14397733654567035,0.3622814534858082,1,interior
0.07548381696918426,0.31944118450058706,1,interior
0.10090828996269438,0.3554269308625659,1,interior
0.07949686986758775,0.32561056891995316,1,interior
0.12970790881274055,0.3546024978306746,1,interior
0.08477251808829364,0.3358839082897134,1,interior
0.09566138748142887,0.3497326623450528,1,interior
0.1283905244831932,0.3625319447721467,1,interior
0.0430049014662153,0.2548899060762414,1,interior
0.09620052414159533,0.3453764000365681,1,interior
0.06634550277810086,0.29932574144840085,1,interior
0.0980857642816923,0.35307219847823024,1,interior
0.07817169125231968,0.31678719352225676,1,interior
0.06678197802157147,0.2977791539026619,1,interior
0.11462452011699974,0.36134842899375225,1,interior
0.09998848215791509,0.3531807259194925,1,interior
0.1401562502699076,0.36326624689309195,1,interior
0.08062465249921302,0.3280207953478604,1,interior
0.07397042306730257,0.3255325288682179,1,interior
0.06403790397013331,0.3020505703811742,1,interior
0.03828937827904301,0.2531232742648629,1,interior
0.04500403663151449,0.2469527457933005,1,interior
0.0940784572078998,0.3452031123662616,1,interior
0.04001856803513925,0.2548376277967249,1,interior
0.09411067711658681,0.34873614705789785,1,interior
0.136463262162399,0.3658288420948672,1,interior
0.14900139232520662,0.36147231213742553,1,interior
0.0679721686348571,0.3051921164152734,1,interior
0.04006985891540638,0.2443614847476059,1,interior
0.16053833724019584,0.3633881599764008,1,interior
0.11677072501942931,0.36249836678653696,1,interior
0.1328866473363329,0.36557503711822087,1,interior
0.12694900850960916,0.36306834474920086,1,interior
0.07390163327043252,0.3204287595433841,1,interior
0.06526009557781022,0.29444798088122043,1,interior
0.15629145533678265,0.36347594429325353,1,interior
0.0918268610104288,0.3406489871501644,1,interior
0.06382426779125379,0.29076135876293485,1,interior
0.12754299628548768,0.36019925309494744,1,interior
0.1487049642421171,0.363633062838963,1,interior
0.05035651234591257,0.2807454017473185,1,interior
0.12106926142804399,0.36180182016710033,1,interior
0.13794335847824776,0.3678200092794967,1,interior
0.03622654546421945,0.24920084763673792,1,interior
0.13850728882438237,0.35970689953623514,1,interior
0.09231148333334661,0.3480771315498488,1,interior
0.06722432853701564,0.3008758791257954,1,interior
0.13256544025930964,0.36720789580749563,1,interior
0.11140388773315213,0.36049335501769597,1,interior
0.041575772554110706,0.24842349833776184,1,interior
0.09406617645513843,0.3514401851666739,1,interior
0.07916213482921165,0.328586707374562,1,interior
0.09762678633194394,0.3548105424963492,1,interior
0.1353997398354277,0.36757131290863043,1,interior
0.03708963703535207,0.25494409155592834,1,interior
0.06260599552832363,0.2926177693685521,1,interior
0.08863200957112337,0.3401240232161038,1,interior
0.14278892343828584,0.3635168815155715,1,interior
0.14124804575334915,0.364533239456605,1,interior
0.16043991089401868,0.36160323561904284,1,interior
0.051808979269508226,0.28614139106695846,1,interior
0.037277362640016715,0.25654019616886964,1,interior
0.04418251858109983,0.2728671404989171,1,interior
0.1256228367692338,0.3568754153335081,1,interior
0.035330529168395325,0.2540870092329253,1,interior
0.12338140080184096,0.35920867445042115,1,interior
0.08602269570314547,0.33818182234702465,1,interior
0.08354263279713277,0.32992080276735497,1,interior
0.0384610411111842,0.25840022599329754,1,interior
0.13305407550088935,0.36944416529147295,1,interior
0.09527440972287386,0.3403531324185701,1,interior
0.043462803740547735,0.2570970613761179,1,interior
0.057825100403268104,0.28602374334996783,1,interior
0.06169616609044649,0.287907785139211,1,interior
0.07424609798140869,0.32364572233231365,1,interior
0.13008610095863063,0.36162181623977013,1,interior
0.060174729542465215,0.2881300865403329,1,interior
0.043004252251720124,0.26952139825972754,1,interior
0.16491262975291784,0.36092264119672285,1,boundary
0.04201482316963217,0.2590055777819093,1,interior
0.1279485477888025,0.3690497854610336,1,interior
0.0914975901428327,0.34650172240407556,1,interior
0.14032393237897767,0.3661479006036518,1,interior
0.0396339089341089,0.25652365987161657,1,interior
0.08444331076414612,0.3374516545106201,1,interior
0.1101747612403442,0.35896711503295725,1,interior
0.11218224846536134,0.3581726666118743,1,interior
0.036657842508936805,0.24657893000191752,1,boundary
0.04609713439719871,0.2723188765961942,1,interior
0.08326058288541656,0.33614537004719997,1,interior
0.06167110283792501,0.28956529703374095,1,interior
0.04546470657125145,0.26360859251035573,1,interior
0.049475006513142926,0.27591677294664957,1,interior
0.1633634627310421,0.3639828228066092,1,interior
0.15128083564601488,0.3628085361057138,1,interior
0.056090524875339866,0.2803055314435152,1,interior
0.05470578833510066,0.2820952434945863,1,interior
0.036097696299173476,0.2514640111759407,1,interior
0.07546656499957384,0.32600427724681835,1,interior
0.044114948063254236,0.23378937445255746,1,boundary
0.05622032922986866,0.28579713623268144,1,interior
0.10138798600231805,0.3581915631179765,1,interior
0.06996604914297613,0.31181378539369925,1,interior
0.07459512104719093,0.3159899258694532,1,interior
0.06512858409003364,0.2896541210844049,1,interior
0.06861638820369897,0.31012697720908616,1,interior
0.057423205981167666,0.18718921868654084,1,boundary
0.10794129897907713,0.35550974833594096,1,interior
0.0762151549472297,0.3286946302356065,1,interior
0.12885164154017684,0.36659352864909256,1,interior
0.09554292557564473,0.35379959714508846,1,interior
0.04048328695341679,0.26390475399938473,1,interior
0.04161047180349584,0.2663033486823088,1,interior
0.04402668627004985,0.264471050772691,1,interior
0.15291127660494105,0.36333977792361666,1,interior
0.06274257272985646,0.29502879652657044,1,interior
0.08180483363751281,0.33162844640163286,1,interior
0.12870655340464499,0.36417282506636534,1,interior
0.042028196351898056,0.26117816537262006,1,interior
0.15402627118222928,0.3650543786102459,1,interior
0.13126303242514023,0.36613149844559,1,interior
0.044367045420026535,0.27129566455813103,1,interior
0.04028112510415812,0.2619759330671184,1,interior
0.14442854159400587,0.3644589605607028,1,interior
0.07714577474137511,0.32689191683747915,1,interior
0.0427877835892004,0.23511680743324487,1,boundary
0.04592628671383127,0.2652401338246482,1,interior
0.03449702369639921,0.2572812734447818,1,interior
0.03916237911961515,0.26631297090725164,1,interior
0.0643998534581087,0.29931546509657253,1,interior
0.0654909555684306,0.3142697098674816,1,interior
0.10256658049016537,0.35514880687912476,1,interior
0.05027595028478811,0.28506935828662655,1,interior
0.07302689283540292,0.3185606172176704,1,interior
0.058473710769162156,0.28987155785792756,1,interior
0.10525101580616425,0.35652538193405636,1,interior
0.13003389665423717,0.36336660941499727,1,interior
0.08885607076177503,0.3419496788046113,1,interior
0.0436650200040856,0.2659682427188701,1,interior
0.06764001033203172,0.31224860625976203,1,interior
0.10442318945696638,0.35421774320657806,1,interior
0.03798513558031725,0.26238468146308386,1,interior
0.06235949736116198,0.30430590009651703,1,interior
0.11846799672947375,0.36437515699561174,1,interior
0.16149144320288272,0.36500270081203584,1,interior
0.08390960299908228,0.327895873078389,1,interior
0.15548662543239022,0.36654335318128356,1,interior
0.10242447342683982,0.35682889551691527,1,interior
0.06421286840199968,0.30473797942201364,1,interior
0.09979876805655767,0.35755602717521473,1,interior
0.1531092294712461,0.36127468516931244,1,interior
0.07173081924297996,0.32754779599713635,1,interior
0.12444254838567087,0.36845062019224184,1,interior
0.08431160174951172,0.34000380541645947,1,interior
0.11946567264978714,0.36171455166001804,1,interior
0.0872051546582405,0.3427598650426107,1,interior
0.04457636705413474,0.2672535558726709,1,interior
0.09945786025990853,0.3547824665540567,1,interior
0.12624521827114404,0.36839529223747725,1,interior
0.08633587481085131,0.341288151715654,1,interior
0.06548890377742059,0.28815885740962904,1,interior
0.042226957666341436,0.26436614222871885,1,interior
0.040118529181230364,0.25915307965996526,1,interior
0.0377867679813487,0.2606555613257212,1,interior
0.07803981861525713,0.3305551689123179,1,interior
0.10631431850019137,0.3546866257068989,1,interior
0.04230723855481907,0.2679732701473631,1,interior
0.06988301734845885,0.32726461230097664,1,interior
0.15133051963795655,0.3656313390537716,1,interior
0.15516372086135916,0.35999438148186574,1,interior
0.08106216594566389,0.33312907829374666,1,interior
0.06152407404710061,0.30260518581188417,1,interior
0.06608432964831204,0.3108154914578898,1,interior
0.08199496816610832,0.33811681336117144,1,interior
0.15388200885584544,0.3676045382333065,1,interior
0.12107143975476256,0.3633308007472502,1,interior
0.09819945098413055,0.35674317736273725,1,interior
0.09135447930580187,0.3445970079422464,1,interior
0.08037252893041713,0.33615698357607254,1,interior
0.04363587706638029,0.2601456916726217,1,interior
0.11665733734811162,0.36540960042228393,1,interior
0.10945074102554402,0.3603987586881326,1,interior
0.06681970605536307,0.3135292049508859,1,interior
0.06092752184776243,0.29116782623083826,1,interior
0.11237900072902238,0.36292206727722204,1,interior
0.12238906307788257,0.36046988039774736,1,interior
0.14168330307730365,0.36728658739096964,1,interior
0.07267721277549212,0.3237305148260421,1,interior
0.061503346495845775,0.29611696092141737,1,interior
0.1236945703037184,0.36396437481447247,1,interior
0.16311818719563242,0.36653439662145976,1,interior
0.0680760369874162,0.3074469892660773,1,interior
0.06948478919676992,0.3292275270775587,1,interior
0.1114531856934137,0.36497407187190545,1,interior
0.10409836535750888,0.3580377500036817,1,interior
0.09058572853396137,0.34200443423881627,1,interior
0.1230478703334482,0.3655169780814807,1,interior
0.03607091548233355,0.25753562223581233,1,interior
0.037689957363892294,0.2454302973062965,1,boundary
0.0707622367546997,0.3251525834266766,1,interior
0.038375996629074455,0.2642784403429309,1,interior
0.045892155493723934,0.2751717794340147,1,interior
0.11705150385793088,0.3608897119102284,1,interior
0.03565411800069243,0.25916900603108073,1,interior
0.12432278759113535,0.3622310464762612,1,interior
0.143854773582762,0.3662815774692837,1,interior
0.05245271027982539,0.2688236273041491,1,interior
0.08019252684677612,0.3310040389661974,1,interior
0.13965261721325034,0.3544421935910908,1,interior
0.05424715323866875,0.2837658047755232,1,interior
0.1652581552731136,0.36527596184521,1,interior
0.07230923151788647,0.3214477669773821,1,interior
0.1192039279812967,0.36629504210448327,1,interior
0.07155552654699372,0.30975537593102137,1,interior
0.05052814139183237,0.27820792513954273,1,interior
0.098495402862691,0.35974733133767706,1,interior
0.12253261178177022,0.36272076096740846,1,interior
0.15632727675640054,0.3688516931712102,1,interior
0.06775412901826178,0.32742449805505686,1,interior
0.08203952315505207,0.32906079749678135,1,interior
0.12587370632454828,0.37010348280372646,1,interior
0.07273168089171717,0.3048888938669152,1,interior
0.1164616942766897,0.3670160199052184,1,interior
0.03228635998895735,0.2590153903494399,1,interior
0.13924860381002216,0.3688652461877451,1,interior
0.15706198162362842,0.366232762974312,1,interior
0.05298625394245998,0.2874363985393356,1,interior
0.14825135237380144,0.36525732997282767,1,interior
0.06869545915025625,0.33127839938151,1,interior
0.06448478989927997,0.3071238099604227,1,interior
0.06642968798734086,0.30484474028534353,1,interior
0.06453077762067455,0.31549616756710713,1,interior
0.15835923486868875,0.365156140756186,1,interior
0.10865134092404143,0.3588571802174253,1,interior
0.05184109795466722,0.28324097810170784,1,interior
0.08859619470444968,0.344690411280969,1,interior
0.10611613070194763,0.35785200904856884,1,interior
0.12472670923053245,0.3601082789225319,1,interior
0.06596028996092063,0.3066273522183562,1,interior
0.09032976776519293,0.347501339657983,1,interior
0.038327272554317685,0.2684879108762521,1,interior
0.09687062163402345,0.3580237526299677,1,interior
0.16163001510925906,0.36773275741245526,1,interior
0.10553669192922828,0.3594517390975295,1,interior
0.039340105425618825,0.23987835343706507,1,boundary
0.10435499289757134,0.3620765740926797,1,interior
0.10001148810443326,0.35997373555301176,1,interior
0.11438174853707576,0.36394662064736855,1,interior
0.1225445083075355,0.367411038532724,1,interior
0.030852425814430328,0.2584112734424225,1,boundary
0.06736136186040691,0.30917364430544536,1,interior
0.13002619764245163,0.365109782462609,1,interior
0.11380786788790302,0.36597420034984124,1,interior
0.09403808437466027,0.3471573884418374,1,interior
0.12125462574380777,0.36537049574984987,1,interior
0.11492634095120406,0.36784546898770737,1,interior
0.1012714777704275,0.3613954371743313,1,interior
0.15991017950843248,0.3675993935265485,1,interior
0.0331794045272237,0.2538014120781276,1,boundary
0.1589569924869394,0.3688370227849585,1,interior
0.1167673474271321,0.36890989760826415,1,interior
0.03517202964127912,0.26078318423721186,1,interior
0.0596293675263713,0.304457632712858,1,interior
0.0469043314349619,0.27679528705119855,1,interior
0.08953505677833205,0.3434625263734194,1,interior
0.12003749657072976,0.3685419841748447,1,interior
0.053026173585646624,0.2814465319796047,1,interior
0.06133071824882042,0.30024108784102765,1,interior
0.07234928188132059,0.3259693573887859,1,interior
0.14681969643114023,0.3643777751525866,1,interior
0.09475162015470566,0.35517693798817496,1,interior
0.036720861788613515,0.2533252725418582,1,interior
0.031128309119368137,0.2600020980843078,1,interior
0.07462241732935067,0.32776018266181534,1,interior
0.07390805756979262,0.3221571310227889,1,interior
0.14228896747698075,0.36584995798905295,1,interior
0.06583978004822487,0.3090283996793953,1,interior
0.0591075803718409,0.30100080142709,1,interior
0.06941297505352798,0.31576599898428276,1,interior
0.11713284054492668,0.3705800093215484,1,interior
0.0671823962205642,0.3154400468902321,1,interior
0.07070465634956524,0.3329879463218155,1,interior
0.06040800045845523,0.29364593116757853,1,interior
0.10772938136830823,0.3608146274224129,1,interior
0.036551320310121815,0.2615797967138738,1,interior
0.08328213557984104,0.32319628611126383,1,interior
0.11838467954923716,0.3691582768485654,1,interior
0.05904533669932235,0.29281370248098476,1,interior
0.07886685040124429,0.3191180695352493,1,interior
0.06007752005750429,0.3062663031002064,1,interior
0.10577853497544772,0.36095355921265176,1,interior
0.0965137639110537,0.3563992217887939,1,interior
0.07089558188166972,0.3352575627111848,1,interior
0.0320563543334786,0.25725109179788724,1,boundary
0.05859621327248655,0.2877876353682131,1,interior
0.1611139414094954,0.36945201674894806,1,interior
0.06774722620697662,0.325844243078282,1,interior
0.07991020102435038,0.33434331812043644,1,interior
0.1596068680694501,0.3708279738681119,1,interior
0.07248516859701329,0.329239602186435,1,interior
0.05871642934705041,0.29499184816873586,1,interior
0.15706914320951776,0.37103906486463517,1,interior
0.0487118831285529,0.2744334900737979,1,interior
0.12182659307102581,0.3688909501020417,1,interior
0.0654989265831302,0.30071371679364833,1,interior
0.0927941014501843,0.3499308611807281,1,interior
0.12066382548863172,0.37016368823123674,1,interior
0.06247338321244045,0.31579563195960475,1,interior
0.04871700743591897,0.28288400014624115,1,interior
0.06820937419865179,0.31672769586482286,1,interior
0.1520248609213068,0.36008596508140317,1,interior
0.1150165556130389,0.37208822927053453,1,interior
0.048391310752138914,0.28577958621896626,1,interior
0.032399336743390995,0.26130970401472436,1,interior
0.040067132609994234,0.2688138515400492,1,interior
0.06183653532881851,0.3070055963175238,1,interior
0.07482743013217684,0.3297193701787983,1,interior
0.07233968050518788,0.33287701200760295,1,interior
0.04910751621537482,0.27739253999909236,1,interior
0.07162617178391413,0.31940723395032294,1,interior
0.10980161879953565,0.3635008003763629,1,interior
0.03217106616661783,0.25518002871855955,1,boundary
0.05672093751182274,0.29303795490049256,1,interior
0.10888305646553928,0.3651717117082515,1,interior
0.12383424991059036,0.36988985005860925,1,interior
0.12066743588288784,0.3667719713158612,1,interior
0.057819569509927164,0.30738915407772543,1,interior
0.04945424564546003,0.2794780389177257,1,interior
0.15839388601625112,0.36726279857714167,1,interior
0.09935724624101552,0.36195399930356964,1,interior
0.08488481878466,0.34182963800574356,1,interior
0.053035108922344754,0.2903198192035441,1,interior
0.09508076047157463,0.35873153217967907,1,interior
0.12853559073953164,0.37102098629130426,1,interior
0.06374272749614751,0.30937824874633707,1,interior
0.07333856526790894,0.3364655325106145,1,interior
0.09327800866759192,0.35354048891696493,1,interior
0.034742655700354695,0.2523001781316534,1,interior
0.04814317897428233,0.28048990540959745,1,interior
0.07140962978245026,0.3307243053823114,1,interior
0.07031564500987422,0.3183173316915035,1,interior
0.033875836542501786,0.25551973027772495,1,interior
0.08627373630202666,0.3441136061951852,1,interior
0.07309786921806538,0.33075138958273814,1,interior
0.10888796901515244,0.36226336151184907,1,interior
0.057602554458924586,0.3055482595177412,1,interior
0.03730084064255745,0.27106429969517454,1,interior
0.034925125138002784,0.25037811756296174,1,boundary
0.06394583514432027,0.31262811599409046,1,interior
0.09707815246461157,0.36214058656605413,1,interior
0.07341643098671317,0.3340011950069159,1,interior
0.09123831881192555,0.35127477282815794,1,interior
0.07039809887406769,0.3215134226908756,1,interior
0.06856355600951858,0.3221469704481835,1,interior
0.06414096125014843,0.31792211430178896,1,interior
0.034847952473051134,0.26347324170564107,1,interior
0.071628148182149,0.3161320275783251,1,interior
0.050178665374454964,0.29094139803355934,1,interior
0.046179068775292854,0.28036660021825927,1,interior
0.15014891151898027,0.3646289981030279,1,interior
0.06238307647318558,0.2975077758823813,1,interior
0.05996422079137568,0.29589230915393777,1,interior
0.08854919574535405,0.34700760398967173,1,interior
0.0933826001224746,0.35723677448226304,1,interior
0.08280927323864319,0.3425537828576201,1,interior
0.11163319545114385,0.36757694432130944,1,interior
0.05592375476219323,0.1893996494933557,1,boundary
0.1078261260255065,0.36340044392982046,1,interior
0.09654753209136524,0.35959910550760765,1,interior
0.06654177342565669,0.32990429668656573,1,interior
0.04563753423062106,0.28585963107146095,1,interior
0.06284008618173098,0.2994190589674217,1,interior
0.06182196771081442,0.31415501180929023,1,interior
0.07541848952685641,0.33808832700627073,1,interior
0.07707111693297268,0.3319036991277346,1,interior
0.08458255539407182,0.3443607258883023,1,interior
0.03104882045759702,0.2633047318375313,1,interior
0.10463960217109611,0.36428476662188153,1,interior
0.0369209284173226,0.26582224894318374,1,interior
0.12660075910619092,0.3721984031596896,1,interior
0.03668685187826663,0.2636934374396622,1,interior
0.1025241853523358,0.3604843183665733,1,interior
0.12317738642412683,0.37150135835303827,1,interior
0.0355429206978369,0.25580718825656584,1,interior
0.1025713772022425,0.36246042224899977,1,interior
0.06923601904778173,0.3239911542064419,1,interior
0.11454156467718635,0.3694031559095303,1,interior
0.10955644005683791,0.36695534748933173,1,interior
0.09010515330557238,0.34554972330780975,1,interior
0.09582084807650394,0.36106137405073657,1,interior
0.15974437125796337,0.37288856845868296,1,interior
0.16011549775060904,0.3656985438824834,1,interior
0.060884225316485664,0.29811816369542893,1,interior
0.1410135072554317,0.36872895529626,1,interior
0.0293230134274942,0.2593491215481308,1,boundary
0.04595552529863844,0.27835291540078616,1,interior
0.0634003338545492,0.3144186555129607,1,interior
0.12758429334787807,0.3652598072960579,1,interior
0.14860632354493022,0.36676223579467654,1,interior
0.08653449505149005,0.33969139251942754,1,interior
0.0587184030759034,0.29907222823014534,1,interior
0.0761897158588282,0.3304307281972497,1,interior
0.057577215522003136,0.29657653414351387,1,interior
0.07483031755461295,0.332564213238754,1,interior
0.059049390900388875,0.2971067260326568,1,interior
0.061547470162173414,0.311132024366901,1,interior
0.06504538098711837,0.3263925342713598,1,interior
0.04094993833112757,0.2519798172421035,1,interior
0.03408262244112762,0.25957262124524155,1,interior
0.03658333566587682,0.26741559112791596,1,interior
0.0656516940763778,0.31749288255169417,1,interior
0.062101678955673215,0.30851177650617573,1,interior
0.046851454119087754,0.28462794604916575,1,interior
0.13040440876098172,0.36756782578827013,1,interior
0.11302625464198933,0.3708564970953873,1,interior
0.04061000937039061,0.2711581019947865,1,interior
0.06871890894889725,0.3198007528840182,1,interior
0.0666627430319559,0.322623698835252,1,interior
0.04924906989365524,0.2872433703381398,1,interior
0.14554594435660465,0.3660517870577878,1,interior
0.059361104874066956,0.30931136514816704,1,interior
0.029477965682280814,0.26212065748542673,1,interior
0.093736599106737,0.3598594141218366,1,interior
0.0575935059160701,0.3038350965818952,1,interior
0.03874754120353099,0.2732256979428314,1,interior
0.08339123947952297,0.34546705957945006,1,interior
0.1517885976340993,0.3671462844090089,1,interior
0.06570661668884151,0.31246395866817506,1,interior
0.06731200376393653,0.3186627268734284,1,interior
0.04420258587576226,0.2776218664072837,1,interior
0.028264743077688774,0.2608818675753206,1,boundary
0.10381804016003414,0.3595817028746713,1,interior
0.13549710943174517,0.3695815221665921,1,interior
0.07125406007190285,0.3227772632238419,1,interior
0.04281046077621822,0.27115099777129376,1,interior
0.056574498758688314,0.2993506414680409,1,interior
0.048026807225054,0.27856391985853546,1,interior
0.10795879766770136,0.3684479281460333,1,interior
0.08919432466138479,0.3508680630653519,1,interior
0.12591410023221364,0.37427132802313007,1,interior
0.0510722027837261,0.28791168135467027,1,interior
0.05999811337407938,0.3025364792768929,1,interior
0.03479345718190292,0.2653017422460905,1,interior
0.16615159346698388,0.36375142921323284,1,boundary
0.12316305934357674,0.37308733636114616,1,interior
0.06381813901999155,0.31097143852199705,1,interior
0.04698820892488413,0.28824772483201255,1,interior
0.1359314680595675,0.37144164063777085,1,interior
0.06286725890463027,0.30105995229269256,1,interior
0.04447607847322467,0.28098667290024804,1,interior
0.03567852622772004,0.2698250103051694,1,interior
0.08694179497434612,0.350697220206877,1,interior
0.05719367196202037,0.29080008157402204,1,interior
0.05292910190833583,0.2849805769689765,1,interior
0.04213352490822772,0.27252641769910996,1,interior
0.09088449768655188,0.3562345067744386,1,interior
0.09018051492978461,0.34908872860109014,1,interior
0.09138643995310239,0.358805494823409,1,interior
0.08950669018156046,0.3528296636344375,1,interior
0.08647135758657733,0.34663930327105363,1,interior
0.027025723007379283,0.26246133528427085,1,boundary
0.07939118400928372,0.3381202190443441,1,interior
0.1544131916306716,0.3696637348783688,1,interior
0.12890118245857624,0.37350988558325754,1,interior
0.06604206433334806,0.3279251631704114,1,interior
0.07849857242572164,0.3329652179061434,1,interior
0.10681342109856498,0.36538692942156054,1,interior
0.11906150339292548,0.3709172921828989,1,interior
0.04417630477327606,0.274721266348673,1,interior
0.10628890921444994,0.3638848615573374,1,interior
0.05696581728555108,0.2886374675757746,1,interior
0.028913271902319893,0.26390423734107515,1,interior
0.0656002102981808,0.32055476427954416,1,interior
0.1305317353973041,0.3692664301880748,1,interior
0.12720800916612246,0.3751132883513941,1,interior
0.08966847740272307,0.35939375964675613,1,interior
0.03268529592873829,0.26723769090262495,1,interior
0.07819830457382913,0.33462603109141725,1,interior
0.04927167622317702,0.28909895592073936,1,interior
0.08920768003517342,0.35781854820107745,1,interior
0.033045476756242524,0.2651857454785362,1,interior
0.09123056018672641,0.3544975447854083,1,interior
0.05582823977953189,0.30583067925609586,1,interior
0.04717603459964927,0.28265478017276513,1,interior
0.05954854188364218,0.3077362965732261,1,interior
0.0593082642447391,0.2911560446766248,1,interior
0.05553872990969167,0.28765863767878846,1,interior
0.06277662791878566,0.3200647831726621,1,interior
0.06732122187053913,0.32114209544677963,1,interior
0.038144617939936315,0.24208629864602696,1,boundary
0.14086749070064852,0.37072015893105803,1,interior
0.1504124943214182,0.3679310328560649,1,interior
0.1293611960810828,0.3753164177483381,1,interior
0.10934801133643439,0.36936822737889535,1,interior
0.07522777670198363,0.33550509857121374,1,interior
0.11290818092439524,0.3643838010028911,1,interior
0.1249423307725665,0.37183703326987316,1,interior
0.16705373433187112,0.36498955442626124,1,boundary
0.1489214513319309,0.3687252328085721,1,interior
0.07852041161764463,0.3398553638063621,1,interior
0.11885146900139888,0.3735949554796195,1,interior
0.04236139126754225,0.2780538717969429,1,interior
0.08224126219556736,0.3397833158272983,1,interior
0.08368778181066494,0.348074576605815,1,interior
0.1207428260701916,0.3724561410478544,1,interior
0.1469913440937365,0.36744584136096775,1,interior
0.11801363649303535,0.36751507533199435,1,interior
0.02590996947258975,0.26450883567127387,1,interior
0.05546400820255085,0.3016075675120905,1,interior
0.038973131708334156,0.2711998557261653,1,interior
0.06327921949694745,0.32674733910821774,1,interior
0.1248661699010196,0.37699117413925676,1,interior
0.07674630905040693,0.33522215573766245,1,interior
0.05417624838191976,0.28895457733029034,1,interior
0.11286925281967887,0.3687862247442135,1,interior
0.14376245359063222,0.3700031993295558,1,interior
0.11720019079952189,0.37211598763105225,1,interior
0.06576587535843201,0.3316838879896999,1,interior
0.06199195032945691,0.317527673577358,1,interior
0.07776057669804042,0.33785861329132544,1,interior
0.05600675508971552,0.2945969570754305,1,interior
0.15819029318451805,0.3729652638869273,1,interior
0.04375624574293514,0.28523581927794855,1,interior
0.0914918058981164,0.3605014085053328,1,interior
0.164867615697553,0.3684957020483738,1,interior
0.13036593932670973,0.371483622739071,1,interior
0.06110274542607906,0.3197983878093429,1,interior
0.04415338620799144,0.28310852836020406,1,interior
0.06345959556430657,0.3244731279379922,1,interior
0.07652455481354575,0.33361724753747307,1,interior
0.04159462376539849,0.28111688927913514,1,interior
0.05572798862027425,0.29627273505478435,1,interior
0.053878567709980965,0.29456111246565375,1,interior
0.034301668334775735,0.26787009015506913,1,interior
0.05503265058371763,0.29782500276740875,1,interior
0.05217820432768387,0.28901937200919586,1,interior
0.06664231294298191,0.3243142793116763,1,interior
0.16733441762832382,0.3673661577993404,1,boundary
0.13842735556257818,0.37023249575088724,1,interior
0.15559925142067388,0.3723675821751461,1,interior
0.08157462698845559,0.3462611003870632,1,interior
0.07298193041230064,0.33820465282379286,1,interior
0.14444372038410136,0.3677189144006718,1,interior
0.05460623446033823,0.29077530782658234,1,interior
0.04364025270847036,0.27920180779560483,1,interior
0.11122275799869356,0.36943808262325323,1,interior
0.14636525852714288,0.36918987590221003,1,interior
0.08118843077546194,0.34249181730501815,1,interior
0.14953802618548992,0.37151886542046303,1,interior
0.06854916147399714,0.33362744530387195,1,interior
0.06952718209254558,0.3377818969632114,1,interior
0.13723222676199942,0.36924931158857704,1,interior
0.1553090524903922,0.3745459375050354,1,interior
0.13395159217525854,0.37127682250548055,1,interior
0.03605580082978559,0.27198088223970934,1,interior
0.05501741624578217,0.30012635796202625,1,interior
0.05025263409697183,0.28338364962675583,1,interior
0.056913255563905155,0.301122726031904,1,interior
0.06045409453213767,0.31736734520790527,1,interior
0.0689343705811202,0.3354524344188148,1,interior
0.06205545969643078,0.31263954451992737,1,interior
0.09251983839746561,0.3558439265861183,1,interior
0.08792627394147742,0.34912383905398736,1,interior
0.1628224064849542,0.368872816553055,1,interior
0.038976466679035544,0.2814553538603109,1,interior
0.1231711329499254,0.3750218922618396,1,interior
0.127366948445551,0.37687769701799334,1,interior
0.08480102894145883,0.34603934629018407,1,interior
0.161819565788305,0.37156930892934714,1,interior
0.07600034651941169,0.3407379610269569,1,interior
0.11617274214578871,0.3746053639532114,1,interior
0.07831008553951072,0.3363381518944553,1,interior
0.06775084930721467,0.3289784224440203,1,interior
0.15231485668385478,0.3687001670481672,1,interior
0.03070736644057279,0.26493911256388525,1,interior
0.0657305220332918,0.3347463841573521,1,interior
0.09480803807809254,0.3567104906378705,1,interior
0.023809299673243457,0.2654450347442002,1,boundary
0.07420503039554932,0.3401682387031391,1,interior
0.10518035300090461,0.3662120839654517,1,interior
0.15115919895325797,0.370194474441975,1,interior
0.06088689306195788,0.30946766479947985,1,interior
0.05492987880145215,0.2924931167014899,1,interior
0.04058397815958829,0.27985083043860903,1,interior
0.14271746759194723,0.36885228879886883,1,interior
0.16583857368608218,0.3667485648606497,1,interior
0.0855243832225863,0.3480188459049514,1,interior
0.05317266509962738,0.2762523524120408,1,interior
0.1071287379955099,0.359259095768719,1,interior
0.03314391689136736,0.2633396197625047,1,interior
0.11965832233011686,0.37620402191165414,1,interior
0.1528796566998078,0.3731074093119712,1,interior
0.041799366130738556,0.2741511703614983,1,interior
0.04283402917204225,0.2764209901992682,1,interior
0.03200479352708198,0.2695735441310048,1,interior
0.0873957265819572,0.35257626082443466,1,interior
0.14753589325307406,0.37050208695571374,1,interior
0.0814582031780361,0.34419798836686355,1,interior
0.1034763920557321,0.36588625064537567,1,interior
0.13091394365423475,0.3729280407656234,1,interior
0.09437315061055762,0.3622785107089717,1,interior
0.024423470394620134,0.2668718704323425,1,interior
0.07952078316689745,0.34421417005411126,1,interior
0.08173956912666193,0.3489738898980277,1,interior
0.06382653416309193,0.32879858451754185,1,interior
0.053139206148993146,0.2927264149310224,1,interior
0.12084080181528162,0.37473871966210703,1,interior
0.06484631684564005,0.3223924456467392,1,interior
0.05872048705588614,0.31223915805717917,1,interior
0.06372490306031581,0.33151333200745114,1,interior
0.16029450177751903,0.3745854532288625,1,interior
0.12542628111186346,0.3798310932453542,1,interior
0.0380073988198836,0.2788736899151468,1,interior
0.15126718975726217,0.3723349038111815,1,interior
0.034016211790650876,0.26953413918469143,1,interior
0.1576034523153943,0.37466742290422667,1,interior
0.055684702091834355,0.2895409935917248,1,interior
0.05306176816253953,0.3029738488221301,1,interior
0.11353572375886091,0.3730395446250405,1,interior
0.1536024203208515,0.37697636300735426,1,interior
0.13002120864181635,0.3782995088131258,1,interior
0.11088860463056248,0.3623841114038032,1,interior
0.14724655597410724,0.37329136156264303,1,interior
0.05098876589898225,0.30186224499998554,1,interior
0.07959540979808526,0.34196019145540396,1,interior
0.12191772222268762,0.377566251365557,1,interior
0.15269947307526127,0.37097140265390366,1,interior
0.16217792688091257,0.37305604535084586,1,interior
0.08830824459072786,0.3560539650173381,1,interior
0.06087214426066424,0.31553763789391764,1,interior
0.10171800930343163,0.36480231697633353,1,interior
0.043856657678572566,0.28778642414260036,1,interior
0.055854355824903175,0.3031834104385354,1,interior
0.06032844905234943,0.3122154901153632,1,interior
0.11115004427464233,0.3713489164526295,1,interior
0.05831534049923764,0.3024820291527835,1,interior
0.042984275254036385,0.28208666116169107,1,interior
0.04213124213437676,0.2889108555146255,1,interior
0.06728096241635857,0.33209459654064766,1,interior
0.10895053519209986,0.37215038889671714,1,interior
0.08543991704926363,0.3497676261098472,1,interior
0.042004618585228484,0.2912132264682294,1,interior
0.15587071894196666,0.3761720019362702,1,interior
0.03981804810183435,0.2784420015980977,1,interior
0.04462998472013517,0.2923901224342621,1,interior
0.040444225045433706,0.27691024730763764,1,interior
0.11444484915402904,0.3744257314232811,1,interior
0.059756363618097545,0.3137931169020573,1,interior
0.14749368703371354,0.3754807303611205,1,interior
0.06333520671163427,0.3221054445009429,1,interior
0.16652196833907718,0.3696568792054844,1,interior
0.0334750952099117,0.2711815213359029,1,interior
0.09777123542284386,0.36451615229196205,1,interior
0.08362884780635593,0.35133308182291195,1,interior
0.040233031847273164,0.27529239922761833,1,interior
0.10040669316784953,0.36368131705904244,1,interior
0.05150906612935758,0.29261588645935693,1,interior
0.08797338275413423,0.35956634071784727,1,interior
0.061583717809794304,0.3255032404633049,1,interior
0.13768202168009963,0.3729848935517604,1,interior
0.08133943836681524,0.3527302750003809,1,interior
0.03691347407266825,0.28152508613243094,1,interior
0.044267424957541046,0.2892668552984835,1,interior
0.061937475248685835,0.33078448040830805,1,interior
0.05885223224866961,0.31610705639799275,1,interior
0.14317622222543963,0.3715727261842012,1,interior
0.07291905476240072,0.3169403065797615,1,interior
0.026428948839330106,0.26662155738907467,1,interior
0.0304564162127852,0.2680233300414758,1,interior
0.04220161330635089,0.28440716882448,1,interior
0.12179464437271828,0.3790797944371667,1,interior
0.08703610817821085,0.35830181759544394,1,interior
0.15402150531212908,0.37181369139338316,1,interior
0.117270532377293,0.37582800279733286,1,interior
0.14566604479560635,0.37166727795996113,1,interior
0.08048403461532777,0.33983382759236336,1,interior
0.08297701813989175,0.3539784795175538,1,interior
0.12900540451091863,0.37679879103711483,1,interior
0.048355076503336286,0.29076783607355894,1,interior
0.11202174762104336,0.37259822442252255,1,interior
0.16426849397739599,0.3706873784682553,1,interior
0.16802829825733284,0.3702521622042993,1,interior
0.05743854687440282,0.30921356020424645,1,interior
0.12124497832075255,0.3808736661631954,1,interior
0.12898098917546386,0.38101319809242307,1,interior
0.13255922972974718,0.37241295355024323,1,interior
0.13216980542295717,0.374908651103872,1,interior
0.05671402360989195,0.2978352197577372,1,interior
0.04552713515406957,0.2823503083936087,1,interior
0.04558890246737482,0.29013117389789983,1,interior
0.1445984543086586,0.37388540179717533,1,interior
0.08003831072121052,0.3461204139359064,1,interior
0.15269854497213306,0.37470919909311273,1,interior
0.057960572212007754,0.31468032868725404,1,interior
0.05397861064071295,0.29635566671083374,1,interior
0.03722808722766682,0.27520031973302933,1,interior
0.035104181870872254,0.27471448185282876,1,interior
0.08701494158192338,0.3540840206114549,1,interior
0.02458251679742103,0.2637301873145272,1,boundary
0.13386425015578496,0.374148551851405,1,interior
0.11559446689346917,0.3779526524223927,1,interior
0.03629361827410129,0.27366199173897393,1,interior
0.06538624007838995,0.3331943651135966,1,interior
0.08802607382821068,0.36188913964940644,1,interior
0.06727640891920018,0.3347577325228895,1,interior
0.08954155104240935,0.3549748554781671,1,interior
0.07939021740712454,0.34766414016531605,1,interior
0.11651524079393345,0.38067218470851466,1,interior
0.13368292341549057,0.3771275145650148,1,interior
0.04965152330088423,0.2928114248459549,1,interior
0.060197935703889045,0.3235861784596762,1,interior
0.06178726931263834,0.32791038659622235,1,interior
0.11855902626201331,0.37797254963765065,1,interior
0.11479838598789864,0.3795697633995856,1,interior
0.06222073338002476,0.3233891842070576,1,interior
0.11362089098096069,0.37705313766696547,1,interior
0.021951323958331735,0.26757119734610224,1,boundary
0.08946702189965686,0.3626509121345395,1,interior
0.03807294898831915,0.2841943038852992,1,interior
0.13103012904413255,0.3763934675897302,1,interior
0.06509944339899945,0.32416172606068416,1,interior
0.11043272640069154,0.372981667189002,1,interior
0.042044679938977744,0.2868714410320331,1,interior
0.08579765393404554,0.35621454322267737,1,interior
0.07710795210862392,0.33924692033524273,1,interior
0.10244368409865681,0.36832260960892277,1,interior
0.03793675576466909,0.27702408220530617,1,interior
0.056977003591877046,0.3159596163650726,1,interior
0.10308297065033033,0.3639265994173488,1,interior
0.040835791759363894,0.2824834688213382,1,interior
0.07774926721221398,0.34689712578983234,1,interior
0.1669348231037469,0.3723838327639368,1,interior
0.049802388994497876,0.2998860563166431,1,interior
0.13180240553871447,0.3708794301085702,1,interior
0.039658345638325744,0.2852375016109322,1,interior
0.03978665473349494,0.28701348050857045,1,interior
0.118468944436288,0.38093714439717996,1,interior
0.08056648257778157,0.3499621781109043,1,interior
0.03466236179577799,0.27265046430256057,1,interior
0.054180442334784154,0.3041423100686218,1,interior
0.039732086142014386,0.2903524306853065,1,interior
0.12008116369574198,0.377684737938299,1,interior
0.12354192667066186,0.37848703514104787,1,interior
0.053041604343502254,0.2993930179918144,1,interior
0.07719998657990929,0.34886554192853103,1,interior
0.04137218452252848,0.2931781576392552,1,interior
0.12397949374132766,0.3811519858463478,1,interior
0.16396508946723187,0.3734196710700523,1,interior
0.15212142891861544,0.37633340711238134,1,interior
0.03585574104132424,0.276698137330385,1,interior
0.04033613084145957,0.2731214903844992,1,interior
0.03253849826449012,0.27395517559613114,1,interior
0.1622919734035165,0.3761034552431481,1,interior
0.127118414412355,0.38061558624633945,1,interior
0.1505782835527655,0.3738042484243741,1,interior
0.031128222663179654,0.27262946417580525,1,interior
0.11686139742034278,0.37915599328874294,1,interior
0.15037768762044537,0.3753428425182435,1,interior
0.027491684818832275,0.26535595555503244,1,interior
0.07159325371792719,0.337464425033768,1,interior
0.13191186623666504,0.3777028171067298,1,interior
0.06764284204512674,0.3379985681790594,1,interior
0.022379739216514375,0.26932484144301067,1,boundary
0.14896601733325637,0.37469105167436484,1,interior
0.10677988722532913,0.36953528413563874,1,interior
0.040293419007277745,0.2887802053959032,1,interior
0.0964687340899109,0.3662931767849776,1,interior
0.035841967228562865,0.2784038832246895,1,interior
0.10738570077120994,0.367011755455405,1,interior
0.028535781404412274,0.26912411754570087,1,interior
0.12783270298408717,0.3784282239763009,1,interior
0.1354197314109097,0.3768924997507793,1,interior
0.12187030846696628,0.37603038208444944,1,interior
0.059535587664885745,0.3108710910763195,1,interior
0.11246608144784798,0.3812806273780382,1,interior
0.04536586277166156,0.28430312368586835,1,interior
0.07640073954022449,0.3367452247179251,1,interior
0.05182963073677405,0.2950541700821876,1,interior
0.12600097335798213,0.3782426877268456,1,interior
0.07784206789798662,0.34123208117678444,1,interior
0.029458638943263588,0.2707732846511319,1,interior
0.1483009886982706,0.37735807241335273,1,interior
0.05156231960817146,0.2966382408273728,1,interior
0.0454737046481862,0.28772480273849804,1,interior
0.038241984228548694,0.2866215754135286,1,interior
0.0329811367466284,0.27643320629140916,1,interior
0.15964060744398587,0.3760210363922955,1,interior
0.030140104865069208,0.2746538264818105,1,interior
0.034169394190824,0.27872057371672154,1,interior
0.0850508557862836,0.352727287362084,1,interior
0.0601358756975143,0.3264840883311614,1,interior
0.0780788670664363,0.34487613742812856,1,interior
0.06549242614111139,0.33774466845402806,1,interior
0.1194207814063282,0.3792729247728045,1,interior
0.0765481630633785,0.3454008701404248,1,interior
0.038742713928481255,0.2748134040491091,1,interior
0.06253929463797436,0.33329354719664117,1,interior
0.08086918987197066,0.35552219365702276,1,interior
0.027718953131892814,0.27647000120877563,1,interior
0.07693098534819834,0.3434736698870405,1,interior
0.11212852966448664,0.37926074311713026,1,interior
0.028796690131255603,0.26719789647774567,1,interior
0.09589258901652721,0.364046778209121,1,interior
0.07570615659995598,0.3423809505757643,1,interior
0.16276329655963345,0.37461502823175363,1,interior
0.05314428976324884,0.297799516990616,1,interior
0.053335584801773965,0.3012442471786626,1,interior
0.08683423305385454,0.36090997352865717,1,interior
0.07830069474106205,0.3428071799953354,1,interior
0.02665350896619148,0.26918178850599583,1,interior
0.0642459189586409,0.3361480537903193,1,interior
0.05037617339009118,0.2942885152013658,1,interior
0.07600303281130615,0.34710281305330615,1,interior
0.10780553914250698,0.3706909509762618,1,interior
0.11544992287593803,0.3760968490263053,1,interior
0.05816643681938557,0.3176266402906153,1,interior
0.03784240535803857,0.28853578172650435,1,interior
0.05167822101347758,0.30525537656948154,1,interior
0.06114070022470405,0.32152658282414964,1,interior
0.030775524087838027,0.27643638157883027,1,interior
0.05136923958645131,0.30007863603331264,1,interior
0.07481515362278322,0.34534722327567013,1,interior
0.0889284727501137,0.3645589044572033,1,interior
0.1655833310541908,0.37312046285924194,1,interior
0.10821324714665034,0.3739159347635602,1,interior
0.13803142807573032,0.37822140964754486,1,interior
0.059448071554051,0.3323319017543903,1,interior
0.08563802223529915,0.35896019408284047,1,interior
0.10144891102079583,0.3671143819559675,1,interior
0.13491951170295235,0.37933216115073237,1,interior
0.06609596695421992,0.33992367657631184,1,interior
0.0252230595839349,0.27107008380868464,1,interior
0.15008826242815038,0.3770631963638276,1,interior
0.03867090307000449,0.2928353125288667,1,interior
0.04780495875826501,0.30022110359630955,1,interior
0.09118623036082942,0.3620148854030789,1,interior
0.0433478404990014,0.2936152929428942,1,interior
0.16512556928044847,0.375069176068106,1,interior
0.07337819194502392,0.3416344298423508,1,interior
0.08458499107248563,0.354818739732868,1,interior
0.045756208149870616,0.3006233378644634,1,interior
0.14592774274627585,0.3746270591751588,1,interior
0.1673381689999062,0.37497911110688736,1,interior
0.15711287326602213,0.37755605043382867,1,interior
0.05638031600667285,0.31937281845250437,1,interior
0.040582422153804934,0.29610705661181214,1,interior
0.162076728748843,0.3777991735243509,1,interior
0.031080755459293837,0.2710930178752843,1,interior
0.10401016114646529,0.3678953004662514,1,interior
0.02905070339684406,0.27302536758668533,1,interior
0.11398098714267502,0.381783192016357,1,interior
0.02392072881606348,0.26977208484050874,1,interior
0.11138325300546562,0.3749218829986702,1,interior
0.05941748084093659,0.32026975144650616,1,interior
0.044062168074035735,0.2909671102807507,1,interior
0.10452564347647461,0.3693280178778547,1,interior
0.06998892520109508,0.3398455419746016,1,interior
0.09248145097899321,0.3628484695818894,1,interior
0.07862578985044957,0.3504676989099705,1,interior
0.0811692496601705,0.3580405136346139,1,interior
0.03306488492339857,0.2801608742609633,1,interior
0.0747476102339829,0.3490806326163043,1,interior
0.09795905408551121,0.3682912533105919,1,interior
0.04923745051632828,0.30159934563356194,1,interior
0.05407096289615375,0.30681556457903153,1,interior
0.051312835054835276,0.29830672991194784,1,interior
0.06383154355125113,0.33761609268524034,1,interior
0.05822296450617211,0.31927412433757724,1,interior
0.13193093755339994,0.3795430255650962,1,interior
0.090705257766063,0.3660040836872662,1,interior
0.10721810423242394,0.3756776794064173,1,interior
0.1522240613248149,0.3782465004878399,1,interior
0.11060613215376254,0.3777649833156437,1,interior
0.1683550597571779,0.3730107753449462,1,interior
0.15376203323364304,0.37872465102248615,1,interior
0.14956570970446786,0.37854918160559825,1,interior
0.027739847595540386,0.27217532718572474,1,interior
0.07833905283950278,0.35586177738214253,1,interior
0.13480395466570178,0.3754936174003301,1,interior
0.05899454872180243,0.32479225611698004,1,interior
0.0834801759272851,0.34980470288336846,1,interior
0.05599590529447056,0.3076604525128391,1,interior
0.15852299242625195,0.3792129099089176,1,interior
0.061384638140753706,0.3323044759298054,1,interior
0.06738252878509045,0.340980020761316,1,interior
0.1132069594588268,0.3753605560477125,1,interior
0.09055641204789057,0.3637960913701333,1,interior
0.06493500371455341,0.33027806993254116,1,interior
0.1701596762611194,0.37207970436479193,1,boundary
0.03716699630313382,0.2941848243852905,1,interior
0.034537147323663815,0.28285935999271955,1,interior
0.14808300662210278,0.3803783944888008,1,interior
0.07562659096336256,0.35055104951928656,1,interior
0.09821889647840051,0.3663966950650081,1,interior
0.11608542397546615,0.3828847545597735,1,interior
0.05568519521704236,0.3172063418112214,1,interior
0.0595176681360521,0.32986487281692056,1,interior
0.057692853812132384,0.32751724884877337,1,interior
0.05974444243033983,0.3339538604076164,1,interior
0.03640717457761974,0.28639884160267964,1,interior
0.05602146704610926,0.30976557493446416,1,interior
0.0831016988356344,0.3555810654001307,1,interior
0.1069325674006362,0.3723641976863516,1,interior
0.03609137258035458,0.2880185782645493,1,interior
0.029290512166741816,0.26550720670260125,1,interior
0.05182047411600211,0.3084046835640669,1,interior
0.08430405321992684,0.3579141618742917,1,interior
0.04788606385015442,0.2926905451995384,1,interior
0.06563990101429185,0.31901883312601415,1,interior
0.11872181900700156,0.3825063606451103,1,interior
0.049468844013230595,0.29555867521522255,1,interior
0.027802472141005202,0.2705315418259323,1,interior
0.0998742923551898,0.36662991251631294,1,interior
0.1504108425000918,0.3805775367475994,1,interior
0.0572120668686811,0.31245127210831464,1,interior
0.12836743499161393,0.3830527393285912,1,interior
0.06236302326213046,0.33503663040532294,1,interior
0.03741732238752414,0.2917439859373592,1,interior
0.021527228269641444,0.2714021573937079,1,boundary
0.05541432862699675,0.32071271214182157,1,interior
0.10406156718522551,0.3711764576108275,1,interior
0.034919691235890254,0.2804098735870236,1,interior
0.05663952951333908,0.31386945615423717,1,interior
0.05994216221796029,0.32799256453458236,1,interior
0.08270857560372442,0.35713288371823054,1,interior
0.026007958021896583,0.27370410281851315,1,interior
0.05853767684386878,0.3350609838992737,1,interior
0.03883476305470659,0.2956638651806376,1,interior
0.17086111458598424,0.37348337089437356,1,boundary
0.13003439854322194,0.38230117282726167,1,interior
0.0939358301052038,0.3661193146608148,1,interior
0.06933912920265471,0.3413935158321143,1,interior
0.05716196721018669,0.33051045651130834,1,interior
0.040031177657587305,0.2920161757061794,1,interior
0.1029843208374332,0.369901243524396,1,interior
0.14884515861892483,0.3731026680140356,1,interior
0.13885295887482804,0.3762617286648601,1,interior
0.1637953418955131,0.3780251594132012,1,interior
0.025088696370892474,0.26850040197105535,1,interior
0.11281521938351644,0.3832490458635558,1,interior
0.11176077559316558,0.3765181419931945,1,interior
0.07885229006173164,0.3527313575697871,1,interior
0.05658563733472804,0.324498698214983,1,interior
0.04688759032119665,0.29152944494649663,1,interior
0.09234774851459009,0.36438317413760524,1,interior
0.0897300177021589,0.3611547142875644,1,interior
0.14538871797248307,0.37677152147443493,1,interior
0.05859167354859067,0.32628885398550855,1,interior
0.066692960002746,0.33616273283674486,1,interior
0.1601639855803524,0.3792474981817802,1,interior
0.16890567482567212,0.3747895742063922,1,interior
0.16954774852038296,0.37029398590836415,1,boundary
0.09413000231843306,0.36461158113538933,1,interior
0.07714002481363494,0.351643391769862,1,interior
0.07298506816557647,0.3502276969987703,1,interior
0.03185999047811712,0.27536774275489706,1,interior
0.16767077698404806,0.3770528080824657,1,interior
0.06702368698091955,0.3427566412967427,1,interior
0.05274502355301896,0.3192685815516803,1,interior
0.11007192458587461,0.38013701767412356,1,interior
0.09658912121119191,0.3691646713117634,1,interior
0.07991362668204434,0.35137884126739904,1,interior
0.05855911708609668,0.32153717574322443,1,interior
0.13941950211517395,0.37252884645243795,1,interior
0.09987966424048922,0.3684457171732633,1,interior
0.16462687501165246,0.3765083576097406,1,interior
0.15109343565081157,0.3829979233238041,1,interior
0.05716618820273419,0.3221729994857558,1,interior
0.15304239465232464,0.3805588031471008,1,interior
0.08214449609279342,0.35085473458103617,1,interior
0.09544175940700653,0.3680599208298865,1,interior
0.14223122192928755,0.37382186097511483,1,interior
0.16052540063885995,0.37765250470337247,1,interior
0.11475082369172854,0.38554699100395085,1,interior
0.02175534974363275,0.2731334670046688,1,boundary
0.0498010567644362,0.3044345202218664,1,interior
0.027861677113806337,0.274156164791721,1,interior
0.04696197986481762,0.294033535524592,1,interior
0.15479921257586984,0.3823226474258699,1,interior
0.054495677253584486,0.31939234497132296,1,interior
0.023830006652399902,0.2722533162067915,1,interior
0.04530585467296301,0.2938007215126745,1,interior
0.04273924032252968,0.2977800994922528,1,interior
0.047072752590299353,0.30245952474313953,1,interior
0.0825192009601123,0.3600569540807258,1,interior
0.0401780284486903,0.29780328331375056,1,interior
0.06577000378562417,0.341442636820153,1,interior
0.08370643812386676,0.3614382076840556,1,interior
0.1653986259147037,0.3785193725118321,1,interior
0.0376751967247403,0.2902158917070588,1,interior
0.05126458951386887,0.3036907433280568,1,interior
0.06104589970172915,0.3358815006320115,1,interior
0.06389565257930054,0.34105097548724733,1,interior
0.10958961250732145,0.3749663419474809,1,interior
0.14106204915516252,0.3725543999682446,1,interior
0.056130247619016624,0.31132152712633865,1,interior
0.043109788116044205,0.3001146221328733,1,interior
0.0680974192333972,0.339478197948,1,interior
0.12019289386436659,0.3834139700160126,1,interior
0.035286498830658146,0.2842158418477984,1,interior
0.1112474850301751,0.3823602880699702,1,interior
0.07358694133904774,0.34354966518544416,1,interior
0.15976020837271854,0.38220331113294814,1,interior
0.05440249104273051,0.31530811964657957,1,interior
0.023630275957283207,0.2747909601679616,1,interior
0.16332576683392622,0.38047706124748265,1,interior
0.17119734630989153,0.3764963745415466,1,boundary
0.1465595619968807,0.3794295973649246,1,interior
0.07926882241674242,0.35795768839506,1,interior
0.02539014147511051,0.27766751474230394,1,interior
0.06996088092226233,0.34281658958034816,1,interior
0.07999694426618725,0.35944734767085057,1,interior
0.1358721242195666,0.37360554280043873,1,interior
0.072570683409446,0.34496124612996043,1,interior
0.10588388803922741,0.3710956702693658,1,interior
0.1385086775408683,0.3743936239970897,1,interior
0.07656262622232592,0.3531922003014596,1,interior
0.039605022085214776,0.28367267669840757,1,interior
0.08495227606474029,0.36362318586789566,1,interior
0.13717306167913587,0.37688915183395993,1,interior
0.07392131800914052,0.3476428359340897,1,interior
0.054037161071844135,0.30946149342599577,1,interior
0.13138287874410284,0.3840654986610896,1,interior
0.14346429681278552,0.37624401451941636,1,interior
0.029274730400332526,0.2769187270127479,1,interior
0.03564170939605249,0.2895527388525694,1,interior
0.07401406337511876,0.3515848484223797,1,interior
0.1719247693152535,0.37938465179531317,1,boundary
0.09257085113408121,0.3673025628847868,1,interior
0.1724883627110918,0.3811694958087055,1,boundary
0.027099816897071145,0.27798227501790507,1,interior
0.15612699223923895,0.3794435157470312,1,interior
0.1279288902793359,0.3859143438989207,1,interior
0.05327661960710651,0.30536388970252837,1,interior
0.02597274574475144,0.27561340960985253,1,interior
0.04040502839097053,0.2944145144135635,1,interior
0.04865159124319007,0.3058282560804282,1,interior
0.0446913902066526,0.2952984913465267,1,interior
0.1346836341326438,0.38129372497070163,1,interior
0.1409729900589871,0.3763068603447848,1,interior
0.1081883381854516,0.3808867152858068,1,interior
0.03582331257995735,0.2925701197704182,1,interior
0.05673329443440291,0.3260810773999501,1,interior
0.1492507092770638,0.3831466285049406,1,interior
0.13648034338348045,0.375079038813352,1,interior
0.054039484120442065,0.3175709401543954,1,interior
0.10241331421360526,0.37134788699604615,1,interior
0.1223362894730499,0.38297134153445994,1,interior
0.1458278108054597,0.38108536635650453,1,interior
0.1081701778484645,0.37808365868434896,1,interior
0.11137868928520502,0.38496706392104285,1,interior
0.061432727294450755,0.33843682273890147,1,interior
0.06346880722431775,0.33923696566743716,1,interior
0.03449751926164342,0.2910315760018488,1,interior
0.04656998083182154,0.30500484722634985,1,interior
0.10495951994997041,0.3771635178456103,1,interior
0.031333454346545934,0.28018497461580194,1,interior
0.14051526213824678,0.3744764375310973,1,interior
0.03418720513681831,0.2869878612721318,1,interior
0.05032194060798541,0.3068854175708909,1,interior
0.047079438722184376,0.29682335106634744,1,interior
0.1362968354532415,0.38033444648174136,1,interior
0.03694433079683003,0.29656789181623605,1,interior
0.07196595154863301,0.34872691322764027,1,interior
0.029765201540360553,0.2787511300484192,1,interior
0.10238358074025425,0.37790921838331776,1,interior
0.14292962988784969,0.38173018720504,1,interior
0.056917386463867875,0.3332840158792047,1,interior
0.10924042967893169,0.3841113685267254,1,interior
0.14485886764098435,0.37899163235575745,1,interior
0.1267273058107068,0.38262402149556707,1,interior
0.15660240616335636,0.3814839957564304,1,interior
0.031460129138903004,0.28719795090903283,1,interior
0.08669581713524478,0.3642172687649412,1,interior
0.06222271085310817,0.34044499118292076,1,interior
0.08658425933042593,0.3626023295763782,1,interior
0.15499417036004004,0.3777202805074941,1,interior
0.05422716233910925,0.3118713464310935,1,interior
0.0537644201353248,0.3215494360780608,1,interior
0.0918487472772433,0.35292167960386467,1,interior
0.049856857446275334,0.30834024640856306,1,interior
0.06967329139162466,0.3491072589418776,1,interior
0.03249423338393782,0.28254666521813365,1,interior
0.04911794942219197,0.2973107650496085,1,interior
0.0486051406015316,0.2941407703239873,1,interior
0.027944112374769414,0.27930034727461966,1,interior
0.0939432207374796,0.37039043344985845,1,interior
0.11289764492685883,0.3848037196202222,1,interior
0.1062107933733362,0.3738666983120243,1,interior
0.05474729116648971,0.3229871827606958,1,interior
0.07070389162843661,0.3466821328724183,1,interior
0.05771351326356472,0.31087778879952205,1,interior
0.10056801650968719,0.3756223877917622,1,interior
0.04816400159749344,0.3088927390203642,1,interior
0.1574333775913644,0.38392114569587293,1,interior
0.04559249296153432,0.2981625578667467,1,interior
0.048495577504862504,0.3035056597708532,1,interior
0.058662277508631254,0.33739530619635144,1,interior
0.04647988103799196,0.3090504025085338,1,interior
0.026600623202043996,0.28022672272725757,1,interior
0.15918474969871202,0.3858294841980131,1,interior
0.15804848993898274,0.3824451404806771,1,interior
0.0563126372023883,0.3287427149302243,1,interior
0.14127115247975858,0.37826555456828587,1,interior
0.09505155239042194,0.3723277372466635,1,interior
0.06935270962214203,0.34750700060550244,1,interior
0.1362516914909156,0.37826203314003803,1,interior
0.04411462128195812,0.29872903924028227,1,interior
0.03223986462588715,0.27828778446017066,1,interior
0.14271655385601426,0.3777109339256068,1,interior
0.17041992408110893,0.3779305790083349,1,interior
0.16189703237146083,0.3798073655040702,1,interior
0.11788150939612599,0.38428938436628546,1,interior
0.11999488017458887,0.38502927334134424,1,interior
0.09378225041527144,0.36827287465398556,1,interior
0.1058271788399502,0.36813982347580154,1,interior
0.08813698803569775,0.36655910385388013,1,interior
0.16209251125468035,0.3817862464304933,1,interior
0.1600444857630859,0.3841383749774646,1,interior
0.10314236006163394,0.372697335856891,1,interior
0.06574475426201302,0.34410382976874426,1,interior
0.10129449178302188,0.37008439322235864,1,interior
0.023679514913956513,0.2764181429312611,1,interior
0.08527007185539442,0.36061764672602376,1,interior
0.042563442669338335,0.2952262946554689,1,interior
0.1550239063265686,0.38058750924007506,1,interior
0.16563676280324852,0.3803648778388053,1,interior
0.055105443370427394,0.3139403427559931,1,interior
0.1442790188217868,0.3804987008892949,1,interior
0.03650526041341682,0.28001022055567043,1,interior
0.13902730288449322,0.37997565265879313,1,interior
0.15141761997830447,0.3856748427739756,1,interior
0.0723997954902582,0.3397487126439666,1,interior
0.0585442784750006,0.33965592035965364,1,interior
0.14251775141641249,0.38010089681962134,1,interior
0.05457971262075866,0.33184055151094904,1,interior
0.05650390256889898,0.33721091783604906,1,interior
0.04710120740127021,0.2986931064752055,1,interior
0.06833969884666283,0.34603487393713217,1,interior
0.10502763770914213,0.37250218381577954,1,interior
0.0793143174285974,0.3543504188908433,1,interior
0.09909191181407014,0.3699905813641448,1,interior
0.12660353451433143,0.3842908254470313,1,interior
0.044383291871054664,0.30150334147665786,1,interior
0.045456807695415526,0.29662104156297087,1,interior
0.05688196706925687,0.33561491049035286,1,interior
0.13264592816855814,0.3813232337773011,1,interior
0.03333753497461679,0.28963227190910906,1,interior
0.12168172562936763,0.38582181984734004,1,interior
0.0525755188371732,0.3316181727057852,1,interior
0.12977990237723952,0.38430985430083026,1,interior
0.10419984188891301,0.37576609633762803,1,interior
0.14633739475645832,0.3834795873339417,1,interior
0.05453011733119946,0.3259137706036336,1,interior
0.14940099942777255,0.3847125294897547,1,interior
0.1028560402750763,0.3745534818488823,1,interior
0.030741568415379495,0.28367552449538064,1,interior
0.07461910961239313,0.3530357458915693,1,interior
0.13095218115670806,0.38665311221751003,1,interior
0.0993359086465151,0.3649485154467072,1,interior
0.14700496064469817,0.385006223452626,1,interior
0.10471608507323953,0.37870336307845903,1,interior
0.13331719147432594,0.38284887032129156,1,interior
0.028898513499488233,0.2808925025007317,1,interior
0.05434642374930583,0.33410549158063935,1,interior
0.1310127505752337,0.38092644347311566,1,interior
0.036268111030734455,0.28301560493034644,1,interior
0.06007609748509914,0.3403447816817523,1,interior
0.14459693950082095,0.38238378257335226,1,interior
0.0350355147543423,0.29413752080946165,1,interior
0.07510387815877483,0.35570491285778444,1,interior
0.1721367539602203,0.38393968504401105,1,interior
0.07370668064372889,0.35820280691165707,1,interior
0.02519918953458697,0.27931682861374485,1,interior
0.031824139720463884,0.2905663923026375,1,interior
0.09662258181753053,0.3721913896970458,1,interior
0.023447390888306174,0.2784994665968044,1,interior
0.049756244048025325,0.31136630478008503,1,interior
0.13674001560988758,0.3819545725625433,1,interior
0.045577587793126415,0.30310658252659806,1,interior
0.12276482105373322,0.3847559615682278,1,interior
0.07664059482065286,0.35937831632204964,1,interior
0.14221198626677795,0.3753824530559115,1,interior
0.047445591982368175,0.3070672701191601,1,interior
0.12439958757063097,0.3847246473511386,1,interior
0.15664541725824796,0.3857553686703663,1,interior
0.06255194515526528,0.3367154437546274,1,interior
0.08523886722326389,0.3659118628034765,1,interior
0.12912139071028916,0.38778532608653793,1,interior
0.16292544952059623,0.383831946691245,1,interior
0.1645019997002103,0.38152896501415945,1,interior
0.13276360327899317,0.3859224904158941,1,interior
0.1689273394998964,0.3797164323045979,1,interior
0.03377306247826504,0.29312056513809326,1,interior
0.14357139728874094,0.38420995178315775,1,interior
0.13972110483817765,0.3786224733253244,1,interior
0.1409156633320442,0.3822785201031012,1,interior
0.09610957871818535,0.3706499928676534,1,interior
0.09890487003622181,0.37216609614435187,1,interior
0.05100755241117729,0.31011636218294253,1,interior
0.10015246285298178,0.3730404070529713,1,interior
0.05532121677658347,0.33547969796955823,1,interior
0.07520243753203232,0.3579185458245203,1,interior
0.03377844262215216,0.2815351807454395,1,interior
0.1185928617099715,0.3856710600970623,1,interior
0.05590236345791608,0.33900784822270635,1,interior
0.030748520746825853,0.28167103865363863,1,interior
0.15475190774911227,0.38701550027034165,1,interior
0.07172451833984023,0.3417678945637759,1,interior
0.06131923638841328,0.34173417472615175,1,interior
0.167153616380761,0.3826056164016213,1,interior
0.17068221380915138,0.38095476889797314,1,interior
0.050565740354466884,0.3171834905048988,1,interior
0.1003608749768004,0.37128216591162905,1,interior
0.07039796605501339,0.3447073725948716,1,interior
0.10658782873866543,0.3771064972534125,1,interior
0.16773069414672026,0.381115534102755,1,interior
0.07203713373450345,0.35219657008862465,1,interior
0.054539227765031346,0.3370826826306011,1,interior
0.06837259679936186,0.3443347484433935,1,interior
0.03724398268126916,0.2981483377725045,1,interior
0.09664866312418327,0.37400171123133547,1,interior
0.10381289860269285,0.38005499035722856,1,interior
0.15885517271388033,0.37739679833042566,1,interior
0.1385545451659896,0.38312431045971657,1,interior
0.13279913568416307,0.388041975769232,1,interior
0.10439318125688248,0.374137401578832,1,interior
0.11687190318844713,0.38591666325120816,1,interior
0.10691145043699066,0.37943926893277663,1,interior
0.0414470069772564,0.30218575709330353,1,interior
0.1261127084297119,0.3870471771335755,1,interior
0.12361137062818096,0.38631414212928755,1,interior
0.03406933090461729,0.29571365709408187,1,interior
0.07291235734869461,0.3538079659246242,1,interior
0.11671793068384885,0.38798302707117954,1,interior
0.08266635647523567,0.3627296009340444,1,interior
0.05314725368813648,0.3393810291188057,1,interior
0.1661554323587648,0.3766184111889919,1,interior
0.07039223340276005,0.3507473148017237,1,interior
0.09759047377953449,0.3752987781300075,1,interior
0.15297369533636054,0.3831623513020365,1,interior
0.054978024578572204,0.32777176655323015,1,interior
0.13878156989267418,0.38463257334734197,1,interior
0.03930894471078808,0.2992738464996148,1,interior
0.07763695624652871,0.3543267675211841,1,interior
0.03250977714313281,0.28428427028943143,1,interior
0.11231672327822835,0.38630642211158206,1,interior
0.03648041852348942,0.2996036284149295,1,interior
0.12534268107084323,0.38330527388130015,1,interior
0.029640345870699143,0.28849284612911885,1,interior
0.07276712715274262,0.35643120183499527,1,interior
0.12562345781904216,0.3815672280890448,1,interior
0.13000969359707112,0.3893733265966424,1,interior
0.03129544458585055,0.2890577449619266,1,interior
0.030031635392962205,0.29169015329599485,1,interior
0.16927765725532737,0.376324868956984,1,interior
0.04358376913985374,0.30430474920086387,1,interior
0.06103284998200675,0.3293622702290892,1,interior
0.11380596360759056,0.38744937422967546,1,interior
0.02289817005094947,0.28120815128958637,1,interior
0.16724411088044314,0.3789679312908233,1,interior
0.06747317812545418,0.3505785666948068,1,interior
0.05810207914518144,0.3291830876132443,1,interior
0.11453270594362645,0.3833777331034588,1,interior
0.034912425210904346,0.3020287964162523,1,interior
0.10963734803517519,0.3824626840064624,1,interior
0.15609571135973702,0.383121400319964,1,interior
0.04551850913408569,0.30692111350773404,1,interior
0.0749934455254668,0.36131212023820547,1,interior
0.10573046553905228,0.37534669443013763,1,interior
0.022102795186023566,0.2756099716899898,1,boundary
0.12162424423229502,0.38736385308458327,1,interior
0.07656107863276235,0.3571236654804807,1,interior
0.07230581404665054,0.36172261116894827,1,interior
0.03306895947794794,0.3038471228867757,1,interior
0.17059894714372642,0.37509061222802603,1,boundary
0.11410060366956931,0.3891806144273073,1,interior
0.021774583314232404,0.2783318481414039,1,boundary
0.05245821926917695,0.3066631034421012,1,interior
0.08067233123191042,0.3613889959162932,1,interior
0.03389831255186598,0.2852545117065689,1,interior
0.1368971802140884,0.38650225709564273,1,interior
0.027861310807625137,0.2826009783065691,1,interior
0.12115476550749363,0.38962626216112145,1,interior
0.07184519652431613,0.3434764610153104,1,interior
0.02500454863123868,0.28188047455401294,1,interior
0.06316895548567401,0.3435458942163656,1,interior
0.09152297934441239,0.36889421064585626,1,interior
0.1550963731953385,0.3850972653902479,1,interior
0.059007448952817725,0.34155886528856394,1,interior
0.13347790377850116,0.3788392299334425,1,interior
0.05272979727246579,0.3112944445977974,1,interior
0.06998062984076303,0.35353615209189077,1,interior
0.09981205379175381,0.3787167593647965,1,interior
0.14734941314536398,0.38182156759944047,1,interior
0.15934410705614174,0.3878108523853847,1,interior
0.052834504705856725,0.33644483760147265,1,interior
0.047587479205150954,0.31114826059552575,1,interior
0.05262276028454318,0.3343081891219667,1,interior
0.10894515062214152,0.37668732041583897,1,interior
0.06717522399556035,0.3483706008596506,1,interior
0.07232010180850142,0.3467011669946658,1,interior
0.06529038419355128,0.3482849553572137,1,interior
0.047984610942160125,0.3155974764607522,1,interior
0.14482802306678114,0.3851258627621807,1,interior
0.033488771329610104,0.30533327904680324,1,interior
0.11943701560577431,0.38908449369660913,1,interior
0.14063318451213508,0.38078529957024776,1,interior
0.0526477669735425,0.32489495806695584,1,interior
0.03915469868940896,0.30350457340259795,1,interior
0.0526261185641839,0.32267190580432514,1,interior
0.112566390880973,0.3907167343931852,1,interior
0.05217463928447657,0.3143216031498141,1,interior
0.08328913401119718,0.3642279157304548,1,interior
0.030807799924469692,0.2932257109792123,1,interior
0.10667802106125397,0.3818680458924131,1,interior
0.04073185704788843,0.3050364066269734,1,interior
0.03143986310729463,0.2856197552327153,1,interior
0.03505301310037478,0.2976488323833675,1,interior
0.06904157611211678,0.35166613350931025,1,interior
0.07030520775426205,0.355195315032062,1,interior
0.14948910982092195,0.38668549076394004,1,interior
0.1226293558491178,0.39022786162761286,1,interior
0.11505681615988277,0.3917487118800013,1,interior
0.04487860875537115,0.3053623531185555,1,interior
0.08980389424088671,0.3675856476337413,1,interior
0.06684552154901065,0.3452625243337966,1,interior
0.02899930184287644,0.2870555143410678,1,interior
0.033001544406850485,0.2879530387614435,1,interior
0.05983106511828238,0.3385616981515798,1,interior
0.0409199448608349,0.299500554190551,1,interior
0.06496698220860471,0.35188331707270554,1,interior
0.13849822535007858,0.38665010447817616,1,interior
0.14912649401839076,0.3816312851681553,1,interior
0.05122641922972591,0.32159221422809664,1,interior
0.12567700742416607,0.38865317863733057,1,interior
0.10760776414133348,0.38317221408394075,1,interior
0.039295093116107536,0.30089119740938863,1,interior
0.06433503065855825,0.34616341692281843,1,interior
0.09447992702981386,0.37433749999832905,1,interior
0.1488018275630258,0.38855577376033074,1,interior
0.03282585332322888,0.30106404193755304,1,interior
0.061837757462366826,0.34505673532486625,1,interior
0.0984023981616905,0.37675844516289597,1,interior
0.05293237280525927,0.31589840206760056,1,interior
0.17260940326015994,0.38655865119321314,1,interior
0.08570923009358769,0.3673770060122433,1,interior
0.14627097295583852,0.38650706360057996,1,interior
0.06726203472465896,0.353232105849599,1,interior
0.09605101277521971,0.3755688722021896,1,interior
0.05118518381158648,0.3127849570582149,1,interior
0.028485188576576493,0.28492707486451485,1,interior
0.05861647802651814,0.32327298981575925,1,interior
0.02035748423931263,0.27893370851304466,1,boundary
0.03427282959911423,0.29992407026185197,1,interior
0.06034842822014242,0.3441891754029798,1,interior
0.037224779944142736,0.3012309502768173,1,interior
0.05190483089803063,0.33849940014481095,1,interior
0.09939559999934641,0.3745413037251758,1,interior
0.07786081952457717,0.36228338719284875,1,interior
0.031212275835410624,0.306856585464014,1,interior
0.06584449468130275,0.35041428500865235,1,interior
0.10149298931310222,0.3737767830378591,1,interior
0.04305579686196162,0.3026128018901403,1,interior
0.0514086489526776,0.3357156207761774,1,interior
0.0778173959902595,0.36053668889153173,1,interior
0.13930502060139657,0.38168039013025234,1,interior
0.15173001721142682,0.37977026536557,1,interior
0.09333263238013738,0.3768464090782834,1,interior
0.16935079076222054,0.38294880283387744,1,interior
0.04547892455948294,0.3126616995531758,1,interior
0.05115644437625947,0.32325272643403147,1,interior
0.10514399804184005,0.38363224184190686,1,interior
0.1195316153324981,0.39103204046649215,1,interior
0.05511223394250824,0.33008878615342524,1,interior
0.16135899142649857,0.38511385922465124,1,interior
0.16126761727026018,0.3831207279542563,1,interior
0.02936030822473893,0.30717676491063645,1,interior
0.16554800800927366,0.38348882856396527,1,interior
0.1233946833217163,0.3878637914123147,1,interior
0.02906826970711074,0.30997078195710986,1,interior
0.04568825409310959,0.31058536096181427,1,interior
0.06446461783367381,0.34956938632470097,1,interior
0.10491033597852381,0.38167367284619935,1,interior
0.06834894186096603,0.35559013905855696,1,interior
0.02939052377257135,0.290098594469484,1,interior
0.02791223812916514,0.29095505095300694,1,interior
0.07951478140109244,0.36306377868954026,1,interior
0.0512680698200492,0.3402321359601853,1,interior
0.04799558649896794,0.3132444798551296,1,interior
0.10729808719742404,0.3861523557296637,1,interior
0.050859610516022266,0.31883260219841913,1,interior
0.032463517681441775,0.29872776230348197,1,interior
0.021646499174228877,0.2799973130102664,1,interior
0.06246962200349135,0.34765620453584056,1,interior
0.09734928403314268,0.3789532009272643,1,interior
0.054233787962282495,0.3404681226780177,1,interior
0.15693247810680452,0.38747969818282807,1,interior
0.04363775910813826,0.3085219293111289,1,interior
0.10469772020906275,0.38657145690075295,1,interior
0.04891129271635428,0.32301310650819015,1,interior
0.11231706660405584,0.3887420755289159,1,interior
0.17408071693357713,0.3839933399386892,1,boundary
0.10417960225398937,0.38841334169448694,1,interior
0.09153200561692308,0.3774944766877838,1,interior
0.1636836131943684,0.3865172965405098,1,interior
0.04841177794487793,0.32141408177542247,1,interior
0.11511900603872782,0.39341262665657456,1,interior
0.10305864286222852,0.38169436298567555,1,interior
0.052955099099855046,0.3281923526007525,1,interior
0.06984048224031691,0.3568048224759095,1,interior
0.033503435263152394,0.2975085775012232,1,interior
0.049625092195093444,0.3378053286474283,1,interior
0.12086907307052265,0.3922085555942611,1,interior
0.1330783759215601,0.39074456947884534,1,interior
0.05111586031832738,0.33408210000437355,1,interior
0.05710463374211269,0.3403782423095564,1,interior
0.04935147234839579,0.3191279579275204,1,interior
0.04178723755414644,0.30647639166215235,1,interior
0.1531115882722527,0.38689883872227704,1,interior
0.08127123742945727,0.363356788428018,1,interior
0.11290205152836613,0.39290641354898564,1,interior
0.03258752533530823,0.2921407143724902,1,interior
0.11931082196871061,0.3872592760848529,1,interior
0.043711140298087175,0.30645522557899635,1,interior
0.09408934315441923,0.3788354386141871,1,interior
0.0959714784526974,0.3771045294132253,1,interior
0.10339218258055786,0.3838390045901463,1,interior
0.03267857865725771,0.2947436090544622,1,interior
0.10268932707295331,0.3762555887923442,1,interior
0.03184886411303962,0.30932124768033376,1,interior
0.1673115029880046,0.3855015528916656,1,interior
0.13433915262988338,0.3862916122335609,1,interior
0.060413110297110335,0.34600983913463107,1,interior
0.11908723669344884,0.3936097331066636,1,interior
0.04222753821374791,0.3106936855444626,1,interior
0.06298664258612104,0.35032707743656777,1,interior
0.1533277952119482,0.38497096832980554,1,interior
0.1311251767276844,0.3911961475397973,1,interior
0.02688735126651076,0.28892338447593713,1,interior
0.02924188401217821,0.28333332167465275,1,interior
0.10023572227193557,0.3815185499271015,1,interior
0.05680868807215864,0.34208028692594966,1,interior
0.08422523402747563,0.3685007816082157,1,interior
0.16132211674344124,0.3876448873995382,1,interior
0.04071119334192204,0.30774202721892796,1,interior
0.11065305221312816,0.3868033582982223,1,interior
0.041761620788862946,0.3089060638786711,1,interior
0.1272771219237567,0.3889815129543818,1,interior
0.1367558862838557,0.3842154609142111,1,interior
0.05218729604718206,0.3267555067139793,1,interior
0.06650175166774096,0.354552627548979,1,interior
0.16546038770265406,0.38600604406281824,1,interior
0.07155917820436071,0.3601013942913957,1,interior
0.1332468915872895,0.392350517184778,1,interior
0.07634195388326055,0.3620646260405336,1,interior
0.13401358196918223,0.38948451850989757,1,interior
0.04865243024021759,0.33233106511575056,1,interior
0.03503369771077898,0.3039501056283879,1,interior
0.025087804072675954,0.2838913546214149,1,interior
0.07611682382593905,0.36407270306336886,1,interior
0.0679107073263176,0.35818894306135607,1,interior
0.046631690968478474,0.32171188177957283,1,interior
0.02972369657398925,0.30550290197181673,1,interior
0.07437504073619758,0.359792852042059,1,interior
0.08026322262584681,0.3650311967985038,1,interior
0.10128452211389975,0.38278179186549194,1,interior
0.09236398361883283,0.37062623891679053,1,interior
0.0746319105408128,0.3629109430475459,1,interior
0.04358073278850881,0.29644319908887823,1,interior
0.03177259308642191,0.30536478176977316,1,interior
0.14276851970795668,0.3872680128308941,1,interior
0.16789336969147792,0.38398862498201114,1,interior
0.14116768894010698,0.3843834589321847,1,interior
0.027103102341942176,0.2870821077183878,1,interior
0.08220522340367298,0.36587843812360415,1,interior
0.16977843421777836,0.38557971151127024,1,interior
0.07713973876987626,0.36656102750959907,1,interior
0.04981661151000379,0.33567682228295276,1,interior
0.09350379486001359,0.3728789270365471,1,interior
0.14770058101104444,0.38708934405374695,1,interior
0.028870097048441967,0.2949018807375525,1,interior
0.04851350274816301,0.31778462260358836,1,interior
0.12872001478467257,0.3910476523435052,1,interior
0.07144827749241114,0.357295257383823,1,interior
0.053459657235723615,0.3134404107629742,1,interior
0.06492765130496071,0.3549743598956569,1,interior
0.10902483155409604,0.38574474058226155,1,interior
0.04714133944419023,0.32018233739737184,1,interior
0.17090103708874982,0.3828288466919507,1,interior
0.030768831363119885,0.29713292316640183,1,interior
0.16812690525403665,0.3867938821511969,1,interior
0.10883614579460521,0.3883436513729919,1,interior
0.1345380773662299,0.3933023302504378,1,interior
0.14848207100328786,0.39052599006493455,1,interior
0.06653203896568022,0.3518446951930144,1,interior
0.052485380935708814,0.34138318978969606,1,interior
0.027189440072088997,0.30696147513109917,1,interior
0.17307149037556407,0.38267346884183967,1,boundary
0.13483491931347538,0.38814215243230266,1,interior
0.08578214175317939,0.37010946843942083,1,interior
0.02183500161949676,0.2828830481207748,1,interior
0.11655331683359384,0.3947716919276768,1,interior
0.06617902114129866,0.35744128089341604,1,interior
0.06927215144865859,0.35921778181799013,1,interior
0.05492583337120613,0.34251298284990517,1,interior
0.1749974130214861,0.38681720309713646,1,boundary
0.09221720279792292,0.3741207699098613,1,interior
0.11459550843941148,0.39613801862148146,1,interior
0.03275560119234255,0.3074696491276514,1,interior
0.04483456401189409,0.3200797739828556,1,interior
0.0984766105938231,0.38010131415508513,1,interior
0.09189038635099905,0.3794323416898249,1,interior
0.10138037882526442,0.3795208576692151,1,interior
0.08976024130275816,0.37004178544519784,1,interior
0.13487573323405444,0.3844639807902986,1,interior
0.08735443390606265,0.37212423619643403,1,interior
0.12032786255540996,0.39520402267711663,1,interior
0.13132519513678562,0.3885516608920843,1,interior
0.06673870460930356,0.3595577762947561,1,interior
0.1538327214180285,0.388520380257106,1,interior
0.039842626825302124,0.3107040222547196,1,interior
0.03091620233431823,0.29932299945767044,1,interior
0.026853282330596754,0.2854143527860508,1,interior
0.0893769438949195,0.37839358613237434,1,interior
0.01936506867183675,0.28430740032340596,1,interior
0.10590303118159937,0.38520444421388467,1,interior
0.025335603047891314,0.2886862563477505,1,interior
0.06897649236026993,0.3609523550608429,1,interior
0.05866156915960108,0.3431075677797166,1,interior
0.027859795149961557,0.2926950422874277,1,interior
0.04959579292427701,0.3153927737398873,1,interior
0.15518431948272782,0.3898355426150403,1,interior
0.14016360055575455,0.38713537745292564,1,interior
0.03879398340632261,0.3128402342993058,1,interior
0.11715960274681791,0.3925522733619052,1,interior
0.06281363328131082,0.3551600921958885,1,interior
0.05645975814986491,0.34400945273604067,1,interior
0.09004602834729783,0.3750497721462783,1,interior
0.1218929376793848,0.3977671535602752,1,interior
0.16538339473361183,0.388742170808464,1,interior
0.08838493172332867,0.3707897275958432,1,interior
0.13058923569807643,0.39280485203017046,1,interior
0.12403661923238067,0.39101146333290665,1,interior
0.10055347988595541,0.3773330851959439,1,interior
0.05356592263844145,0.32966703710561135,1,interior
0.09042940643390512,0.37287738646708946,1,interior
0.13665271381738717,0.39135113224371926,1,interior
0.03132136201480231,0.3017115627982789,1,interior
0.11771918756909673,0.39039033616429375,1,interior
0.04974718808688136,0.3137849656815815,1,interior
0.13660797867650806,0.38810159313727377,1,interior
0.023671641376884038,0.2827003234019891,1,interior
0.1386979007673103,0.39266797416468113,1,interior
0.04973541994367297,0.33977658073798495,1,interior
0.09095867698129152,0.3712353277819481,1,interior
0.1501163606643754,0.39080790123033743,1,interior
0.13514767911908096,0.39067838578375724,1,interior
0.06725637044409793,0.3618376697286548,1,interior
0.01876308118083633,0.2803386616360386,1,boundary
0.17025200742749627,0.38717628623544775,1,interior
0.04674549686683868,0.34014952564841133,1,interior
0.03526641289275508,0.3066382977549836,1,interior
0.17415966408323327,0.3855432812867222,1,boundary
0.1269261580350222,0.39218401539723613,1,interior
0.06370100531127776,0.358786985065083,1,interior
0.0981665870505443,0.3735701240035778,1,interior
0.05027991236501855,0.3420843096502072,1,interior
0.14244037393420667,0.385512341293096,1,interior
0.03945674697560473,0.3067360761895787,1,interior
0.037195185060407386,0.3036428429128887,1,interior
0.13691363537743123,0.3896916650650884,1,interior
0.1181829231052274,0.39597741059408037,1,interior
0.04753316980400085,0.3343213373478343,1,interior
0.15364741366351692,0.3907837384309551,1,interior
0.0468394070044779,0.3144051542658741,1,interior
0.05024981626357425,0.34498650126919594,1,interior
0.08343680499548847,0.3669803521780066,1,interior
0.06588248898012586,0.34644483478500454,1,interior
0.045550651695476625,0.31868500186866655,1,interior
0.027250796028485964,0.3090167347210793,1,interior
0.02368373924680454,0.2851624281912884,1,interior
0.025541497276057767,0.28635553430557065,1,interior
0.04865178221805648,0.3411489632404891,1,interior
0.07462516149579178,0.36615544109869674,1,interior
0.04243067276004201,0.31898410592802706,1,interior
0.17159689226021638,0.38540823537493857,1,interior
0.08737760581678576,0.3682822656596685,1,interior
0.12153932441873158,0.3942766850997108,1,interior
0.14094297884379897,0.3914990462905592,1,interior
0.16929458855021146,0.38837839232547167,1,interior
0.031235818685512763,0.2954917997720591,1,interior
0.07860959768612252,0.3645195716596523,1,interior
0.051177088341528815,0.31568478826717855,1,interior
0.04390739292545829,0.31050199182046434,1,interior
0.058966503302255384,0.34762360152108457,1,interior
0.1436578012226407,0.38858623574884704,1,interior
0.12267380921803463,0.39282231510910387,1,interior
0.1232918679926521,0.3947996166410596,1,interior
0.1154446577583956,0.39007728467669356,1,interior
0.051862403284348574,0.3428365955520886,1,interior
0.12800595399028214,0.3936177998507864,1,interior
0.04365845840271095,0.31313437416273726,1,interior
0.06455231799197168,0.3425889194362728,1,interior
0.14458135350322315,0.3867629476195784,1,interior
0.02107236757754637,0.2769646512929018,1,boundary
0.07232016066914997,0.36413351774788016,1,interior
0.16427999509497546,0.3902566689030062,1,interior
0.03085486707943467,0.30372511085612136,1,interior
0.0706642578893835,0.3613897533130091,1,interior
0.03707626435393845,0.3057230229044174,1,interior
0.1290238268627963,0.39516488670293737,1,interior
0.017917646940127818,0.28178361688810827,1,boundary
0.022342010606540254,0.286620092166279,1,interior
0.12557139396562625,0.39351662795424674,1,interior
0.08353442656716381,0.3709605018006756,1,interior
0.13970628994995593,0.39003397433069,1,interior
0.028870784548852668,0.304149874325915,1,interior
0.09676421343801843,0.3821076679025882,1,interior
0.14611913039957278,0.3888168812172909,1,interior
0.1252077969715093,0.3950173269166998,1,interior
0.038234410754774094,0.3081717535624532,1,interior
0.16665124910621293,0.3877714893730047,1,interior
0.15756266925467183,0.38925757554589013,1,interior
0.0960907278609003,0.3801126502040797,1,interior
0.023746309051942874,0.2879968666881867,1,interior
0.12388598598613855,0.3985147511428013,1,interior
0.04769572446501231,0.34305311249013154,1,interior
0.15935482090573314,0.3807280533255143,1,interior
0.041895139426620216,0.3036909871022583,1,interior
0.10689866146342387,0.3877011545226133,1,interior
0.0493091755584852,0.33420854826147234,1,interior
0.05788202352548681,0.3451139120373201,1,interior
0.04420558124128139,0.3159648940413082,1,interior
0.04994318244715615,0.3206363891798813,1,interior
0.060934339739531516,0.3485999659076848,1,interior
0.1681135341299533,0.3902594535823428,1,interior
0.02489049414855251,0.3107516181984409,1,interior
0.09203386190907074,0.3723756118980982,1,interior
0.050594920296516216,0.32682751366873714,1,interior
0.09787676149348397,0.3709534286951688,1,interior
0.12579544441227983,0.39036370502685086,1,interior
0.020446773901287713,0.28195810955000933,1,interior
0.03721791432712621,0.31308778326469666,1,interior
0.05218851606097586,0.3173577364352376,1,interior
0.02915342315967366,0.3008333052501119,1,interior
0.08910134432926733,0.3737149011675091,1,interior
0.05321246244481175,0.34436642649816995,1,interior
0.11669115037282424,0.39819179183331177,1,interior
0.12697941250780742,0.39504141294675754,1,interior
0.0219715442216944,0.28497823008648826,1,interior
0.07901143064305798,0.3666784391272815,1,interior
0.02260026177821226,0.31091620821847427,1,interior
0.02947034560674472,0.3023399055733988,1,interior
0.0902154566565538,0.37984856248767546,1,interior
0.06390474162727135,0.35332986891843665,1,interior
0.12418671041420928,0.39264007254631034,1,interior
0.04948972471237651,0.32805525896001053,1,interior
0.12569821922701194,0.3966203268818106,1,interior
0.08783345119845044,0.3784583070660913,1,interior
0.056942399698886564,0.3475328252921899,1,interior
0.1715367068496976,0.3879873245462871,1,interior
0.0713184614352737,0.36291600742034436,1,interior
0.13132452779597842,0.3941746317844092,1,interior
0.15138554840260796,0.3889762236940559,1,interior
0.159165808461356,0.38936650622853486,1,interior
0.05588682507774178,0.34547651178333333,1,interior
0.06897335235907048,0.3625391766286361,1,interior
0.051456511840939884,0.3293539553772853,1,interior
0.03706469900982703,0.3109686625072799,1,interior
0.07776517572610175,0.35821261315895286,1,interior
0.08953648020312388,0.3766277309663519,1,interior
0.03888560446277959,0.3052294916301692,1,interior
0.03552705316358827,0.3087972441569859,1,interior
0.045668813526555774,0.33228531824485213,1,interior
0.10570839383370234,0.389655957455398,1,interior
0.12804263293929705,0.39680939175894875,1,interior
0.06263282839654472,0.35236490244708496,1,interior
0.1368425246794094,0.3932174921295621,1,interior
0.04987672297917583,0.33073742532467393,1,interior
0.03326293496163677,0.31044439206816277,1,interior
0.15161003731328826,0.3872873314693786,1,interior
0.038697824442037176,0.3147641381115112,1,interior
0.11099287876478446,0.3951921017420138,1,interior
0.11934546257151896,0.39781586684404385,1,interior
0.09902689875968672,0.38281641680891704,1,interior
0.12395708549169164,0.3965885890439784,1,interior
0.10006012324863078,0.3848369784610047,1,interior
0.09484453362137589,0.3811596658940454,1,interior
0.1631881790280865,0.3888338973802479,1,interior
0.17287880847079612,0.39036174018569236,1,interior
0.037286580113546804,0.3159392523552261,1,interior
0.05077533374448691,0.33234004449071275,1,interior
0.08761220807495558,0.3742414959926873,1,interior
0.16206852249372689,0.3904698136912901,1,interior
0.14562401823301624,0.3917344173940766,1,interior
0.0424787536823355,0.320871271480109,1,interior
0.07377442764879603,0.3646636728919577,1,interior
0.04528144625902756,0.3232193043821379,1,interior
0.13296954917462803,0.39417060286707734,1,interior
0.06453981625303684,0.3566955219919278,1,interior
0.03500708803887942,0.3156379620533057,1,interior
0.1306606611046088,0.39704313397808694,1,interior
0.1146089751036185,0.4001556079815618,1,interior
0.02706190984383012,0.3049373235510362,1,interior
0.10169186076289885,0.3847547628260747,1,interior
0.019532198951963748,0.28734861118825483,1,interior
0.039694034630189,0.3088763712065655,1,interior
0.03509829730546146,0.3111218659953255,1,interior
0.08557061568532343,0.37360781458525044,1,interior
0.046370456369050725,0.3422191735523172,1,interior
0.07534518970288044,0.36867316340446216,1,interior
0.13468139824489803,0.39497272674418954,1,interior
0.10269802685678701,0.3860085750348058,1,interior
0.061952475047391105,0.3579519595066169,1,interior
0.11046421704767911,0.39309002791850367,1,interior
0.0819418864580571,0.36774730375528564,1,interior
0.17309808415840505,0.3883995920545664,1,interior
0.030582750210142506,0.30837885373825624,1,interior
0.14206864111646608,0.38870216526800433,1,interior
0.044143610413484365,0.3299485073138157,1,interior
0.086023758328447,0.37914497767353056,1,interior
0.07187263205670996,0.3660261336088978,1,interior
0.12173588146545536,0.4006581970777271,1,interior
0.03244205449795403,0.3119214077419679,1,interior
0.16605054657130472,0.3902632022585976,1,interior
0.12088873620716897,0.3992537976232848,1,interior
0.17523703343562397,0.38928019434489475,1,interior
0.06519679788609614,0.3599930103324458,1,interior
0.02937856508962349,0.2984166623748644,1,interior
0.0463075833420777,0.34403014992225295,1,interior
0.03672943779664361,0.30753665510730455,1,interior
0.027554341339571995,0.30198250549590755,1,interior
0.03954527158356167,0.31686615231729764,1,interior
0.04184762001352867,0.31649412186074266,1,interior
0.14754747108536007,0.3925997298082478,1,interior
0.046866499623008796,0.3457277325459553,1,interior
0.13331344250278854,0.3843930633758277,1,interior
0.13718979837016065,0.3947540314148821,1,interior
0.04025281791626818,0.3147354571423714,1,interior
0.04435634778045754,0.3177253695699864,1,interior
0.049639341258537646,0.3250066565330858,1,interior
0.04809212755861434,0.3390385593995429,1,interior
0.04612836124745261,0.3161132302746164,1,interior
0.030547870657365424,0.31111517808544614,1,interior
0.08763628467340209,0.3764359866684675,1,interior
0.16686425936646027,0.39224593839908567,1,interior
0.04681082946933386,0.3302530519316623,1,interior
0.12419027504438916,0.389479917265588,1,interior
0.13341897063482056,0.39609702193260765,1,interior
0.06794944861847654,0.36389724651611777,1,interior
0.028674654360621023,0.29665270618071105,1,interior
0.041656437589875736,0.3124680371270064,1,interior
0.05201493293153334,0.34580725530683915,1,interior
0.1517991726625156,0.3905264526852012,1,interior
0.1465399269716114,0.39043847189554015,1,interior
0.1129744550456507,0.39858719222297834,1,interior
0.055055610997319204,0.3471480928644593,1,interior
0.03600710306364434,0.31786271276740885,1,interior
0.1564517689733566,0.3909805532114728,1,interior
0.14242053335118393,0.3907467078704409,1,interior
0.1402772682242891,0.3933491053938513,1,interior
0.13825403158703506,0.38889381773038273,1,interior
0.1266435973741288,0.3989467194499474,1,interior
0.1551030859838896,0.3920739616088034,1,interior
0.12231677013259995,0.39608062182749826,1,interior
0.061322794956253604,0.3548365320430801,1,interior
0.07035508825242145,0.3643302298378606,1,interior
0.16097695708261858,0.38930805117055217,1,interior
0.04879129501228917,0.3444675813930003,1,interior
0.13174893865930343,0.39567580076057884,1,interior
0.06092846814357329,0.35020613805358425,1,interior
0.047073462001689076,0.3241921291428387,1,interior
0.04978564944156273,0.3472252143408757,1,interior
0.0452757993404633,0.3147970292002801,1,interior
0.11309617205085631,0.39533401118996647,1,interior
0.07962555220552495,0.36842842780972324,1,interior
0.042733174177014784,0.32286583216196096,1,interior
0.13459364374347793,0.3977636782501979,1,interior
0.06955483479870235,0.36568635936073157,1,interior
0.03370870849068133,0.3089389776652005,1,interior
0.15695965443031468,0.3925040459364832,1,interior
0.1147752107604345,0.398339058937539,1,interior
0.055882865867672715,0.34912767797705313,1,interior
0.15899625831231298,0.39148883679171165,1,interior
0.02087331994286547,0.28614431703577636,1,interior
0.03110852017208271,0.3128315032953743,1,interior
0.1500759288193368,0.3926358247694773,1,interior
0.026345721675118294,0.2829885411106094,1,interior
0.03825544162229529,0.309700934799863,1,interior
0.07750818939839918,0.36838021467615395,1,interior
0.12952166084836214,0.39955820934540925,1,interior
0.0737519083619606,0.36765770436981743,1,interior
0.16841515691192013,0.39176155702866655,1,interior
0.051532145439028496,0.347556968165469,1,interior
0.06109674277724083,0.3533080477167184,1,interior
0.0653899636137413,0.3636297312345664,1,interior
0.025532174434243955,0.30414042393566043,1,interior
0.1669442495586041,0.3940986028097169,1,interior
0.07072860345236374,0.3670776308351851,1,interior
0.025511958138880922,0.2927564509556125,1,interior
0.04821579427942984,0.32585793892839043,1,interior
0.017133313521562193,0.28807670765303023,1,interior
0.08073075570892059,0.3666384222056948,1,interior
0.1124550722982368,0.3970256259595721,1,interior
0.06346652249751472,0.36050727316918507,1,interior
0.16080978598499587,0.3933516071128297,1,interior
0.05904018446883721,0.34958937824919095,1,interior
0.1165825382629722,0.3964741206555784,1,interior
0.17033150157501525,0.39108163258642975,1,interior
0.06506132497441876,0.36171919626876664,1,interior
0.1312650983640252,0.3988865315585697,1,interior
0.11927680415119882,0.4003591722995076,1,interior
0.17615776432101696,0.38781105055372894,1,boundary
0.11039638318710329,0.39809188235873294,1,interior
0.02068680475978856,0.2887509534493998,1,interior
0.15222000842377367,0.3924700287640896,1,interior
0.018168575165824753,0.28552938809939277,1,interior
0.13657605712987186,0.396147516766122,1,interior
0.1651587974743546,0.3925057611232577,1,interior
0.13237989481388687,0.39774968609650196,1,interior
0.1444439994435452,0.3904113626707748,1,interior
0.10264335051481224,0.388955944198343,1,interior
0.1709800000821043,0.3896527677460485,1,interior
0.09700286607867369,0.38369955934839106,1,interior
0.11806273221886324,0.3990546508920784,1,interior
0.17076491134637145,0.3925967831839247,1,interior
0.1231824217571196,0.39995725616248573,1,interior
0.0159704432760406,0.2867120493556897,1,boundary
0.02729720152024769,0.29799231523690545,1,interior
0.02585820749112624,0.29125398496525473,1,interior
0.018277171603866132,0.2892629160218006,1,interior
0.026050622352612365,0.3024262358601189,1,interior
0.08201256754385,0.3707091341766364,1,interior
0.14185553135397258,0.3939029318153777,1,interior
0.1107939475851759,0.38988804260199694,1,interior
0.049701040056388535,0.34968949710064084,1,interior
0.11277291825394616,0.40123215125461836,1,interior
0.0394004962379519,0.319723715997074,1,interior
0.06338135421783878,0.36238297241068324,1,interior
0.1183310456704432,0.40205725608542253,1,interior
0.08138531458242483,0.369242236514237,1,interior
0.04417283481086557,0.33934980730806735,1,interior
0.14750989013713284,0.3953967240601937,1,interior
0.026418601953271423,0.29631708740531315,1,interior
0.04803661060353831,0.34706211622137473,1,interior
0.16860096146268336,0.3946193707642166,1,interior
0.05428107548077512,0.3502357700812023,1,interior
0.13881548825595133,0.39634444115551914,1,interior
0.17185863734404364,0.39380220518900116,1,interior
0.025391347786285243,0.30605214844022355,1,interior
0.15366358360108615,0.39355796636550544,1,interior
0.06683762089052989,0.36617747334129536,1,interior
0.16693449420165316,0.3962057075412517,1,interior
0.15264855915922382,0.3947368814583821,1,interior
0.05338419613060015,0.3477636937761841,1,interior
0.06963772917927141,0.36834036796885533,1,interior
0.04241340294190066,0.31492062697715567,1,interior
0.07589978315629589,0.3704469063600163,1,interior
0.059021405476265075,0.35123881436259957,1,interior
0.05607050666224403,0.3518455674567722,1,interior
0.05891682707068017,0.3548883572700417,1,interior
0.03384980402234106,0.3131194863674067,1,interior
0.07124512397347323,0.36926892284332447,1,interior
0.023069738547000722,0.2910137123741764,1,interior
0.10948120823238715,0.39497957415982543,1,interior
0.022020677478134857,0.2894856614748145,1,interior
0.035828960141609925,0.31427248485996795,1,interior
0.02592725388556277,0.29453282522849616,1,interior
0.026321893489092103,0.3004411050504511,1,interior
0.07849576587133582,0.3702148923308204,1,interior
0.15014960334833713,0.39419446956704285,1,interior
0.04819195929847891,0.3370409739790437,1,interior
0.10746520947463759,0.3951729993655758,1,interior
0.12543735530998562,0.40054164850096535,1,interior
0.047518014614903806,0.34892418717591506,1,interior
0.059606195964230585,0.35286958535718543,1,interior
0.06843338016788729,0.36709499343331664,1,interior
0.057482064786624605,0.3494612708940298,1,interior
0.023968934942044082,0.2930818441718316,1,interior
0.06383403662667245,0.3641384268372406,1,interior
0.027221950860913554,0.3112243781726137,1,interior
0.024701577633271927,0.30859204546562585,1,interior
0.15831518247953796,0.3951456036863011,1,interior
0.04291348887088308,0.327943000135921,1,interior
0.14844044963515451,0.3939779498148866,1,interior
0.17487230961009204,0.3921963883600414,1,interior
0.13233928891248095,0.40014524592320927,1,interior
0.08057423086330981,0.37123809022594373,1,interior
0.04543375945599537,0.32515323904130367,1,interior
0.06159182323206624,0.34330038333682783,1,interior
0.02415988958338261,0.29542244735345946,1,interior
0.0943215258983284,0.3827192049221354,1,interior
0.04463638791783898,0.32172504331264484,1,interior
0.15692326779219287,0.39436462671710587,1,interior
0.05208456957552625,0.3499137454130452,1,interior
0.07304401565173313,0.3693996815815596,1,interior
0.15115081302491518,0.3972401301384816,1,interior
0.12800672157814835,0.40111463935461344,1,interior
0.13378819635083314,0.39941020858547094,1,interior
0.04244145739798485,0.3246559525284885,1,interior
0.16060121602305796,0.3911523687547156,1,interior
0.11707145660640245,0.4034160043926978,1,interior
0.1421485270353702,0.3955846610471496,1,interior
0.17126236848549295,0.39529619828288226,1,interior
0.13992796280609585,0.39489377479439386,1,interior
0.16725791318867225,0.3990290315965912,1,interior
0.14487807103716382,0.3932577457011826,1,interior
0.12937417300451579,0.39787193203064203,1,interior
0.08796537832997443,0.38106306623215236,1,interior
0.16342821128857593,0.3925267135397584,1,interior
0.034275008166232766,0.31848303696999714,1,interior
0.05047088339831181,0.3513483863745238,1,interior
0.023688084272855767,0.3121260987324764,1,interior
0.07389856336969097,0.37128807879913195,1,interior
0.02529027123917888,0.29751523230250193,1,interior
0.02435011750266818,0.31358363848862275,1,interior
0.04696338584035994,0.31786834920805795,1,interior
0.06139872779114568,0.3564998081531421,1,interior
0.046806890208049214,0.3275911154477598,1,interior
0.1463027592651767,0.3940440364242423,1,interior
0.08967151454610474,0.38148408260469585,1,interior
0.12367862253103504,0.40160785690282447,1,interior
0.1489742629758776,0.39585077333275515,1,interior
0.01841608658678973,0.2922170197898429,1,interior
0.023332167698184737,0.3041785975754391,1,interior
0.12047606790064688,0.4016536233170671,1,interior
0.08543415665790999,0.3768159766899676,1,interior
0.16528538660059683,0.3951204163055462,1,interior
0.029176883538188602,0.31252167687242677,1,interior
0.025878506506625328,0.3122325633366475,1,interior
0.022662570553016115,0.30237300745375373,1,interior
0.12421429072335492,0.4041327445223245,1,interior
0.10414847403124922,0.3905455886265599,1,interior
0.09310166487994265,0.38120670186443467,1,interior
0.04068690590859471,0.32138368643245446,1,interior
0.0687336981217361,0.36984497160059326,1,interior
0.045292251825349274,0.3482738894608685,1,interior
0.13292187927915217,0.40276540512527714,1,interior
0.05379590117470144,0.34583328934501695,1,interior
0.020284259532973158,0.2902774427329897,1,interior
0.1402326231944507,0.39772681410816846,1,interior
0.06138920582305912,0.3625095608351839,1,interior
0.04499113356616711,0.3281517379305743,1,interior
0.042362856216694125,0.32643973279736116,1,interior
0.1780952694509905,0.38924626287989766,1,boundary
0.02518013585211799,0.29930463920341366,1,interior
0.016435876068125892,0.29065011654722744,1,interior
0.0914618198638501,0.3757105820583568,1,interior
0.02388149569559312,0.30114221108256173,1,interior
0.14437953195789127,0.3957020829179472,1,interior
0.06450933796710084,0.3663600469244793,1,interior
0.022212088395874182,0.29688155970456076,1,interior
0.03681131282285145,0.31946734486612577,1,interior
0.027191327087013956,0.3137417229486539,1,interior
0.16836052543471616,0.3979363736475168,1,interior
0.16037289893323398,0.3967902460876894,1,interior
0.16976400510489248,0.3958610069821921,1,interior
0.13483775253318267,0.3829068512924013,1,interior
0.021423378863593072,0.2916245395691794,1,interior
0.03222574152454699,0.31523162298276175,1,interior
0.04267166837567968,0.3313732695543605,1,interior
0.024214791680690007,0.2898596881029107,1,interior
0.10427371974153139,0.3850755692256027,1,interior
0.04772369277961213,0.3505210890705665,1,interior
0.09563834816082631,0.3849193494427315,1,interior
0.028162760740315013,0.2993784005668348,1,interior
0.10328087449451401,0.39194695058503404,1,interior
0.15360135832864272,0.39639477594453076,1,interior
0.10800138153597774,0.3897576532055672,1,interior
0.04165384590029412,0.33012923720934423,1,interior
0.03788297312518814,0.3179774367306778,1,interior
0.1435293935902933,0.3921371550242378,1,interior
0.059128206670553574,0.35695027922474426,1,interior
0.023860476460968005,0.3155010752342797,1,interior
0.029759903161303218,0.3140303406551052,1,interior
0.09794123078642936,0.3860195614787158,1,interior
0.16490447174097853,0.39808963919505,1,interior
0.022487135254046473,0.3064084448786534,1,interior
0.06309390625868219,0.3654870477329268,1,interior
0.040660076950000325,0.32436630909857944,1,interior
0.1698827493886522,0.39869021001698474,1,interior
0.057778869354312014,0.3532260521706031,1,interior
0.14311612740977397,0.39867764972330055,1,interior
0.10742551914544668,0.39243687795020515,1,interior
0.01680190378197689,0.28415510704595387,1,boundary
0.158667263274328,0.3929835272268432,1,interior
0.11738295244868885,0.40072929968332655,1,interior
0.1091529311980773,0.39133741378475434,1,interior
0.17016827764618445,0.40033997133657473,1,interior
0.1117348587881743,0.4000045924453144,1,interior
0.14284931031218961,0.40141626903567146,1,interior
0.10087669378294653,0.3909647539159701,1,interior
0.022911468618151076,0.2984552478274896,1,interior
0.14663290493042516,0.37788816893361665,1,interior
0.04092350249188266,0.3284291171071429,1,interior
0.02124780450779088,0.31200931907284796,1,interior
0.11159793128085656,0.39206762246660803,1,interior
0.03974295679116195,0.3260168560572571,1,interior
0.11432612131276026,0.4016490886220841,1,interior
0.1059908226324525,0.3929467956442987,1,interior
0.05431686132783097,0.35205309251054057,1,interior
0.07013008057735971,0.37171145811945355,1,interior
0.09964898890166206,0.3918817509458946,1,interior
0.09920506543100036,0.38730143269361883,1,interior
0.17249138168823563,0.3922291129778826,1,interior
0.06077799376183535,0.36669074230381027,1,interior
0.08614626573090019,0.3752674434396227,1,interior
0.15649093394140762,0.3973394430233618,1,interior
0.04801998398430688,0.32929775933550226,1,interior
0.03417242785297057,0.31694795011668764,1,interior
0.0555471044946493,0.35384704514648796,1,interior
0.1674128848155903,0.40056994944212465,1,interior
0.08219641128755031,0.372259553838326,1,interior
0.07910092968449037,0.3726052868050516,1,interior
0.0464690111685839,0.33827404352107754,1,interior
0.14809390908753664,0.39735760075281007,1,interior
0.019481039467390333,0.2979166076681895,1,interior
0.15498882231247224,0.39771240798926516,1,interior
0.11218563798191819,0.4026397138313016,1,interior
0.02244361898321779,0.30012461820235803,1,interior
0.13700503281404772,0.39779135392995113,1,interior
0.05203060129543145,0.35282660449501785,1,interior
0.08334735194916239,0.37642417431752634,1,interior
0.08674462953168571,0.3827000897910406,1,interior
0.0315944759687878,0.3181889233603423,1,interior
0.05402032853591337,0.35362099745237024,1,interior
0.10152895888184041,0.3930948766246419,1,interior
0.020874018526253785,0.3103242597253134,1,interior
0.04389291910042595,0.32585739721396145,1,interior
0.020703696429099146,0.2990060902378686,1,interior
0.03824503520122604,0.3223692805446518,1,interior
0.115743785591112,0.40543945670722603,1,interior
0.07534627699232693,0.37289252280657204,1,interior
0.06483957951443697,0.3682769796354001,1,interior
0.036921712112669904,0.32452535541515776,1,interior
0.137379704823298,0.39929867378569883,1,interior
0.08092648047168037,0.37718504505779404,1,interior
0.06239536468684472,0.36801571950000567,1,interior
0.08074654011905924,0.37284560950212586,1,interior
0.11004477479445143,0.4017695800689225,1,interior
0.10838518784847216,0.39644796206434246,1,interior
0.02034424972441989,0.29299264729763563,1,interior
0.06020261170865597,0.3594389708029005,1,interior
0.16731585782751035,0.40357507729278785,1,interior
0.10835547865384781,0.3938209494894118,1,interior
0.026931767189919166,0.3161156396191761,1,interior
0.024527776239711266,0.30256217341181807,1,interior
0.13533678044028313,0.4020119693309677,1,interior
0.10441974907825695,0.39353011071315935,1,interior
0.10518605045975235,0.3950730753203028,1,interior
0.01923682266670193,0.31235851405486165,1,interior
0.15518358403506405,0.39416859092522766,1,interior
0.044645637188496144,0.341979141084333,1,interior
0.04044366199760563,0.3326937554577403,1,interior
0.03830264076083213,0.32815313203368907,1,interior
0.08573636479506172,0.38420642240749553,1,interior
0.10831532016789198,0.39888821575787325,1,interior
0.09137340389271045,0.3812861613901922,1,interior
0.056142194027285104,0.3569104083178321,1,interior
0.09288040103759107,0.3833093050631548,1,interior
0.07156494920312814,0.371127806193957,1,interior
0.13525946400696892,0.40033633018613135,1,interior
0.11752851736806874,0.40571907958071185,1,interior
0.052995798031718236,0.35124791945002815,1,interior
0.12189660293299916,0.4025752640548722,1,interior
0.10646887312016502,0.4008783272015527,1,interior
0.017768943038971995,0.29900833620128886,1,interior
0.08353969207303796,0.37379268970505164,1,interior
0.14066960196688913,0.40119103553580304,1,interior
0.1190689841319495,0.4036662401317806,1,interior
0.15068283859594805,0.3957650268571692,1,interior
0.1008194004309231,0.38655694321576395,1,interior
0.02194973895086324,0.29311095084028677,1,interior
0.16642402483863436,0.3976681283683988,1,interior
0.09785870865842812,0.39141678778900973,1,interior
0.03784208830255122,0.32574912908463266,1,interior
0.03575474299156226,0.3273055102422804,1,interior
0.15755438085615647,0.4000611124354523,1,interior
0.08515717989747737,0.3718844879717972,1,interior
0.03483112115678877,0.32603160326232433,1,interior
0.07827432783056139,0.3743893095487449,1,interior
0.1339457592077422,0.4013997042257862,1,interior
0.03534851990169532,0.3215719646147668,1,interior
0.16318260030769055,0.39462619993894504,1,interior
0.16484864704157742,0.39996687495401384,1,interior
0.0394690219360171,0.3310365055156467,1,interior
0.028508574978657372,0.3152637687150802,1,interior
0.10108243336419588,0.3888193742809607,1,interior
0.06171869906556138,0.36068032551927015,1,interior
0.15469063184950743,0.39965868244352065,1,interior
0.02128523414867446,0.3085873975682881,1,interior
0.13124717662742635,0.40148693261025103,1,interior
0.1715501558426989,0.4013268713184443,1,interior
0.14126784846557378,0.39972868448990617,1,interior
0.11926554084264421,0.40517976026048214,1,interior
0.038279891212376654,0.32993122077747844,1,interior
0.04591235818433673,0.33588750584081734,1,interior
0.13825625307059167,0.3908337884264965,1,interior
0.12181172386518134,0.40468502789422295,1,interior
0.08372739635466565,0.38531759176676605,1,interior
0.06736032503027861,0.3688087850327379,1,interior
0.1255075757503027,0.4030944504183749,1,interior
0.10670631209940161,0.39741352365017796,1,interior
0.1456705048037683,0.39746920047096196,1,interior
0.02945440074585667,0.31681596569283965,1,interior
0.06774371081574622,0.37169773545373463,1,interior
0.1445381926010875,0.4028740241889442,1,interior
0.03350865539620682,0.32006008818694653,1,interior
0.10433343648294993,0.3995200382525531,1,interior
0.05818247146846509,0.3584728630960236,1,interior
0.053722636493736375,0.3557216067691025,1,interior
0.17702564232229473,0.39345966214268463,1,interior
0.14523860960817045,0.4002755107190877,1,interior
0.15963384010537027,0.39434943982281334,1,interior
0.16811113974998235,0.4050356919604661,1,interior
0.14986772585009261,0.39806291700537444,1,interior
0.10586232309029853,0.3986829883433982,1,interior
0.15848946748770829,0.3984804544381565,1,interior
0.15628524618441192,0.4024308893296891,1,interior
0.11747564447008241,0.40725836005587673,1,interior
0.02310464374614217,0.3089796647205874,1,interior
0.048958946691861044,0.35242321204733335,1,interior
0.01962085810077715,0.3075467387281032,1,interior
0.0457437524180854,0.334160297959736,1,interior
0.1767890538848674,0.3900475406878517,1,interior
0.1589671405771184,0.40138131344273875,1,interior
0.16257939889856166,0.39971421741689367,1,interior
0.1723870447901602,0.3992438933208812,1,interior
0.03938117294045976,0.32350112270094766,1,interior
0.13971160033996557,0.3996471511946074,1,interior
0.020185726069285516,0.30303917374500844,1,interior
0.04486831959701778,0.34455245895121644,1,interior
0.16919654609690937,0.4023016226249105,1,interior
0.16590243461904985,0.40162702932105265,1,interior
0.16446937521534324,0.38471057459619745,1,interior
0.17375563012111991,0.3949712317301784,1,interior
0.11605514645782,0.40227419904272427,1,interior
0.09935409645533778,0.3903887902547573,1,interior
0.059662805887650217,0.360981957559507,1,interior
0.17423037556073595,0.3971456212032669,1,interior
0.17486572661994634,0.3991263893054145,1,interior
0.15495133948932407,0.40132679456512155,1,interior
0.03374307209109025,0.3147095654676836,1,interior
0.1161163619374815,0.39985186354665075,1,interior
0.15081556093394116,0.3999863541589363,1,interior
0.04551529716720597,0.35067260329419675,1,interior
0.11011552724958579,0.3964656086855507,1,interior
0.0725176261196618,0.37345102697520105,1,interior
0.0772410178798298,0.37156287245751884,1,interior
0.0573168976781999,0.35583722122888084,1,interior
0.04339633632551618,0.33338191696230635,1,interior
0.1386008697140181,0.3979109070833465,1,interior
0.07042458693334273,0.3739205639288911,1,interior
0.1532720566510814,0.40167457685187824,1,interior
0.1270176575180125,0.40240490232432824,1,interior
0.12938309898068293,0.4018142977107641,1,interior
0.0663743768292939,0.36998228120451426,1,interior
0.12016374801453349,0.40720706509612564,1,interior
0.1033930029279094,0.39754314757560305,1,interior
0.12417390270938551,0.40574421579550696,1,interior
0.0353053491353232,0.323295387695729,1,interior
0.021945730800930836,0.2948543157279513,1,interior
0.07694633397989149,0.3732753828328164,1,interior
0.10129143789601211,0.39461422511930455,1,interior
0.03305210604807243,0.3251995843070823,1,interior
0.17224080993685026,0.39704629520348683,1,interior
0.09333815422816848,0.3853702846833429,1,interior
0.13901936595868136,0.403181653150562,1,interior
0.09125629181612482,0.3839874962805372,1,interior
0.04454333088483627,0.33777329446113186,1,interior
0.07714812680459956,0.3763037684018431,1,interior
0.1029647441921648,0.4002426020743047,1,interior
0.03061487184391219,0.31555885316181315,1,interior
0.13908381219396793,0.4012196712870788,1,interior
0.016028813933999686,0.2931850254472699,1,interior
0.017979745418190855,0.3106776643931559,1,interior
0.04351957858897237,0.34912927683583483,1,interior
0.04320779751052851,0.33506970820678106,1,interior
0.17052300857604977,0.39721721744730043,1,interior
0.050198625335122066,0.3551692565955806,1,interior
0.17253838680985595,0.4029377697151727,1,interior
0.019089998876400185,0.2947335060122951,1,interior
0.09053521850929493,0.3857853259938717,1,interior
0.041227698228852465,0.3341954632862458,1,interior
0.15762530810718103,0.4042605151622759,1,interior
0.10257995466375319,0.39550653336479596,1,interior
0.16367543669492057,0.40188754278491806,1,interior
0.10656766269683711,0.3909785758919892,1,interior
0.07967512486104121,0.37553707719849644,1,interior
0.11076264964516525,0.40417066436827065,1,interior
0.03672773715447978,0.32964526015085677,1,interior
0.12689215511683052,0.40406318736222074,1,interior
0.09951027333741676,0.3934955540198739,1,interior
0.17715676115895954,0.39179319583686784,1,interior
0.03350849873843012,0.322845799321579,1,interior
0.10802748397072193,0.4017362901206583,1,interior
0.020097206008009807,0.29624349175104103,1,interior
0.12783201997691396,0.405299528196244,1,interior
0.06906901225577186,0.3730378297642862,1,interior
0.16242615354580342,0.3965301753996404,1,interior
0.045330282895726916,0.3464144332229652,1,interior
0.15317662966363996,0.3981035611856963,1,interior
0.14521693712144199,0.40480923968982,1,interior
0.1089870615268869,0.4039213997727923,1,interior
0.10692975608049285,0.4049810722047102,1,interior
0.1470613597613855,0.4005323924625929,1,interior
0.15453943146443325,0.40386320742429466,1,interior
0.12588181314346047,0.4060675074787144,1,interior
0.03265437334896983,0.3170174797870153,1,interior
0.10753643269963004,0.4031942500155545,1,interior
0.10963980659526217,0.3999571736561611,1,interior
0.05811402053061784,0.36113896490433156,1,interior
0.1413133843998768,0.402638738404741,1,interior
0.024026375253544695,0.3071801671882113,1,interior
0.16008285164615207,0.3993940662814088,1,interior
0.015454363346602894,0.28815588133231806,1,interior
0.03425117215837917,0.3287269596279689,1,interior
0.060732557606618505,0.3691152358573558,1,interior
0.037213332861621914,0.32124788804259385,1,interior
0.07632253806930242,0.3747352687765965,1,interior
0.10464401075608357,0.4012905692747102,1,interior
0.01926372831713359,0.30984844101031483,1,interior
0.06357345040628208,0.37064565412705336,1,interior
0.11903100434588378,0.4085196440566693,1,interior
0.06183183861796083,0.37037912616620383,1,interior
0.12304161311083688,0.40740066104223505,1,interior
0.10098230320949227,0.4017806058903383,1,interior
0.15265931125477894,0.4033223270448634,1,interior
0.17989438575966782,0.39246852852907677,1,interior
0.02045853778565714,0.30092009869039066,1,interior
0.09709140535972935,0.3934338897256534,1,interior
0.04320180486902249,0.3524967823047376,1,interior
0.13087139642606402,0.40371075068153944,1,interior
0.013993000620841297,0.2900739146539476,1,boundary
0.07512781390825708,0.3756766230512854,1,interior
0.1353936991887879,0.40359939197666234,1,interior
0.15586013292375583,0.4046689866153152,1,interior
0.017909963038648172,0.3013597984091862,1,interior
0.127352564882784,0.4069446745658423,1,interior
0.052055097345664166,0.3550068003281144,1,interior
0.021325797763100236,0.313634012012554,1,interior
0.07877980862353634,0.3774836191317607,1,interior
0.1053757947403456,0.40319481263424695,1,interior
0.06588015987388302,0.3720128523105365,1,interior
0.017690845576490387,0.31331204852241085,1,interior
0.09748107575163223,0.3878043018102202,1,interior
0.17558201927329237,0.40125698764513273,1,interior
0.03127098120979607,0.3261616555205532,1,interior
0.07421560591701666,0.3776663570926995,1,interior
0.09684701679593286,0.38969218638922964,1,interior
0.018823811873366746,0.3149689425985314,1,interior
0.10144959269041967,0.39914322043135037,1,interior
0.1353151501445641,0.40566739046141315,1,interior
0.17338931177751504,0.40503312057410173,1,interior
0.1488270304806909,0.4008767344656329,1,interior
0.10992770070487864,0.4054650230106412,1,interior
0.09508671975275439,0.3902371636175325,1,interior
0.13309965022030124,0.40431026065250175,1,interior
0.12849269890213647,0.4035975219676204,1,interior
0.09602459850745881,0.38730075818739296,1,interior
0.13723059921563266,0.401966411070625,1,interior
0.14717719485131261,0.3986896323282402,1,interior
0.11179196215663624,0.40537287740747274,1,interior
0.027836100351132695,0.3174382199808337,1,interior
0.15237510375911165,0.4002003690179023,1,interior
0.0451546418765685,0.3527541781347692,1,interior
0.013524173415791822,0.2925255984605656,1,boundary
0.10784097347613486,0.4064094319024846,1,interior
0.1051270265456162,0.40594602822640746,1,interior
0.17389135742476308,0.4005512834378756,1,interior
0.0674935648024245,0.37413355582518243,1,interior
0.07046549081119978,0.37546511307952546,1,interior
0.13576787351799668,0.3987723381406851,1,interior
0.08336565886467395,0.3831031021047728,1,interior
0.09488342108863661,0.38843623232808155,1,interior
0.039379464693903826,0.33379645885896997,1,interior
0.13722262516580574,0.4042281513209699,1,interior
0.11335438758002636,0.4038416205608482,1,interior
0.16056437490700684,0.40194558380494394,1,interior
0.05984096188942498,0.370410091609514,1,interior
0.1700642926926061,0.3940819330056983,1,interior
0.16152480895982474,0.39812004917474986,1,interior
0.05296173431428316,0.35741817555617356,1,interior
0.14593721712764174,0.39585556679028566,1,interior
0.05615726600959922,0.363091817416286,1,interior
0.033339459179614124,0.3268384624893536,1,interior
0.1641697786429792,0.3962541351278469,1,interior
0.031107395450206313,0.32360354607138836,1,interior
0.056389095092603106,0.3584658182083052,1,interior
0.04347565397734376,0.34671011095689225,1,interior
0.10920652690835424,0.40896261725078914,1,interior
0.0516936583674668,0.35648716879451253,1,interior
0.0857901194275691,0.38075798344903655,1,interior
0.10238825602456358,0.40694344120494397,1,interior
0.09526553511957349,0.39196038708161446,1,interior
0.04713111314640936,0.35252744917059703,1,interior
0.10040407646358761,0.39700883417075283,1,interior
0.0887940411258622,0.3853299164259451,1,interior
0.1743248285131506,0.4036967899369928,1,interior
0.01648469359699466,0.3084540465081477,1,interior
0.12595297580051512,0.4088950489656447,1,interior
0.13371745585159012,0.4058674735093321,1,interior
0.08826793305954003,0.3827566983345765,1,interior
0.11389233386243461,0.4070203275316534,1,interior
0.0852753981331817,0.3864725375354065,1,interior
0.04059474178922447,0.3484435199143026,1,interior
0.10280966840866346,0.3939631301883377,1,interior
0.08110354461345577,0.3789685933591878,1,interior
0.08285330031971186,0.3780849600844753,1,interior
0.07596197579269912,0.3786394821424801,1,interior
0.09852573461110378,0.3890352123042147,1,interior
0.15898940443538642,0.405945088643571,1,interior
0.01996478127291831,0.30492809661063214,1,interior
0.06903383726038546,0.37481043450905327,1,interior
0.10615373510123224,0.4074704817692562,1,interior
0.0272632172912187,0.3189300850907896,1,interior
0.04152979347993401,0.3469065116359445,1,interior
0.07332316855904354,0.37537650123736854,1,interior
0.061177186702760705,0.3724335804834862,1,interior
0.09839372171860253,0.39857696868169673,1,interior
0.09584509007050215,0.39439436646531967,1,interior
0.08729262679925892,0.3842877900445578,1,interior
0.0595004958235375,0.36342509414272167,1,interior
0.1561294791549596,0.3989102625948925,1,interior
0.03303971664368178,0.32986077751696974,1,interior
0.04188455729335447,0.3448755713229447,1,interior
0.03430840414916804,0.33083761560738173,1,interior
0.06860655718593046,0.3763206873215672,1,interior
0.032067109424620106,0.33152797171184206,1,interior
0.03231849572178136,0.3216637067225827,1,interior
0.0758392433512456,0.380323962430123,1,interior
0.15967686904702008,0.4084683921682436,1,interior
0.16337086914750362,0.3982621175372192,1,interior
0.03796509808364636,0.349801747336271,1,interior
0.1470897440274483,0.4044079523888121,1,interior
0.09238106160485794,0.3881033736143624,1,interior
0.15155928742264213,0.40176477665977095,1,interior
0.06135102771996124,0.3749355232520752,1,interior
0.11170667249810802,0.40752861891344117,1,interior
0.06192807047823783,0.3639484689478091,1,interior
0.05946259894481353,0.37411615197804043,1,interior
0.1149704164219243,0.4036516348157222,1,interior
0.11914949526446927,0.41051426351357523,1,interior
0.01669642719102467,0.29693543112248094,1,interior
0.10499998442582716,0.39695714728434267,1,interior
0.03196435252886632,0.3197848274995003,1,interior
0.16872203609743544,0.39967323606966504,1,interior
0.06095564741568977,0.36515489792554773,1,interior
0.15336447374434103,0.4054223867006898,1,interior
0.09302963945094846,0.38961740712707077,1,interior
0.08686423761041245,0.3870486090289916,1,interior
0.05391831167224405,0.3587448705308291,1,interior
0.10315899516585528,0.4041738463376396,1,interior
0.08180203328446056,0.37410759837554425,1,interior
0.0430485655242384,0.3429456339099224,1,interior
0.018533032114504903,0.29633683601957655,1,interior
0.018218878849550493,0.3038103935886717,1,interior
0.10261179472357067,0.4025104937345724,1,interior
0.08131192113829583,0.3856312887602103,1,interior
0.16160695054852728,0.3950726715630357,1,interior
0.08435760808030286,0.3752119638422324,1,interior
0.07404274003366113,0.37401585359400197,1,interior
0.15940651171555634,0.4038935175510704,1,interior
0.09716993981163946,0.39675644854676234,1,interior
0.052929006396649485,0.36017260018252045,1,interior
0.06694628191322613,0.3760707323273576,1,interior
0.016520399990930305,0.3122358159391842,1,interior
0.06457536857770647,0.37347620280596155,1,interior
0.04420692356786658,0.3362306975114797,1,interior
0.0929721804227057,0.39525058143357933,1,interior
0.01503196395602243,0.3106031595769862,1,interior
0.1753795344408892,0.3939651389059842,1,interior
0.042635870209266964,0.341355280783812,1,interior
0.08519036579168388,0.3825586645366602,1,interior
0.11562451690400526,0.40800293035388524,1,interior
0.08370668266652455,0.388250262675123,1,interior
0.10947931001998379,0.4070237847428379,1,interior
0.09472041935084732,0.3977227105847256,1,interior
0.07911839663982928,0.38755560530130667,1,interior
0.07786349143814775,0.3794204201881593,1,interior
0.12905715464614975,0.4081531102398852,1,interior
0.029480598965706012,0.31922322204409653,1,interior
0.019310110724258315,0.29976684206672927,1,interior
0.1461819727090342,0.40273800215546657,1,interior
0.04887805942716572,0.3570944485551101,1,interior
0.1320878499917712,0.4055224989079584,1,interior
0.09338610050930506,0.3924755461907107,1,interior
0.17605347796922657,0.39603579992322846,1,interior
0.05948725088182665,0.3678001147112925,1,interior
0.04904707422511509,0.35985525032479976,1,interior
0.16086780325648997,0.4060708582461829,1,interior
0.03183550178601299,0.3277707965992697,1,interior
0.06393422862244415,0.37499018167730513,1,interior
0.022690768289726028,0.3145184416359942,1,interior
0.18041422074276706,0.3949546835059175,1,interior
0.09212093506302155,0.3966161779464633,1,interior
0.08948756975679657,0.3836885396389514,1,interior
0.054111903471489864,0.36220359092238685,1,interior
0.1012205375063251,0.4080049570534631,1,interior
0.09822353156587453,0.39542355522839534,1,interior
0.059287871901045425,0.37186994463769085,1,interior
0.02155742517758964,0.3038540198178727,1,interior
0.025691559407457407,0.31881211606253695,1,interior
0.16283105051584282,0.40327980047555834,1,interior
0.13854141527531832,0.4060800613461608,1,interior
0.12950822341117812,0.4061573009273801,1,interior
0.051127366914789904,0.3589210891992421,1,interior
0.16222412163263436,0.4013112685262216,1,interior
0.07712353409157914,0.3823153322862669,1,interior
0.07236013286747305,0.37791981295392046,1,interior
0.15797351780472516,0.4081281646434318,1,interior
0.1763157894668822,0.3999203574314119,1,interior
0.1566685675928644,0.4066649229107621,1,interior
0.1274018402551315,0.40992708175289283,1,interior
0.08296576672382533,0.3814880473685515,1,interior
0.02545119400607852,0.3157336479220866,1,interior
0.04825728166929253,0.3537982962059043,1,interior
0.09623820994347895,0.3997642553275112,1,interior
0.08236398585944174,0.38711385531386794,1,interior
0.07085202747754638,0.3770087835503881,1,interior
0.05641089047972246,0.3607525666894942,1,interior
0.17512230891869912,0.4056071894085247,1,interior
0.05458890748170031,0.3601732933353014,1,interior
0.17169291213448756,0.4043700462064188,1,interior
0.07949997478925229,0.37996413251114647,1,interior
0.08408570592123793,0.3798455344669791,1,interior
0.08447991262616848,0.37820781189425023,1,interior
0.01315306330679902,0.29426259951506956,1,boundary
0.0943268639715525,0.3940896523815079,1,interior
0.02125373597833434,0.31602187969235285,1,interior
0.11713903909851683,0.4089904792908576,1,interior
0.05188197944759118,0.3616560337164918,1,interior
0.05302306873846654,0.3637467523375349,1,interior
0.13171272591743277,0.40725749867086175,1,interior
0.05033577409599308,0.36096195278491644,1,interior
0.05849592615359929,0.3691140007319015,1,interior
0.1489202417144083,0.3993330844338908,1,interior
0.09395365515034058,0.4005376679077357,1,interior
0.1245627880834744,0.4078787680402843,1,interior
0.13165913139142396,0.40896401427891055,1,interior
0.1647697890287512,0.40308619341731644,1,interior
0.13324800425289476,0.40982247052733645,1,interior
0.05901632232376962,0.36522513544997387,1,interior
0.030573040579904773,0.3220157164400828,1,interior
0.14299265056295338,0.4030814562847055,1,interior
0.14784771125922078,0.4023994648997971,1,interior
0.06477841010573142,0.3775425680596533,1,interior
0.02834838886592246,0.3203350197643647,1,interior
0.023361305015611938,0.31774402238477417,1,interior
0.06296907862295814,0.37327951087497785,1,interior
0.042656648101964845,0.3374456066522387,1,interior
0.17882768908551241,0.3906280678407054,1,boundary
0.02577651808021159,0.32104021212310613,1,interior
0.16981661131851575,0.405776711117112,1,interior
0.11663104790081379,0.41134527159590245,1,interior
0.017192317902216626,0.29483431568015617,1,interior
0.028763073793507996,0.32272900478231537,1,interior
0.018077794441758572,0.30741333486138683,1,interior
0.05074118583608027,0.35369993042224745,1,interior
0.015537299074605436,0.30424706691555836,1,interior
0.11341840545285269,0.4085218763868419,1,interior
0.06823333567956388,0.37921550932500886,1,interior
0.02928330042314032,0.32721253250458,1,interior
0.09178051306710516,0.4002080574983283,1,interior
0.041489400728694746,0.3498401634361774,1,interior
0.08966959904655064,0.3877632847425433,1,interior
0.0870519712207528,0.38892903521811406,1,interior
0.13439879572860075,0.40744729360155935,1,interior
0.1499863888265106,0.4025026801920641,1,interior
0.12944402794576945,0.4099127427917204,1,interior
0.15504512938984333,0.4074930903266927,1,interior
0.10782702453395016,0.4083146194374599,1,interior
0.09468018600733526,0.39599302439027667,1,interior
0.05462935755615711,0.3645565985071452,1,interior
0.04073778578195795,0.337999118548199,1,interior
0.0939220352803782,0.3871968479207424,1,interior
0.0798136301607295,0.38398961830595635,1,interior
0.1739572312982982,0.40219431296844477,1,interior
0.09188198075858965,0.3932230739887621,1,interior
0.17843491351267915,0.3942338050412436,1,interior
0.0989304021911265,0.40329858404809504,1,interior
0.05059610365281279,0.36270190837020716,1,interior
0.1587652417788286,0.396895801991615,1,interior
0.04189958371609375,0.33950604708778664,1,interior
0.05659856095318686,0.3647242914442724,1,interior
0.017422447236874965,0.3053610638452943,1,interior
0.03795893678333043,0.33195605129767036,1,interior
0.10144061108172679,0.40367483723453257,1,interior
0.09906851638068263,0.40072083691348437,1,interior
0.01522596999205492,0.29462381964151135,1,interior
0.09981268315909998,0.4094413423114098,1,interior
0.13096234540652196,0.4113470669558652,1,interior
0.17726453093546968,0.3983180123466221,1,interior
0.12925862324525356,0.4130468175068454,1,interior
0.15543399737037694,0.39600292101452494,1,interior
0.08509184810325937,0.389199478361335,1,interior
0.014982770283337712,0.2964907721917355,1,interior
0.16417214768435884,0.40603390645663195,1,interior
0.013685078704447424,0.3044362486743032,1,interior
0.03642004920019172,0.3321656044373802,1,interior
0.06342154492224597,0.37909446350161563,1,interior
0.12885300582677647,0.4113188860699016,1,interior
0.10478883166948286,0.40891959390055865,1,interior
0.15122495524221224,0.40564094872800965,1,interior
0.04048748951971881,0.3523871865747061,1,interior
0.10402505775703666,0.40753403757822737,1,interior
0.09063790488817833,0.4013974004095382,1,interior
0.029469451794079414,0.3246782913240446,1,interior
0.0805979850743994,0.38900155970474815,1,interior
0.17157961521015,0.406571419858793,1,interior
0.07899809790303963,0.38171155582614125,1,interior
0.07301460184034604,0.3794908645258786,1,interior
0.07123727966277675,0.37908150188770234,1,interior
0.04026542234872504,0.3398148239927027,1,interior
0.09298543503994097,0.3979270868439497,1,interior
0.041866280200969115,0.3514246898740965,1,interior
0.15755795914217924,0.41081083535128177,1,interior
0.16978920864034017,0.4042566379230314,1,interior
0.12081011249371647,0.4087957077642461,1,interior
0.039436981623584236,0.35113882037103716,1,interior
0.014444496743608901,0.2988633881008568,1,interior
0.058039744833023266,0.3628804997759518,1,interior
0.04644446733284569,0.35470380950179364,1,interior
0.07767837752032829,0.3882468335211191,1,interior
0.0658841106214991,0.3745631123983002,1,interior
0.07846420697587203,0.39050923594817966,1,interior
0.06970385348578795,0.37856011550352714,1,interior
0.1816816909343334,0.39337985144585325,1,boundary
0.10595723791899057,0.40995305274229776,1,interior
0.05797883463197049,0.3666523504991915,1,interior
0.1401553012549032,0.4047349116029058,1,interior
0.08177191582516291,0.38049454465868676,1,interior
0.039701309405827855,0.34380094607863193,1,interior
0.08270415430849676,0.3900199748551582,1,interior
0.029122177104327157,0.330069359188058,1,interior
0.17806892980337125,0.40505385686775625,1,interior
0.06460413541169172,0.3805188322225101,1,interior
0.04132621440599761,0.3358850935154939,1,interior
0.01519395349292883,0.31320453623137356,1,interior
0.013067045466376976,0.31092961829832916,1,interior
0.08652456544178863,0.3910150243933056,1,interior
0.1185861806119544,0.4119582097329046,1,interior
0.047236810918363986,0.35638568543180316,1,interior
0.11080333674429847,0.4088850031733686,1,interior
0.12189582937596738,0.4099581242755937,1,interior
0.02351315265001881,0.32077231045796195,1,interior
0.09200974460612851,0.39094331667527477,1,interior
0.033157874795560066,0.33287448169189476,1,interior
0.13281401567127213,0.4120288338607278,1,interior
0.015106658415379408,0.2916554134706003,1,interior
0.08994285753137252,0.38926628045572614,1,interior
0.13129969175740736,0.41332226242351877,1,interior
0.12082516052955136,0.4127906546239283,1,interior
0.12471223476942471,0.41164949483784774,1,interior
0.013600341637645005,0.3063785907744378,1,interior
0.04117684089090669,0.3422906986283898,1,interior
0.0374692094778389,0.33470302541153185,1,interior
0.0666586289687828,0.37816373769690365,1,interior
0.06283751566141886,0.3770183077615391,1,interior
0.11073357964114364,0.41095828531867407,1,interior
0.016387466783165796,0.3149832357860415,1,interior
0.0354098467563039,0.3128005873606619,1,interior
0.07932717138622254,0.3920456363509587,1,interior
0.02676003303896249,0.32827767541243824,1,interior
0.07684793507012411,0.3849036516365827,1,interior
0.05750257273961301,0.37128322340484876,1,interior
0.17885346709813207,0.3958534772392377,1,interior
0.17081054042455085,0.40272268412254686,1,interior
0.047797731546138325,0.35871028823214146,1,interior
0.11226258881088307,0.40980554537113273,1,interior
0.01656170091173057,0.3101107664040361,1,interior
0.10150480891698356,0.41181707495680625,1,interior
0.08815799022889934,0.3902969391890368,1,interior
0.013807340240582685,0.3091279817508952,1,interior
0.015551686789747953,0.306747044419182,1,interior
0.06052279674558665,0.376548983314994,1,interior
0.15614897351908433,0.41274840151938774,1,interior
0.09084557273416582,0.3988721854938359,1,interior
0.10819267699290919,0.41042070892583704,1,interior
0.16990308868111756,0.4073168491618666,1,interior
0.07005232450327538,0.3801408414593237,1,interior
0.016698267704597466,0.30248789055200037,1,interior
0.028304949118772876,0.3260295680970904,1,interior
0.15790700428159474,0.4025742492834511,1,interior
0.06723518190873,0.38105234124927073,1,interior
0.043985026964406586,0.35112904706350273,1,interior
0.03953952515570761,0.3353871831385157,1,interior
0.11934440804771325,0.413397800443182,1,interior
0.1272714226631846,0.4116127934711271,1,interior
0.044824855466013926,0.354565622804616,1,interior
0.06893529634595796,0.3816106692835891,1,interior
0.07650054191604255,0.3903790498694929,1,interior
0.03539463968987008,0.33358639113705574,1,interior
0.06420038281346069,0.3829685079838013,1,interior
0.15450155046449243,0.4114844931756944,1,interior
0.163909712865604,0.40771508728868955,1,interior
0.04370401517069531,0.3564625908937263,1,interior
0.16608443971081807,0.40740095377979885,1,interior
0.02703084207246504,0.3226641413415577,1,interior
0.06230005650430049,0.38119942239992866,1,interior
0.015504038614085608,0.30058957035696515,1,interior
0.05377549314281477,0.36582536685226225,1,interior
0.18032554834365142,0.3966664211407464,1,interior
0.16105041841319429,0.403551118500226,1,interior
0.11504780148247155,0.40948079833642703,1,interior
0.010876343724925684,0.30991698366191095,1,boundary
0.0712415921769395,0.38178963740844274,1,interior
0.03917972868948849,0.33853504920117256,1,interior
0.01253842885361725,0.3017436620389352,1,boundary
0.06514541462726077,0.379036528952653,1,interior
0.030990810862491655,0.32912518834646504,1,interior
0.027538112654807496,0.3303823718829746,1,interior
0.024829714885942714,0.32344838997560627,1,interior
0.02754355399057671,0.3245663464533496,1,interior
0.08876719305905169,0.39911277806588974,1,interior
0.021017538669817887,0.3196298540161055,1,interior
0.10231038711550967,0.41021990274898773,1,interior
0.0999413206463799,0.4063170798785139,1,interior
0.04549745089702106,0.356561973019622,1,interior
0.08105953974793527,0.38292685693621586,1,interior
0.04855020058835156,0.36149328142917736,1,interior
0.08975791252559628,0.39668535493964324,1,interior
0.05815109879707458,0.37837298156073806,1,interior
0.17612967985108668,0.40285086457925806,1,interior
0.0806864633793691,0.38726849278746633,1,interior
0.12652611256952237,0.4142765938724564,1,interior
0.09224855754593068,0.3865490485048183,1,interior
0.08438316522771987,0.3915565435222988,1,interior
0.04694704046463315,0.36052817189250835,1,interior
0.04182686223229209,0.3541552089120319,1,interior
0.02483184057875703,0.3279645395534382,1,interior
0.1358199577001169,0.4105983113384088,1,interior
0.13612883538964415,0.4082915248341944,1,interior
0.07276966853461675,0.3811862020137433,1,interior
0.07876131980103389,0.3855140766956161,1,interior
0.046496057057678244,0.3579158964977731,1,interior
0.10286204969576242,0.4087574151583577,1,interior
0.058061165539548154,0.37545535016334325,1,interior
0.16006454484320107,0.41039762373892713,1,interior
0.105649475265978,0.41151252215160616,1,interior
0.1036899311689099,0.41115545108685436,1,interior
0.167932495102433,0.40959302358739114,1,interior
0.01969291239619147,0.3170534213829668,1,interior
0.012791073509118093,0.29589549856142827,1,boundary
0.08178110458776312,0.3928962458036651,1,interior
0.08481689754785944,0.3934887971037175,1,interior
0.025060260952197603,0.32967791899570065,1,interior
0.14887571353928347,0.4037174402851403,1,interior
0.014737933927749509,0.3023674215001429,1,interior
0.16656079146061972,0.4057599671946518,1,interior
0.134421428082867,0.41271284846469036,1,interior
0.05038097040178691,0.35730983775137826,1,interior
0.041096056192407145,0.3181180693183949,1,interior
0.05762979541202468,0.37367610199204393,1,interior
0.025526481110521602,0.32576396658248896,1,interior
0.1819865819805352,0.39512199041409274,1,boundary
0.014531711617982664,0.3151135927014209,1,interior
0.011584238062971104,0.3049987307163744,1,boundary
0.07545484879972068,0.38217856053692895,1,interior
0.0827959044266172,0.39161336345248915,1,interior
0.14990078429321688,0.4067313813964054,1,interior
0.12982167079275622,0.41480401107563786,1,interior
0.010760520320180626,0.31189671467107133,1,boundary
0.13616310675386822,0.4127416417209505,1,interior
0.018391946248038044,0.31873723824668865,1,interior
0.10268233837210379,0.4135613238710067,1,interior
0.13189702702370917,0.4151205104819018,1,interior
0.09759335332849847,0.4018064458713727,1,interior
0.14623980141233783,0.4060350761748029,1,interior
0.03918298781490522,0.3532257937723873,1,interior
0.14314349156625517,0.39676467737439836,1,interior
0.012916819425043635,0.29884035010175575,1,boundary
0.03765231123682764,0.35201844493938805,1,interior
0.0781994208397719,0.38352671762424606,1,interior
0.16820243404037952,0.40770396261270164,1,interior
0.01188798200645485,0.30668523621507326,1,interior
0.10930926290322182,0.4117671207800921,1,interior
0.016942390544597067,0.3168465678074207,1,interior
0.09267747032952955,0.40191951397267783,1,interior
0.025176149949058358,0.3172898777341935,1,interior
0.04051617492300126,0.3563570696703154,1,interior
0.09577770586384644,0.4024258813686314,1,interior
0.02310127401628655,0.3312158818719898,1,interior
0.02124284032095224,0.3177739441484751,1,interior
0.1430445217906475,0.40492720564459633,1,interior
0.12176310056949928,0.406453617615555,1,interior
0.07392923037067889,0.3823143054312597,1,interior
0.08002355332589912,0.390620383739903,1,interior
0.05553300340894677,0.3660643206610506,1,interior
0.15300530602944393,0.40726979110826617,1,interior
0.11492920860766241,0.4110660726714443,1,interior
0.1802858877697049,0.39830613632297973,1,interior
0.023514224355766663,0.3224442248351065,1,interior
0.06198597162402243,0.378445309541883,1,interior
0.016143652936913597,0.2988807330964201,1,interior
0.15108696825013715,0.403987973940952,1,interior
0.03919652799738811,0.33693211689208963,1,interior
0.06125717349895162,0.3800434781091225,1,interior
0.13819378194172732,0.4103155231187841,1,interior
0.044913962887473645,0.3604377015325429,1,interior
0.0467158039841344,0.36318483318026196,1,interior
0.06073534437960078,0.38261738255793837,1,interior
0.061789696818812814,0.3852806725620442,1,interior
0.02391493684758986,0.32531976961959447,1,interior
0.17748099815929444,0.4020614601875576,1,interior
0.01950312606612896,0.3199156622171491,1,interior
0.10019005922462876,0.4048155518911528,1,interior
0.012163955239141414,0.30330713045308266,1,boundary
0.05617034370029742,0.3677253200843451,1,interior
0.17926229312143552,0.40236516794901106,1,interior
0.051130536952379416,0.3651664758488643,1,interior
0.052624224074165574,0.3668400430607961,1,interior
0.05626497833839086,0.3695662418018666,1,interior
0.14785300643382598,0.4057850396474718,1,interior
0.0448701673668399,0.35880776592772423,1,interior
0.017458809204852776,0.32038728198747224,1,interior
0.09987470581297314,0.39918429372257214,1,interior
0.12328354701014063,0.41065049947497834,1,interior
0.10745329444504695,0.4130260423684037,1,interior
0.11418957995826147,0.4132791922520323,1,interior
0.1122515159520933,0.4114830695421715,1,interior
0.04863708336710503,0.3632888851858792,1,interior
0.14798690128019332,0.4077621319375281,1,interior
0.11129914489401252,0.4130285121261842,1,interior
0.013450005351325211,0.30033606713507316,1,interior
0.14378498301915266,0.4063453851007366,1,interior
0.15195170750397569,0.41092816790530867,1,interior
0.013226601290277138,0.31285233067796475,1,interior
0.0832501138871237,0.39355946985862794,1,interior
0.08214839927652291,0.38434397967651424,1,interior
0.07467709753182276,0.3836599601969889,1,interior
0.07158879916464317,0.38404377033139986,1,interior
0.07740598207411177,0.3933798499346209,1,interior
0.055214737918083553,0.3733120676251004,1,interior
0.08951736599064951,0.39247072909184216,1,interior
0.17363901110418928,0.393380237204363,1,interior
0.09407113444253053,0.4025725036130835,1,interior
0.16944946855427656,0.409231704369841,1,interior
0.05472870490518653,0.3700849078279769,1,interior
0.03341870794053725,0.3348757345916848,1,interior
0.12813207390994857,0.416526120896614,1,interior
0.11731140857859815,0.41399162450884575,1,interior
0.060351064801592164,0.3860166334770006,1,interior
0.050982236635294116,0.36837898717384193,1,interior
0.15317035009651847,0.41300143681930923,1,interior
0.15947048243026962,0.4123465627743632,1,interior
0.1511088113571377,0.40824859433282706,1,interior
0.15367774778432136,0.409951370613719,1,interior
0.09867453147949885,0.4082692313430346,1,interior
0.05831839843068222,0.38818192661326845,1,interior
0.04957242029241509,0.36509635023186565,1,interior
0.10183908183790938,0.4052229687763985,1,interior
0.12392626525363287,0.4138102818813473,1,interior
0.08837877894242006,0.4009367492032143,1,interior
0.14482077853089795,0.40884607617817886,1,interior
0.13755696263795045,0.4120226620902395,1,interior
0.1125581146308281,0.4138812179197112,1,interior
0.17923531505225404,0.4063438982053144,1,interior
0.09711658646520181,0.4106647330596687,1,interior
0.14081953214330267,0.4067558405546593,1,interior
0.14368116844054152,0.3942869460931406,1,interior
0.17288503706924832,0.40747676481349987,1,interior
0.09801656326653091,0.4060112487000794,1,interior
0.10047729686628368,0.41406488726584467,1,interior
0.1791403808244643,0.3997350178309805,1,interior
0.13688113470197397,0.40654688265723177,1,interior
0.10927265585099621,0.414130214108746,1,interior
0.08655113597871754,0.40016768741957237,1,interior
0.1259362852152178,0.41065952356676033,1,interior
0.03880116030827782,0.3480340693707345,1,interior
0.012017550812137462,0.31401700317982834,1,interior
0.07529462892032912,0.38670034253009994,1,interior
0.08736272237091126,0.39303214459005786,1,interior
0.17632671943447834,0.4044123880792384,1,interior
0.18206408123199005,0.39993567661170226,1,interior
0.07993612158314176,0.3947105092363592,1,interior
0.1255721419386956,0.4154730606506201,1,interior
0.05819730701018726,0.3817055772583521,1,interior
0.08962261136018101,0.3942833476478813,1,interior
0.14981449175051192,0.40504482027822963,1,interior
0.050393208154941596,0.36683447725619084,1,interior
0.0394604105924061,0.34214220491170855,1,interior
0.0871798343790613,0.39877659774306873,1,interior
0.09740335765715086,0.40401749356803324,1,interior
0.06946067189936665,0.3838224400295535,1,interior
0.03965330137141098,0.34601994288381765,1,interior
0.04661414942866526,0.36523526573818765,1,interior
0.16507054516532652,0.4047687980850289,1,interior
0.022514656502992725,0.324432958735491,1,interior
0.09446484326824171,0.4053568694892147,1,interior
0.06246438530997879,0.3834382903130883,1,interior
0.08763534207234298,0.39691782148147553,1,interior
0.05593401065813353,0.37543359608120475,1,interior
0.15803134905897898,0.41393438693708684,1,interior
0.1628559265795483,0.40505647922862464,1,interior
0.10758859910793891,0.41485733518438334,1,interior
0.15211065159255396,0.4141713631323912,1,interior
0.05964507140393683,0.3804200220496474,1,interior
0.11422772907280514,0.4148372449471086,1,interior
0.1787440905962619,0.39757938246307717,1,interior
0.08861725694215117,0.3956694346464809,1,interior
0.09675225140896213,0.39826608342013414,1,interior
0.12083925931419122,0.41104885742973846,1,interior
0.09101301388750993,0.3955671346079066,1,interior
0.14681421849192183,0.408741025214474,1,interior
0.030541498976015064,0.3204688803533851,1,interior
0.18024318855005692,0.4008026050519317,1,interior
0.1494071771594226,0.41049874214496046,1,interior
0.14820929372079533,0.4093933562054055,1,interior
0.05402274450208687,0.36760755411982443,1,interior
0.12340550742880424,0.4089788111915337,1,interior
0.13809499615810972,0.40855074980154316,1,interior
0.11593051066852164,0.41273341751250175,1,interior
0.1770294539754222,0.40637592893960667,1,interior
0.017890610236170716,0.30910131589942863,1,interior
0.03776984917096727,0.34085813923140157,1,interior
0.011536705178890973,0.30825505451682045,1,boundary
0.019800205631910296,0.3240829030322163,1,interior
0.037059281828308185,0.336390423676556,1,interior
0.05969061437070281,0.3837690447359727,1,interior
0.1360759530747395,0.41429363935269414,1,interior
0.01546613256692678,0.3174545833693418,1,interior
0.05675289008672327,0.3767979631684119,1,interior
0.07422152514328398,0.38524839111447473,1,interior
0.02023537177253047,0.32193047922522006,1,interior
0.14886751939418266,0.4120774981499322,1,interior
0.18342498225371132,0.3971889872019254,1,boundary
0.14497819631159065,0.411204409468415,1,interior
0.03877279847943274,0.35642763621361495,1,interior
0.04824357013773385,0.36667505191932537,1,interior
0.0725136660910389,0.3878249479389597,1,interior
0.133653489396028,0.41533679016201824,1,interior
0.14627195757156836,0.41040045192478497,1,interior
0.1573509179711725,0.4162774905487389,1,interior
0.17011215338178604,0.41135623620353856,1,interior
0.14566452315044923,0.4074832177661393,1,interior
0.10560111093853408,0.4136611980566419,1,interior
0.02183580090332367,0.3282555683849734,1,interior
0.13430419072484884,0.4175482498992013,1,interior
0.12554359977620883,0.4130812739563047,1,interior
0.09973291024690087,0.4110898906777303,1,interior
0.11657226381450561,0.4160839557821072,1,interior
0.08504001749652298,0.3950165288574075,1,interior
0.05877843773250847,0.37695244531172206,1,interior
0.031608210028099944,0.33361683753149424,1,interior
0.1399443646240661,0.41337362073761186,1,interior
0.0601353124849084,0.3789123055226707,1,interior
0.1237668642052607,0.41549531099324283,1,interior
0.11185198652148955,0.41682135901373235,1,interior
0.035309959465126356,0.3373508305376412,1,interior
0.06519679959471975,0.3845493450548454,1,interior
0.029659972554880964,0.33158513256926514,1,interior
0.09609449537614174,0.40519180885465367,1,interior
0.017761270511773793,0.322032987015202,1,interior
0.1416379329262952,0.39709025164220463,1,interior
0.056978809400448235,0.38006703890263527,1,interior
0.08727094347917391,0.3948753356672484,1,interior
0.01029810595221204,0.31413385696912566,1,boundary
0.14696372379291459,0.4125505305013571,1,interior
0.056229421319990744,0.3783861685185339,1,interior
0.1841457542247489,0.3987922439396637,1,boundary
0.037993190915456436,0.34359667670838184,1,interior
0.12745735780455952,0.418157602287305,1,interior
0.07512053394608371,0.38882874176611726,1,interior
0.0351354645157328,0.335808692834787,1,interior
0.13977019802208662,0.4085716041146701,1,interior
0.12215204443469174,0.41372101397156463,1,interior
0.1751960376579403,0.4072118958507702,1,interior
0.024633439743253216,0.33167629555388434,1,interior
0.1040762262419252,0.4129509430477957,1,interior
0.031534634087890055,0.33536130039332046,1,interior
0.04266194479288696,0.36009655374216437,1,interior
0.16514276704464428,0.4086773728147742,1,interior
0.06758778978721633,0.38267044545395734,1,interior
0.07495223150633358,0.394046107134628,1,interior
0.06602510488486568,0.38230524396343174,1,interior
0.15626005741180918,0.409665802955176,1,interior
0.15088052363429164,0.4122431540252302,1,interior
0.12065034238702672,0.40359674478103347,1,interior
0.12259642168510948,0.41214888021987134,1,interior
0.04388849601733823,0.32385679276848706,1,interior
0.07682317324277663,0.3864458129197291,1,interior
0.053767157037283866,0.37196130528526156,1,interior
0.08046068883168637,0.3967013619729689,1,interior
0.16133894806099436,0.4083585379593022,1,interior
0.16666532952797927,0.4121667145177858,1,interior
0.17393632416494742,0.4096092064805437,1,interior
0.11102474666483421,0.41460226343459294,1,interior
0.1351258867179075,0.4158888314413312,1,interior
0.1805879679599781,0.4039859181456878,1,interior
0.1704596650656738,0.41378732321296086,1,interior
0.03748355748212006,0.355512084483115,1,interior
0.11957225734291949,0.4156047448463379,1,interior
0.10904061232451094,0.4159140147645392,1,interior
0.14298958915648985,0.41068948095658325,1,interior
0.1269440992370193,0.4209820266740412,1,interior
0.09265703825655901,0.40489632425790767,1,interior
0.08534512183446301,0.3967591780983566,1,interior
0.061840516712112784,0.38778483835715677,1,interior
0.13034969852258224,0.4171229808025903,1,interior
0.1342885791779537,0.4110211829487875,1,interior
0.05371531052212194,0.3758452149137813,1,interior
0.057588473028970404,0.38466832751386193,1,interior
0.06789548973794005,0.3843391969515491,1,interior
0.08174260676175461,0.3958306115225806,1,interior
0.16173361613371756,0.4109598652257572,1,interior
0.1287697885501574,0.42027011943874926,1,interior
0.14284937080913218,0.40764639541603953,1,interior
0.17572075151745556,0.39776416129677794,1,interior
0.12481640078557837,0.42237924611060634,1,interior
0.08329123033393629,0.39552593884941756,1,interior
0.0560465369925769,0.372029675063955,1,interior
0.05226332554660072,0.3714556045946418,1,interior
0.053009779866357055,0.36926726377736,1,interior
0.05261862659573574,0.3730101212374148,1,interior
0.08542126505181719,0.39830908380596247,1,interior
0.14893619507166786,0.4141060103152459,1,interior
0.12173360120632228,0.41589707137111276,1,interior
0.015385808828798734,0.31916352431531814,1,interior
0.1264080256202847,0.4194705510105709,1,interior
0.12281510097547368,0.4171610766972511,1,interior
0.08691282059885339,0.40180049895887576,1,interior
0.032363001324483345,0.33701370613634446,1,interior
0.06898423513358982,0.386524481485062,1,interior
0.05680127701336115,0.3832688136866111,1,interior
0.1586724676863556,0.4097147380022153,1,interior
0.022045946094564093,0.3216862482076885,1,interior
0.07055751242688782,0.385447526674993,1,interior
0.026429012507053023,0.33236177517592363,1,interior
0.11026717671328697,0.4175817880389198,1,interior
0.1398589736542574,0.41090713993311995,1,interior
0.02599874647366704,0.33407115336506676,1,interior
0.13792648627432005,0.41462216389768153,1,interior
0.17148372749330923,0.4090516807271787,1,interior
0.16286224799101842,0.4123209930067435,1,interior
0.02353268630258622,0.3269467863094781,1,interior
0.1183543281651506,0.4165344891648824,1,interior
0.07443055785258526,0.3907017041902715,1,interior
0.04434068876234357,0.3622960039319041,1,interior
0.0341520325504957,0.3383690387110811,1,interior
0.04969577686184856,0.37089109785778673,1,interior
0.02945833487644189,0.33419997978126326,1,interior
0.023260388117604815,0.32928804328765565,1,interior
0.03665171767838823,0.3461829274223638,1,interior
0.04776279361653882,0.37156297782890074,1,interior
0.010587886055407687,0.31610518128421905,1,boundary
0.11262747263204329,0.4193532490446664,1,interior
0.12232991392969512,0.42383602111334656,1,interior
0.15968587955916044,0.4173172734903951,1,interior
0.13193265365242737,0.4166446077725347,1,interior
0.012578535911461615,0.31811645107867675,1,interior
0.03553648987703761,0.3506034391426894,1,interior
0.12406569975398632,0.4197975218069598,1,interior
0.11430505071926111,0.417290094112075,1,interior
0.024430926050923438,0.3335293441405478,1,interior
0.10435180179117894,0.41464532346060956,1,interior
0.049670429332480705,0.36928554826813176,1,interior
0.0900403554950091,0.403225181704138,1,interior
0.09164885900268714,0.4034937149402804,1,interior
0.014024005573800393,0.31686134722068715,1,interior
0.13083111967495184,0.4222289082001351,1,interior
0.0363511487656163,0.3489657614124016,1,interior
0.15609960778475013,0.41512676668625004,1,interior
0.03459519765365432,0.34816099923570243,1,interior
0.1728296898664646,0.41124748590271765,1,interior
0.03433801584283189,0.3409720697325953,1,interior
0.027956647738368225,0.3324233655612926,1,interior
0.06756437330068939,0.3878152426859496,1,interior
0.11992000379387113,0.4178110039539124,1,interior
0.1849785306414061,0.4002065064517648,1,boundary
0.05566309765739949,0.38483998560474997,1,interior
0.17669243052443634,0.40815840710416423,1,interior
0.1359149282670918,0.41734274320296916,1,interior
0.15505262927751953,0.41389697951932947,1,interior
0.0345598320937684,0.3442803847771567,1,interior
0.15405718577521907,0.4150926239780276,1,interior
0.12944254485093507,0.42321451973269925,1,interior
0.06645535148410817,0.38622754348752236,1,interior
0.06381572209295841,0.3856275907465311,1,interior
0.12280311375352845,0.4211960243012631,1,interior
0.012675068032541915,0.3159486358172217,1,interior
0.050514678627758144,0.37312045560284113,1,interior
0.11818089842588457,0.41812850432535736,1,interior
0.1338918304353006,0.41939264915927105,1,interior
0.028933087047249832,0.3360464343951595,1,interior
0.12436338208908035,0.4181226694325122,1,interior
0.03732930047292831,0.3383878918479786,1,interior
0.09560173797422498,0.4070230564654126,1,interior
0.11811963461570853,0.4199681360474341,1,interior
0.07044488169794545,0.38773519020305663,1,interior
0.08831233775346606,0.4036663642309424,1,interior
0.16123588724855456,0.4128852402322316,1,interior
0.12409286000240008,0.4240472284157478,1,interior
0.18188878125419175,0.3971631411333349,1,interior
0.11260830507811961,0.41539914852288684,1,interior
0.15451190286468086,0.4166278795223023,1,interior
0.0478134103727706,0.36932288944261565,1,interior
0.12791784574642967,0.4254882084435158,1,interior
0.013510133544093899,0.29741673916813116,1,interior
0.03258390162722501,0.3504545726810117,1,boundary
0.13679801224488883,0.41571780061011204,1,interior
0.04719088341293812,0.37347107562414333,1,interior
0.0721215283310306,0.3895462104720252,1,interior
0.13155504442051943,0.41834661949819474,1,interior
0.08235773840720358,0.3975504480959839,1,interior
0.08380208172560001,0.39920506260501576,1,interior
0.16267845737264536,0.4066724570237586,1,interior
0.14118571412550482,0.4095994828182739,1,interior
0.11605773977497515,0.4180319792683278,1,interior
0.14699262768819282,0.41522755612535167,1,interior
0.07258530177584673,0.3856176657308896,1,interior
0.04276285579723252,0.36400009704024516,1,interior
0.1421419625757746,0.4143883055921615,1,interior
0.15606991169129358,0.4184202965256844,1,interior
0.021829778934117465,0.32980356915811876,1,interior
0.011068950745075821,0.3182819431178333,1,boundary
0.037215234605685946,0.3538769535686714,1,interior
0.12940832987181655,0.41832068766840885,1,interior
0.06543419498643639,0.387433045045929,1,interior
0.10551362712953316,0.4164945222315846,1,interior
0.027134445499716022,0.3361008230114103,1,interior
0.020317745947860122,0.3293328462924293,1,interior
0.021355528819812057,0.32338836994008346,1,interior
0.045837901482873776,0.37222335634107734,1,interior
0.09699318414227681,0.40872509329349893,1,interior
0.04241869649523372,0.3577231080666997,1,interior
0.036434299892417525,0.344653994206104,1,interior
0.033734435529490125,0.34604477476895923,1,interior
0.08984189878257158,0.4058435081885759,1,interior
0.16031098599736515,0.419366335425972,1,interior
0.1803929177118638,0.40820074552151886,1,interior
0.040026504616166546,0.3584901791240568,1,interior
0.07655138981065253,0.3963861348378929,1,interior
0.0356755621241245,0.3428255684022107,1,interior
0.04066466066903102,0.3599648428635703,1,interior
0.02027564985223054,0.32577257483831906,1,interior
0.1453751384800979,0.41412302251684346,1,interior
0.06919529252185071,0.3886215864549995,1,interior
0.037989864558076084,0.3579476321429615,1,interior
0.08089773903403145,0.3992557345855392,1,interior
0.08964359936115703,0.3907949823984151,1,interior
0.12605682473755908,0.4170825251314758,1,interior
0.033230165457626686,0.34325028005574393,1,boundary
0.04508695387582422,0.3736734910019722,1,interior
0.11085363971847222,0.4193656277230667,1,interior
0.08462595484361808,0.40198873621341863,1,interior
0.04009408310048092,0.354761501915465,1,interior
0.1645681622409467,0.41309086067694967,1,interior
0.08247162317959655,0.40016353965241946,1,interior
0.15004065352770743,0.416923458686498,1,interior
0.021766710981923877,0.32616637397106746,1,interior
0.16284324799299427,0.4094537523450126,1,interior
0.17833521061977453,0.4076418494867547,1,interior
0.08634229154292163,0.40486738101339387,1,interior
0.181242378755727,0.40195115515331026,1,interior
0.13595386715450827,0.41935770631700436,1,interior
0.05424100808399146,0.3840696617800185,1,interior
0.02301619892444035,0.33497614716900376,1,interior
0.17212990281624566,0.41262820125067473,1,interior
0.1842935761323159,0.40160941118314625,1,interior
0.025434988595433625,0.33646629868407135,1,interior
0.02789438452194202,0.3340379324864191,1,interior
0.036154732458325775,0.35734684752102425,1,interior
0.1592133131080691,0.41561377223471835,1,interior
0.027406502375610438,0.33839747910479573,1,interior
0.17722309670311961,0.41104021417580344,1,interior
0.11514311184705858,0.4201647305815593,1,interior
0.18249360927141736,0.40390883780779047,1,interior
0.1755754319427711,0.40970907219160296,1,interior
0.1717432462235363,0.41555821882231253,1,interior
0.14815693943389935,0.416420806102378,1,interior
0.10230450917111847,0.41520288481818124,1,interior
0.07937266031330602,0.39856039408245064,1,interior
0.034358497866535706,0.3525316906763343,1,interior
0.05563563942377605,0.3821614306024668,1,interior
0.11959117035255923,0.4193695888203128,1,interior
0.14989450113447625,0.4154079538780101,1,interior
0.019483290934136893,0.331554120361888,1,interior
0.04283693254781695,0.36165565278156375,1,interior
0.03597744180864781,0.35914257416626544,1,interior
0.0401977740552479,0.3632453799161593,1,interior
0.1217461958085629,0.4196412474823613,1,interior
0.03305400709073721,0.33972735167646384,1,interior
0.10370706388169965,0.4167917422179531,1,interior
0.053572143204280775,0.3782581086750951,1,interior
0.04414104975202011,0.37198079862507605,1,interior
0.16011091754627843,0.41403704915224787,1,interior
0.09227700131795946,0.4075479558837323,1,interior
0.021425511406170293,0.3333859447397914,1,interior
0.031182868603387506,0.3386395372729599,1,interior
0.03395255594497707,0.35524528734084376,1,interior
0.08036037432731405,0.400970516875968,1,interior
0.14873759061472785,0.4181101420511866,1,interior
0.10477837181006007,0.4191647271137192,1,interior
0.013821951184957663,0.31928802525650135,1,interior
0.0913994624067465,0.40589065218253656,1,interior
0.07792577979564189,0.4016171991038119,1,interior
0.029026261185542628,0.3393871353796169,1,interior
0.06381262626877159,0.3894938129530043,1,interior
0.012628962768230615,0.3206490780300715,1,interior
0.13967733174622204,0.41592886344059793,1,interior
0.08579826036434338,0.4032615177504422,1,interior
0.11665141943163954,0.42112958281117546,1,interior
0.015373724239352578,0.3219838309880218,1,interior
0.03466511597191569,0.35815080985717934,1,interior
0.18419375018083006,0.4043563673904924,1,interior
0.05480253047938018,0.3876830016401161,1,interior
0.1746339154888437,0.4126921888486315,1,interior
0.03037378570201569,0.3405686307623929,1,boundary
0.05139626470378682,0.3760639023119309,1,interior
0.052806747118538624,0.3805125509172507,1,interior
0.07696965327134322,0.39870376650364264,1,interior
0.024876411783920083,0.33818063227518347,1,interior
0.0518227799306371,0.37842939489645816,1,interior
0.15296098476549636,0.41623938827062607,1,interior
0.09502757926300567,0.41032485292697224,1,interior
0.14436504497012442,0.41290987764663345,1,interior
0.04121980160566097,0.3615782789207717,1,interior
0.01960246208551452,0.3277719961274316,1,interior
0.05075857588555485,0.3804242326898865,1,interior
0.11821225186789258,0.4223582145707386,1,interior
0.1192007236280476,0.4211249171922112,1,interior
0.04372422640242142,0.36523042395444294,1,interior
0.1206781317236264,0.4235948303433342,1,interior
0.037116203805741196,0.361096247534797,1,interior
0.03271535648569745,0.35237741817486484,1,boundary
0.1454820900145659,0.4161460549481954,1,interior
0.07403067807164308,0.38773139212050745,1,interior
0.05907476511625969,0.3900997163803473,1,interior
0.15780736171741794,0.41773850075897256,1,interior
0.048657186876970356,0.3744657272736758,1,interior
0.07866345138177307,0.3959935443584195,1,interior
0.16488772945118188,0.4104495095305052,1,interior
0.03338113856262586,0.35375161441509906,1,interior
0.08448156876981217,0.405079938301147,1,interior
0.03280753351824471,0.34130079175548933,1,boundary
0.14371773112804484,0.4157669460995749,1,interior
0.14310976678524234,0.41720186803633436,1,interior
0.06986636050596332,0.39005593245835923,1,interior
0.016821632592676453,0.3185674510619235,1,interior
0.09377638035157868,0.40726927853138833,1,interior
0.05523607274632735,0.3801936303018239,1,interior
0.0883056753397447,0.40582154894335776,1,interior
0.03517366102692837,0.3395721041599735,1,interior
0.17094508679804507,0.41716658593607614,1,interior
0.14969286454901337,0.4202868603333637,1,interior
0.028295753082235708,0.3287079953161715,1,interior
0.18612697458011496,0.4032552901581553,1,boundary
0.05772605679121555,0.3865628494477429,1,interior
0.03257895155448563,0.34490431152156964,1,boundary
0.09400490327265743,0.41154206804552246,1,interior
0.12729267940033442,0.42308520272752637,1,interior
0.0465064898731981,0.3702880967228856,1,interior
0.10798397680646458,0.41724938702840036,1,interior
0.0931122519090211,0.408882863832896,1,interior
0.031975586075380764,0.3546897392233233,1,interior
0.06663771649614239,0.3893209780802171,1,interior
0.12108952575385704,0.42159129321653127,1,interior
0.02980996407765604,0.33750419493117684,1,interior
0.09179652900814028,0.41152088210875476,1,interior
0.09538326261912632,0.41305336011288313,1,interior
0.07428146979206036,0.3925374834813963,1,interior
0.07256424509919726,0.3922056218930728,1,interior
0.15904227968366327,0.42199552246059974,1,interior
0.038463323346688706,0.36436274921472994,1,boundary
0.053616661017581155,0.3863318185935737,1,interior
0.04594877568008143,0.3684120591727379,1,interior
0.046986474024841886,0.37589516867787515,1,interior
0.09102092704333171,0.4133862934449143,1,interior
0.15163195127936938,0.4171979554004199,1,interior
0.11332974973557201,0.42199944203484213,1,interior
0.15653851224461726,0.4203820415080359,1,interior
0.16201160971840692,0.41665404078089563,1,interior
0.03824431231778313,0.3599916365287561,1,interior
0.05243544178980922,0.37478566960284615,1,interior
0.035696177026494046,0.3556379781983034,1,interior
0.13040739721475159,0.4204153130582998,1,interior
0.01685144786015777,0.32340231589551144,1,interior
0.1376085004583999,0.4196041105262798,1,interior
0.11507543705307197,0.4224207272091887,1,interior
0.018826951594099004,0.3344103364057928,1,interior
0.17338674107851415,0.4136077063091603,1,interior
0.18080860952453537,0.40601925879066253,1,interior
0.13834317662496573,0.4173964492388385,1,interior
0.1417626229160282,0.41199701402094635,1,interior
0.056509349961969865,0.3877951358632105,1,interior
0.07736706264862782,0.3917983119688437,1,interior
0.1615865167918546,0.41820489646249226,1,interior
0.12583144901676152,0.4252107531952189,1,interior
0.15786468904300094,0.4123904352625018,1,interior
0.044723863495127796,0.37002686165404386,1,interior
0.09057572884027543,0.4075193929902043,1,interior
0.16258244618392778,0.41388135477155846,1,interior
0.0490055003873804,0.3724895754933433,1,interior
0.01784319248537791,0.3247699718262396,1,interior
0.16119288782862046,0.4152823920552447,1,interior
0.03267546503294346,0.3566997315745538,1,boundary
0.09519066968646296,0.40872027191043403,1,interior
0.09225403416597092,0.4146006817952826,1,interior
0.150632763825365,0.4137723923983407,1,interior
0.018360079192007443,0.326343360344605,1,interior
0.03583838310078514,0.3412350613541905,1,interior
0.1788922613160819,0.4092970101314008,1,interior
0.10848463537342748,0.41894324944289135,1,interior
0.0360887622920949,0.3524407301549748,1,interior
0.05229743067172313,0.38730156018971007,1,interior
0.18248711203172258,0.40763923584331274,1,interior
0.13288312336716152,0.42079863160092645,1,boundary
0.04304758687277655,0.37378146783651994,1,boundary
0.0624076625520077,0.3903632888413969,1,interior
0.050055948323773934,0.3774508095825572,1,interior
0.04116507495933193,0.3718602031725091,1,boundary
0.12155351692998875,0.4180395284022024,1,interior
0.18308619339858723,0.40947656782641373,1,interior
0.03809514701862028,0.34557340019349,1,interior
0.18380840072966492,0.40606114611845917,1,interior
0.08032780257930164,0.40350281721945397,1,interior
0.06351166370772367,0.3872894013271364,1,interior
0.06459844078028891,0.39143620679918967,1,interior
0.016629878937748446,0.3274201255141404,1,interior
0.09091188644116475,0.4095384984197434,1,interior
0.03787220863793778,0.36265283374570534,1,interior
0.05106109654880819,0.3820083516152827,1,interior
0.18334056841306545,0.41187600759432447,1,interior
0.050476533697046765,0.37476746818272677,1,interior
0.02745299376294504,0.34029536781151026,1,boundary
0.16828900277938713,0.411793078009769,1,interior
0.06874623987274772,0.39211284639631677,1,interior
0.04545759782948719,0.3664569563806676,1,interior
0.08271298715214682,0.40168463982384756,1,interior
0.1283334151794859,0.41447182171804153,1,interior
0.021246633769517947,0.33147661981133303,1,interior
0.06096140728034367,0.3917669625601239,1,interior
0.09953225558214977,0.4153687858121909,1,interior
0.16893551409682533,0.41373182506577494,1,interior
0.17571691627438701,0.4150291083235794,1,interior
0.07856844541959254,0.4036030776509059,1,interior
0.18060681025940703,0.40976342268049476,1,interior
0.18582209033986194,0.40506901885350516,1,boundary
0.055084284305741575,0.3891777798343786,1,interior
0.016192996707390668,0.32499601313701243,1,interior
0.03408862164806522,0.3498744508764162,1,interior
0.07604052424317692,0.39265392931196036,1,interior
0.048184124080914485,0.3787611882058328,1,interior
0.08768180617931175,0.4087124317195733,1,interior
0.04853759164984461,0.3760104852043838,1,interior
0.042387619329519316,0.36977584559057275,1,interior
0.15467965760523744,0.41949427431319375,1,interior
0.01833189199614211,0.329010468539749,1,interior
0.052793047674073466,0.3889041914841053,1,interior
0.1284824625179396,0.42197936434906336,1,interior
0.1690897058964607,0.4192146025070617,1,interior
0.07832662809329749,0.4001282173286462,1,interior
0.04404597812203543,0.3679163517204223,1,interior
0.14490071220941048,0.41782399739596926,1,interior
0.1210190149455984,0.42608618578376306,1,boundary
0.07481480517279547,0.39833808381134217,1,interior
0.14780527200697485,0.41941714015949566,1,interior
0.07280970460409136,0.39493121466930203,1,interior
0.13587424387838037,0.42104587252217873,1,interior
0.11117591587708893,0.42211324963100233,1,interior
0.08663209046063898,0.40701489106343364,1,interior
0.04701169398915607,0.38044781407122974,1,interior
0.07249577613212435,0.39990941586898454,1,interior
0.17870512348458834,0.4114853278928534,1,interior
0.013845626095404125,0.32637852111984494,1,interior
0.11969163339059309,0.425124174251262,1,interior
0.06966442002699452,0.3944425868007436,1,interior
0.013748380105936587,0.322199785201697,1,interior
0.03272286539075596,0.34720837798119636,1,boundary
0.11705797569071656,0.4236698859246838,1,interior
0.04172291175341602,0.3671302286891808,1,interior
0.011166389998359014,0.3201690851034011,1,boundary
0.040027869534295255,0.36481990342317205,1,interior
0.011843129454719877,0.3229444969952074,1,boundary
0.013671837196127462,0.32484275804135665,1,interior
0.1502543521141471,0.41871242989519564,1,interior
0.14641548476432104,0.4180178192736944,1,interior
0.04492100457901712,0.36384539147853734,1,interior
0.1765070317540002,0.41299749003049,1,interior
0.1808127883737469,0.41213836129309345,1,interior
0.022290699039095065,0.3385965479974053,1,boundary
0.013255921189575122,0.32832525327357814,1,interior
0.08189764174950648,0.40347058142533854,1,interior
0.10239032281232552,0.4193780232530735,1,interior
0.041849945360094794,0.3652704314550503,1,interior
0.16716688577867497,0.41372720216954895,1,interior
0.15318563639837046,0.42130657227968266,1,interior
0.14129671002929403,0.4171908349598799,1,interior
0.16789278353155768,0.41513576270438046,1,interior
0.03906209258977587,0.3663053903313651,1,boundary
0.14892224646911056,0.42170350488973435,1,interior
0.16395005624180795,0.41496083498962555,1,interior
0.08889981717309035,0.4074415691488808,1,interior
0.11006133870396798,0.42089657760563354,1,interior
0.15314107026605725,0.4179156436191028,1,interior
0.10643318595679908,0.41825273416202824,1,interior
0.021417011162461877,0.3365811954526702,1,interior
0.14037463841311315,0.41849041289756456,1,interior
0.07515331286496613,0.39575770466947,1,interior
0.02052843022331133,0.33865861802430214,1,boundary
0.05978010296962631,0.3887254097698848,1,interior
0.15212725461893264,0.4195756716162938,1,interior
0.025809007582922393,0.3394840726695564,1,boundary
0.07033317791668883,0.3922042579364378,1,interior
0.15433494743365264,0.42247368839378613,1,interior
0.17750632627507432,0.4141785187056555,1,interior
0.05383021478108502,0.3824814452727322,1,interior
0.13097972675198657,0.4238781295599385,1,boundary
0.16912766849747982,0.41627044117816425,1,interior
0.04031686134036467,0.36927456310439216,1,boundary
0.03524277349424451,0.3610136649462428,1,boundary
0.08912629266659278,0.41189351654226053,1,interior
0.016787490981648407,0.32935189050545877,1,interior
0.015306766601617339,0.32895555510557206,1,interior
0.05168088413720476,0.38411231984375394,1,interior
0.06259569836468534,0.3923596869242087,1,interior
0.15732484969305657,0.4219352251835354,1,interior
0.023169823711350197,0.33679584162414306,1,interior
0.03924973564834888,0.36167137177861924,1,interior
0.054001012572441644,0.39035658321085476,1,interior
0.16425305538632634,0.4164782949780172,1,interior
0.16062836478279882,0.4216131159158849,1,interior
0.1633329702534388,0.41837265726394535,1,interior
0.015628043740513575,0.331777894208091,1,interior
0.15640093855646572,0.42367670763087845,1,interior
0.1583633058253217,0.42583957382023024,1,interior
0.1788278070594061,0.41303173518423136,1,interior
0.07378752604671036,0.3969978857066893,1,interior
0.06796442663517924,0.3905643536732202,1,interior
0.15247070036510635,0.42364322600480325,1,interior
0.15816806303816297,0.41924431249536,1,interior
0.1735071463795016,0.4160649298367807,1,interior
0.013814801030947175,0.33101256759279,1,boundary
0.16593191583584077,0.415059419970403,1,interior
0.14771540804524036,0.41090198938278716,1,interior
0.14662877759184553,0.422105395596116,1,interior
0.03533906785239142,0.3540992961356681,1,interior
0.08229807071052031,0.40545298848434663,1,interior
0.06701979953563411,0.3919648508606192,1,interior
0.1702339081969213,0.4205066312495596,1,interior
0.020326632842561705,0.33469454712055124,1,interior
0.1009970886748618,0.4173720588795744,1,interior
0.09271434173552048,0.4128302059051604,1,interior
0.1464567131901482,0.42025475477766966,1,interior
0.10881467575927799,0.42188426712600113,1,interior
0.11025547568379729,0.42465110677523193,1,interior
0.03931102686515201,0.36812341313885183,1,boundary
0.10744148884820476,0.42089605072651753,1,interior
0.051415610902595235,0.36996130243180625,1,interior
0.0713249430696597,0.3979144921368383,1,interior
0.04216178597651739,0.35610966759760315,1,interior
0.11434206237245337,0.4188439905917829,1,interior
0.1638692263833043,0.42066581938835695,1,interior
0.16638380090785784,0.41743020673567166,1,interior
0.13771578285618993,0.42167472361457936,1,interior
0.014375152705608253,0.3207128924446213,1,interior
0.1801868991753545,0.41513039664956747,1,interior
0.0884376143135813,0.4101706828466016,1,interior
0.1733458455881552,0.4177357198520067,1,interior
0.04573977326395096,0.3774184705936482,1,interior
0.011559312963848815,0.32453775940019114,1,boundary
0.022900461047307898,0.3327361225376077,1,interior
0.017433316143072048,0.33084400095384364,1,interior
0.15636519488709888,0.4253095067106324,1,interior
0.1343418830595114,0.42151006510960154,1,boundary
0.10054777267945245,0.4189039802582448,1,interior
0.07632445703396129,0.4006907210953141,1,interior
0.057095671801477656,0.3900209459625816,1,interior
0.12297720696364611,0.4262969971394799,1,boundary
0.14319865321464792,0.41905378682651556,1,interior
0.02383599343391065,0.33949753245653513,1,boundary
0.15432648886502162,0.4243366079010113,1,interior
0.06581815015517764,0.3932380785894633,1,interior
0.16657736344092533,0.4194690113145068,1,interior
0.06587814054403285,0.3949851359257031,1,interior
0.08455544830523336,0.40731568896149434,1,interior
0.09912432339652222,0.41284872853848037,1,interior
0.09040204873991727,0.41572981133075343,1,interior
0.14993054952525184,0.42357428497063354,1,interior
0.15074251266537603,0.4256216732895724,1,interior
0.10885285821733172,0.4238709710042969,1,interior
0.14484170508388253,0.4208036721009096,1,interior
0.1647584924148664,0.41938153859351496,1,interior
0.15188890532204258,0.42217494727761523,1,interior
0.09935457591575922,0.4176091772156402,1,interior
0.11297862306182714,0.42398402975544613,1,interior
0.18176003683393963,0.4134300579525141,1,interior
0.17200612568346949,0.41852163340837023,1,interior
0.0641040160394233,0.394223258863069,1,interior
0.07174644973449362,0.39619633911497926,1,interior
0.17407485867940267,0.4205595127255257,1,interior
0.13846508773355645,0.423703851831853,1,boundary
0.04935717009636224,0.38722244222547614,1,interior
0.16494552809852414,0.42176486610790037,1,interior
0.18258090823988798,0.4168540556589685,1,interior
0.04536830359032295,0.3752195576369039,1,interior
0.09950331672965919,0.42036401623278946,1,interior
0.16229540946712048,0.42078832806715855,1,interior
0.13586440609577055,0.42274948611623114,1,boundary
0.1391438922574504,0.42001851240772675,1,interior
0.10719774283623222,0.4234279995677907,1,interior
0.10889120096158603,0.42660480272764245,1,interior
0.18693206147313424,0.40661878725705036,1,boundary
0.16640899070181928,0.4102405863355792,1,interior
0.1450559758926741,0.42369937611972713,1,interior
0.18509363212222232,0.40742358719898464,1,interior
0.048037087435946785,0.38800366909138284,1,interior
0.11874074402427609,0.4269147961035061,1,boundary
0.17563194404077928,0.416550420556808,1,interior
0.07709734738286843,0.394953573096096,1,interior
0.11518937521565298,0.42438048027462105,1,interior
0.09465146584832296,0.4149071518531961,1,interior
0.0933163925418775,0.41686277425578755,1,interior
0.0769851780862582,0.40418563336091284,1,interior
0.1016002194068171,0.4209296918579184,1,interior
0.16824902021332377,0.42156049828680137,1,interior
0.1409520468502203,0.4224218776510408,1,interior
0.15506232748635201,0.42690730721137515,1,interior
0.18634204397424572,0.4094237209860233,1,boundary
0.1773028109858835,0.4171889096712802,1,interior
0.09739136938876687,0.4126626853743586,1,interior
0.012146734247199677,0.325947631422878,1,boundary
0.10934285707180677,0.4282601356271338,1,interior
0.05190046262130617,0.3857925072439164,1,interior
0.08644855359578381,0.41093753872146116,1,interior
0.15915352594621357,0.4238160680091655,1,interior
0.15741482676445032,0.42721203040918226,1,interior
0.16670687680935461,0.42152940049892407,1,interior
0.09810147660276719,0.4190861643202662,1,interior
0.11381093642294769,0.4256795107278799,1,interior
0.1765734459619753,0.42148040589144453,1,interior
0.061683601745280696,0.39401556527121523,1,interior
0.16804571683707595,0.41768877492215695,1,interior
0.04820293225478025,0.38276720804918435,1,interior
0.049885224823121015,0.3846487775126946,1,interior
0.06899171954878751,0.39785460240157744,1,interior
0.18278744530108257,0.40207808366588066,1,interior
0.18379749086485112,0.4139065077962544,1,interior
0.17541419414760373,0.4195898994051481,1,interior
0.04349149825688693,0.3764502910010863,1,boundary
0.09637322416736771,0.41681041008564895,1,interior
0.1166521104805396,0.42572853460891796,1,interior
0.09749127408127839,0.4148309836172583,1,interior
0.018889195603594543,0.3360732544035867,1,interior
0.051457849425591305,0.3897972436762353,1,interior
0.04451550349654981,0.3791776067827006,1,interior
0.04944249502746113,0.3814743141240555,1,interior
0.011806196077471945,0.327561031710651,1,boundary
0.17498740490468584,0.4112064560329166,1,interior
0.0169619382977794,0.332949499914551,1,interior
0.08342747888361719,0.40340751724645546,1,interior
0.05893703019185607,0.3854254950050612,1,interior
0.015808874861648774,0.3340875318404675,1,boundary
0.04435791547417583,0.38078271345977893,1,interior
0.06796928885624819,0.3938155276142211,1,interior
0.06884983828285811,0.39632121778161306,1,interior
0.16157400205791736,0.42352685502291787,1,interior
0.18376279063130369,0.4158431480444752,1,interior
0.0984217224235655,0.4222809668435137,1,interior
0.06528214163668099,0.39002418919839443,1,interior
0.14251093722306205,0.4216699183870716,1,interior
0.1735248784890329,0.4228174705145085,1,interior
0.06421577928129417,0.3958105230717205,1,interior
0.03434457751751884,0.3597193544534356,1,boundary
0.13243673989659474,0.42228183088253574,1,boundary
0.09482693578027657,0.4190445276930966,1,interior
0.18005807402945234,0.41679642664656064,1,interior
0.1529528169770505,0.42611920659873564,1,interior
0.11183315726697027,0.42677011773751755,1,interior
0.18175528399397023,0.4182930783372527,1,interior
0.0765331174721513,0.40257457739532637,1,interior
0.14170928141476,0.4203347934905286,1,interior
0.08455465721323947,0.409396415674014,1,interior
0.04721482540266094,0.38590041255093543,1,interior
0.12527640716161648,0.42778667124670094,1,boundary
0.11492110796916014,0.42803179752693005,1,boundary
0.10636977879039683,0.4254299254537335,1,interior
0.17687361922847247,0.4190572257019715,1,interior
0.10337799991860509,0.4217256487644369,1,interior
0.1684367444012712,0.4236415253964375,1,interior
0.06263162170490509,0.3954499511866398,1,interior
0.04953330099958391,0.3898079287545713,1,interior
0.18345150449393113,0.41865393938777706,1,interior
0.09793042253607905,0.41648207489400824,1,interior
0.08801198135856955,0.41364555146363613,1,interior
0.05507363117015758,0.37708363505222203,1,interior
0.0799871463466053,0.4054104426705901,1,interior
0.14342695513051434,0.4245662024069335,1,interior
0.17205277658469345,0.42046152317558555,1,interior
0.1719647314036743,0.42263497089637025,1,interior
0.10681993918614845,0.42749619232620717,1,interior
0.04239352053102886,0.37932226054219104,1,boundary
0.15889176789532955,0.4296862666971659,1,interior
0.09652817361095725,0.41949129663683526,1,interior
0.11342489803452807,0.4273961234901166,1,interior
0.08809262868825991,0.4173594712780855,1,interior
0.017082346457882515,0.3358879614200846,1,boundary
0.1294469753679783,0.4256819726761265,1,boundary
0.1075288781644561,0.42894721236378824,1,interior
0.11121684149995978,0.42945152478197784,1,boundary
0.0671888697259128,0.39598267256947334,1,interior
0.08509555377569594,0.4143307418425404,1,interior
0.10895438186425571,0.43027360278531734,1,interior
0.04597154322328878,0.38214054373431955,1,interior
0.06716798435230674,0.3988284769637057,1,interior
0.06138961909455463,0.3963770591570664,1,interior
0.18458691461956384,0.41094071002023363,1,interior
0.1784260568516343,0.4219299467921372,1,interior
0.049677543691180895,0.3792384574909208,1,interior
0.05757810441785286,0.3914605361702857,1,interior
0.17851220502823087,0.41938053898750693,1,interior
0.04425036409126933,0.38589921433377783,1,interior
0.1715106150822584,0.42481036001026884,1,interior
0.014985962421450552,0.32393165497032617,1,interior
0.07364677962439713,0.40094746084993504,1,interior
0.07167268632672887,0.3938166830189556,1,interior
0.17597163824534526,0.423848492225902,1,interior
0.06302200792144487,0.39757543064261686,1,interior
0.18616577877024262,0.4192033072713841,1,interior
0.012309261668231004,0.3295570063165673,1,boundary
0.08868455141642231,0.4150100589351447,1,interior
0.0196814826070612,0.33312737818422244,1,interior
0.10270806228872033,0.4232763571979276,1,interior
0.06020431189250659,0.39497882449577176,1,interior
0.15142096659685608,0.41563455854888204,1,interior
0.10550609847287251,0.4215158382237029,1,interior
0.040370950291536284,0.38086850242447773,1,boundary
0.06943806122764012,0.40016108083658597,1,interior
0.08251602657975805,0.4089744567268956,1,interior
0.10802540791942095,0.42526707860900964,1,interior
0.05965611255842562,0.3929510699366442,1,interior
0.18715792470343373,0.4124511320614625,1,boundary
0.05567121407942793,0.3914071813290859,1,interior
0.05071105563930502,0.3880498627299486,1,interior
0.1872320102257872,0.4144009215879401,1,boundary
0.046845856529240976,0.38386230627324447,1,interior
0.0470107513592923,0.3892565104198959,1,interior
0.1663694423459397,0.4235582606429006,1,interior
0.10471209547051276,0.4233718393138372,1,interior
0.10466077494524628,0.42652262149215237,1,interior
0.10613093941060314,0.4199813759602527,1,interior
0.16293245520372554,0.4228094979285605,1,interior
0.08576257931970035,0.4083215443372679,1,interior
0.06544628898718755,0.398241168571157,1,interior
0.13955643552326794,0.42179602890488116,1,interior
0.15984334769206324,0.42548572997066153,1,interior
0.15503643243275225,0.4288371594047159,1,interior
0.1862654842282047,0.4111946133793703,1,boundary
0.049691138666417,0.38313188609265353,1,interior
0.058082968757522654,0.39376944963269145,1,interior
0.06031582917346859,0.3975132937042203,1,interior
0.1267868065331633,0.4268108773457086,1,interior
0.08653375037556939,0.41259381157563746,1,interior
0.0858689075880398,0.4181202796819938,1,interior
0.16040709963645167,0.4271390855038225,1,interior
0.08709069697622628,0.41545850458005223,1,interior
0.13943738789689458,0.42498725753337757,1,boundary
0.08330667455893058,0.41031396436950585,1,interior
0.08701414031739384,0.4202893752205854,1,interior
0.10091984114102774,0.4227177732500286,1,interior
0.041982734607718425,0.38521204457815467,1,interior
0.18503053301153405,0.4130142801289724,1,interior
0.18461320802169096,0.4093026311618993,1,interior
0.1258246304713829,0.42366727208600846,1,interior
0.04593009512155357,0.3879986406567794,1,interior
0.17845977267250182,0.4153722359354818,1,interior
0.18004276885787995,0.41954040773888035,1,interior
0.0616896570198244,0.39854921973912183,1,interior
0.16198098329755575,0.42525362506332803,1,interior
0.07859606630302692,0.40644388540688176,1,interior
0.1817108193740113,0.4204824842065533,1,interior
0.08498000148489764,0.4004884602880339,1,interior
0.16418458824543203,0.42418763754194455,1,interior
0.15354273063805848,0.4282420727770596,1,interior
0.06042514271138442,0.39944422751750863,1,interior
0.1820036213318674,0.4153333178209706,1,interior
0.06592564948495166,0.40000304622283467,1,interior
0.18383114586906507,0.4204380774603266,1,interior
0.05779802790101463,0.39615578479481517,1,interior
0.17433922564848825,0.4244518089177607,1,interior
0.07683511557134169,0.40582225443175984,1,interior
0.18500411979309608,0.41797381225605124,1,interior
0.14241849965812947,0.4233392840951893,1,interior
0.04821005326549064,0.3906391179531202,1,interior
0.12472125051178981,0.4263436356621495,1,interior
0.10449076176679681,0.4248882466252353,1,interior
0.054186393341204175,0.39258666814910925,1,interior
0.08415979438669566,0.4118880207683803,1,interior
0.1568350992010928,0.4287396495632549,1,interior
0.041894408971376626,0.3821822713415657,1,interior
0.18516638666538832,0.41482977964012474,1,interior
0.17047891229318704,0.4234664449064406,1,interior
0.06785991155375967,0.40107357904740587,1,interior
0.14861578868335285,0.4245349322886521,1,interior
0.17509808330531235,0.4221276475087136,1,interior
0.07109320309664248,0.4020782491459841,1,interior
0.056617264026463394,0.39886133156710424,1,interior
0.019092442266801284,0.3381317106131672,1,boundary
0.17202388134668006,0.42653324682691673,1,interior
0.15066829405304794,0.4277841036708723,1,interior
0.06854481069746067,0.40327857611417406,1,interior
0.10635473119997879,0.43132338743241505,1,interior
0.0504880958181145,0.3910172834853099,1,interior
0.12814490849581997,0.42777905427202195,1,boundary
0.056524956688200824,0.39385629038965153,1,interior
0.08066429086589094,0.40730166012148433,1,interior
0.10209611062420494,0.4249917441884657,1,interior
0.10019936254546952,0.42445472986582583,1,interior
0.07079312882781749,0.40428403339975055,1,interior
0.1408929617000197,0.42545637458660746,1,boundary
0.05832748079031443,0.39786207436818455,1,interior
0.15212809858013474,0.43022322313368366,1,interior
0.14336450348200241,0.42689709164837186,1,boundary
0.05643977225285458,0.39694339375143084,1,interior
0.10204874379636508,0.4265252291061459,1,interior
0.14675571424378708,0.42364084323125223,1,interior
0.1464015412570341,0.4253566497696881,1,interior
0.04425614174281159,0.3833948011245789,1,interior
0.04601142828288996,0.39206301225753215,1,interior
0.1479564957396447,0.42659578572593965,1,interior
0.06222064385373707,0.39997415567374245,1,interior
0.07960552131323745,0.40979367824262714,1,interior
0.06604352648136003,0.4022901940918724,1,interior
0.17051792727013745,0.42627454740432896,1,interior
0.1542091737458783,0.4307232815580509,1,interior
0.05163140249779723,0.3925980907632849,1,interior
0.11284239995465759,0.42900417460107215,1,boundary
0.18612637975738833,0.4161377673859645,1,interior
0.1816564534158626,0.41087137950100044,1,interior
0.14116547923976008,0.4155607196287509,1,interior
0.11678735326284796,0.42759680999312955,1,boundary
0.17818489915248661,0.42494617267266294,1,interior
0.03868134430700432,0.38296445320156247,1,boundary
0.1806712615172793,0.4254686908422666,1,interior
0.10291325245437148,0.42789842790314575,1,interior
0.07239531811826813,0.40356005932010736,1,interior
0.06788523073860779,0.4054184761223785,1,interior
0.14413945470891001,0.4221730446122109,1,interior
0.16352617300748315,0.4270422998022118,1,interior
0.040213570503189335,0.3838983021038348,1,interior
0.1448279638785622,0.42622438130372975,1,interior
0.08467121175456571,0.41641698291392626,1,interior
0.09678163725349553,0.42163218485242693,1,interior
0.17352715792641007,0.4278833979014532,1,interior
0.18715316064453213,0.42145512538903335,1,boundary
0.17951511376557844,0.4267802019287608,1,interior
0.17472546702098865,0.4263482916286808,1,interior
0.16938483170234006,0.4281693450537755,1,interior
0.043090305482352154,0.38791189850185925,1,interior
0.18012925169341107,0.42121547538858267,1,interior
0.07525550655764243,0.40537437614401833,1,interior
0.16638452018954988,0.42553163251790055,1,interior
0.05401185680115115,0.3994357946876531,1,interior
0.1648756416436323,0.426127690290735,1,interior
0.09008774836039543,0.41784896402095845,1,interior
0.168582513665757,0.42588464523485475,1,interior
0.04571928845228861,0.3854128409965307,1,interior
0.05312344031806846,0.3947518955837747,1,interior
0.10441522384979557,0.42899471381919335,1,interior
0.17163986971930967,0.42817906181114934,1,interior
0.06007034327267545,0.4010369659189365,1,interior
0.18094595950584913,0.42843154309811626,1,interior
0.0829755035786049,0.4156151184307192,1,interior
0.06456218748741513,0.4045644169917757,1,interior
0.09478759435295485,0.4174001754634343,1,interior
0.06086292870546748,0.3901604595879987,1,interior
0.04767186950631155,0.3920919217597246,1,interior
0.08243781682216231,0.4074531874994627,1,interior
0.14622813608403448,0.4285840818368211,1,boundary
0.05530159451175444,0.3958175045721963,1,interior
0.15895417504768702,0.4279292675743708,1,interior
0.17723722759085403,0.42720963908799836,1,interior
0.1619989712500193,0.4280262609582964,1,interior
0.10256699948131125,0.4293819829813898,1,interior
0.07833141999332432,0.40805100887769086,1,interior
0.09497514394811793,0.4218785655213619,1,interior
0.18295443716976337,0.42649392867324526,1,interior
0.1727843205809111,0.4308127377960784,1,interior
0.09185174237142536,0.41807391746985695,1,interior
0.044512150168037556,0.3901659799364418,1,interior
0.05505062266195911,0.39793232821074453,1,interior
0.17631085766197727,0.4259109621716882,1,interior
0.05570201008797506,0.40009204148064315,1,interior
0.04603433766726875,0.39048555814029773,1,interior
0.17873934694234675,0.4298947129728522,1,interior
0.1653653050380012,0.42854736248846564,1,interior
0.0758416000718563,0.4077403643873411,1,interior
0.057638142400036264,0.40018815769987465,1,interior
0.08404219851438219,0.4179062257481352,1,interior
0.10109204619312928,0.4287797735100588,1,interior
0.16976332136102,0.42490010695063063,1,interior
0.052774196684798866,0.3912850070203538,1,interior
0.17538144767912317,0.42876741657019396,1,interior
0.08119843683520134,0.4106304073570626,1,interior
0.05224506953547331,0.3969003185628864,1,interior
0.08242889472961508,0.41211814920924544,1,interior
0.04956643022139397,0.3926405219040146,1,interior
0.10376070404249657,0.431931726233923,1,interior
0.04646466397709417,0.3788255435631256,1,interior
0.1672598629520383,0.4304968913135202,1,interior
0.054959417838250514,0.401659592139698,1,interior
0.037439133379059485,0.3849352970733785,1,boundary
0.14862597033503785,0.42796282134901426,1,interior
0.18744569670122266,0.418188939877719,1,boundary
0.06266315860420393,0.40208411665268035,1,interior
0.10245596730568216,0.43113575848840674,1,interior
0.06950885456041006,0.402048026573327,1,interior
0.18646532441227423,0.4238760252511303,1,interior
0.14818677236830963,0.4295498295418556,1,boundary
0.14970422007253872,0.42945395493567,1,interior
0.16072359478272044,0.4288665053346303,1,interior
0.1670259132340635,0.43287828677572443,1,interior
0.08291179180094857,0.42033728429493966,1,interior
0.07455315300304935,0.4031150287917446,1,interior
0.08868659453727257,0.4192226555733773,1,interior
0.0642027529293585,0.4008267348629407,1,interior
0.1573865197122257,0.43074586130631787,1,interior
0.09130711457099008,0.4202334358446929,1,interior
0.1709182686824845,0.43059561639191857,1,interior
0.1797895687266922,0.4232264331663033,1,interior
0.18295215673096882,0.421747522419502,1,interior
0.0929985576261082,0.42059260429286044,1,interior
0.05793950188957816,0.4027650489423679,1,interior
0.05463591990029654,0.39417107804070073,1,interior
0.16696451659780626,0.42717994359624367,1,interior
0.10019335530170802,0.4304757757456616,1,interior
0.08451036609959804,0.4205920633144712,1,interior
0.09880484892119477,0.4316645696779297,1,interior
0.07890993582934318,0.41125040194728746,1,interior
0.040203970113288384,0.3865137879245829,1,interior
0.0569512417026697,0.40155220330792246,1,interior
0.0711318804963347,0.4069271209311313,1,interior
0.09826886571905873,0.4238723803668695,1,interior
0.05639015660040327,0.4044626445969586,1,interior
0.05157883873213726,0.39413898725488783,1,interior
0.17660940985971116,0.43116911791066853,1,interior
0.11813114517355772,0.42510888634294186,1,interior
0.17726324373984664,0.42944147199290605,1,interior
0.09165759991155734,0.4221218251052061,1,interior
0.1740592563870665,0.4297637662486924,1,interior
0.15227630213800972,0.4326170033349768,1,interior
0.0426268674224983,0.39133145323190927,1,interior
0.08058057687857596,0.4134272236595193,1,interior
0.0816324567902395,0.4179503916746867,1,interior
0.0388926155937763,0.38564893282254964,1,interior
0.08820784930308136,0.4212834093085148,1,interior
0.09996024208060855,0.4267118333768852,1,interior
0.18271808181692722,0.4243308530809573,1,interior
0.06409452307496599,0.4029532332898004,1,interior
0.03901775023866677,0.3882949012195982,1,interior
0.09327085645890339,0.41866240154633483,1,interior
0.173202494966552,0.42552363926936554,1,interior
0.08327587897019813,0.4138775148585723,1,interior
0.0937251270474607,0.42325185385332403,1,interior
0.18558962698456494,0.4225409362408086,1,interior
0.0903885156963268,0.42310803833854566,1,interior
0.18797244407192362,0.4251026779914716,1,boundary
0.07332069536897869,0.4060987889543883,1,interior
0.09719534976172667,0.42533793887830273,1,interior
0.10489565052075181,0.4308931438090124,1,interior
0.0866819855219872,0.4224982495117366,1,interior
0.10109117244952372,0.433528282236031,1,interior
0.052989366420618855,0.40061982684649433,1,interior
0.04593748852086021,0.3939179099696773,1,interior
0.08051919168344736,0.4190368041952224,1,interior
0.08976938913864896,0.42045042031403396,1,interior
0.06116002203511973,0.40269989329459654,1,interior
0.10589471026269032,0.4294143339832083,1,interior
0.04266415999526817,0.38354234526119285,1,interior
0.09925338262842957,0.4281640065199169,1,interior
0.09655418419782219,0.4233213904451095,1,interior
0.1688613978313898,0.43114492485698763,1,interior
0.0815058522473738,0.42098015381588855,1,interior
0.1813479458231108,0.4227659287087319,1,interior
0.18559806612641222,0.4207854375072969,1,interior
0.06186460782260484,0.40495171917529366,1,interior
0.1055475568988867,0.4327775862477019,1,boundary
0.17749679375500055,0.42337350164957027,1,interior
0.06345001260506143,0.40670797694588956,1,interior
0.0989806066886627,0.4254692565019895,1,interior
0.1494842188767815,0.4318406627759688,1,boundary
0.0808359012126332,0.4151751247896642,1,interior
0.1616827752371684,0.43103723094546004,1,interior
0.05393021389838067,0.40532783444106457,1,interior
0.05375073090628391,0.3965599739733077,1,interior
0.038692127464041166,0.3912610114163468,1,interior
0.0439352559427611,0.3933058804843527,1,interior
0.09870483385997768,0.43009397146009576,1,interior
0.10250694556158643,0.41782781693021726,1,interior
0.16566090287703142,0.4309279682911729,1,interior
0.04169547634815973,0.38971063251101823,1,interior
0.07367011344942478,0.4045001527145696,1,interior
0.07870304842623044,0.4128580576453551,1,interior
0.15202003429329353,0.42855575164625637,1,interior
0.14950670474404912,0.4266819090626598,1,interior
0.0971563428711106,0.43119378152340676,1,interior
0.09702837369219357,0.4274329283337082,1,interior
0.05727834127090027,0.40608763446275425,1,interior
0.07911029446074938,0.41673411822853274,1,interior
0.10052419612172073,0.431965074199246,1,interior
0.05930713617017212,0.40424905454163385,1,interior
0.1878403168226213,0.4228466423830268,1,boundary
0.05960305816207039,0.40720219790767415,1,interior
0.07842165023486172,0.4147384590548436,1,interior
0.18757592365062242,0.41988120232969994,1,boundary
0.07718023173925719,0.4104544268072789,1,interior
0.04834512428118972,0.3940222522648297,1,interior
0.06424364932658919,0.4089804299253297,1,interior
0.18352361383782897,0.42817614244738694,1,interior
0.07372162457619856,0.4087238369210099,1,interior
0.07595643675069562,0.4116625339121118,1,interior
0.07917446264192321,0.4207951277328956,1,interior
0.09718558250836237,0.42896073376563654,1,interior
0.0949388087220831,0.4246005225492991,1,interior
0.05525610032321409,0.4067094505706878,1,interior
0.06129226904980474,0.4075317441326376,1,interior
0.1830983735653737,0.429951488793253,1,interior
0.16341841337063698,0.4309643140351532,1,interior
0.17919926561423966,0.42832174887704944,1,interior
0.07496763211133463,0.3998560696530992,1,interior
0.04991762297693719,0.39510226985460883,1,interior
0.05238532277108027,0.4070564838210493,1,interior
0.0753030507523712,0.4144004003247387,1,interior
0.1601520609436019,0.43090841689609893,1,interior
0.07676392845467914,0.41352906609770895,1,interior
0.06643801228449814,0.4061441062628323,1,interior
0.07079058516388843,0.4092871005297281,1,interior
0.06703905030992653,0.40379865118590025,1,interior
0.18062048469275527,0.4300474273837725,1,interior
0.05172337224774777,0.40560298192639505,1,interior
0.10272308820956717,0.4331602597402063,1,interior
0.18579458161117168,0.42674211080188934,1,interior
0.05320080613443005,0.40296566460481414,1,interior
0.17864201728690599,0.43152724535978,1,interior
0.04147552907281968,0.3879392631683689,1,interior
0.07114471373934061,0.4119240012158752,1,interior
0.07013404156747871,0.40566924205016147,1,interior
0.06403226329799692,0.3989723893406748,1,interior
0.06890053260880995,0.4070905228817676,1,interior
0.0852071415849783,0.42201055636624657,1,interior
0.0957585396454882,0.4259943701870697,1,interior
0.05019945464415339,0.3966839767097434,1,interior
0.17305517797945896,0.43349377739096306,1,interior
0.18468521093770499,0.42521011108050977,1,interior
0.18118166724907117,0.4321782268179705,1,interior
0.09915315916153107,0.43315438669142137,1,interior
0.05925510657721012,0.40964837399114096,1,interior
0.16881946418483454,0.4327260749639589,1,interior
0.16360075091888504,0.4288000584303449,1,interior
0.05953929299928286,0.4025938117689884,1,interior
0.061410197188692395,0.4092541123497226,1,interior
0.1676274517692952,0.43522493276150404,1,interior
0.05108772939175402,0.40329658898297716,1,interior
0.09575914916161746,0.4298928624666467,1,interior
0.060401986339674314,0.4054084947487734,1,interior
0.07790542471261888,0.4177212022963479,1,interior
0.18516246243219947,0.4296018214232238,1,interior
0.1669198517002533,0.42883351417668086,1,interior
0.0628814582641358,0.411028944584967,1,interior
0.09901604735348739,0.4350420551321932,1,interior
0.15383221417302415,0.4322604761438709,1,interior
0.04150338718219618,0.3946235446250725,1,interior
0.09513041653719426,0.42747642993266166,1,interior
0.17093208714827915,0.43223659900655903,1,interior
0.1665142330142447,0.43634454655157556,1,interior
0.1743050459406446,0.4312621930277417,1,interior
0.08225335324356275,0.42296387739708785,1,interior
0.07444384114472952,0.41028801858184216,1,interior
0.07352351914968364,0.4117008437387049,1,interior
0.10439277502101289,0.43410299639922284,1,boundary
0.1652220358073184,0.4327582437652381,1,interior
0.06637659673404195,0.4078669743461573,1,interior
0.18558347261706812,0.43211566134318247,1,interior
0.07640643934858385,0.41713142308542905,1,interior
0.16962257508830086,0.4297876912488767,1,interior
0.17820360100824043,0.4335200488070926,1,interior
0.07695329815806082,0.4155663034287412,1,interior
0.05812754436276319,0.4084309081549813,1,interior
0.05150594865858579,0.3992849119974207,1,interior
0.09379642807442455,0.42616893265419914,1,interior
0.048140939530359854,0.4036392479786622,1,interior
0.17966931829854443,0.43309444656664386,1,interior
0.0501055196160074,0.39859966032418054,1,interior
0.1002409728063603,0.43656746115728173,1,boundary
0.07698532559401197,0.41984525268322637,1,interior
0.037537964943503165,0.3877193060755115,1,interior
0.0726573212057928,0.40758462376295146,1,interior
0.16941821734939166,0.43510095155335937,1,interior
0.18757727008513314,0.4329468407693307,1,boundary
0.1844032490597602,0.4309280385396856,1,interior
0.1865031656062851,0.4306954394193613,1,interior
0.09262485237079059,0.42458774713914343,1,interior
0.03837132013195772,0.3897386826294232,1,interior
0.17756763970582243,0.4362997331476428,1,interior
0.09388886232558877,0.42991810458960467,1,interior
0.04120394579819026,0.39308544462285167,1,interior
0.07872119831680191,0.4190252217295618,1,interior
0.07415256488856753,0.4130982201951233,1,interior
0.04051486500320903,0.3907188388169283,1,interior
0.06286980273416115,0.4082246994820023,1,interior
0.09350503382523315,0.42821932024144244,1,interior
0.06883783307614998,0.41133987381405857,1,interior
0.1618269023033385,0.43264122497084384,1,interior
0.09135753095268732,0.429682339101945,1,interior
0.09183038168808097,0.4164554800652297,1,interior
0.05615358565254899,0.4083614540654374,1,interior
0.09195004482148374,0.4263282247723051,1,interior
0.07235280330240904,0.4094263230304066,1,interior
0.1868220130801127,0.43539792120075016,1,interior
0.17643442498804993,0.4335703140871596,1,interior
0.05483609290190877,0.4038273191549705,1,interior
0.04721757157441686,0.3971037800696073,1,interior
0.05013388075705615,0.4007011786199242,1,interior
0.10286747378852446,0.43475331811037066,1,boundary
0.0539370592212163,0.40777640628703754,1,interior
0.05693053208243116,0.40979058277095004,1,interior
0.07693296952596762,0.40893045650654775,1,interior
0.03586495431519816,0.39052101057654165,1,interior
0.044509532841839554,0.3956532946404151,1,interior
0.048750063165172344,0.3974721022494141,1,interior
0.18463299404932812,0.43361714434740406,1,interior
0.16362788326511324,0.4327941272166397,1,interior
0.08413033548033474,0.42488625866378466,1,interior
0.08366375683040544,0.42192914830631983,1,interior
0.16581308363099823,0.43480342896482915,1,interior
0.06791124048183564,0.4087470392268159,1,interior
0.05883317707654605,0.41152632813459766,1,interior
0.1871726945803287,0.4289042853195337,1,boundary
0.0710392825703722,0.4005208248835122,1,interior
0.07464794310964869,0.42028610658514687,1,interior
0.03890861114827969,0.39319516058953635,1,interior
0.1596398813857406,0.433237394323325,1,interior
0.08835461649119426,0.4229653529731107,1,interior
0.16287148718656555,0.43512307550904283,1,interior
0.08646909017244546,0.4260240984211644,1,interior
0.15827780903752517,0.43239702789744583,1,interior
0.16503440565790856,0.4372378152764279,1,interior
0.16698852392170005,0.43900169868643596,1,interior
0.17948991801116,0.43741668283105173,1,interior
0.09524739880103048,0.43282503355730073,1,interior
0.07377562353199912,0.41837337251601564,1,interior
0.07196552623957587,0.419749731984479,1,interior
0.16420745852083726,0.43422459930673646,1,interior
0.0709338499150067,0.4186210712545093,1,interior
0.18033081032155956,0.4352359007027561,1,interior
0.1683767881354849,0.4380247261527489,1,interior
0.18306241977429394,0.4343719740795067,1,interior
0.17022824049868399,0.4366346006374254,1,interior
0.18437997517467633,0.43613666104371157,1,interior
0.18750495783165064,0.4368138012224348,1,boundary
0.15226866887703175,0.43472205117284934,1,boundary
0.06481927447907639,0.4074422794789863,1,interior
0.08961637856198598,0.43047579329326346,1,interior
0.05154732247859876,0.4016473860236457,1,interior
0.09013873572616357,0.42590016485778537,1,interior
0.06084516200850252,0.41073736782463305,1,interior
0.04270456613707456,0.39571598259874596,1,interior
0.037501841872941935,0.3950105868483089,1,interior
0.047774901756720146,0.3956873830038428,1,interior
0.07469058217529465,0.4170105784905336,1,interior
0.07812372609729723,0.42343026926619187,1,interior
0.1756892906969714,0.43496251011455184,1,interior
0.03644135221204915,0.3864275935874006,1,boundary
0.09368174078776938,0.43188252683990613,1,interior
0.08101788597583859,0.4244996717755705,1,interior
0.18164584535739015,0.43615989839558594,1,interior
0.1837657367803894,0.43770022462083935,1,interior
0.097613866905357,0.43768670069193144,1,boundary
0.16518290736047087,0.43913549732706675,1,interior
0.03597046259273548,0.38870835052155467,1,interior
0.16800414216997434,0.44029779728716506,1,interior
0.09072781334165865,0.4279389890521126,1,interior
0.034665912661040056,0.38791282681269473,1,boundary
0.06924853193614533,0.4189529994235699,1,interior
0.05107804584903168,0.4096797033730873,1,interior
0.06723630614635868,0.41246775019901905,1,interior
0.0974582354447233,0.4347897213214437,1,interior
0.04060981121626389,0.39639212235960203,1,interior
0.07916574560119383,0.42561244945912935,1,interior
0.054540922239347416,0.4092519647986987,1,interior
0.033733326726285304,0.3918715202417116,1,interior
0.03602453645422339,0.39618277307957034,1,interior
0.18552129080680843,0.4375190207411846,1,interior
0.17078749655311068,0.43896319174153814,1,interior
0.1723433843926311,0.43566415474148584,1,interior
0.17110693334171537,0.4344313028152562,1,interior
0.08823031714162585,0.42770762969966536,1,interior
0.05312876902935442,0.3981587699595205,1,interior
0.07766741658937244,0.42807086221501117,1,interior
0.049361637324212504,0.40245650714995124,1,interior
0.03920516670875932,0.3954653450375679,1,interior
0.03683566009320047,0.3929170381478991,1,interior
0.08514619039872755,0.42375582175694254,1,interior
0.07740310676535594,0.4252841980493231,1,interior
0.08535820470968265,0.42795406761683413,1,interior
0.033423279641328046,0.3890987803984234,1,boundary
0.18734281670255665,0.43953407189705046,1,boundary
0.16711107371007639,0.44208286828962734,1,interior
0.06489261949813159,0.41047688981449126,1,interior
0.04567440946413043,0.3974827717180445,1,interior
0.1739802354281169,0.4353602605998481,1,interior
0.17186579385984962,0.4373708196295791,1,interior
0.055696077306264906,0.41119198266123375,1,interior
0.08108544484578156,0.4260792164250815,1,interior
0.04673315970804517,0.4028072714566695,1,interior
0.16171850373941504,0.4365228551526351,1,interior
0.15578627563690434,0.43125245964020065,1,interior
0.15658561921281083,0.4335104500181204,1,interior
0.0841460072493474,0.4304948667133482,1,interior
0.16951835926620232,0.4412334035131757,1,interior
0.03517000463916095,0.3927530039580786,1,interior
0.09156793311902167,0.43248633969654454,1,interior
0.048100795153594965,0.39940207201750455,1,interior
0.15690200542407262,0.4354775381647203,1,interior
0.07298675283865692,0.4150707473133836,1,interior
0.18306225679229932,0.4325990556923967,1,interior
0.17597214023603294,0.43646140252190435,1,interior
0.0569061104924492,0.4122221987240006,1,interior
0.15961683186527403,0.4360970615692952,1,interior
0.047867492386259904,0.401241724148352,1,interior
0.07198044139424167,0.41331376518226765,1,interior
0.033804823223405035,0.395261105491555,1,interior
0.16334144633963782,0.4386779635310416,1,interior
0.1763903489748841,0.43800318545910444,1,interior
0.03858723385116418,0.39788183564025265,1,interior
0.06660759320255479,0.41044039754286377,1,interior
0.05879258079465034,0.40575691792907764,1,interior
0.05281163996262589,0.4091005005936904,1,interior
0.16820618315564645,0.4438491490122222,1,interior
0.16342223851054435,0.4365842525003757,1,interior
0.08801483228042291,0.42549687923385565,1,interior
0.18151179202445317,0.4270224781468687,1,interior
0.08249370228335594,0.4248570087345041,1,interior
0.07705234434865299,0.42232573918004523,1,interior
0.15855798693173148,0.4343831187773111,1,interior
0.07101032187907826,0.4166242621302503,1,interior
0.08919989296456952,0.42894268569241967,1,interior
0.08034740376056049,0.42236616687669637,1,interior
0.08157593251794369,0.4278327836797177,1,interior
0.16463183810654228,0.44134001880904095,1,interior
0.07111182689064494,0.4210696938802022,1,interior
0.05018130992980847,0.4081214692962372,1,interior
0.17504562422745487,0.4328062370483661,1,interior
0.17184379587541823,0.4408992456140081,1,interior
0.0592576307165245,0.4133654131617303,1,interior
0.09709143997163298,0.4327948405148189,1,interior
0.0866599951429409,0.43050860169484667,1,interior
0.15440318998859093,0.43401105630358894,1,interior
0.18625688397279017,0.44066326002137546,1,interior
0.18825675820276605,0.4308176174995819,1,boundary
0.17570935455297013,0.44065506640366486,1,interior
0.06919862180885225,0.41735602653792353,1,interior
0.10835627287056478,0.4318706906736038,1,boundary
0.07970601539125942,0.42765896710588547,1,interior
0.035970413705497264,0.3944672670990899,1,interior
0.18154145130751387,0.4379480731239381,1,interior
0.18134581472194464,0.4338812350531264,1,interior
0.07249236132194219,0.4169571725625528,1,interior
0.07658083851157499,0.4269139365334731,1,interior
0.17003030802586008,0.4432580068969622,1,interior
0.17333701297477563,0.44195744000395976,1,interior
0.09382783609854653,0.43482915265356814,1,interior
0.049939750313914864,0.4053062583052944,1,interior
0.030540830593336347,0.3892834101186168,1,interior
0.08697353311686196,0.4287664994354318,1,interior
0.18504197118041318,0.4425091848251364,1,interior
0.047119070887465336,0.4059376694299472,1,interior
0.08919949592735266,0.4243638243907522,1,interior
0.06493323307992871,0.4129296107807712,1,interior
0.1535869291395801,0.4361681490312817,1,boundary
0.07595304505529038,0.4234665529102921,1,interior
0.07979325382639155,0.4300225766970213,1,interior
0.043367572302419784,0.39826253498427355,1,interior
0.1575751927213862,0.4372813144639666,1,interior
0.06875722367798356,0.41414884904897276,1,interior
0.09247076758023925,0.4308472940407113,1,interior
0.052921019716802985,0.4109093705707809,1,interior
0.0369512859399299,0.3973922289749754,1,interior
0.17426320241975474,0.4379639683663489,1,interior
0.04568321403912453,0.4009874396668773,1,interior
0.1861911432362571,0.44377777687066144,1,boundary
0.16592909060136965,0.4405348337067035,1,interior
0.0919160531358889,0.43434207384451495,1,interior
0.08702113324578098,0.42411663290752954,1,interior
0.062058594403160375,0.41256252139561034,1,interior
0.04896040452340385,0.4097013570223387,1,interior
0.07549355023826249,0.42527245891402554,1,interior
0.07063180869761077,0.4140692312390588,1,interior
0.16143646909119747,0.43422760155896073,1,interior
0.04170522288130201,0.3988432609902205,1,interior
0.076906093314838,0.4295934180854676,1,interior
0.06695549290932415,0.41409800490227083,1,interior
0.045127608482191855,0.3992917698097347,1,interior
0.18731516583350746,0.44189704129270524,1,boundary
0.09587524651947031,0.4353218499296842,1,interior
0.17352928492302427,0.4396865372964656,1,interior
0.09010248597074995,0.43202537456305756,1,interior
0.0925965916943838,0.4368504925153687,1,interior
0.18171558519620182,0.44068952266920713,1,interior
0.1842842885336661,0.44018123493147676,1,interior
0.04617596840215132,0.3959307554627046,1,interior
0.07426620425624637,0.4224163746734191,1,interior
0.04150735817402935,0.4005828562474873,1,interior
0.08849236948384993,0.4318606019968849,1,interior
0.18425658408381604,0.4449071324946572,1,interior
0.02891478396926545,0.3896960305024866,1,interior
0.035737100085075586,0.39894903157975237,1,interior
0.16197386904453692,0.441221714501474,1,interior
0.15773097483431864,0.43998985817904634,1,interior
0.04453766163615147,0.40589353429409597,1,interior
0.056415949655570445,0.4149406133458663,1,interior
0.10163175791628946,0.43574883331567893,1,boundary
0.16187237279675834,0.43814925452292863,1,interior
0.18220501311119985,0.4422618382775652,1,interior
0.1788838047910115,0.438861753478541,1,interior
0.06959584511879208,0.41279731272734893,1,interior
0.08309752509478203,0.42661718073848287,1,interior
0.06306307914417536,0.41375915567032234,1,interior
0.06082716186265495,0.4136353571980783,1,interior
0.04215748870793977,0.3972818099742179,1,interior
0.1612744271266684,0.4396719633683429,1,interior
0.06948139904685642,0.41563879843752016,1,interior
0.04362705114536554,0.400273108289154,1,interior
0.05005080493542417,0.41104424547138996,1,interior
0.03303886437429129,0.393418331914866,1,interior
0.07576779935914682,0.42151375860667784,1,interior
0.08191119025842616,0.4296984191560394,1,interior
0.09619193113058042,0.43693127265729004,1,interior
0.06185238844817097,0.4149985489108451,1,interior
0.07403665121289933,0.4269639687112153,1,interior
0.16318024967388453,0.4428786373823714,1,interior
0.051972798712416154,0.41238452055088926,1,interior
0.16005512429038216,0.4410608420798842,1,interior
0.06385177241627185,0.4166086649356407,1,interior
0.07379939801541435,0.42513789499337407,1,interior
0.03448179575480162,0.39708759209728905,1,interior
0.15536611820837926,0.43661727761956354,1,interior
0.0821558996937721,0.43144207994712686,1,interior
0.0626828518035427,0.4036199236998267,1,interior
0.09474466056727397,0.4376797245409997,1,interior
0.06770116497057531,0.41972217237447473,1,interior
0.18004022183199683,0.4400836714500673,1,interior
0.07585199244057916,0.41880102502918104,1,interior
0.04831473342161141,0.406978170649122,1,interior
0.07539989750278575,0.4283033197379098,1,interior
0.1595580616071236,0.4382839239021524,1,interior
0.1661825981242474,0.44432731803124187,1,interior
0.18276495199706935,0.43906184654919084,1,interior
0.034215036903594155,0.39974904294278774,1,interior
0.18737264749869162,0.4271141830370901,1,boundary
0.04536802335074489,0.40369353527740803,1,interior
0.1631302320863901,0.4453649847636255,1,interior
0.15572910858859634,0.4385777826981256,1,boundary
0.08618530735648519,0.4326019158097802,1,interior
0.08337286318693357,0.42902534620330085,1,interior
0.07197850037758385,0.4269032451455881,1,interior
0.02605319300986757,0.3887762958358657,1,boundary
0.03259027895791673,0.39877075697681885,1,interior
0.04389594798325323,0.401817178850102,1,interior
0.045763446939300734,0.40775459848320894,1,interior
0.07269446238615888,0.4220443607256522,1,interior
0.08892628209980408,0.4347432530366764,1,interior
0.054576378023481406,0.41290359446624714,1,interior
0.04251678409380733,0.40699474975230304,1,interior
0.08449020932337188,0.432298811098994,1,interior
0.06887285693202022,0.420871956557609,1,interior
0.03400141726910211,0.40131355881661984,1,interior
0.06496251551694615,0.41828234861669555,1,interior
0.031807871992690126,0.40074866131305226,1,interior
0.16152005018403512,0.443197171150415,1,interior
0.08691640415205937,0.4350672733623079,1,interior
0.15429550678432974,0.4380389817178613,1,boundary
0.1781685975051467,0.44217929725462624,1,interior
0.03472361860795113,0.4031686939415355,1,interior
0.037017055266289706,0.40042270750294623,1,interior
0.030989591666913886,0.3952148848265492,1,interior
0.057743798284390885,0.4136952703874257,1,interior
0.03262194915567086,0.3972121356220586,1,interior
0.07419842457021229,0.42956435242787216,1,interior
0.03070204694320992,0.39209345534928386,1,interior
0.046922881842614485,0.41142339628916286,1,interior
0.02965066027277903,0.3963805956647655,1,interior
0.17733711478454942,0.4398025111852188,1,interior
0.18362923619094157,0.44164955784803966,1,interior
0.18010544739278225,0.4434042135863926,1,interior
0.031029280754789387,0.3982858513513843,1,interior
0.17012686062613985,0.4449349276873501,1,interior
0.06445979190005184,0.4148517860252889,1,interior
0.07100025226070644,0.42850363153906224,1,interior
0.07005111076940623,0.4228512867917427,1,interior
0.067028467767456,0.41563125849934096,1,interior
0.17275668840432779,0.4434249470065402,1,interior
0.06710561680894395,0.4173414202993341,1,interior
0.04003415923195192,0.3990674971071778,1,interior
0.04159841167164345,0.40352630982313453,1,interior
0.095810089029181,0.4394105590772104,1,boundary
0.028773157388167665,0.3868890761936853,1,boundary
0.07322479221235013,0.4235755173639488,1,interior
0.0296649577298243,0.39439060999101666,1,interior
0.0876305364844249,0.4337234565075413,1,interior
0.027720508704223667,0.3952210421031324,1,boundary
0.08038281602945152,0.43165971404330256,1,interior
0.07346210343931453,0.43138985354038906,1,interior
0.0332714358871827,0.40265151604664245,1,interior
0.043096048397654,0.404180611916975,1,interior
0.07167285514422375,0.42370044396804374,1,interior
0.05898858892952051,0.416231793203652,1,interior
0.07502523840110242,0.4313152343674555,1,interior
0.1751831883627355,0.4434518901726811,1,interior
0.07808951937047336,0.4310871232737246,1,interior
0.04419158309619786,0.40865268728735504,1,interior
0.06040662811222552,0.4156727620778886,1,interior
0.16849742570804466,0.4466825862835895,1,interior
0.1848798052843208,0.4465905836891448,1,interior
0.08416846845908102,0.4345090430316355,1,interior
0.04142616864915993,0.40525077662743103,1,interior
0.07301451382538834,0.4285779149411481,1,interior
0.0781777007474895,0.4335127691441575,1,interior
0.06072131210725418,0.41852186921036927,1,interior
0.06996966196829733,0.4258466772209822,1,interior
0.15057505121431802,0.43302222610478247,1,boundary
0.09125801180162095,0.4358159675148482,1,interior
0.08566229625238567,0.4364906555491091,1,interior
0.0654396510516016,0.4163356060003136,1,interior
0.16133469228022138,0.4447249560366557,1,interior
0.07400146527678093,0.4336298394241449,1,boundary
0.06745116839303615,0.42170410727172497,1,interior
0.029043102603724173,0.3922732638390685,1,interior
0.15834192540507983,0.44195553639697677,1,boundary
0.15892308322581816,0.44344726587839256,1,boundary
0.06268591379690383,0.4179704923447784,1,interior
0.17191707318711422,0.4447428105032402,1,interior
0.18269395259119472,0.4442889723674259,1,interior
0.1808950464974712,0.4459459755995714,1,interior
0.04698714907661483,0.40941400357512553,1,interior
0.053929699188190135,0.4159453150254447,1,interior
0.17509986467187422,0.44538975996617486,1,interior
0.0526179265910462,0.41400328465624947,1,interior
0.06281869406762323,0.42054455182587164,1,interior
0.06067566278948293,0.4202315836193412,1,interior
0.03572918088796475,0.40165686593770905,1,interior
0.05055580319501319,0.41349529257292295,1,interior
0.04909171493509933,0.4140506056193381,1,interior
0.0875543827661852,0.4379529636063602,1,boundary
0.0677567095702977,0.427634883553567,1,interior
0.17346654728968133,0.44553186225793384,1,interior
0.04558523614147479,0.4124799293881329,1,interior
0.026414266928692826,0.3911954342138708,1,boundary
0.1600795722936278,0.4457197234994568,1,interior
0.03796549229459411,0.40224339982105634,1,interior
0.07655512542661196,0.4312110237804295,1,interior
0.16172974443954272,0.4475335175029903,1,interior
0.04475085282650328,0.4102536809240164,1,interior
0.07227917388358236,0.42517902132704094,1,interior
0.03203121742070156,0.40389475291000987,1,boundary
0.04728256510478263,0.4154743232142769,1,interior
0.049000923281274124,0.4124380338391644,1,interior
0.0904933978156219,0.43372726949115487,1,interior
0.06909622013368798,0.4241205805674224,1,interior
0.06453186755124403,0.42050081240334825,1,interior
0.170034728340833,0.4476347038581275,1,interior
0.08908557469824867,0.4374525214121348,1,interior
0.06610443365512052,0.4230516867639574,1,interior
0.05206669530084859,0.41683616729285106,1,interior
0.17643452607951735,0.4421363827618398,1,interior
0.16539438767958342,0.4428768138947399,1,interior
0.06168542345439568,0.4225751850590548,1,interior
0.08329007459800435,0.43699072597284583,1,boundary
0.17822713357395467,0.4445450001767448,1,interior
0.06619890937966257,0.4193014960645291,1,interior
0.04127087160913371,0.4086324527091762,1,interior
0.05048161486525638,0.41553949084298986,1,interior
0.060019236053964455,0.4221431785350914,1,interior
0.18176720604239005,0.44735752610986906,1,interior
0.06651357862012613,0.4249793840578551,1,interior
0.02709897779798387,0.39326200152093643,1,boundary
0.058397810654617396,0.41950249264747025,1,interior
0.07255626847052457,0.4329282332850237,1,boundary
0.0474137919118968,0.41379832917858256,1,interior
0.07194914017719159,0.4301677802781409,1,interior
0.17612990062493858,0.44653180344635707,1,interior
0.1721532176979611,0.44696789186783664,1,interior
0.18061957973293802,0.44193926502556824,1,interior
0.0680932978210196,0.4253756954691251,1,interior
0.08245005955725881,0.43301938567320664,1,interior
0.0613272797890397,0.41704861059748327,1,interior
0.17677372886408088,0.44944777825789084,1,interior
0.1656110267682656,0.4459923342420612,1,interior
0.03775608700336523,0.4037666731505991,1,interior
0.1869657539966172,0.4453051677557676,1,boundary
0.18688842682100618,0.44740864565016025,1,boundary
0.039824290673902425,0.40564096953550954,1,interior
0.04471804758528019,0.41501083829846347,1,interior
0.1832660505155018,0.44630016942567746,1,interior
0.0924983018778882,0.4395764392958694,1,boundary
0.15862085121115832,0.44527227003700304,1,boundary
0.07602842222338772,0.43281693723393616,1,interior
0.05132083625576325,0.4182011740609849,1,interior
0.16463561751467268,0.4443209886654656,1,interior
0.05699458671778578,0.41701715002831363,1,interior
0.03618894484657001,0.40586461598602075,1,interior
0.06376911440489676,0.4218938635539129,1,interior
0.15919179175447784,0.4470590944923192,1,boundary
0.03210556144892867,0.39018054294428184,1,interior
0.17611848120749435,0.4519406134693148,1,interior
0.171465025443387,0.4425017947116724,1,interior
0.09115870143658672,0.43786484707400575,1,interior
0.17296208026902174,0.44827655013146955,1,interior
0.06028615618687495,0.42518455574166125,1,interior
0.054110410594010436,0.4143673830386037,1,interior
0.027686390009721323,0.3884651441362841,1,interior
0.05324338528838522,0.4190348402564297,1,interior
0.07041789740639608,0.4299794627529995,1,interior
0.16373437611654354,0.4472950097210286,1,interior
0.03913348870076092,0.400590291763901,1,interior
0.04325523192897941,0.4111363441980838,1,interior
0.06255920592513196,0.4244207716078474,1,interior
0.1839055726669689,0.4485945622376827,1,interior
0.0696735520373836,0.43193819967301184,1,interior
0.04753619184910056,0.41738033820586984,1,interior
0.040105585927082195,0.40406928710772055,1,interior
0.06483755635234616,0.42428129675726123,1,interior
0.0404173471206798,0.40201687348094156,1,interior
0.08090636367788873,0.43314884678495386,1,interior
0.1679652113042735,0.44897353888091474,1,interior
0.038407532023364305,0.40628078139204704,1,interior
0.1746758666646529,0.44894750775178516,1,interior
0.06922029370920149,0.42847372054519195,1,interior
0.04189579762967576,0.41033793264267104,1,interior
0.05757812229330275,0.42567650811049956,1,interior
0.03189780117499194,0.4057760178590277,1,boundary
0.08041818958044823,0.43510783672279324,1,interior
0.06592641299573769,0.42150233238093887,1,interior
0.05573287113626184,0.41816376516517706,1,interior
0.026291031314886727,0.38718627258457855,1,boundary
0.06534309393062969,0.4270155760039763,1,interior
0.039864885660931895,0.4071830516858824,1,interior
0.03944175623166993,0.4087225165978919,1,interior
0.030056272417847647,0.3877335168220946,1,boundary
0.16177283352920283,0.45026709452910807,1,interior
0.1804013923104924,0.4490863659112903,1,interior
0.1640790862240016,0.4507199626337879,1,interior
0.17680843151205275,0.4535717382134153,1,interior
0.07670997634745289,0.43477347798940136,1,boundary
0.18018888374963246,0.447311198773294,1,interior
0.06370009773501448,0.4261001228687423,1,interior
0.08206991545666134,0.43585326222280296,1,boundary
0.039554330850639766,0.4110074678303015,1,interior
0.0413785672702811,0.4132342201945239,1,interior
0.0684506426282714,0.4298728598897953,1,interior
0.06625273196829184,0.430121351486903,1,interior
0.16996387173576724,0.44933457651856273,1,interior
0.06312282366823797,0.428796051743846,1,interior
0.05187617667759664,0.4215678907946451,1,interior
0.0676150661994803,0.4236065583229408,1,interior
0.17824422386828165,0.4460998708480319,1,interior
0.16633021137799042,0.44778473232712407,1,interior
0.17870574962413438,0.4514056609092057,1,interior
0.17851126002400325,0.4489984018130538,1,interior
0.16745392774694673,0.44527310415140764,1,interior
0.173415145410569,0.45301384930719957,1,interior
0.03402660279380102,0.4054308959983926,1,interior
0.05397247972774671,0.41769066778346103,1,interior
0.05815748842519176,0.4271624311002417,1,interior
0.05564726836426008,0.4199861135458755,1,interior
0.03781249400318981,0.408556773203974,1,interior
0.17525948865402638,0.45326285225900415,1,interior
0.02951898336971434,0.3986151239379794,1,boundary
0.04275804066647726,0.4149761851389991,1,interior
0.04568488606983998,0.4173398078126327,1,interior
0.17284075047708392,0.45053745263586703,1,interior
0.0587723903267647,0.41779650146232084,1,interior
0.0648293230397186,0.4284946342279222,1,interior
0.170594004550777,0.4519903563063459,1,interior
0.18031716437999046,0.4507521057568949,1,interior
0.02817475091549864,0.3968135148432593,1,boundary
0.1865193645323323,0.44955511950399357,1,interior
0.18225231654182733,0.44924372263406753,1,interior
0.17432891889099314,0.4469931581111887,1,interior
0.04896010325046178,0.41560679536071976,1,interior
0.04362637744961501,0.4131588055118006,1,interior
0.030087497921831248,0.4001688919988911,1,boundary
0.08830472958466969,0.43612981897821074,1,interior
0.036191284558857104,0.40999005147797596,1,interior
0.055440056561452795,0.4163126031951413,1,interior
0.16662041884464507,0.449691260751928,1,interior
0.1821647301030791,0.4513391377916464,1,interior
0.16302723043189812,0.45259719754616556,1,interior
0.06676983820703347,0.43162403340356104,1,interior
0.04959433246034438,0.4196052936308302,1,interior
0.0647931438252551,0.43387823042345114,1,interior
0.05917595830675572,0.4235828259671761,1,interior
0.17147871593606265,0.4494924128499296,1,interior
0.16292944176144122,0.4486772822173266,1,interior
0.03425930552199696,0.39042876225488804,1,interior
0.1658587356614543,0.45110740770717833,1,interior
0.1879518189045621,0.45180991253606817,1,interior
0.07131268149597786,0.431962514753109,1,interior
0.16160187932208778,0.4536247720226116,1,interior
0.0500726529379553,0.4210719554444016,1,interior
0.17868040171493282,0.4539992666349614,1,interior
0.1667372806378455,0.45260370337787614,1,interior
0.18648219388399712,0.45125494963079316,1,interior
0.1824729925536677,0.45408990749491035,1,interior
0.1690999801940581,0.45101042821222204,1,interior
0.03208113258803916,0.3882382522974715,1,boundary
0.062203319873604765,0.431254124999007,1,interior
0.164766305472681,0.4486193507936879,1,interior
0.1808033388610749,0.4542773465876921,1,interior
0.057755847168018806,0.4211534176518495,1,interior
0.16897817263587012,0.4533067321672203,1,interior
0.0410726872967302,0.4116157506307721,1,interior
0.17456399745944803,0.4546204542552638,1,interior
0.171148243771589,0.4537377492226268,1,interior
0.15939507266786743,0.4524055611860934,1,boundary
0.17747817794959866,0.455873522826821,1,interior
0.06204455564325246,0.4262223068728317,1,interior
0.17439670738446422,0.4562597913966415,1,interior
0.1818160603275191,0.45549778115465783,1,interior
0.15595594535940444,0.4401022936054235,1,boundary
0.1802209700658719,0.4523250027933545,1,interior
0.1747262682707538,0.45064213614748194,1,interior
0.1725426779212432,0.4543981983537016,1,interior
0.05582564719090734,0.42478017478893576,1,interior
0.03394570950546894,0.40756271931580806,1,interior
0.17026044999671183,0.4550543196625222,1,interior
0.060993221754730834,0.4278832036974778,1,interior
0.16739191854619137,0.45108290036790666,1,interior
0.04284120012751769,0.41650520206711183,1,interior
0.06915073691119197,0.4097617297970977,1,interior
0.06493540960326147,0.4313296201603065,1,interior
0.038115892878334105,0.4104995144499375,1,interior
0.03209068072033582,0.4076087798433373,1,boundary
0.16806759490134257,0.4547570779881094,1,interior
0.0486225113547515,0.42292142519382,1,interior
0.16003510392016682,0.4491324472434969,1,interior
0.050498738101085065,0.42298516262589786,1,interior
0.06849061938065934,0.4330727841473888,1,interior
0.05593137194133827,0.42647482682561966,1,interior
0.18032690844701194,0.45583611975458704,1,interior
0.066637299126842,0.43374627691164774,1,interior
0.17883092223672492,0.45708692402875417,1,interior
0.052904710376458115,0.42629877155643287,1,interior
0.18431581589362037,0.45039613439528187,1,interior
0.08961299321689135,0.4389162877042423,1,boundary
0.05743286718759606,0.42889165545882796,1,interior
0.16521346516506036,0.4536923427347185,1,interior
0.056500296705902085,0.42283245464434427,1,interior
0.17671492348321016,0.4439175212854278,1,interior
0.05222989830573593,0.42457584391054876,1,interior
0.16095265414996623,0.45193903636192534,1,interior
0.03604727889934496,0.40791357984671783,1,interior
0.05392210254690245,0.42483499500069094,1,interior
0.17528846950666896,0.458641047863592,1,interior
0.17597629995308037,0.45530277771185873,1,interior
0.0785801914346441,0.4350701888235934,1,boundary
0.04949450533246122,0.42552989226442917,1,interior
0.18419318783697122,0.45291202866726993,1,interior
0.04634430024849677,0.4192071476659216,1,interior
0.03994798952395785,0.4148905549214083,1,interior
0.06991994404787592,0.4339284796859664,1,boundary
0.058954666869416986,0.4308323922687684,1,interior
0.17178078530276783,0.45694991065695045,1,interior
0.1633930493087433,0.4546401103516353,1,interior
0.18396105955872277,0.45635390553532573,1,interior
0.18828273413856275,0.4493861270395904,1,interior
0.16763844772947825,0.4563501480308722,1,interior
0.06032499512885508,0.43258437307304953,1,interior
0.0326471614666487,0.40933502633049595,1,interior
0.046845839619643316,0.4237386107106534,1,interior
0.05353213192650315,0.42305817921394573,1,interior
0.051272275023369326,0.4197381598362079,1,interior
0.09409383112050432,0.4395747364150467,1,boundary
0.16943007088505063,0.4576698394567412,1,interior
0.17075371510351242,0.4587067598025263,1,interior
0.05481136919497079,0.421541219164642,1,interior
0.05482948417498947,0.4293839799355721,1,interior
0.05764384755588997,0.43172600582848925,1,interior
0.034407030117591456,0.4090759334800478,1,interior
0.0337478671798629,0.4111733288952547,1,interior
0.043132916756473544,0.4181003922236659,1,interior
0.17651656818550665,0.45712187137340016,1,interior
0.16808645854402074,0.4585042060453043,1,interior
0.05634980821256423,0.43037557497123313,1,interior
0.1718497758440768,0.4605789084710111,1,interior
0.038022460425832585,0.4151871129304848,1,interior
0.0513378543691809,0.42589039216631225,1,interior
0.03899346304542747,0.41354453558643106,1,interior
0.177461806563087,0.45950640038895363,1,interior
0.04750087006674863,0.4264680196595105,1,interior
0.05327662725624225,0.42096290675451287,1,interior
0.18591675115533712,0.4538372805872927,1,interior
0.17271210371155815,0.45823013445000915,1,interior
0.04916013208748336,0.41755662848177766,1,interior
0.16060881451783013,0.4549467133868683,1,interior
0.04788020637210394,0.41915818460854054,1,interior
0.17749892691156413,0.46210705804313984,1,interior
0.04372024367311931,0.41993613971233607,1,interior
0.061258841765290874,0.42946356515402345,1,interior
0.05430913887992412,0.42742251357905764,1,interior
0.06637201569341349,0.4283018309806627,1,interior
0.18862694282617676,0.45364090733750295,1,interior
0.18351489279163163,0.4578248427729269,1,interior
0.037040826276171,0.4122417812464603,1,interior
0.03663959212091751,0.4176876548833145,1,interior
0.18826786808469712,0.4551996413282954,1,interior
0.038064667335264625,0.416790337830212,1,interior
0.1590047657864651,0.45404494460162637,1,boundary
0.04746457164144322,0.42068029068679075,1,interior
0.05623554577107904,0.43247628472228034,1,boundary
0.03583395123865457,0.41518240447372706,1,interior
0.04127084685340055,0.41743377240250773,1,interior
0.03469190780468937,0.4179792237545378,1,interior
0.16169679088360836,0.45634733966786634,1,interior
0.1903311706480079,0.4515072978910728,1,interior
0.1651573842341608,0.45589053273984104,1,interior
0.035881629235432116,0.4135479809221893,1,interior
0.1598783471827218,0.4568416990661172,1,interior
0.050797777353856516,0.42798116733172253,1,interior
0.059473208264959186,0.4293304264126881,1,interior
0.17924842320125603,0.4597170845616344,1,interior
0.03529578246327793,0.4113648370189563,1,interior
0.04947178343105893,0.427149172584383,1,interior
0.16645947629122582,0.4549285447565282,1,interior
0.18155817282706735,0.457200394743069,1,interior
0.18071141297067078,0.45880887964123923,1,interior
0.03177972176821405,0.4023018952826167,1,boundary
0.19049497295139942,0.45323517678185726,1,interior
0.15925892200021,0.45083714181184303,1,boundary
0.06065480135127996,0.4309889153544592,1,interior
0.16623561040097884,0.4577230311070779,1,interior
0.05415511812319333,0.43115257211760144,1,boundary
0.17545018063720205,0.4617645163224829,1,interior
0.18414839754834203,0.4544810199407081,1,interior
0.06359424005691816,0.43229816577153485,1,interior
0.16329487343448612,0.45625203924671537,1,interior
0.045655345088293726,0.4226053415808409,1,interior
0.18541382046435845,0.45580366733959793,1,interior
0.17971419785900153,0.46123016649115434,1,interior
0.06219129507033749,0.43366358429788276,1,interior
0.1899314272124203,0.45594475698413783,1,interior
0.1849923778714878,0.4595312387830341,1,interior
0.03768590888901543,0.4201701296865028,1,interior
0.17395573789194227,0.460907506042457,1,interior
0.05873959624972016,0.4335276746057365,1,boundary
0.1609829710786299,0.4581174456843754,1,interior
0.05198783857761141,0.4303842344041454,1,boundary
0.16997680037368948,0.4620039334257721,1,interior
0.18602275984501898,0.4612817524806578,1,interior
0.06279066563021049,0.43515577764287494,1,boundary
0.039304018947613685,0.4199874806908903,1,interior
0.04618886472850992,0.4256541772432673,1,interior
0.03602931030228496,0.41909258483502426,1,interior
0.045550695029778855,0.42103665720447,1,interior
0.04486638022880674,0.4188501606903996,1,interior
0.1868534685548726,0.45628988301796064,1,interior
0.18188007201536532,0.45984931584997357,1,interior
0.05288705771735726,0.4283309481851959,1,interior
0.047854117134680026,0.4280445077782349,1,boundary
0.03224406980337107,0.41080852931369893,1,boundary
0.16436882164850064,0.4600897358870627,1,interior
0.17689088143918763,0.4478940701637465,1,interior
0.034461387162871275,0.4161862680003061,1,interior
0.04327515323134232,0.4230688082133458,1,interior
0.17917483620760177,0.46398333985533247,1,interior
0.0450846232129131,0.42413939188148514,1,interior
0.03978824521332193,0.4182323554109909,1,interior
0.16442984212580988,0.4575715577596796,1,interior
0.03995141139298087,0.41651056761038435,1,interior
0.04831975721572166,0.4245567251719499,1,interior
0.04475645882301028,0.4265229070251475,1,boundary
0.18748365542408849,0.45875558320935655,1,interior
0.1647750581473428,0.45223326629614247,1,interior
0.1748884190605871,0.4635512653288382,1,interior
0.04989676491975437,0.4294758627634042,1,boundary
0.15704513150719035,0.45723774138030565,1,boundary
0.1627004018282735,0.45834737978658324,1,interior
0.16574804015265882,0.4624995860368444,1,interior
0.041250407503553604,0.4191832777474476,1,interior
0.040992913866158366,0.4216185241707134,1,interior
0.1594888454369575,0.4587490094723686,1,interior
0.05769469581641626,0.4239379808411404,1,interior
0.03295041630035129,0.417591134281681,1,interior
0.18993211382058212,0.45003038527687783,1,boundary
0.1843729376094323,0.46136716844911707,1,interior
0.18377800334253225,0.46286757932130157,1,interior
0.191480858560179,0.4558677386977305,1,interior
0.17278230364146455,0.4626019595420633,1,interior
0.03854815478282303,0.4227660747840521,1,boundary
0.04339475804512546,0.4249988428963594,1,boundary
0.17693697860944194,0.4639572738304544,1,interior
0.03335425952172939,0.4148375307838481,1,interior
0.19243752974542963,0.4520122617901774,1,boundary
0.1615643042563068,0.46023658732400263,1,interior
0.1920638840587629,0.45431523523841083,1,interior
0.1655888994715087,0.45915986440003026,1,interior
0.16449035918780028,0.4643936386672999,1,interior
0.037988186336757296,0.41841320345869837,1,interior
0.1812810870283624,0.46161022729909446,1,interior
0.18937783417208193,0.46027161314907405,1,interior
0.08492721284583059,0.42636421532200763,1,interior
0.03407246039298796,0.4131260887754835,1,interior
0.19404588490120042,0.4543612361502932,1,interior
0.04407740899870322,0.42173507314280284,1,interior
0.1892364267121933,0.45740897369301114,1,interior
0.1684920585763734,0.4604837863095182,1,interior
0.18496526448016276,0.46554298963246227,1,interior
0.18755969174924506,0.46170869252468777,1,interior
0.060744800037618264,0.43440658486344225,1,boundary
0.19134221664858156,0.45781996825633225,1,interior
0.18184446382273767,0.4644821639723949,1,interior
0.18582676011575594,0.4581076906930876,1,interior
0.1886018051436072,0.46376478291018913,1,interior
0.1834009928731112,0.4596655041882467,1,interior
0.0338825352777121,0.420067103643649,1,boundary
0.05594171188110556,0.4281888721258649,1,interior
0.1588599518983388,0.4604973053220202,1,interior
0.1560447602926724,0.45990507167012906,1,interior
0.17740655116834345,0.4660955508237506,1,interior
0.18665458156785933,0.46293239212270765,1,interior
0.04070166719197437,0.4245213137420995,1,boundary
0.19003398721928066,0.4623398982866727,1,interior
0.03172815293706518,0.41945323980130395,1,boundary
0.1669173670851098,0.4607639023444015,1,interior
0.19016201135996758,0.4588348507576444,1,interior
0.1913361984224543,0.4607754705320279,1,interior
0.17500157110357303,0.46542643985187576,1,interior
0.1612126109841291,0.4621882420490066,1,interior
0.18658638334844474,0.4657937784960384,1,interior
0.04264870390029311,0.4210723418878612,1,interior
0.16387494520421075,0.4622234081531578,1,interior
0.19163349301617633,0.45055222604813083,1,boundary
0.18258349998008325,0.46664889541006,1,interior
0.18919461573940152,0.46671372259895694,1,interior
0.1722363048242724,0.4647711349368171,1,interior
0.03563963872840926,0.42123153453985895,1,boundary
0.03224131519696229,0.4125685343831232,1,boundary
0.19318692199865908,0.4576095446879945,1,interior
0.03140602575618899,0.41471554497494534,1,boundary
0.18134157719264396,0.4690632760021867,1,interior
0.1864767669778311,0.4675341483723865,1,interior
0.17120123432257034,0.46340298849016304,1,interior
0.16276184110149478,0.46390474475425886,1,interior
0.16849324933173113,0.46368906096314355,1,interior
0.19174046434032624,0.4634712722461816,1,interior
0.1927670043675469,0.4591790788671389,1,interior
0.166195888753756,0.4639782575931671,1,interior
0.15780866163610457,0.45900850546182376,1,interior
0.19022275626177929,0.4647589834075962,1,interior
0.1726140353296954,0.4666288875514664,1,interior
0.1922029167863881,0.466308380388346,1,interior
0.18750979157435782,0.4686818932595891,1,interior
0.15519378215502425,0.4579340907969977,1,boundary
0.173502391509128,0.46788298915159215,1,interior
0.1789086356879345,0.4668135591546117,1,interior
0.03180392425232466,0.4162653952123708,1,boundary
0.1539688592569265,0.45935347607382,1,interior
0.16053566488879548,0.46500096869686686,1,interior
0.1665541749533377,0.46638469517111064,1,interior
0.19281019651512232,0.4619901485262448,1,interior
0.19363865335962552,0.4652041171780592,1,interior
0.18589980532386408,0.46434046185575456,1,interior
0.18358945305444424,0.4647102702026355,1,interior
0.19508019181726888,0.46467741651799027,1,interior
0.1556089690969486,0.46142666935025894,1,interior
0.16324716324051178,0.46596325654197723,1,interior
0.1572254738760242,0.46117931858973393,1,interior
0.16775916308435831,0.4680786862959302,1,interior
0.19415033658403774,0.4609839463100271,1,interior
0.15903767882868394,0.4638047244085749,1,interior
0.16214690761169143,0.46732597584522323,1,interior
0.1693595356784456,0.46494895047504325,1,interior
0.17538939437165266,0.46702403712673984,1,interior
0.15961887349723633,0.4622097433734453,1,interior
0.06358769366123096,0.430302024928092,1,interior
0.18849377667500594,0.4653460588086967,1,interior
0.19397645156516288,0.45250606686024536,1,boundary
0.19328432885975097,0.4558844037708563,1,interior
0.1555824922393535,0.4631476255485004,1,interior
0.1635330318813687,0.46996041080172113,1,interior
0.1691000802929917,0.46725221295821395,1,interior
0.19523639770157472,0.45944519407012574,1,interior
0.1767830339515285,0.4681769443345162,1,interior
0.1577216099387806,0.4629792519637247,1,interior
0.16289797086349952,0.46105876188966277,1,interior
0.1955412014064804,0.45730874363479684,1,interior
0.1577553954371678,0.4652488097792926,1,interior
0.1533614997754606,0.461913726821105,1,interior
0.1914885697802775,0.46910508532245415,1,interior
0.16754604306968618,0.46215108233374175,1,interior
0.15882631859544413,0.46674996714197936,1,interior
0.19612474091829674,0.45255516697686043,1,boundary
0.16561851292026597,0.46794401863198587,1,interior
0.16066148673024777,0.46866773322597555,1,interior
0.16045771779457804,0.4665217498963406,1,interior
0.1754171756560522,0.4700642158596628,1,interior
0.1638169949440659,0.4674938189243011,1,interior
0.1961118951477151,0.4551013762927448,1,interior
0.17262695577541287,0.4693617298108381,1,interior
0.198177305295964,0.454967676548223,1,interior
0.16476210138925865,0.4661826178544506,1,interior
0.17895212909621402,0.4687499222059037,1,interior
0.19687635727713862,0.45979283602835125,1,interior
0.18035658699372398,0.46595192829295,1,interior
0.16764358692856096,0.47004558100589394,1,interior
0.1754352735964995,0.4716232110865187,1,interior
0.19404278067703068,0.46322164162269375,1,interior
0.1781181278684575,0.47073254349422805,1,interior
0.16920074811029895,0.47022821591696523,1,interior
0.17111917945901628,0.4669542767725277,1,interior
0.19545654940862667,0.4626536282330399,1,interior
0.18506545515115547,0.4681746042423811,1,interior
0.17336582074625076,0.470779424813658,1,interior
0.1539978118212943,0.4653066195851454,1,interior
0.15589018374614128,0.4652592841980957,1,interior
0.15379677624962065,0.46356575922715476,1,interior
0.17976485147099036,0.4707574956855961,1,interior
0.18305370816333216,0.47136579995969197,1,interior
0.16545888234869988,0.46984903255966504,1,interior
0.1978267012395984,0.45237485867746086,1,boundary
0.15462550300752806,0.4673270540622505,1,interior
0.17093823171396,0.4700796068839937,1,interior
0.15723236157461185,0.4671985592291235,1,interior
0.19754775007798714,0.4572245950003205,1,interior
0.19205897010132592,0.47068042300825114,1,interior
0.19413964803777872,0.4677331115185694,1,interior
0.1822371194762831,0.4629705735003847,1,interior
0.16064820893704224,0.47119815150435646,1,interior
0.15161979728151379,0.4654509635429151,1,interior
0.18935547294715313,0.4709650128127283,1,interior
0.1586380115782062,0.47240262674028166,1,interior
0.18740148819151567,0.47088168755858756,1,interior
0.1531213151254813,0.46666793967955633,1,interior
0.1994083516047075,0.4521864148012644,1,boundary
0.1536724231858022,0.4577747877306063,1,boundary
0.15229240885308376,0.4593497833127285,1,boundary
0.17120560445062555,0.47164410803431356,1,interior
0.19265072374198125,0.4681129247472255,1,interior
0.15168608933454517,0.46103784153381006,1,boundary
0.17698237616189522,0.47220439052995894,1,interior
0.1536878631535133,0.46925843287239566,1,interior
0.1752893800287192,0.47412065907555556,1,interior
0.20219982773091194,0.45250989346017556,1,interior
0.1694103846298706,0.47182521521367693,1,interior
0.1996575833478682,0.45404060478604996,1,interior
0.18661342214252064,0.4728180475070849,1,interior
0.1518664205899536,0.46267924146975165,1,boundary
0.18076266257500437,0.4721088589886561,1,interior
0.1956794630589373,0.46733361236817117,1,interior
0.19893065684943753,0.46123595174928433,1,interior
0.1957862088482129,0.461078743436485,1,interior
0.197012378260463,0.46641148125276366,1,interior
0.18557219962517957,0.4707914293085239,1,interior
0.1678928072311126,0.4723717918684749,1,interior
0.15740331869026208,0.47005232298058064,1,interior
0.18348823435912298,0.4693648809618801,1,interior
0.041620882105747894,0.42306929930011394,1,interior
0.18230909144064036,0.4740466131079834,1,interior
0.20141587258235336,0.45456968680337473,1,interior
0.2017255662469858,0.456227553751705,1,interior
0.1905883038882054,0.4675022306504596,1,interior
0.19958371117995344,0.45636792113055036,1,interior
0.19693417925298,0.464030253617678,1,interior
0.203364809259632,0.45500875319882184,1,interior
0.18920052580228383,0.46935953696541305,1,interior
0.17896700218563985,0.4722798294936022,1,interior
0.19363872571042887,0.46956141505226934,1,interior
0.1935236052309594,0.47110804010937235,1,interior
0.20430717167319964,0.45281972798488546,1,interior
0.18285331259973442,0.461562330997069,1,interior
0.16827553695776645,0.4740452682939098,1,interior
0.16819908512242593,0.4660186438787926,1,interior
0.17879733936762265,0.47383909565626375,1,interior
0.1839682770961544,0.4747514297984484,1,interior
0.15657635161799752,0.4726834875082773,1,interior
0.17363714441699205,0.4725675620793553,1,interior
0.17076118675219557,0.4732788636391792,1,interior
0.1660036124763785,0.47261577538125504,1,interior
0.18907065251316976,0.47332132878829725,1,interior
0.19543113412782118,0.46910153653903885,1,interior
0.19443228395456608,0.472797759200417,1,interior
0.19076140890413198,0.47195145168769365,1,interior
0.17692171724053787,0.47494753024904685,1,interior
0.19946646574418506,0.45862019532058923,1,interior
0.18030307808345755,0.4762694510337778,1,interior
0.20193190353603716,0.46010144227515004,1,interior
0.18171710810945985,0.47057198539854045,1,interior
0.16996661358212417,0.4686809418375945,1,interior
0.15054613633009936,0.4642478101324043,1,boundary
0.15836698895788281,0.46853153989719676,1,interior
0.18674487529914832,0.47441376274384567,1,interior
0.1994250786915114,0.4675536752739184,1,interior
0.18068191343865986,0.4738574744986744,1,interior
0.16398701186144732,0.47281286861246397,1,interior
0.16824305755400615,0.4759103223209042,1,interior
0.16638390646605394,0.4745482110309696,1,interior
0.1613417882786467,0.47285828303825844,1,interior
0.20307333183812462,0.4575261598975257,1,interior
0.1991746122400903,0.46418515952896383,1,interior
0.1722510648958461,0.47388430010596316,1,interior
0.20101610148020038,0.45779915561298073,1,interior
0.20328057292860566,0.4618099792401419,1,interior
0.19739782316888416,0.46207980634395435,1,interior
0.17357190781085077,0.4753198594320653,1,interior
0.1979169170862778,0.46865603336816397,1,interior
0.18510239627872038,0.473065428937754,1,interior
0.17866544041784688,0.47544035922852607,1,interior
0.18226079982262253,0.4758503515329355,1,interior
0.16509401357288078,0.47545048223312514,1,interior
0.16702052393562897,0.47721558230883565,1,interior
0.18344876570244228,0.4776829213100761,1,interior
0.1503525911825808,0.46686427268948866,1,boundary
0.1594690339969907,0.4699036701627919,1,interior
0.170903783248474,0.4750928994907248,1,interior
0.17274813854356436,0.477430146664035,1,interior
0.20050796674676757,0.4633665943891402,1,interior
0.1701983444312757,0.47766334347848916,1,interior
0.16858443988729846,0.4781639962440212,1,interior
0.2021115816720408,0.46442832082909197,1,interior
0.19884368852618642,0.4659223634148751,1,interior
0.20557281888785747,0.45566341010573425,1,interior
0.16268457476994735,0.4761800035420823,1,interior
0.15172662723368346,0.469020383214491,1,interior
0.2018944812722017,0.46645301025545405,1,interior
0.16098046212211936,0.4754133187432339,1,interior
0.16519747434593676,0.4773074030113437,1,interior
0.16258351217719846,0.47135220677489864,1,interior
0.18099066849466056,0.47808946269857455,1,interior
0.18576216234126933,0.4755832270379605,1,interior
0.18549191980170635,0.47963726657436856,1,interior
0.16195225955360681,0.4695389033605081,1,interior
0.1683120409266632,0.47976189581909745,1,interior
0.18875482619706083,0.4749656294181265,1,interior
0.18228575680946962,0.47902391341564576,1,interior
0.16095560328433284,0.4776820326086774,1,interior
0.15642480786800797,0.468777877929292,1,interior
0.20534188986027282,0.45414245681173265,1,interior
0.152142812464001,0.4705529561521097,1,interior
0.15433180981071165,0.47203883803774993,1,interior
0.18133714050693875,0.48134093065441763,1,interior
0.1629729767117398,0.47437722529250576,1,interior
0.17700720811408482,0.4764786446070716,1,interior
0.20331755307320992,0.45931989524975325,1,interior
0.18621412626279807,0.4782981269604289,1,interior
0.200339889282511,0.4601757153021518,1,interior
0.15498268229777878,0.47010005945273287,1,interior
0.2041146996112316,0.4637477673717999,1,interior
0.14956050961705494,0.46838444805054646,1,boundary
0.17531400617741794,0.4758448261296742,1,interior
0.20170829706671906,0.4623468073020984,1,interior
0.1843400583232769,0.4763241380220651,1,interior
0.15478714013517503,0.4742055774180777,1,interior
0.1563916214542946,0.4747793889645335,1,interior
0.18732093793015459,0.4762759953892654,1,interior
0.203290078228065,0.4672989403606162,1,interior
0.18006348082037904,0.47970369251568856,1,interior
0.1591211781065685,0.47782002122923595,1,interior
0.18764031463961248,0.47950927631171864,1,interior
0.14841975497859436,0.47068310025556576,1,boundary
0.1777518862287233,0.47881176742763937,1,interior
0.16372112002189046,0.4781209636370343,1,interior
0.2014526591116068,0.4689854654303183,1,interior
0.16365067756222446,0.47989688408171616,1,interior
0.14995529774325403,0.47102586665973556,1,interior
0.18101106969796377,0.46753796958470667,1,interior
0.18867295456679348,0.47798131690668144,1,interior
0.16508828298146075,0.4792413772198164,1,interior
0.20504443353971494,0.457220960500914,1,interior
0.19532977969767806,0.4708199107628814,1,interior
0.1714805964951414,0.47865315377775275,1,interior
0.2049471519324737,0.4510416833536568,1,interior
0.17050289363435409,0.48042424858582217,1,interior
0.1563014520489626,0.4711032068466821,1,interior
0.16541574599130612,0.4815428895403996,1,interior
0.20298974688447652,0.4504228439567768,1,boundary
0.18676575373535098,0.4812003612247226,1,interior
0.20055119180928244,0.4652779757605621,1,interior
0.18018834972178743,0.4823597402037537,1,interior
0.203826663215597,0.4480004639518949,1,boundary
0.17849982356926158,0.4773796284162604,1,interior
0.18552088054634935,0.4833258172919086,1,interior
0.2051390404530034,0.4490560337039494,1,interior
0.1835699111825378,0.4730258985159594,1,interior
0.2062569370408272,0.452330518145003,1,interior
0.20479378399255527,0.459871524010189,1,interior
0.1759068329441157,0.4784261457127638,1,interior
0.14918175607798947,0.4725941382460495,1,interior
0.164930119311945,0.4713589932498661,1,interior
0.18280867006895846,0.48054154448130093,1,interior
0.20659462186155547,0.447445763614953,1,interior
0.15578692288076934,0.476742855679164,1,interior
0.16844585375371232,0.4827555118810605,1,interior
0.16797794729018173,0.4844847219614404,1,interior
0.19757131497269523,0.4727403081103712,1,interior
0.15944426502273099,0.4740678339304213,1,interior
0.18205403347625104,0.4830245264521639,1,interior
0.1524202070186121,0.4728266580869369,1,interior
0.20785569211997013,0.4571575381638564,1,interior
0.20014292897777683,0.47028738541820675,1,interior
0.1793288445109952,0.4841812320402772,1,interior
0.16761437985241315,0.4813632983939801,1,interior
0.17145172072470846,0.4766226398292855,1,interior
0.16153800703918042,0.47937945942477733,1,interior
0.20481575910978053,0.46696707924447556,1,interior
0.16685105980300205,0.479182529677693,1,interior
0.207312589914243,0.45360256023199846,1,interior
0.18409589113760427,0.4669749664191982,1,interior
0.20622411763365922,0.4582865101253859,1,interior
0.16977065001259006,0.4819540757473167,1,interior
0.19247092571764673,0.4733151533706889,1,interior
0.20306345542881243,0.4708387796370437,1,interior
0.1843562900032377,0.481360453709488,1,interior
0.2079750514730357,0.45555924496070066,1,interior
0.1622085836894281,0.48086312230999273,1,interior
0.17272350707367506,0.4800924881380721,1,interior
0.15975554803560432,0.47937294523564916,1,interior
0.20760185579323287,0.46016747341678127,1,interior
0.16817040510566916,0.4861483616463988,1,interior
0.15275904908700352,0.47674012460993714,1,interior
0.19747956568130495,0.47011907378998513,1,interior
0.2065180583800278,0.4502199704358668,1,interior
0.1592169795252645,0.47568247698731275,1,interior
0.20503063289181353,0.4467989699379472,1,interior
0.19893139491327275,0.47185078513925655,1,interior
0.20606358638968755,0.4684931086969264,1,interior
0.17869210217095102,0.48130180598330957,1,interior
0.18920302854478374,0.48041837616014,1,interior
0.1870356588866102,0.48499284725481734,1,interior
0.2007571197894635,0.47183824457195783,1,interior
0.20661028493773656,0.4659912465383857,1,interior
0.15786276248963943,0.4739726884186171,1,interior
0.15031734091278928,0.47398477911985626,1,interior
0.20411953385075612,0.47270631156318466,1,interior
0.15273987690698151,0.4747137930307047,1,interior
0.20794136563915508,0.4508723313940924,1,interior
0.20535696145325566,0.4613027936301329,1,interior
0.1944708773220392,0.4750928313113128,1,interior
0.2034886789048342,0.4693118684459227,1,interior
0.18871044008414134,0.4830857386188626,1,interior
0.2049384807325341,0.47131298869430716,1,interior
0.19020732818694847,0.475437440725052,1,interior
0.15707890459588716,0.47877057012841356,1,interior
0.18357632290657033,0.48278483821166013,1,interior
0.17177952805874405,0.48346353981155443,1,interior
0.20889834643736652,0.4540856456136823,1,interior
0.20448575853250922,0.44496579395788327,1,boundary
0.17205061699264906,0.4814794515528967,1,interior
0.20999809782216103,0.45295433683888786,1,interior
0.15767726049200942,0.477072118932126,1,interior
0.19945896222209875,0.4739506810851498,1,interior
0.2064943871393445,0.47154936190352786,1,interior
0.15406534846452968,0.4776072711283642,1,interior
0.20860137099802506,0.46597927693526825,1,interior
0.18085799173775974,0.48520503380655067,1,interior
0.20800174832384374,0.4695262430800886,1,interior
0.16377766361769755,0.4824231717150764,1,interior
0.1582532491392889,0.4806121055327398,1,interior
0.2097228464805755,0.46990554565458886,1,interior
0.20954578044159017,0.4583789207458761,1,interior
0.16674343755193877,0.483075160655704,1,interior
0.2099062885728699,0.455728668369629,1,interior
0.1481609908924016,0.4737649871014605,1,boundary
0.19099548079999823,0.47393931548157375,1,interior
0.17597225184220686,0.48043803947110153,1,interior
0.20581799988202426,0.4645278993324066,1,interior
0.2118077325994745,0.45380149733701514,1,interior
0.15443730012568524,0.47577612420928017,1,interior
0.1504977575715944,0.4761333358618873,1,interior
0.20702909785838502,0.46190988312348996,1,interior
0.19284418176853235,0.4748210815798241,1,interior
0.16977916208118365,0.4839325304215544,1,interior
0.211302544616658,0.4594509352440159,1,interior
0.2088401697128806,0.44927208234894794,1,interior
0.14784659472163167,0.476661212486095,1,interior
0.15936591219137988,0.4834340114511599,1,interior
0.16049525466003792,0.482020818467546,1,interior
0.19095158154416073,0.4808935043704643,1,interior
0.1870590265894699,0.48287506876028663,1,interior
0.17449961137668163,0.4826913079851161,1,interior
0.21053311157444238,0.45713181773928036,1,interior
0.20834235193310474,0.4523419193759267,1,interior
0.15330053525456327,0.4792811769061661,1,interior
0.15752065635290305,0.48354411467633035,1,interior
0.20184635674652954,0.47435968683993,1,interior
0.1834157012038523,0.4854337647884388,1,interior
0.1498795012058989,0.47848047505507196,1,interior
0.1878347747326374,0.48645182598042946,1,interior
0.16260379689091867,0.4834287500456586,1,interior
0.20824641624479545,0.4638334360843389,1,interior
0.19588637253937743,0.4722521752336408,1,interior
0.21180553019131615,0.45593529074002287,1,interior
0.1518507769257354,0.47873451183550436,1,interior
0.16495097409150072,0.4849882901926475,1,interior
0.1616602004344611,0.4850370129903048,1,interior
0.19576656740936144,0.4739384359905035,1,interior
0.14896829073141146,0.4755113857547219,1,interior
0.1556378042440435,0.4796842163872613,1,interior
0.17424883888005807,0.47896033777206787,1,interior
0.19583816524030415,0.4762802931617318,1,interior
0.20773470781719788,0.44596349714165023,1,interior
0.20580162003152536,0.47004903451133645,1,interior
0.2082519349290972,0.4713808911878403,1,interior
0.14716029048609766,0.47493062458712054,1,boundary
0.18389076270538215,0.4792071305949578,1,interior
0.17456919126358578,0.47718268834892563,1,interior
0.15400384497644848,0.4813330498030025,1,interior
0.19178790622438738,0.4768768302561293,1,interior
0.20617910912200063,0.4448713554777744,1,interior
0.20884834571008087,0.44354264936580123,1,interior
0.16380304832943618,0.4860043483642196,1,interior
0.14957268003391785,0.48039370921059826,1,interior
0.2101228967277871,0.44146179870606644,1,interior
0.21052509514702591,0.46111186005293675,1,interior
0.20380145424281967,0.465755563201514,1,interior
0.21307493387868004,0.4527562771187445,1,interior
0.20686810319726712,0.47310073243771994,1,interior
0.21233692361438855,0.4576867945661627,1,interior
0.19069179930260177,0.4783784445613987,1,interior
0.20891351161107766,0.4621383476152352,1,interior
0.1556071087301264,0.4826631508547271,1,interior
0.19344449042646758,0.4779309797726331,1,interior
0.14635445579803788,0.4762267498204446,1,boundary
0.17035728071942208,0.48603284695167837,1,interior
0.20744616043364403,0.46770174047482427,1,interior
0.1897733283988208,0.47690517099276225,1,interior
0.2023245039265773,0.4722150359544769,1,interior
0.2101502016759183,0.44456959714229755,1,interior
0.21137308154226458,0.4458971925699817,1,interior
0.20835812881512306,0.4474505948064025,1,interior
0.19697594416116898,0.47491490585459806,1,interior
0.1511832533708678,0.4808707236614949,1,interior
0.1663454764684592,0.4860421101368356,1,interior
0.1718367868282082,0.48806496856576614,1,interior
0.20964102946390337,0.4736723599260106,1,interior
0.21068645060114613,0.46459234262351123,1,interior
0.1920360002409647,0.4794546842736495,1,interior
0.14682057154022182,0.4798353246217748,1,interior
0.14969177974185466,0.48255859567095444,1,interior
0.20637810182572056,0.4428354182916823,1,boundary
0.14845658441538945,0.4792648960804975,1,interior
0.17703220611283335,0.4816279585387556,1,interior
0.21016267392799945,0.46316132035069757,1,interior
0.21375479987284066,0.45684931110297106,1,interior
0.15444188386672603,0.48371232128141556,1,interior
0.21198441503374377,0.46371241144493897,1,interior
0.156739236246759,0.48105030808278954,1,interior
0.19037658289242657,0.4843891384458312,1,interior
0.15192833599386413,0.4832142106458757,1,interior
0.14802962817299456,0.4807728544620653,1,interior
0.20850704686966917,0.4418366418037526,1,interior
0.17976167695236553,0.48628140367082096,1,interior
0.15570955444757123,0.4853533368620082,1,interior
0.16842523928797098,0.48799146093885953,1,interior
0.1482072322090946,0.4845905688020218,1,interior
0.14545497826362316,0.4791152798847257,1,boundary
0.19239349760642924,0.4831627311516999,1,interior
0.20864353979980127,0.4398623086913928,1,boundary
0.17814320828215513,0.4830617116094158,1,interior
0.21232267274973943,0.4439834368632216,1,interior
0.17316433980838186,0.4854980976333032,1,interior
0.21098478611253343,0.43885920873733947,1,interior
0.2113721058550334,0.4757190144638302,1,boundary
0.2037704119878299,0.47435200852289455,1,interior
0.19758210511750518,0.4775389563168585,1,interior
0.19498009272611638,0.47879691974432675,1,interior
0.2001781286195328,0.47650964918164795,1,interior
0.17014023030178524,0.4881292594110441,1,interior
0.1760875616264529,0.4833452612714154,1,interior
0.18864351013133404,0.48511417877967433,1,interior
0.1582928440050535,0.48214001776842,1,interior
0.17767726476999382,0.4854233679538684,1,interior
0.17424420544644068,0.48913768196286644,1,interior
0.18531113787464387,0.48556907823167056,1,interior
0.1747384199488621,0.485519668825683,1,interior
0.16226098278971143,0.4870674970138987,1,interior
0.21007219222487677,0.45096108565730975,1,interior
0.17417632132477764,0.48104659036818803,1,interior
0.1467581790936277,0.482754605938806,1,interior
0.20522082160637664,0.4737656964172391,1,interior
0.1868120352675997,0.48760850859765265,1,interior
0.21027625412271203,0.4483749775874373,1,interior
0.21025417569911742,0.4679951966677934,1,interior
0.1712685770885301,0.48983320756854953,1,interior
0.1603918079045773,0.48770352781678294,1,interior
0.17360710290594036,0.4873438724872497,1,interior
0.1469663282456914,0.4779723591442936,1,interior
0.1930888502736728,0.4845424443669951,1,interior
0.15751280589879038,0.485688082479981,1,interior
0.2123134029013453,0.4481243690907561,1,interior
0.21271956360739788,0.45001524447637864,1,interior
0.20981640062309106,0.47207322597126955,1,interior
0.20104610343436238,0.47926021151108833,1,interior
0.16308282586920478,0.4894742945963158,1,interior
0.15919501758795598,0.4863167202077439,1,interior
0.2142020452190356,0.4512783208612752,1,interior
0.21639365190771903,0.45228268511403746,1,interior
0.21171522238580998,0.4700670165065446,1,interior
0.1691875594644913,0.49042161844590765,1,interior
0.16763111200537842,0.48966474081402606,1,interior
0.1656296438362134,0.4883663495859087,1,interior
0.18131010680280524,0.487424860608313,1,interior
0.16529913443128985,0.4899850710753704,1,interior
0.1438633200354017,0.4828158400068488,1,boundary
0.17042370239270038,0.4917555030065824,1,interior
0.21265912966348394,0.438379661900132,1,interior
0.2028003260721776,0.47681311350123823,1,interior
0.21189830184267353,0.46810137857414347,1,interior
0.18985429581734756,0.486526665254365,1,interior
0.15315728761438666,0.48635036980404556,1,interior
0.20958515302429592,0.44631988313269993,1,interior
0.20703381108352656,0.44143655142722615,1,boundary
0.20539996836518024,0.47563462467458495,1,interior
0.1684039429725965,0.4921748006201868,1,interior
0.21503488967626924,0.45870180744032724,1,interior
0.16128687225940103,0.48917732013361276,1,interior
0.2154189389848084,0.4544947577330388,1,interior
0.16667858010079498,0.4915575757058171,1,interior
0.2120832309502078,0.439971844523954,1,interior
0.21299431860593132,0.44600574107683233,1,interior
0.21463149545971688,0.445911620185663,1,interior
0.21123484981577526,0.466237608912482,1,interior
0.18360308408132878,0.48729727419422697,1,interior
0.15636505437648246,0.4872900473586417,1,interior
0.14539014199877343,0.4817942272380183,1,interior
0.20859184399513744,0.4760317904579604,1,interior
0.15463615378323112,0.4872132818619021,1,interior
0.1651128549843244,0.4834755045409395,1,interior
0.21308027701187573,0.4366964018533541,1,interior
0.21240022833808206,0.4414582392103828,1,interior
0.193526776418393,0.48086166454595386,1,interior
0.19581916015140569,0.48265972454525297,1,interior
0.1904234015181264,0.4825337975433803,1,interior
0.2069881197933,0.4759241334174319,1,interior
0.15820281764921593,0.4888617680867469,1,interior
0.21144375250187689,0.4722798025087032,1,interior
0.14588690603755386,0.48511949449437575,1,interior
0.2137467644173605,0.46408872511340865,1,interior
0.2149331462895442,0.4401201186191592,1,interior
0.16696699849930882,0.49383181729277065,1,interior
0.21190622876390242,0.47381365235447004,1,boundary
0.217867234716559,0.45176044940110566,1,interior
0.21414215601380435,0.4474105812393265,1,interior
0.20546079618819538,0.4782933934540766,1,interior
0.21704886298766368,0.4469349258314165,1,interior
0.2139703182563562,0.44897551857452594,1,interior
0.193677491546758,0.48620902661962573,1,interior
0.1798201374805166,0.4884152370822586,1,interior
0.17185598518123013,0.48653855184490363,1,interior
0.18865613658936703,0.48853952391122984,1,interior
0.21330719391414363,0.46631691520313984,1,interior
0.184702010681401,0.4886782370561645,1,interior
0.2195904754770992,0.4459375375417138,1,interior
0.21578538709134057,0.45034904699892986,1,interior
0.2153813061865687,0.4483595267552711,1,interior
0.17809707552322887,0.49032790773223434,1,interior
0.1918379739066927,0.4860035790023332,1,interior
0.1669359887847392,0.48747057342366973,1,interior
0.21367913572025216,0.4596763708394974,1,interior
0.16510660219090248,0.4918405645412683,1,interior
0.21356562439377386,0.468071230415135,1,boundary
0.14963488531286992,0.4851242762123884,1,interior
0.19397902087850485,0.4833009025512963,1,interior
0.18495466588859089,0.49135658572989416,1,interior
0.21308280639853683,0.4719469837277539,1,boundary
0.20965138821330898,0.47750150664836694,1,interior
0.18244942894820723,0.4894748579611371,1,interior
0.2039630187387689,0.4778030465765766,1,interior
0.21531565395919988,0.4641965101838151,1,boundary
0.21447532965214067,0.43853364819936813,1,interior
0.21616693272461693,0.4379738489073218,1,interior
0.17627919285287888,0.48636515999660024,1,interior
0.15947785212869278,0.49030910824118223,1,interior
0.21479113627336657,0.4417089107824641,1,interior
0.21374382235659004,0.4619555929610828,1,interior
0.21545497789930357,0.4621900479433008,1,boundary
0.16247595723480399,0.491281805379554,1,interior
0.2135025049164939,0.4544945324327279,1,interior
0.21115599375584038,0.4371454585477771,1,boundary
0.21356111843211406,0.47029968037448355,1,boundary
0.19111898257688742,0.4880464113908238,1,interior
0.14365358639903372,0.4855351172934674,1,boundary
0.15108283354432755,0.484625654221473,1,interior
0.15363526368459884,0.4886479737457024,1,interior
0.18652547914601714,0.4902490996266251,1,interior
0.15081623920385753,0.48701886465151223,1,interior
0.17349239376381378,0.4838896002320892,1,interior
0.19662517704365068,0.4790066996454399,1,interior
0.2113815301405524,0.47799134477692595,1,boundary
0.1943109928203579,0.47663188950904267,1,interior
0.21435997472265594,0.44331073077015315,1,interior
0.21536843420069018,0.4562149837026223,1,interior
0.2219759469832753,0.44506506284063735,1,boundary
0.21710164256492712,0.45459666493927775,1,interior
0.19259655169511933,0.4875763236768667,1,interior
0.17258018299708688,0.4908493664474259,1,interior
0.19807561638609286,0.4798733972430117,1,interior
0.21500567277589114,0.4361633578844754,1,interior
0.19550689105142605,0.4805778887344143,1,interior
0.147569373754521,0.4860263669693793,1,interior
0.21166618769357423,0.4520235096614279,1,interior
0.18387964677150664,0.4902598400086606,1,interior
0.2163794185134838,0.45977090769746093,1,boundary
0.1762571192849416,0.4880070508496477,1,interior
0.2165335626327661,0.436283565689249,1,interior
0.18142574378434156,0.49199431915159936,1,interior
0.14893854698321382,0.4869513682793355,1,interior
0.2216235833154333,0.44717159476319746,1,boundary
0.20283384574163507,0.47891996927466235,1,interior
0.16848330991025115,0.49392598852562675,1,interior
0.18947621545435836,0.4898355740976555,1,interior
0.16078251694041484,0.49174782600189637,1,interior
0.2229160903703838,0.44319019029312917,1,boundary
0.21970413652502602,0.44856040881334147,1,interior
0.1612201562511963,0.49470385486358837,1,interior
0.2184920030492412,0.4440486812181913,1,interior
0.21616861990432756,0.4435287815419042,1,interior
0.1800583401792177,0.4909371813969567,1,interior
0.15211555315645284,0.48878111231825944,1,interior
0.19551346354622554,0.4843822974422833,1,interior
0.178611641117575,0.4919559232607357,1,interior
0.1464297009084173,0.4874614412055294,1,interior
0.2074746241210442,0.47821510651342786,1,interior
0.18928555789917245,0.4913932468741997,1,interior
0.15555373738212075,0.4891399533178544,1,interior
0.19843784730662564,0.4753433431507055,1,interior
0.19948809862085023,0.4791844699097959,1,interior
0.21635718601005643,0.43385595895232226,1,interior
0.14731405767743883,0.49028827226452865,1,boundary
0.1947729256811957,0.4886288853748798,1,interior
0.21017920609684942,0.47919229325596124,1,boundary
0.20865764478025678,0.4809728110790534,1,interior
0.18693008588456692,0.4917236758213178,1,interior
0.16899888500888766,0.4957124117836871,1,interior
0.18868702201523285,0.4938487652476671,1,interior
0.21608554977785838,0.4453953077368752,1,interior
0.2079868756562758,0.47418685332895827,1,interior
0.15308113616834088,0.48445775265913027,1,interior
0.19110997292424806,0.49295382894245654,1,interior
0.1975748798182471,0.48350172452786644,1,interior
0.178097272198674,0.4887702706696212,1,interior
0.15433761479465655,0.49025850659550063,1,interior
0.18596512178325086,0.4931166627514719,1,interior
0.1878975249915984,0.4956306616894751,1,interior
0.19595656350864438,0.48634990579139276,1,interior
0.15023671498311839,0.4895093248835569,1,interior
0.21919094519091864,0.4328866379189648,1,interior
0.21707624623761462,0.4487177008908907,1,interior
0.21491665901736198,0.4526481035641937,1,interior
0.2195682308576562,0.4523684462242748,1,boundary
0.21687984454950673,0.4571210987967485,1,boundary
0.19767613380773055,0.4815344587687776,1,interior
0.21668172670930053,0.44065204300752003,1,interior
0.14482561589308734,0.48718247535825737,1,boundary
0.18618441288607498,0.49517237461812985,1,interior
0.15331501847835954,0.49153137443507067,1,interior
0.21455877050877953,0.4342449882598907,1,boundary
0.20355242308926966,0.48078919888061283,1,interior
0.20147636273151068,0.4819511211534165,1,interior
0.1726236614301828,0.4924101271240249,1,interior
0.20534342472842593,0.481479225683331,1,interior
0.16365304291650523,0.4879285374000919,1,interior
0.15707766797563916,0.49078656320874076,1,interior
0.14850187206596627,0.48842888877540747,1,interior
0.14977828933530282,0.4918972987776728,1,boundary
0.1711634265689126,0.4931279026131779,1,interior
0.19929578479172622,0.48171012219872195,1,interior
0.17794572036670916,0.4870841005893417,1,interior
0.21884743157425104,0.4374645176740944,1,interior
0.19393847869832173,0.49188931938667707,1,interior
0.19228268530516224,0.4901719553712108,1,interior
0.19644448683293192,0.48926631477728894,1,interior
0.21805525953668273,0.4455366953181961,1,interior
0.20292693683015148,0.4824264056650591,1,interior
0.21199523663329284,0.46191434149044175,1,interior
0.22048671144874218,0.4444890248786812,1,interior
0.15895567297644944,0.4922563375448738,1,interior
0.19960051392085584,0.4836299658462049,1,interior
0.20133311210316485,0.4835344496868155,1,interior
0.20469293393125657,0.4797636553791552,1,interior
0.20110789287212497,0.48622538293708367,1,interior
0.20927974378918185,0.45990155558589585,1,interior
0.171442930043751,0.49719345167376766,1,interior
0.21767697690771942,0.45021566342313274,1,interior
0.2166954632569887,0.4321370280828671,1,boundary
0.1763499806655894,0.4901702162725807,1,interior
0.17473324199486046,0.4914663003178667,1,interior
0.2194705520626005,0.45040458033554337,1,boundary
0.20693496333353878,0.4816589241698322,1,interior
0.165907988250135,0.49504236828295367,1,interior
0.21825877169086402,0.434564789902386,1,interior
0.22038152195374383,0.4429341792191937,1,interior
0.18398785572522516,0.49335745538918785,1,interior
0.1991847309468876,0.48549978502821595,1,interior
0.19741811621711766,0.48554441155334305,1,interior
0.1797095707950708,0.49437881948543877,1,interior
0.17044594747769964,0.4988369967348505,1,interior
0.22140284185794165,0.4320136883980214,1,interior
0.22119916202619405,0.4344097353419965,1,interior
0.20292486233833992,0.4844079486912126,1,interior
0.16538260249590808,0.49341205130452004,1,interior
0.21109333735505667,0.4497795880349748,1,interior
0.19798849169738023,0.4889557212497094,1,interior
0.16381599763073568,0.493132901055313,1,interior
0.19380278593960518,0.49020483240937024,1,interior
0.21837072878655286,0.4533848288760699,1,boundary
0.20893258319894945,0.4824745163003711,1,interior
0.18316715552385943,0.4917280753900167,1,interior
0.1823709497567632,0.4948445903838976,1,interior
0.15128679009171303,0.4912453203419303,1,interior
0.1741175199173213,0.49309831066250726,1,interior
0.17695083761637403,0.4917240271804908,1,interior
0.16503522152995265,0.486938231831321,1,interior
0.21813485561611673,0.44244944853714785,1,interior
0.18460685475452365,0.4957953989008244,1,interior
0.2197482205208208,0.44139578666209434,1,interior
0.2177187552983718,0.4386740263350414,1,interior
0.21922641368883605,0.4391659783345885,1,interior
0.22261811919162627,0.4405662009421686,1,interior
0.22267778182863415,0.43497381370517596,1,interior
0.16439445637457678,0.4948551662511831,1,interior
0.1972532846247418,0.4919975374952048,1,interior
0.16740638989415596,0.4967490803711162,1,interior
0.18806619898290042,0.49044514588364124,1,interior
0.16216934225791454,0.4929776153413456,1,interior
0.17602957786906756,0.4939234539041395,1,interior
0.19239403231723876,0.4921083614889805,1,interior
0.22363788607763124,0.4311080597374006,1,interior
0.21858140555913996,0.43066080853278466,1,boundary
0.2243734553619912,0.43932621602459093,1,interior
0.19525673975531066,0.49090608417433107,1,interior
0.2042615904036455,0.48329744558950205,1,interior
0.17320134250895272,0.49572396008683167,1,interior
0.17783993458752334,0.49330826560423663,1,interior
0.17288869873059762,0.4978480430124956,1,interior
0.1553160975317401,0.49188395554890724,1,interior
0.19752470611103853,0.48713242446787725,1,interior
0.1605012467238524,0.4932407259899362,1,interior
0.19078927611018912,0.4908979954187846,1,interior
0.20737950277867298,0.48012486865026677,1,interior
0.22529015195967736,0.4347057126573449,1,interior
0.16580515009696986,0.4966980195841349,1,interior
0.1945864173259904,0.4938439298601398,1,interior
0.16379111308399627,0.4972469755034043,1,interior
0.17154902791098436,0.4956221747070716,1,interior
0.18957556502495276,0.4957309324089143,1,interior
0.17211557273416145,0.5005885751113293,1,interior
0.17027416875393533,0.49439349694776547,1,interior
0.15279370411284077,0.4932145371553809,1,interior
0.17276040000042875,0.4942361487429313,1,interior
0.17544207965364614,0.4956100584838839,1,interior
0.15646750820632666,0.49330202834684433,1,interior
0.19278958387301567,0.4953456343519128,1,interior
0.19059985800200813,0.4944421141738733,1,interior
0.174403790154398,0.49836422940193453,1,interior
0.168942976751111,0.49856061554938097,1,interior
0.20587125682860008,0.4839065671958798,1,interior
0.16950658431578403,0.5002141063737746,1,interior
0.22140927930994064,0.44177637092885336,1,interior
0.18088644747348986,0.49746465316501226,1,interior
0.16782265933563617,0.5000859543453674,1,interior
0.19945065256883973,0.4876068702153849,1,interior
0.22089115761136555,0.43955738008896506,1,interior
0.21315063180378258,0.4350756246236005,1,boundary
0.21820721872856527,0.44082894730022293,1,interior
0.16554572802884795,0.4988183652541911,1,interior
0.17474897177588303,0.500135937219527,1,interior
0.22775437264647358,0.43388220276095363,1,interior
0.20320270574195676,0.48619526142505937,1,interior
0.19917801533277585,0.4903820197216544,1,interior
0.20044973226471588,0.4888068927068588,1,interior
0.1543980979470488,0.4934875939808987,1,interior
0.20456420340154458,0.48740931100018076,1,interior
0.22400111677270984,0.43781361295288773,1,interior
0.17855169852933123,0.4955023512538896,1,interior
0.22456145966829638,0.4409856847243201,1,boundary
0.1625630598558128,0.4982804652014181,1,boundary
0.1705076779391054,0.5021012214886307,1,interior
0.2029896775919057,0.49012669312282,1,interior
0.17384798548536312,0.5020205959104619,1,interior
0.18921367054616572,0.49791640632697953,1,interior
0.22136070344999154,0.4366941554128601,1,interior
0.17233021515037772,0.5035910452583138,1,interior
0.20111988038306763,0.4909313710345609,1,interior
0.1621379942115364,0.4967889518693722,1,interior
0.18699760284568478,0.4971964673127386,1,interior
0.20881659023937518,0.4844289407168617,1,boundary
0.22002755619792277,0.43127742715529266,1,interior
0.2054625531980541,0.48608578156093024,1,interior
0.22264338672484824,0.43887729054814145,1,interior
0.2210222395047195,0.429656753786778,1,boundary
0.18519708298279194,0.4978925526769343,1,interior
0.1593822659227692,0.4945968180286763,1,interior
0.2074692858451376,0.4832931278871868,1,interior
0.162907720935498,0.49533191974807367,1,interior
0.15769165721473685,0.4942859513853612,1,interior
0.2228557957275354,0.4295532228168921,1,interior
0.1599501438241968,0.4965506635026151,1,interior
0.21033722233010935,0.4808357768224279,1,boundary
0.15812211515655902,0.49624773319805765,1,boundary
0.1954986996961849,0.4926089766155668,1,interior
0.17358646559742089,0.5061065423160303,1,boundary
0.1830950751557208,0.49623257251714364,1,interior
0.18677210003377046,0.49989159211591816,1,interior
0.15459118176331132,0.49547464818882125,1,boundary
0.19665405899344335,0.4939122735931045,1,interior
0.19903902604739834,0.49281012827766635,1,interior
0.17566381263679534,0.5028480503259712,1,interior
0.17721001997908964,0.4963110112796536,1,interior
0.19422020215073568,0.49675642513440854,1,interior
0.17628737663778882,0.5053748687705598,1,interior
0.16901712826461388,0.5025499922469824,1,boundary
0.16991333093920027,0.4973520890259249,1,interior
0.2024513864209259,0.4917916530897129,1,interior
0.19179879333590247,0.49682186113127297,1,interior
0.17366533665629735,0.5043574845697205,1,interior
0.2231871010409418,0.436441274914842,1,interior
0.17636504256369745,0.4995998682526799,1,interior
0.1561215569951857,0.49559784660373135,1,boundary
0.2260658452651977,0.43682596692066783,1,interior
0.17699456402990654,0.4980360082891522,1,interior
0.17890951398583038,0.49773073465580386,1,interior
0.1639625231350906,0.49953393641760163,1,boundary
0.1529174708269342,0.4953275712355873,1,boundary
0.18395960305960993,0.5000336356177718,1,interior
0.20217317702128826,0.4879985902118192,1,interior
0.21990550214195476,0.4357825091401469,1,interior
0.22770428884461558,0.43705401015608486,1,boundary
0.22257519905978196,0.4332073488763777,1,interior
0.2038787813826035,0.4926477250235487,1,interior
0.17855642633914426,0.506325898114181,1,interior
0.15067811249298588,0.493468746377396,1,boundary
0.17235922279934435,0.5051644481124785,1,boundary
0.17040409182929045,0.5038296917522148,1,boundary
0.19045005884234706,0.49909224168507055,1,interior
0.22059903337339942,0.43802349141665814,1,interior
0.22678140895885016,0.43505404637886597,1,interior
0.20539836708176507,0.48868888697057006,1,interior
0.1929386359059861,0.49383129638393136,1,interior
0.225466551304775,0.4382526261528374,1,boundary
0.18242384648119767,0.49760576322707223,1,interior
0.1908071554789642,0.501978232131113,1,interior
0.19253711760083567,0.49829706868907747,1,interior
0.18012943384939126,0.49897823031055766,1,interior
0.2074018600884509,0.48804195205738676,1,interior
0.2077951208125893,0.49059299932143563,1,interior
0.18933174958490565,0.5041759842302724,1,interior
0.20320340075444537,0.494541615196806,1,interior
0.18220360828943463,0.4996995958901145,1,interior
0.20046373937002912,0.4806912006552647,1,interior
0.198542894921509,0.49621763759808285,1,interior
0.19555509143609812,0.49536744558431817,1,interior
0.20598993838048374,0.4905956332168441,1,interior
0.19260206824369794,0.5040734950017114,1,interior
0.20706720440239926,0.4855158263401089,1,interior
0.207677567547212,0.4924876671603955,1,interior
0.1606330965697226,0.4979451439274016,1,boundary
0.20588036090415904,0.49460423637182377,1,interior
0.19266201316584722,0.5000185371135987,1,interior
0.17741549595882078,0.5031371682539991,1,interior
0.20355594900209692,0.4963720738561463,1,interior
0.17897969198436986,0.5015259399195388,1,interior
0.18028253363980004,0.5055221052527479,1,interior
0.17557632284503533,0.49724848931221255,1,interior
0.23013390742109358,0.4356260939530627,1,boundary
0.20946865077766308,0.48597437167425656,1,boundary
0.18780584798976135,0.4985009026005838,1,interior
0.20200519716067855,0.48044006215605645,1,interior
0.2309853534016521,0.4336999308334804,1,interior
0.20160086648172104,0.49336172209330004,1,interior
0.17793646195907808,0.49948224108918327,1,interior
0.19917985427113333,0.49457779983515526,1,interior
0.17685841161096436,0.5012489617490332,1,interior
0.18055266085906072,0.5081978869153768,1,interior
0.22658385375572046,0.43289259943792746,1,interior
0.20957087117660106,0.4936856572077085,1,interior
0.18896738768802523,0.5016438131234362,1,interior
0.1790975209782997,0.5045079226575303,1,interior
0.22536858777784716,0.4280453872838295,1,interior
0.2246413408612708,0.4332569977396877,1,interior
0.17675612757171366,0.5071605111121339,1,interior
0.1794694817133927,0.5029801327825129,1,interior
0.18604110677062072,0.5014410162584044,1,interior
0.18168761227563812,0.5065933710288552,1,interior
0.22808871021780816,0.4317940008678326,1,interior
0.18744449540977345,0.5029511539309248,1,interior
0.18326095575332024,0.5060254836729592,1,interior
0.2001760773907243,0.4971208261282835,1,interior
0.18108480586140382,0.5023779584820302,1,interior
0.19698996447821077,0.49611096001636595,1,interior
0.19548014820392837,0.4981443151174297,1,interior
0.19460656352365677,0.49974740339246604,1,interior
0.1886023433199003,0.5000946288774663,1,interior
0.17779720352500245,0.5095283776617404,1,boundary
0.16733006729167763,0.498589815970014,1,interior
0.18015002305711428,0.49598893570495134,1,interior
0.191372872596426,0.5054873160834065,1,interior
0.20558180351706878,0.49270559401914343,1,interior
0.19430243270554173,0.5021324069772204,1,interior
0.20451762295371284,0.4900972451389645,1,interior
0.19829417694208332,0.49797653827851424,1,interior
0.18756310096520096,0.5052357157772509,1,interior
0.19938019928439776,0.4996718850815317,1,interior
0.23171527910414874,0.4352050487162767,1,boundary
0.20189653813112096,0.49569476327380346,1,interior
0.20512333565160107,0.49649886306516494,1,interior
0.18993201838505197,0.5061796264506098,1,interior
0.18100089698557234,0.5041103006042764,1,interior
0.19542187720541698,0.5048975306535709,1,interior
0.18296817988029385,0.5040258129894213,1,interior
0.23002193898616483,0.43246205758939654,1,interior
0.2015759201074728,0.4777180599979968,1,interior
0.21001458371809395,0.48938620092241336,1,boundary
0.20224801118430713,0.4975893969526745,1,interior
0.1969215730353511,0.4999898852048241,1,interior
0.1749922282350425,0.5074864084553353,1,boundary
0.18603482704098387,0.5053172745912544,1,interior
0.19585655338784616,0.5013784202986394,1,interior
0.17940873382067482,0.5096899484333326,1,interior
0.1926667575268013,0.5024570727408413,1,interior
0.22970846007855003,0.4306042646615798,1,interior
0.18435500899751173,0.5074818300507131,1,interior
0.20992877141181715,0.4874591250003517,1,boundary
0.18064095379865094,0.5006013507869607,1,interior
0.20962445027864243,0.49152531139599287,1,interior
0.23269579624314476,0.43381356623711276,1,interior
0.18303904826869394,0.5021863667407412,1,interior
0.19263611810945344,0.5070312707849118,1,interior
0.19369519358503454,0.5051660824341797,1,interior
0.21076441104059185,0.4951934866474082,1,interior
0.22567396638035855,0.430883695756395,1,interior
0.19927350468160265,0.5014748357242315,1,interior
0.18466561073313098,0.5040629113760199,1,interior
0.1976312447409992,0.5063788720602451,1,interior
0.19083180928047366,0.5039375143447361,1,interior
0.20678807824226583,0.4962977561026224,1,interior
0.19701079750321712,0.5030176181898047,1,interior
0.201990380129484,0.5001409688060541,1,interior
0.2295035485022465,0.4340666977466118,1,interior
0.21094514977319823,0.4925149026371212,1,interior
0.18219543042777564,0.508719709028868,1,interior
0.20820281616992592,0.49542107892919035,1,interior
0.184499670551745,0.5015563872582173,1,interior
0.21272315280151344,0.49402240842178846,1,boundary
0.1859031017010585,0.5030740786921912,1,interior
0.21187827201536263,0.4964052152461886,1,interior
0.18584666347875362,0.5080575600333708,1,interior
0.19424735546226946,0.5066950357422645,1,interior
0.19866678827875195,0.5090324910720675,1,interior
0.19101516529559656,0.5073494055491511,1,interior
0.18243192333982636,0.4932431339827011,1,interior
0.18001972259897692,0.492726305102631,1,interior
0.20394974571594873,0.4979234148461209,1,interior
0.23332573009273408,0.4321355409837839,1,interior
0.1786444439378044,0.5081899503648866,1,interior
0.19162432684747255,0.5090556804004766,1,interior
0.19651997811978422,0.5077724580947235,1,interior
0.18090171580436817,0.5104411172771183,1,interior
0.18812461295547162,0.5080534422439119,1,interior
0.23131868992567486,0.4313864709376149,1,interior
0.21095410353157726,0.4906920073425099,1,boundary
0.18920863102166144,0.5099159937669605,1,interior
0.19375250059330798,0.5103870522921856,1,interior
0.22718886550398598,0.43034107762191887,1,interior
0.23332573048002755,0.4293196173849404,1,interior
0.22763791142382422,0.4275857145066287,1,interior
0.1951489151692408,0.5096885827232251,1,interior
0.23098045828736002,0.4296932589618935,1,interior
0.21036092276330576,0.497171847687706,1,interior
0.23087252920879558,0.4280732747264813,1,interior
0.2297711652135107,0.425509231882069,1,interior
0.17612900663226888,0.5086702279298378,1,boundary
0.19843837544175916,0.5036059150093182,1,interior
0.19527042638040953,0.5033633683369332,1,interior
0.23423201552398984,0.4342411287358754,1,boundary
0.195032173895194,0.5121172969800639,1,interior
0.20073884612654785,0.498650808327762,1,interior
0.18267599143515545,0.511331439964016,1,interior
0.2291497459973443,0.42776149186694723,1,interior
0.20599741184675432,0.4987302187226892,1,interior
0.2088673173742757,0.4979834542428657,1,interior
0.23172648254552156,0.4245243742292584,1,interior
0.19300967432216626,0.5135890048648659,1,interior
0.20778848097950753,0.5004780555054671,1,interior
0.2354158355596978,0.43241059833874446,1,interior
0.18701241100910213,0.5099144458970037,1,interior
0.2283164341124195,0.43532227845476246,1,interior
0.23518376195988408,0.4297500648199269,1,interior
0.1662477683819396,0.5001766041478846,1,boundary
0.1969164967893952,0.5101786145948682,1,interior
0.2111817048597954,0.4995506460416348,1,interior
0.19113668508551013,0.513498241756117,1,interior
0.19134657571554675,0.515371263076817,1,interior
0.22791994099190027,0.42524824126533944,1,boundary
0.1994944299716222,0.5067264908084812,1,interior
0.19190060952122803,0.5106294602520498,1,interior
0.20019048236589487,0.5048778605023038,1,interior
0.20080353501968667,0.5012787814726667,1,interior
0.23760233832468072,0.42804413574288774,1,interior
0.21327616702249563,0.49553067065944756,1,boundary
0.23205024704326316,0.4270994172244385,1,interior
0.20462520207487506,0.5005452937072012,1,interior
0.1839788218720568,0.509653372273266,1,interior
0.20751765407112444,0.49876392544449893,1,interior
0.18701703956885976,0.5070142331009383,1,interior
0.23406344318329647,0.42662693369064036,1,interior
0.18383787172160512,0.5125305075542572,1,interior
0.198156418715413,0.5113561747265647,1,interior
0.19666990213924732,0.5130158041682013,1,interior
0.23447492208050358,0.4234104439572291,1,interior
0.20293197783918285,0.5023936111568756,1,interior
0.2061297715211882,0.5013966047276375,1,interior
0.19322705306876514,0.5087664616210257,1,interior
0.23492758712897774,0.42796095401007933,1,interior
0.23709450358085749,0.4261104960323731,1,interior
0.205268772523379,0.502719869877079,1,interior
0.19998750198219709,0.5029559684752983,1,interior
0.18835076106367607,0.5137989083109684,1,interior
0.2330249894163583,0.42536419821022126,1,interior
0.18544138710265776,0.5113979849695047,1,interior
0.22852298603310675,0.4291792413953302,1,interior
0.1880583508717311,0.5119330468015516,1,interior
0.22349274931850033,0.4280098736587739,1,boundary
0.23476008981144003,0.42506847587454294,1,interior
0.22627805399065928,0.42625798445737645,1,boundary
0.19282039513865146,0.5163303243847773,1,interior
0.18987868269138386,0.5115703911238562,1,interior
0.1946022221926586,0.5138961896318442,1,interior
0.2073168021187164,0.5043539697487988,1,interior
0.18684986261946723,0.5146922413195465,1,interior
0.1888204908390223,0.5162052446543062,1,interior
0.18578637431840722,0.5162139678051403,1,boundary
0.2018713129353958,0.5055458480833043,1,interior
0.19088616367740668,0.517506405655391,1,interior
0.23992886059348822,0.4280487283006028,1,interior
0.23719946039344075,0.4240106345935152,1,interior
0.1975687223832046,0.50150580692003,1,interior
0.21402017304924242,0.5005585817101235,1,boundary
0.21308825043240906,0.49818978786316653,1,interior
0.19970771481238359,0.5103057940763113,1,interior
0.2003129319105156,0.5126748454860824,1,interior
0.21404020184427727,0.5022360624163578,1,boundary
0.18513280812319974,0.5133763312907134,1,interior
0.2073482663507532,0.5023675014972557,1,interior
0.1923637047322459,0.5179489706145516,1,interior
0.1960593705488695,0.5146747015902488,1,interior
0.20114593952695461,0.5071500957397308,1,interior
0.17956003157920886,0.5115984374888993,1,boundary
0.1836443222416716,0.5149000588141995,1,boundary
0.2385826281759057,0.42557199625778525,1,interior
0.20138193842236815,0.5037936753098601,1,interior
0.18732039461327035,0.5168263227646287,1,boundary
0.23652996779242078,0.43131382284022635,1,interior
0.18228561556460418,0.5128806523612401,1,boundary
0.18853047632860437,0.5188321888553727,1,boundary
0.20953402468466353,0.5004316592687089,1,interior
0.19743381665611265,0.5048648867737062,1,interior
0.19414073468568213,0.5193669821517497,1,interior
0.20391405852184696,0.5050131427766605,1,interior
0.23866436615843448,0.42263937561437726,1,interior
0.20123821262529723,0.5090160849591016,1,interior
0.23691388098024044,0.43314554097346913,1,boundary
0.23603711546008138,0.42182658777957294,1,boundary
0.1865856845478174,0.5126923807832071,1,interior
0.20905162648957046,0.5026662530530206,1,interior
0.2086736218906474,0.5052284484545397,1,interior
0.19797232309708776,0.5157380009636957,1,interior
0.19847959480428995,0.5138077360976703,1,interior
0.18549705075135978,0.5097767081298037,1,interior
0.23288036366231682,0.4229476364651269,1,boundary
0.21189016783522704,0.5021655077363453,1,interior
0.2010654057876245,0.5110180715208128,1,interior
0.19535750146583067,0.5162095206119979,1,interior
0.19978113816792167,0.5161761251235127,1,interior
0.2119535654750499,0.5043267225792556,1,interior
0.2389196239340144,0.4294042124556562,1,interior
0.20575286542274623,0.5049537341571135,1,interior
0.19440646890112895,0.5174554585969121,1,interior
0.19918896244933418,0.5187821102230986,1,interior
0.1897613030283899,0.5146601072798002,1,interior
0.19988801915269466,0.5145829659837209,1,interior
0.1904733526102565,0.5194244050096581,1,boundary
0.20279457714298188,0.5070568301801543,1,interior
0.19685557242125495,0.5191274702307097,1,interior
0.19670590502758395,0.517171188294153,1,interior
0.2403758394066565,0.4237187077589233,1,interior
0.203935614997384,0.5101611128339482,1,interior
0.20391209899328974,0.5083000217877052,1,interior
0.24148324432003396,0.4223982423550142,1,interior
0.20831149001550497,0.5070762701712812,1,interior
0.19250561046025408,0.519593366373091,1,interior
0.21149835748427223,0.5069073638016122,1,interior
0.20344014335800398,0.5121589171455142,1,interior
0.20549143601449008,0.5074974761947234,1,interior
0.21350602298542218,0.5049947356564106,1,boundary
0.19431534299314834,0.5211544339835515,1,interior
0.1914506756277514,0.5214807030298352,1,boundary
0.23817640419181874,0.4317286625897869,1,boundary
0.23673017216372041,0.4293960171703639,1,interior
0.2028092619039446,0.5142826064598578,1,interior
0.20729459335081737,0.5095723124165267,1,interior
0.21023368502639858,0.505898669899576,1,interior
0.2106402165719151,0.5088434491380726,1,interior
0.2412183654369698,0.43031961826242665,1,boundary
0.18081470945995323,0.5124989648488457,1,boundary
0.20461316725736328,0.5165402535913401,1,boundary
0.2104287821411162,0.5036591175411944,1,interior
0.20557549293473681,0.5107964168023449,1,interior
0.20170684206853354,0.5167924974254019,1,interior
0.20034373400077596,0.5207003798038311,1,interior
0.2052648943175051,0.5125545115544792,1,interior
0.19316497029900018,0.511873175253281,1,interior
0.20706865337905378,0.5060192591038087,1,interior
0.2071004443570224,0.5112277082386324,1,interior
0.1982458251078563,0.5174753965496173,1,interior
0.2086601385079524,0.5104664771441503,1,interior
0.20433171961851967,0.5144015329138502,1,interior
0.23960904096510305,0.4311121844978135,1,boundary
0.20663330120483084,0.5135516502587218,1,interior
0.21090218830117444,0.5105257604358253,1,boundary
0.19527314414679323,0.5238326225279802,1,interior
0.20137129867826575,0.5185695509766806,1,interior
0.24212566153520812,0.4242262963219797,1,interior
0.20986221218135434,0.511821906174214,1,boundary
0.2402812890838742,0.42567387274384527,1,interior
0.20631181954855532,0.5152503487040151,1,boundary
0.24371652546714095,0.42369594552576084,1,interior
0.20835895638527774,0.5132054986457237,1,boundary
0.24399909511344398,0.4253816231186778,1,interior
0.1957860837784433,0.5216766213973152,1,interior
0.21224525166133806,0.5086529816093371,1,boundary
0.24272596421570874,0.4266103890745163,1,interior
0.19887517839213076,0.5215326298074007,1,interior
0.20384289873508277,0.5179800279699261,1,boundary
0.2017872947480006,0.513125135409565,1,interior
0.21235376761372704,0.5006863245869947,1,interior
0.24628934096965582,0.4243378640092772,1,interior
0.2000337669889117,0.5225827607377894,1,boundary
0.20266715558657772,0.5203390821938505,1,boundary
0.20574726578958116,0.5090759254177223,1,interior
0.19731594342662478,0.5208916382772901,1,interior
0.20886761452774383,0.508518769834239,1,interior
0.23949731991960693,0.4204618868284405,1,interior
0.1928634881758309,0.5221082778602093,1,boundary
0.24430426391802207,0.42222094264273163,1,interior
0.19345390424899142,0.5238714616273842,1,boundary
0.19672980320624936,0.5243363968571837,1,interior
0.2461951824842227,0.42204541765908626,1,interior
0.19771940571654809,0.523120182913664,1,interior
0.24175334625629577,0.4286203909155166,1,interior
0.2104260586579984,0.501758511382629,1,interior
0.24285873963938756,0.42164724888323113,1,interior
0.24621671173536405,0.42586743695112106,1,interior
0.2071079802388856,0.5080413875573789,1,interior
0.24348972531243177,0.4285872354031393,1,boundary
0.24881707790440488,0.42525545543087545,1,boundary
0.2443843151071135,0.42062633634009805,1,interior
0.24122818078319566,0.42712228248055467,1,interior
0.24697555658105358,0.4272700367416795,1,boundary
0.1991851144466288,0.5243678913650118,1,boundary
0.24513573588146756,0.4278324111883503,1,boundary
0.19594314030111865,0.5263081751137445,1,interior
0.24400018050182665,0.4180264771798879,1,interior
0.23789568231619926,0.421304885960123,1,interior
0.246499361460556,0.4194735842008392,1,interior
0.2407634744159816,0.4195520507840688,1,interior
0.19377492651211375,0.5255809299058788,1,boundary
0.2433320530609141,0.4195118116343148,1,interior
0.23909791020996343,0.41869103047954687,1,boundary
0.24861621772627523,0.4233738068742999,1,interior
0.19760814257295242,0.5268528937638441,1,boundary
0.24626136867729256,0.41647438205070086,1,interior
0.23794099385947526,0.41976494479161985,1,boundary
0.24800625883521019,0.42191491351539834,1,interior
0.248844936047808,0.4193713322727409,1,interior
0.1956643160768056,0.5200981341270768,1,interior
0.2508208501267946,0.4240487266378382,1,boundary
0.25062576092060274,0.4206924970769898,1,interior
0.25214052994405295,0.42212846493446465,1,interior
0.24194679680617873,0.41854808528571885,1,interior
0.19635171463106407,0.5285109454137193,1,boundary
0.2422620015639574,0.4169990965599411,1,boundary
0.2502070250999613,0.42264320388557125,1,interior
0.25408705389071734,0.42135179125303995,1,interior
0.24052842495966203,0.41781855459069817,1,boundary
0.25195453740253354,0.41814734218704164,1,interior
0.24346029840558434,0.4157116977936848,1,boundary
0.25374669738153144,0.4231690977395203,1,boundary
0.2483039228340275,0.4170981068560543,1,interior
0.24722263416817852,0.41502871297103816,1,interior
0.2502068579640796,0.4145343071483208,1,boundary
0.25047413644122285,0.4170382911578519,1,interior
0.24879177749186526,0.4155660181421193,1,interior
0.2556304627143666,0.42101519208742494,1,boundary
0.2531661461697175,0.42006353839673694,1,interior
0.25167625075105854,0.41393290305349917,1,boundary
0.24486484134561165,0.4150619421820334,1,boundary
0.25188020589322807,0.4161714171296378,1,interior
0.2504533399686656,0.4188130028675839,1,interior
0.24557149839857917,0.41823621189721627,1,interior
0.2547242821030358,0.4188355640549372,1,interior
0.2539347386059045,0.41736230954902465,1,interior
0.25397246127273326,0.4150914716613401,1,interior
0.25596549760092085,0.4157427677566436,1,boundary
0.25523303761472754,0.413889589886552,1,boundary
0.24870101399830977,0.4140406998714727,1,boundary
